UAV123
0.429777602256405
0.41862096312158914
0.41145898048689616
0.402746107238445
0.39755399159917126
0.39187262911003606
0.3875663691206463
0.38318190581659684
0.3790927339355908
0.3756837309410233
0.3725603006000972
0.3686164501518725
0.364985026417507
0.3619391418391698
0.35819112993454527
0.35411841316876724
0.3506715498160939
0.34730871814242203
0.3442399696469463
0.3411773470049054
0.33836287287379446
0.3356458004505454
0.3333734387112199
0.3305795637344321
0.3279429932329136
0.3255215759882808
0.32347266740122066
0.3215858170303029
0.3197031765502302
0.31746554999433224
0.31492290704020365
0.3120817767206999
0.3091457916223942
0.30585133018129407
0.302734858299232
0.2997872761368134
0.29694409274010924
0.29472397040979526
0.29224749445160114
0.2898013515577785
0.2877180050682117
0.2853914800062562
0.28335113304323384
0.28093262865542434
0.2784746921696488
0.2760042120708566
0.27349576422274907
0.2708846361844085
0.268246589207587
0.2656431505917735
0.26308351385002177
0.2603043016760604
0.2576590748003386
0.25438626307683476
0.25096093055233065
0.2478839804303213
0.2448987719694471
0.24169495424347495
0.2386326484019047
0.23524529835511143
0.23221886448266654
0.22899725934774046
0.22469436732401504
0.22008327523705123
0.21460583963506152
0.20913468041368186
0.20391153807070947
0.197072549148031
0.18898110159336617
0.18112274421078353
0.17281000735691154
0.16424355405010474
0.1550020705339885
0.1455852369157667
0.1364167219696004
0.1259785765082398
0.11567285863441666
0.1047458457575089
0.0939366132685784
0.08371532961950955
0.07305186618677328
0.0632630133218067
0.0536726291238231
0.04448527551837674
0.03696046813191955
0.029232853041676814
0.022665382834349258
0.016564778980982423
0.012061743626389438
0.008086629765367245
0.005800084373864732
0.004361833453780001
0.0032815779431267338
0.0022957271711027284
0.0018510753898549235
0.0017412691879400313
0.0017070174235260369
0.001699109159390015
0.001699109159390015
0.0
