UAV123
0.7851013171654523
0.7845678483690477
0.7843181933932679
0.7839122438778143
0.7835446178941267
0.7827723206212587
0.7819041689744891
0.781321737403322
0.7809082710232436
0.7804266752165135
0.7802040345492505
0.7800037381521432
0.7798614165668125
0.7795718347155495
0.7792618240125765
0.7788780266331484
0.7785019198563379
0.7780811703869769
0.7777843628069148
0.7775056187060934
0.7773254227038229
0.7769265383220814
0.7767177540278148
0.7764259220808847
0.7762845941925486
0.7759064410996954
0.775604271268761
0.7752733126726331
0.7748640652293652
0.7744274530201354
0.7739625435903966
0.7733856960948166
0.7727252989656898
0.7722103614215262
0.771731448675063
0.771301174812995
0.7707060137589888
0.7699733879121299
0.7687897705222159
0.7676585449875198
0.7667460697740233
0.7655509423439242
0.7643243788539246
0.76268420106217
0.761522419184917
0.7595557589558346
0.7579815052975495
0.7544217538581711
0.751731591297625
0.7490673363093681
0.746800191505437
0.7441257382064963
0.7402783154902504
0.7371211992730106
0.7334823521890915
0.7295273321229884
0.7253385186157
0.7196084902116422
0.7144623256662141
0.7077824641403831
0.7017073995416758
0.6949470187204639
0.6880014650803776
0.6794474214026754
0.6705215988506823
0.6610388250794467
0.6497123049515662
0.6380692941827186
0.626898057549571
0.615061092468327
0.6017697847280457
0.5848129413373983
0.569492974933435
0.553438237431945
0.5342753701112548
0.5151972943426528
0.4934515616760319
0.47121669682411405
0.446190348354128
0.42034520913271023
0.3936591232637938
0.36471652444991853
0.33629500898664977
0.3059737703723862
0.2748312953287342
0.24324165502818676
0.2112713201624941
0.1813097023676954
0.15104490877289137
0.12118385480043224
0.09374894391989269
0.07118265167223684
0.05066148662539762
0.034769364439047136
0.021167058883281506
0.011699493276368069
0.00610041530580618
0.0031326621024760767
0.0023460543186242426
0.0
