UAV123
0.7755519398823675
0.7750252854486438
0.7747755330376995
0.7743739358985948
0.7740195405636369
0.7732469306062606
0.7723814641846759
0.7718003455335739
0.7713972274880211
0.7709191251175146
0.7706973754856403
0.7705007049218868
0.7703606474468601
0.7700775874212797
0.7697746536910676
0.7693938293520702
0.7690258395502177
0.7686133976679538
0.7683179933625178
0.7680415508687427
0.7678635230746622
0.7674819018399983
0.7672738662529593
0.7669872884398758
0.7668514092063707
0.7664987386496732
0.7662026024604743
0.7658760503608684
0.7654731410812343
0.7650433884947812
0.7645824244167723
0.7640177876691321
0.7633584233634575
0.7628485435302111
0.7623808983164908
0.7619568561953177
0.761370323129464
0.7606728317154801
0.7595182073556864
0.7584432084879268
0.757541348675232
0.7563579109672173
0.7551525140219802
0.75354108037235
0.7523911751145388
0.7504489469370499
0.7488903311876436
0.7455775773040901
0.742945779883708
0.7403116266332371
0.7380756630432916
0.735440025044366
0.7316490607116835
0.7285349208143163
0.7249542653569861
0.7210504242550111
0.7169029672012752
0.7112730955938511
0.7061909264975627
0.6996127644787762
0.693618321414827
0.6869253095150823
0.6800530682000602
0.6715729576416368
0.6627431851646067
0.6533575264813577
0.6421432772303275
0.6306046653720787
0.6195325651777538
0.6077929893820297
0.5946019317231919
0.5778225059874392
0.5626251111666798
0.5467098785626009
0.5277038054405855
0.5087538972412624
0.4871494902202318
0.4650878126513206
0.4402226530861844
0.41456588265037553
0.388064363498892
0.359358677924706
0.331188520096099
0.30116673803078514
0.27035154549851825
0.23915166767267163
0.20753997395773327
0.17793846272427077
0.14798271820049907
0.11842499917870948
0.09129423205556599
0.06896046243901345
0.048609312480793594
0.03286092114495228
0.01935784600652048
0.009960712755155778
0.004383017754335008
0.0014307344575525084
0.0006458740941758593
0.0
