858.0,456.0,82.0,33.0
854.0,439.0,78.0,33.0
843.0,422.0,67.0,38.0
826.0,404.0,66.0,35.0
808.0,396.0,65.0,30.0
780.0,388.0,67.0,25.0
764.0,389.0,60.0,20.0
748.0,387.0,52.0,19.0
749.0,368.0,45.0,24.0
719.0,359.0,53.0,30.0
700.0,358.0,52.0,24.0
684.0,345.0,46.0,22.0
679.0,334.0,39.0,25.0
665.0,319.0,39.0,34.0
653.0,301.0,45.0,48.0
635.0,307.0,42.0,43.0
623.0,308.0,34.0,43.0
607.0,309.0,36.0,42.0
589.0,312.0,35.0,36.0
577.0,318.0,42.0,26.0
567.0,316.0,44.0,29.0
552.0,320.0,46.0,32.0
540.0,323.0,51.0,33.0
525.0,326.0,51.0,37.0
515.0,330.0,38.0,39.0
512.0,338.0,54.0,38.0
513.0,345.0,62.0,44.0
515.0,353.0,69.0,44.0
532.0,369.0,61.0,28.0
534.0,388.0,62.0,24.0
554.0,396.0,56.0,33.0
568.0,410.0,49.0,33.0
582.0,431.0,45.0,30.0
593.0,445.0,46.0,30.0
605.0,458.0,47.0,27.0
609.0,469.0,51.0,26.0
623.0,482.0,48.0,25.0
641.0,485.0,46.0,29.0
655.0,491.0,38.0,32.0
669.0,498.0,39.0,31.0
681.0,499.0,47.0,31.0
691.0,498.0,52.0,27.0
703.0,487.0,55.0,28.0
715.0,468.0,54.0,36.0
724.0,456.0,57.0,41.0
731.0,448.0,61.0,37.0
742.0,440.0,57.0,37.0
745.0,445.0,62.0,29.0
761.0,438.0,56.0,28.0
757.0,433.0,63.0,28.0
758.0,423.0,67.0,34.0
756.0,422.0,68.0,37.0
756.0,424.0,68.0,34.0
753.0,426.0,67.0,35.0
755.0,422.0,64.0,37.0
757.0,419.0,55.0,45.0
747.0,434.0,58.0,31.0
741.0,440.0,56.0,28.0
741.0,445.0,50.0,26.0
732.0,446.0,54.0,30.0
717.0,449.0,57.0,30.0
709.0,453.0,53.0,30.0
696.0,457.0,53.0,28.0
691.0,459.0,42.0,29.0
677.0,464.0,41.0,28.0
661.0,463.0,37.0,27.0
647.0,456.0,40.0,28.0
636.0,441.0,39.0,35.0
626.0,426.0,36.0,37.0
621.0,412.0,31.0,39.0
600.0,397.0,41.0,42.0
586.0,385.0,46.0,40.0
561.0,390.0,63.0,26.0
566.0,389.0,51.0,23.0
549.0,394.0,60.0,18.0
564.0,384.0,61.0,19.0
545.0,387.0,63.0,18.0
528.0,391.0,62.0,19.0
566.0,345.0,40.0,29.0
567.0,345.0,40.0,27.0
569.0,343.0,41.0,26.0
573.0,340.0,40.0,27.0
575.0,336.0,45.0,28.0
583.0,332.0,42.0,33.0
590.0,323.0,39.0,44.0
598.0,323.0,38.0,47.0
609.0,330.0,38.0,46.0
621.0,337.0,40.0,38.0
637.0,347.0,42.0,31.0
652.0,356.0,41.0,29.0
667.0,362.0,35.0,29.0
686.0,386.0,41.0,33.0
701.0,396.0,48.0,40.0
724.0,402.0,44.0,46.0
747.0,420.0,43.0,37.0
762.0,434.0,48.0,28.0
787.0,439.0,49.0,28.0
807.0,438.0,60.0,38.0
824.0,443.0,66.0,41.0
846.0,451.0,66.0,42.0
868.0,466.0,68.0,35.0
883.0,475.0,77.0,31.0
904.0,478.0,75.0,34.0
913.0,497.0,73.0,32.0
928.0,505.0,62.0,36.0
939.0,516.0,52.0,32.0
899.0,555.0,56.0,44.0
886.0,561.0,53.0,46.0
865.0,571.0,57.0,42.0
834.0,570.0,55.0,41.0
827.0,574.0,61.0,33.0
803.0,604.0,48.0,48.0
798.0,607.0,51.0,45.0
812.0,603.0,53.0,52.0
801.0,599.0,58.0,46.0
786.0,613.0,62.0,44.0
782.0,608.0,59.0,49.0
777.0,601.0,61.0,43.0
792.0,607.0,59.0,50.0
790.0,597.0,66.0,44.0
795.0,559.0,50.0,50.0
796.0,561.0,48.0,43.0
798.0,560.0,39.0,40.0
795.0,560.0,39.0,39.0
794.0,559.0,37.0,37.0
793.0,561.0,40.0,36.0
797.0,557.0,36.0,37.0
796.0,563.0,43.0,35.0
797.0,574.0,44.0,32.0
800.0,578.0,50.0,31.0
801.0,577.0,50.0,33.0
798.0,578.0,47.0,36.0
791.0,566.0,44.0,37.0
795.0,567.0,43.0,40.0
797.0,565.0,40.0,42.0
795.0,567.0,40.0,41.0
791.0,566.0,42.0,40.0
787.0,598.0,38.0,59.0
784.0,658.0,74.0,30.0
780.0,660.0,81.0,33.0
789.0,648.0,76.0,40.0
796.0,652.0,84.0,41.0
826.0,641.0,83.0,46.0
792.0,652.0,88.0,38.0
814.0,649.0,84.0,45.0
797.0,652.0,86.0,42.0
803.0,657.0,89.0,40.0
801.0,652.0,77.0,41.0
803.0,652.0,77.0,41.0
798.0,658.0,76.0,35.0
787.0,665.0,79.0,30.0
770.0,664.0,81.0,30.0
771.0,665.0,85.0,32.0
776.0,667.0,82.0,32.0
770.0,664.0,76.0,34.0
779.0,664.0,77.0,36.0
771.0,669.0,82.0,31.0
783.0,672.0,80.0,32.0
775.0,661.0,83.0,30.0
755.0,657.0,81.0,32.0
757.0,659.0,83.0,34.0
771.0,667.0,95.0,30.0
792.0,654.0,85.0,40.0
805.0,653.0,88.0,38.0
793.0,596.0,70.0,60.0
795.0,579.0,73.0,55.0
804.0,567.0,72.0,48.0
784.0,567.0,64.0,51.0
779.0,560.0,56.0,47.0
798.0,566.0,41.0,59.0
775.0,561.0,55.0,42.0
788.0,562.0,51.0,44.0
789.0,578.0,53.0,38.0
793.0,579.0,50.0,37.0
792.0,575.0,48.0,40.0
793.0,570.0,45.0,38.0
796.0,574.0,53.0,31.0
809.0,570.0,54.0,32.0
800.0,567.0,48.0,34.0
803.0,571.0,52.0,34.0
795.0,566.0,43.0,40.0
799.0,564.0,40.0,39.0
795.0,564.0,37.0,39.0
799.0,566.0,37.0,39.0
815.0,584.0,45.0,39.0
819.0,571.0,52.0,34.0
811.0,566.0,48.0,43.0
791.0,584.0,55.0,43.0
757.0,588.0,57.0,47.0
750.0,604.0,62.0,45.0
760.0,628.0,63.0,35.0
751.0,629.0,56.0,35.0
750.0,634.0,57.0,34.0
752.0,638.0,59.0,32.0
747.0,639.0,55.0,32.0
728.0,633.0,59.0,31.0
740.0,635.0,49.0,36.0
740.0,630.0,54.0,34.0
736.0,636.0,63.0,36.0
780.0,644.0,67.0,37.0
790.0,649.0,69.0,42.0
805.0,658.0,90.0,36.0
812.0,658.0,92.0,39.0
795.0,659.0,82.0,40.0
771.0,650.0,80.0,38.0
780.0,657.0,86.0,39.0
795.0,638.0,73.0,43.0
804.0,609.0,67.0,54.0
814.0,586.0,62.0,66.0
829.0,569.0,83.0,52.0
858.0,568.0,84.0,42.0
854.0,561.0,75.0,37.0
864.0,561.0,65.0,38.0
828.0,576.0,59.0,42.0
825.0,574.0,63.0,40.0
821.0,569.0,63.0,43.0
812.0,561.0,59.0,52.0
812.0,563.0,70.0,43.0
862.0,562.0,72.0,35.0
862.0,562.0,64.0,42.0
864.0,572.0,57.0,48.0
866.0,574.0,57.0,48.0
853.0,577.0,63.0,42.0
837.0,574.0,59.0,45.0
863.0,581.0,43.0,58.0
837.0,641.0,65.0,49.0
808.0,650.0,73.0,39.0
797.0,633.0,67.0,36.0
777.0,629.0,62.0,40.0
757.0,632.0,70.0,30.0
758.0,632.0,64.0,27.0
743.0,630.0,63.0,30.0
747.0,632.0,67.0,32.0
738.0,622.0,69.0,30.0
784.0,646.0,74.0,28.0
770.0,634.0,70.0,28.0
764.0,623.0,68.0,31.0
774.0,629.0,69.0,33.0
768.0,631.0,71.0,30.0
793.0,645.0,75.0,31.0
776.0,641.0,75.0,31.0
785.0,655.0,73.0,28.0
793.0,652.0,73.0,30.0
780.0,648.0,76.0,30.0
784.0,649.0,72.0,29.0
786.0,638.0,66.0,32.0
782.0,642.0,66.0,30.0
768.0,647.0,69.0,31.0
750.0,635.0,74.0,31.0
777.0,640.0,72.0,40.0
803.0,651.0,82.0,33.0
810.0,653.0,84.0,37.0
818.0,653.0,72.0,32.0
828.0,656.0,73.0,28.0
813.0,657.0,67.0,36.0
817.0,661.0,69.0,28.0
802.0,649.0,66.0,31.0
805.0,654.0,58.0,30.0
788.0,647.0,60.0,31.0
794.0,647.0,60.0,29.0
789.0,638.0,57.0,33.0
787.0,642.0,55.0,32.0
785.0,644.0,56.0,33.0
787.0,650.0,67.0,31.0
781.0,649.0,66.0,33.0
786.0,656.0,72.0,26.0
771.0,658.0,62.0,30.0
757.0,626.0,57.0,35.0
735.0,631.0,65.0,31.0
725.0,638.0,67.0,27.0
699.0,639.0,67.0,27.0
686.0,636.0,63.0,33.0
656.0,668.0,73.0,25.0
656.0,667.0,69.0,27.0
634.0,667.0,72.0,24.0
614.0,667.0,76.0,30.0
626.0,649.0,76.0,35.0
606.0,633.0,81.0,40.0
614.0,616.0,79.0,47.0
612.0,637.0,92.0,42.0
594.0,639.0,101.0,43.0
611.0,629.0,98.0,50.0
615.0,617.0,108.0,45.0
626.0,616.0,106.0,48.0
641.0,618.0,104.0,44.0
641.0,613.0,109.0,44.0
615.0,616.0,105.0,51.0
622.0,618.0,111.0,47.0
640.0,620.0,105.0,48.0
642.0,621.0,106.0,47.0
631.0,621.0,92.0,45.0
644.0,623.0,91.0,45.0
643.0,626.0,89.0,44.0
657.0,626.0,79.0,44.0
648.0,631.0,85.0,43.0
610.0,624.0,92.0,44.0
631.0,631.0,88.0,58.0
630.0,636.0,107.0,50.0
647.0,634.0,108.0,57.0
657.0,635.0,124.0,53.0
666.0,634.0,124.0,58.0
666.0,637.0,136.0,53.0
664.0,631.0,142.0,56.0
696.0,630.0,152.0,51.0
699.0,625.0,140.0,52.0
719.0,614.0,126.0,66.0
713.0,621.0,120.0,60.0
727.0,624.0,121.0,56.0
728.0,621.0,115.0,56.0
754.0,615.0,95.0,53.0
734.0,622.0,92.0,55.0
729.0,629.0,89.0,54.0
772.0,623.0,75.0,60.0
779.0,628.0,83.0,50.0
785.0,630.0,77.0,49.0
782.0,630.0,73.0,46.0
785.0,635.0,76.0,40.0
774.0,631.0,67.0,42.0
784.0,626.0,60.0,49.0
764.0,630.0,64.0,38.0
769.0,612.0,65.0,42.0
749.0,652.0,73.0,33.0
758.0,658.0,74.0,30.0
751.0,662.0,68.0,32.0
766.0,660.0,58.0,24.0
758.0,657.0,54.0,31.0
762.0,659.0,60.0,27.0
740.0,675.0,67.0,25.0
750.0,662.0,69.0,26.0
757.0,651.0,69.0,30.0
751.0,650.0,66.0,32.0
753.0,654.0,68.0,25.0
766.0,642.0,62.0,28.0
768.0,642.0,63.0,29.0
768.0,648.0,62.0,23.0
758.0,647.0,53.0,31.0
733.0,661.0,57.0,31.0
738.0,665.0,63.0,26.0
736.0,668.0,61.0,28.0
726.0,674.0,61.0,30.0
716.0,668.0,60.0,28.0
702.0,676.0,59.0,28.0
687.0,672.0,61.0,27.0
693.0,666.0,62.0,30.0
676.0,671.0,63.0,32.0
678.0,662.0,66.0,31.0
667.0,650.0,72.0,29.0
646.0,650.0,70.0,31.0
652.0,646.0,71.0,33.0
647.0,649.0,75.0,30.0
665.0,669.0,75.0,30.0
633.0,669.0,79.0,27.0
618.0,657.0,65.0,29.0
607.0,661.0,66.0,31.0
610.0,661.0,62.0,33.0
602.0,645.0,63.0,32.0
609.0,643.0,64.0,32.0
604.0,655.0,65.0,27.0
596.0,656.0,62.0,30.0
606.0,655.0,68.0,32.0
599.0,655.0,66.0,27.0
600.0,654.0,62.0,31.0
587.0,657.0,60.0,30.0
575.0,653.0,52.0,30.0
600.0,664.0,66.0,29.0
621.0,669.0,70.0,29.0
595.0,670.0,67.0,28.0
601.0,670.0,65.0,29.0
594.0,672.0,64.0,25.0
572.0,669.0,56.0,29.0
558.0,669.0,56.0,34.0
584.0,676.0,70.0,26.0
585.0,660.0,59.0,30.0
573.0,658.0,49.0,35.0
571.0,677.0,58.0,26.0
567.0,680.0,66.0,24.0
575.0,683.0,69.0,28.0
562.0,667.0,57.0,27.0
566.0,667.0,55.0,34.0
552.0,669.0,62.0,31.0
562.0,673.0,63.0,34.0
567.0,672.0,75.0,28.0
570.0,674.0,65.0,26.0
578.0,674.0,66.0,25.0
592.0,671.0,59.0,27.0
585.0,666.0,52.0,29.0
592.0,680.0,60.0,24.0
585.0,679.0,57.0,24.0
574.0,677.0,54.0,29.0
575.0,676.0,55.0,27.0
582.0,675.0,54.0,29.0
591.0,665.0,54.0,33.0
597.0,663.0,55.0,32.0
603.0,656.0,56.0,33.0
601.0,655.0,57.0,37.0
609.0,649.0,58.0,37.0
601.0,658.0,64.0,34.0
598.0,662.0,61.0,36.0
600.0,661.0,59.0,36.0
614.0,653.0,63.0,34.0
620.0,656.0,66.0,34.0
604.0,648.0,59.0,42.0
617.0,652.0,62.0,41.0
611.0,663.0,62.0,35.0
616.0,653.0,59.0,37.0
619.0,656.0,57.0,41.0
598.0,676.0,63.0,33.0
604.0,674.0,56.0,33.0
609.0,676.0,55.0,30.0
616.0,664.0,53.0,29.0
620.0,674.0,55.0,28.0
645.0,667.0,62.0,29.0
637.0,660.0,64.0,29.0
615.0,675.0,56.0,31.0
645.0,663.0,65.0,29.0
624.0,680.0,64.0,23.0
624.0,658.0,42.0,37.0
592.0,679.0,60.0,30.0
615.0,669.0,67.0,32.0
622.0,670.0,63.0,31.0
635.0,651.0,52.0,32.0
629.0,647.0,49.0,34.0
631.0,647.0,49.0,33.0
646.0,642.0,55.0,26.0
654.0,641.0,59.0,31.0
651.0,644.0,63.0,33.0
634.0,640.0,55.0,35.0
637.0,644.0,54.0,36.0
634.0,660.0,53.0,35.0
629.0,643.0,46.0,37.0
615.0,657.0,52.0,34.0
621.0,652.0,46.0,36.0
623.0,665.0,49.0,30.0
602.0,681.0,58.0,27.0
618.0,670.0,53.0,27.0
604.0,671.0,54.0,30.0
609.0,670.0,56.0,31.0
608.0,670.0,53.0,33.0
618.0,657.0,51.0,33.0
612.0,656.0,45.0,33.0
611.0,651.0,45.0,29.0
616.0,656.0,40.0,30.0
616.0,665.0,44.0,25.0
611.0,666.0,45.0,29.0
616.0,662.0,47.0,32.0
611.0,668.0,59.0,27.0
617.0,670.0,65.0,30.0
615.0,672.0,68.0,31.0
630.0,675.0,80.0,32.0
682.0,654.0,82.0,38.0
664.0,655.0,78.0,48.0
633.0,664.0,94.0,39.0
614.0,670.0,96.0,43.0
619.0,650.0,101.0,49.0
617.0,647.0,108.0,55.0
616.0,651.0,123.0,49.0
648.0,646.0,126.0,55.0
623.0,642.0,130.0,59.0
591.0,620.0,134.0,61.0
545.0,601.0,137.0,63.0
526.0,605.0,120.0,64.0
528.0,609.0,114.0,56.0
533.0,608.0,115.0,57.0
544.0,610.0,106.0,49.0
540.0,610.0,115.0,50.0
543.0,608.0,105.0,58.0
544.0,606.0,105.0,56.0
531.0,606.0,114.0,56.0
543.0,605.0,101.0,59.0
549.0,611.0,109.0,59.0
549.0,596.0,109.0,48.0
550.0,596.0,100.0,45.0
625.0,639.0,103.0,62.0
602.0,643.0,118.0,54.0
581.0,634.0,110.0,62.0
604.0,639.0,123.0,53.0
585.0,633.0,122.0,60.0
552.0,611.0,125.0,59.0
535.0,594.0,132.0,53.0
537.0,597.0,136.0,49.0
531.0,594.0,125.0,58.0
518.0,595.0,125.0,56.0
503.0,598.0,129.0,58.0
519.0,598.0,125.0,61.0
523.0,598.0,114.0,59.0
525.0,599.0,124.0,57.0
522.0,600.0,119.0,58.0
507.0,597.0,117.0,61.0
528.0,597.0,113.0,55.0
529.0,595.0,112.0,52.0
520.0,598.0,116.0,53.0
511.0,597.0,117.0,57.0
523.0,596.0,126.0,55.0
516.0,593.0,117.0,58.0
514.0,596.0,110.0,55.0
524.0,598.0,111.0,57.0
525.0,596.0,105.0,50.0
523.0,598.0,107.0,56.0
522.0,597.0,110.0,52.0
531.0,602.0,113.0,51.0
523.0,604.0,109.0,52.0
534.0,605.0,111.0,57.0
518.0,606.0,117.0,64.0
491.0,605.0,127.0,62.0
513.0,597.0,122.0,66.0
498.0,596.0,126.0,58.0
514.0,592.0,119.0,59.0
508.0,594.0,113.0,50.0
519.0,594.0,112.0,48.0
599.0,642.0,111.0,60.0
602.0,645.0,116.0,60.0
584.0,622.0,123.0,65.0
590.0,609.0,146.0,58.0
596.0,607.0,148.0,67.0
571.0,615.0,154.0,71.0
588.0,618.0,165.0,72.0
601.0,593.0,181.0,75.0
620.0,599.0,188.0,81.0
600.0,606.0,204.0,75.0
552.0,599.0,208.0,84.0
420.0,605.0,225.0,85.0
409.0,595.0,207.0,98.0
410.0,601.0,209.0,93.0
393.0,604.0,213.0,94.0
331.0,613.0,226.0,91.0
337.0,609.0,229.0,94.0
316.0,612.0,225.0,95.0
333.0,619.0,233.0,87.0
306.0,630.0,220.0,86.0
324.0,636.0,231.0,79.0
283.0,637.0,221.0,77.0
319.0,636.0,217.0,79.0
341.0,625.0,235.0,84.0
340.0,618.0,233.0,93.0
338.0,618.0,241.0,93.0
364.0,614.0,245.0,93.0
370.0,608.0,250.0,98.0
342.0,599.0,246.0,103.0
357.0,601.0,252.0,95.0
343.0,616.0,251.0,85.0
374.0,606.0,245.0,92.0
373.0,614.0,242.0,87.0
384.0,617.0,238.0,91.0
401.0,622.0,233.0,92.0
462.0,612.0,223.0,86.0
471.0,604.0,197.0,82.0
475.0,605.0,187.0,76.0
493.0,608.0,181.0,71.0
500.0,608.0,168.0,75.0
537.0,609.0,143.0,74.0
540.0,608.0,133.0,64.0
543.0,601.0,130.0,64.0
533.0,601.0,125.0,60.0
555.0,606.0,135.0,56.0
557.0,595.0,122.0,54.0
554.0,601.0,108.0,58.0
548.0,610.0,101.0,51.0
553.0,608.0,99.0,46.0
546.0,610.0,94.0,45.0
551.0,611.0,94.0,43.0
556.0,609.0,89.0,38.0
557.0,606.0,81.0,41.0
548.0,607.0,78.0,39.0
537.0,609.0,79.0,40.0
544.0,607.0,83.0,41.0
543.0,606.0,88.0,35.0
541.0,608.0,80.0,41.0
535.0,602.0,83.0,38.0
537.0,602.0,79.0,43.0
526.0,605.0,80.0,44.0
539.0,599.0,80.0,41.0
530.0,523.0,76.0,27.0
539.0,525.0,65.0,25.0
535.0,525.0,63.0,23.0
544.0,526.0,51.0,24.0
540.0,527.0,50.0,22.0
540.0,527.0,47.0,21.0
536.0,528.0,48.0,19.0
541.0,528.0,42.0,20.0
542.0,528.0,40.0,20.0
544.0,527.0,36.0,19.0
546.0,529.0,33.0,18.0
544.0,529.0,35.0,16.0
543.0,530.0,32.0,17.0
547.0,527.0,26.0,21.0
544.0,531.0,27.0,19.0
541.0,533.0,27.0,17.0
539.0,534.0,29.0,16.0
537.0,530.0,33.0,16.0
543.0,532.0,27.0,21.0
541.0,535.0,30.0,16.0
543.0,534.0,29.0,20.0
534.0,537.0,33.0,17.0
537.0,538.0,35.0,19.0
536.0,540.0,36.0,19.0
537.0,538.0,33.0,21.0
543.0,539.0,34.0,22.0
538.0,541.0,37.0,18.0
545.0,539.0,31.0,22.0
545.0,540.0,30.0,22.0
545.0,545.0,29.0,18.0
548.0,547.0,27.0,17.0
553.0,544.0,24.0,20.0
553.0,543.0,23.0,20.0
553.0,547.0,24.0,17.0
554.0,550.0,23.0,16.0
556.0,547.0,21.0,17.0
557.0,548.0,22.0,15.0
557.0,549.0,25.0,15.0
551.0,549.0,28.0,15.0
551.0,544.0,31.0,16.0
557.0,541.0,27.0,19.0
554.0,541.0,31.0,18.0
557.0,541.0,29.0,19.0
560.0,539.0,27.0,21.0
560.0,541.0,28.0,20.0
559.0,542.0,30.0,19.0
563.0,541.0,28.0,21.0
563.0,541.0,30.0,19.0
567.0,541.0,28.0,19.0
569.0,541.0,27.0,20.0
572.0,542.0,25.0,19.0
574.0,543.0,27.0,18.0
572.0,540.0,26.0,20.0
574.0,539.0,24.0,20.0
572.0,540.0,27.0,17.0
574.0,540.0,28.0,17.0
572.0,542.0,31.0,18.0
577.0,541.0,26.0,23.0
576.0,544.0,27.0,19.0
577.0,545.0,24.0,19.0
576.0,546.0,23.0,17.0
577.0,546.0,23.0,16.0
575.0,545.0,23.0,14.0
576.0,544.0,23.0,15.0
574.0,543.0,24.0,16.0
573.0,541.0,26.0,16.0
574.0,542.0,23.0,19.0
574.0,545.0,24.0,19.0
572.0,549.0,27.0,21.0
571.0,553.0,29.0,20.0
573.0,556.0,28.0,18.0
568.0,557.0,31.0,16.0
573.0,545.0,28.0,21.0
574.0,543.0,27.0,19.0
572.0,536.0,27.0,17.0
576.0,523.0,22.0,19.0
573.0,518.0,28.0,15.0
574.0,511.0,26.0,18.0
572.0,509.0,25.0,17.0
564.0,511.0,26.0,15.0
563.0,506.0,27.0,16.0
561.0,515.0,27.0,17.0
561.0,525.0,27.0,22.0
555.0,533.0,29.0,23.0
547.0,539.0,36.0,20.0
550.0,540.0,33.0,21.0
550.0,542.0,35.0,19.0
548.0,532.0,33.0,20.0
549.0,534.0,36.0,17.0
552.0,523.0,31.0,23.0
548.0,527.0,36.0,16.0
551.0,523.0,32.0,19.0
550.0,522.0,30.0,18.0
549.0,521.0,33.0,18.0
552.0,524.0,30.0,20.0
554.0,525.0,27.0,21.0
556.0,528.0,27.0,22.0
553.0,533.0,29.0,19.0
551.0,536.0,33.0,17.0
556.0,536.0,30.0,19.0
555.0,537.0,30.0,17.0
559.0,538.0,27.0,18.0
558.0,538.0,28.0,16.0
558.0,539.0,28.0,15.0
559.0,539.0,27.0,17.0
560.0,539.0,30.0,17.0
563.0,539.0,28.0,18.0
564.0,538.0,25.0,19.0
564.0,538.0,27.0,18.0
565.0,539.0,28.0,18.0
565.0,538.0,29.0,19.0
560.0,540.0,31.0,17.0
559.0,539.0,32.0,20.0
561.0,539.0,31.0,19.0
561.0,538.0,33.0,18.0
556.0,538.0,33.0,19.0
554.0,536.0,36.0,19.0
560.0,533.0,34.0,22.0
546.0,536.0,41.0,19.0
554.0,535.0,38.0,21.0
550.0,536.0,41.0,17.0
548.0,536.0,41.0,18.0
547.0,535.0,43.0,18.0
550.0,535.0,41.0,19.0
552.0,534.0,39.0,22.0
551.0,533.0,43.0,19.0
555.0,533.0,38.0,21.0
554.0,533.0,39.0,20.0
559.0,530.0,33.0,23.0
555.0,530.0,37.0,20.0
552.0,533.0,39.0,21.0
553.0,537.0,38.0,20.0
554.0,532.0,37.0,24.0
542.0,538.0,45.0,19.0
550.0,538.0,38.0,23.0
542.0,542.0,43.0,20.0
551.0,540.0,37.0,25.0
547.0,544.0,40.0,21.0
544.0,545.0,41.0,20.0
548.0,543.0,37.0,21.0
553.0,539.0,33.0,23.0
548.0,544.0,35.0,20.0
550.0,544.0,32.0,20.0
555.0,543.0,31.0,20.0
552.0,542.0,27.0,20.0
552.0,543.0,27.0,19.0
551.0,542.0,28.0,19.0
550.0,540.0,29.0,21.0
544.0,544.0,34.0,19.0
545.0,545.0,30.0,21.0
537.0,548.0,37.0,18.0
537.0,550.0,35.0,18.0
538.0,542.0,34.0,20.0
539.0,541.0,32.0,19.0
539.0,531.0,30.0,22.0
540.0,529.0,27.0,24.0
536.0,530.0,33.0,19.0
534.0,519.0,33.0,21.0
532.0,523.0,31.0,24.0
532.0,527.0,31.0,20.0
535.0,530.0,26.0,19.0
531.0,532.0,31.0,17.0
534.0,532.0,28.0,19.0
538.0,533.0,29.0,19.0
540.0,533.0,27.0,18.0
542.0,533.0,23.0,18.0
543.0,536.0,24.0,16.0
542.0,534.0,25.0,16.0
545.0,534.0,23.0,18.0
547.0,537.0,24.0,18.0
548.0,540.0,25.0,18.0
549.0,542.0,29.0,17.0
548.0,540.0,30.0,17.0
544.0,539.0,33.0,19.0
550.0,540.0,31.0,18.0
555.0,535.0,29.0,20.0
558.0,529.0,27.0,21.0
557.0,532.0,30.0,19.0
558.0,534.0,33.0,16.0
561.0,530.0,30.0,20.0
564.0,529.0,31.0,18.0
567.0,530.0,30.0,18.0
566.0,527.0,30.0,20.0
569.0,528.0,28.0,21.0
567.0,526.0,28.0,21.0
567.0,528.0,27.0,22.0
563.0,532.0,32.0,18.0
561.0,531.0,32.0,20.0
562.0,533.0,31.0,21.0
558.0,535.0,33.0,19.0
560.0,535.0,30.0,20.0
561.0,535.0,30.0,19.0
558.0,534.0,28.0,19.0
558.0,532.0,25.0,21.0
559.0,533.0,25.0,19.0
558.0,534.0,22.0,16.0
556.0,534.0,25.0,15.0
552.0,536.0,25.0,14.0
555.0,535.0,26.0,14.0
547.0,534.0,27.0,16.0
540.0,533.0,29.0,16.0
542.0,531.0,29.0,17.0
535.0,528.0,28.0,18.0
535.0,525.0,27.0,21.0
535.0,529.0,24.0,19.0
529.0,529.0,26.0,18.0
528.0,531.0,28.0,18.0
527.0,534.0,28.0,18.0
518.0,536.0,31.0,20.0
516.0,537.0,31.0,22.0
514.0,538.0,32.0,21.0
514.0,539.0,32.0,21.0
507.0,541.0,33.0,19.0
509.0,541.0,30.0,20.0
505.0,540.0,32.0,19.0
506.0,541.0,31.0,17.0
506.0,541.0,28.0,19.0
505.0,542.0,29.0,18.0
504.0,541.0,26.0,21.0
504.0,543.0,27.0,17.0
498.0,543.0,30.0,16.0
501.0,542.0,30.0,18.0
498.0,542.0,31.0,19.0
493.0,543.0,30.0,20.0
496.0,542.0,33.0,22.0
487.0,546.0,37.0,22.0
491.0,545.0,33.0,23.0
479.0,548.0,40.0,19.0
486.0,547.0,35.0,23.0
488.0,549.0,34.0,23.0
491.0,548.0,32.0,24.0
489.0,551.0,36.0,22.0
488.0,552.0,32.0,19.0
484.0,552.0,35.0,18.0
492.0,548.0,30.0,20.0
492.0,548.0,30.0,17.0
494.0,546.0,29.0,18.0
494.0,545.0,29.0,17.0
498.0,545.0,29.0,16.0
499.0,543.0,31.0,16.0
503.0,532.0,26.0,20.0
504.0,531.0,25.0,23.0
504.0,535.0,31.0,20.0
504.0,532.0,30.0,22.0
508.0,535.0,28.0,22.0
511.0,536.0,29.0,20.0
514.0,538.0,28.0,19.0
519.0,539.0,29.0,18.0
521.0,537.0,26.0,19.0
525.0,538.0,24.0,17.0
529.0,537.0,27.0,16.0
526.0,531.0,29.0,18.0
524.0,533.0,31.0,18.0
526.0,535.0,31.0,20.0
520.0,536.0,35.0,18.0
524.0,534.0,33.0,21.0
527.0,533.0,30.0,23.0
530.0,535.0,31.0,21.0
532.0,538.0,30.0,21.0
529.0,541.0,33.0,20.0
530.0,542.0,33.0,20.0
535.0,543.0,31.0,20.0
540.0,539.0,29.0,21.0
540.0,537.0,31.0,21.0
539.0,539.0,32.0,19.0
542.0,528.0,29.0,21.0
544.0,528.0,29.0,20.0
543.0,528.0,31.0,18.0
546.0,528.0,35.0,17.0
543.0,524.0,31.0,18.0
544.0,520.0,30.0,20.0
541.0,522.0,31.0,18.0
539.0,514.0,33.0,20.0
544.0,516.0,32.0,19.0
544.0,518.0,30.0,18.0
542.0,519.0,31.0,17.0
543.0,516.0,24.0,20.0
542.0,511.0,27.0,20.0
536.0,512.0,32.0,18.0
531.0,511.0,33.0,19.0
525.0,511.0,36.0,19.0
527.0,511.0,32.0,22.0
527.0,510.0,30.0,25.0
520.0,513.0,32.0,22.0
514.0,515.0,35.0,21.0
509.0,519.0,37.0,21.0
503.0,523.0,36.0,23.0
506.0,528.0,35.0,23.0
505.0,531.0,32.0,24.0
501.0,532.0,31.0,24.0
494.0,533.0,36.0,22.0
488.0,532.0,37.0,23.0
480.0,527.0,32.0,23.0
478.0,530.0,33.0,18.0
477.0,527.0,29.0,19.0
470.0,523.0,28.0,18.0
466.0,521.0,29.0,18.0
467.0,521.0,30.0,18.0
458.0,520.0,32.0,18.0
455.0,507.0,32.0,22.0
447.0,509.0,36.0,20.0
445.0,508.0,37.0,21.0
434.0,513.0,39.0,22.0
425.0,516.0,42.0,21.0
425.0,515.0,45.0,20.0
412.0,518.0,52.0,19.0
421.0,520.0,44.0,25.0
423.0,532.0,38.0,20.0
424.0,530.0,37.0,20.0
427.0,520.0,35.0,20.0
426.0,524.0,35.0,24.0
426.0,525.0,35.0,24.0
422.0,521.0,36.0,22.0
418.0,524.0,37.0,22.0
419.0,525.0,42.0,22.0
416.0,525.0,46.0,21.0
420.0,523.0,46.0,22.0
426.0,524.0,38.0,25.0
422.0,525.0,45.0,22.0
423.0,524.0,45.0,23.0
428.0,524.0,40.0,24.0
430.0,525.0,43.0,20.0
427.0,514.0,49.0,21.0
433.0,512.0,49.0,23.0
438.0,510.0,52.0,23.0
449.0,509.0,48.0,25.0
451.0,509.0,50.0,22.0
460.0,509.0,47.0,25.0
473.0,506.0,43.0,27.0
471.0,507.0,45.0,22.0
480.0,509.0,41.0,24.0
488.0,508.0,36.0,26.0
493.0,508.0,41.0,23.0
495.0,506.0,42.0,23.0
499.0,507.0,45.0,21.0
510.0,505.0,42.0,24.0
514.0,498.0,42.0,24.0
515.0,500.0,46.0,24.0
526.0,499.0,40.0,27.0
532.0,501.0,42.0,23.0
541.0,499.0,38.0,26.0
544.0,501.0,40.0,22.0
541.0,501.0,43.0,21.0
548.0,497.0,41.0,26.0
555.0,498.0,41.0,26.0
561.0,499.0,41.0,24.0
558.0,492.0,47.0,21.0
564.0,490.0,43.0,25.0
571.0,489.0,39.0,26.0
576.0,485.0,40.0,25.0
582.0,484.0,38.0,24.0
574.0,485.0,44.0,20.0
581.0,484.0,41.0,23.0
579.0,483.0,45.0,21.0
585.0,482.0,43.0,23.0
586.0,484.0,40.0,24.0
593.0,484.0,33.0,24.0
591.0,490.0,38.0,21.0
593.0,488.0,36.0,21.0
592.0,488.0,33.0,22.0
593.0,491.0,32.0,22.0
587.0,486.0,36.0,21.0
585.0,490.0,39.0,20.0
584.0,490.0,41.0,22.0
578.0,493.0,42.0,22.0
582.0,492.0,36.0,25.0
577.0,494.0,37.0,26.0
574.0,501.0,40.0,24.0
574.0,502.0,34.0,28.0
573.0,510.0,37.0,18.0
566.0,508.0,33.0,19.0
567.0,508.0,32.0,21.0
557.0,508.0,35.0,19.0
556.0,509.0,32.0,21.0
553.0,510.0,32.0,22.0
546.0,512.0,34.0,23.0
548.0,514.0,32.0,23.0
536.0,517.0,38.0,21.0
540.0,510.0,32.0,24.0
535.0,514.0,31.0,25.0
526.0,519.0,35.0,21.0
526.0,519.0,34.0,22.0
523.0,519.0,35.0,22.0
521.0,520.0,32.0,24.0
512.0,520.0,36.0,20.0
514.0,531.0,35.0,18.0
518.0,533.0,34.0,19.0
511.0,535.0,33.0,17.0
505.0,537.0,32.0,17.0
505.0,538.0,32.0,18.0
499.0,546.0,32.0,16.0
495.0,538.0,33.0,19.0
485.0,541.0,35.0,19.0
484.0,541.0,37.0,20.0
487.0,540.0,34.0,22.0
486.0,540.0,33.0,21.0
484.0,539.0,37.0,20.0
481.0,539.0,36.0,24.0
472.0,544.0,41.0,23.0
477.0,545.0,37.0,24.0
481.0,545.0,33.0,25.0
473.0,550.0,38.0,22.0
476.0,550.0,39.0,23.0
474.0,552.0,41.0,21.0
477.0,547.0,38.0,24.0
476.0,551.0,37.0,23.0
481.0,550.0,38.0,23.0
481.0,550.0,37.0,24.0
478.0,553.0,39.0,22.0
485.0,555.0,37.0,24.0
485.0,556.0,35.0,23.0
489.0,554.0,32.0,24.0
484.0,554.0,34.0,21.0
489.0,553.0,31.0,21.0
495.0,558.0,34.0,18.0
493.0,557.0,32.0,17.0
492.0,558.0,31.0,16.0
494.0,559.0,32.0,15.0
496.0,558.0,30.0,16.0
499.0,557.0,31.0,17.0
500.0,554.0,30.0,17.0
502.0,546.0,31.0,19.0
500.0,548.0,32.0,17.0
502.0,549.0,31.0,15.0
510.0,549.0,30.0,16.0
510.0,544.0,27.0,15.0
514.0,544.0,28.0,14.0
518.0,545.0,26.0,13.0
522.0,546.0,27.0,11.0
521.0,546.0,24.0,12.0
522.0,546.0,26.0,11.0
529.0,548.0,28.0,11.0
531.0,545.0,23.0,14.0
532.0,545.0,24.0,13.0
535.0,545.0,23.0,13.0
536.0,546.0,23.0,13.0
539.0,545.0,24.0,12.0
538.0,545.0,22.0,12.0
541.0,543.0,20.0,13.0
544.0,539.0,18.0,14.0
546.0,540.0,17.0,10.0
548.0,538.0,18.0,11.0
550.0,539.0,17.0,11.0
552.0,535.0,18.0,10.0
554.0,534.0,15.0,10.0
555.0,535.0,14.0,10.0
557.0,536.0,13.0,10.0
558.0,534.0,14.0,10.0
559.0,533.0,14.0,10.0
559.0,532.0,15.0,10.0
561.0,532.0,15.0,10.0
561.0,529.0,16.0,10.0
561.0,527.0,16.0,10.0
562.0,527.0,16.0,11.0
564.0,525.0,14.0,10.0
562.0,526.0,16.0,10.0
560.0,530.0,17.0,10.0
561.0,530.0,18.0,11.0
558.0,532.0,17.0,10.0
557.0,533.0,16.0,10.0
556.0,534.0,16.0,10.0
554.0,535.0,17.0,10.0
553.0,537.0,15.0,11.0
548.0,540.0,17.0,10.0
546.0,540.0,18.0,10.0
544.0,538.0,18.0,10.0
544.0,538.0,20.0,11.0
539.0,534.0,19.0,11.0
538.0,529.0,18.0,12.0
536.0,531.0,18.0,12.0
534.0,529.0,20.0,11.0
531.0,529.0,21.0,11.0
532.0,530.0,17.0,11.0
530.0,530.0,15.0,10.0
529.0,533.0,14.0,12.0
529.0,537.0,15.0,11.0
525.0,539.0,18.0,10.0
524.0,541.0,17.0,10.0
523.0,544.0,17.0,10.0
520.0,544.0,18.0,10.0
519.0,547.0,17.0,10.0
518.0,548.0,17.0,11.0
516.0,550.0,17.0,10.0
513.0,551.0,16.0,10.0
514.0,551.0,17.0,10.0
510.0,552.0,17.0,10.0
511.0,553.0,18.0,10.0
507.0,554.0,19.0,10.0
508.0,555.0,17.0,10.0
508.0,557.0,14.0,12.0
508.0,559.0,17.0,10.0
507.0,562.0,17.0,10.0
506.0,561.0,16.0,11.0
506.0,561.0,17.0,10.0
508.0,562.0,13.0,10.0
508.0,563.0,13.0,10.0
509.0,564.0,13.0,10.0
507.0,567.0,16.0,10.0
508.0,567.0,14.0,10.0
508.0,568.0,14.0,10.0
508.0,569.0,17.0,10.0
506.0,570.0,17.0,10.0
506.0,570.0,17.0,10.0
507.0,572.0,15.0,11.0
507.0,571.0,14.0,10.0
506.0,572.0,15.0,11.0
507.0,574.0,14.0,10.0
506.0,574.0,14.0,10.0
507.0,575.0,13.0,10.0
508.0,575.0,14.0,10.0
506.0,577.0,13.0,10.0
507.0,574.0,14.0,10.0
507.0,573.0,16.0,10.0
506.0,573.0,14.0,11.0
507.0,567.0,14.0,10.0
507.0,564.0,13.0,10.0
508.0,564.0,13.0,10.0
508.0,562.0,14.0,10.0
506.0,564.0,14.0,10.0
506.0,563.0,14.0,10.0
507.0,562.0,14.0,10.0
505.0,563.0,14.0,10.0
505.0,563.0,16.0,10.0
506.0,563.0,13.0,11.0
505.0,563.0,16.0,10.0
503.0,563.0,16.0,11.0
504.0,563.0,15.0,12.0
503.0,562.0,16.0,11.0
502.0,561.0,17.0,10.0
503.0,563.0,16.0,10.0
504.0,562.0,15.0,10.0
505.0,562.0,14.0,10.0
504.0,563.0,16.0,10.0
505.0,565.0,15.0,10.0
507.0,562.0,14.0,10.0
507.0,562.0,13.0,10.0
508.0,558.0,13.0,10.0
510.0,553.0,15.0,10.0
510.0,550.0,16.0,10.0
511.0,547.0,17.0,10.0
513.0,547.0,17.0,10.0
515.0,547.0,16.0,10.0
516.0,547.0,16.0,10.0
519.0,547.0,14.0,10.0
521.0,548.0,14.0,10.0
522.0,547.0,15.0,10.0
523.0,548.0,17.0,10.0
523.0,548.0,17.0,10.0
524.0,547.0,16.0,10.0
526.0,549.0,16.0,11.0
527.0,549.0,15.0,11.0
528.0,553.0,14.0,10.0
527.0,554.0,15.0,11.0
527.0,556.0,16.0,10.0
527.0,557.0,15.0,10.0
526.0,556.0,15.0,10.0
528.0,553.0,15.0,10.0
526.0,554.0,17.0,10.0
526.0,550.0,16.0,11.0
527.0,550.0,15.0,10.0
526.0,551.0,16.0,10.0
526.0,550.0,15.0,10.0
524.0,551.0,16.0,10.0
525.0,550.0,17.0,10.0
525.0,552.0,16.0,11.0
525.0,555.0,15.0,11.0
524.0,558.0,17.0,12.0
524.0,562.0,18.0,11.0
522.0,561.0,17.0,11.0
520.0,559.0,17.0,10.0
518.0,555.0,16.0,10.0
519.0,552.0,15.0,10.0
519.0,547.0,14.0,11.0
518.0,545.0,14.0,10.0
518.0,543.0,14.0,10.0
519.0,542.0,13.0,10.0
519.0,543.0,14.0,10.0
521.0,543.0,14.0,10.0
522.0,543.0,14.0,10.0
523.0,544.0,16.0,10.0
525.0,548.0,15.0,11.0
526.0,550.0,16.0,10.0
527.0,556.0,16.0,10.0
531.0,558.0,14.0,10.0
532.0,561.0,15.0,10.0
533.0,567.0,16.0,10.0
533.0,572.0,17.0,10.0
535.0,572.0,17.0,11.0
536.0,575.0,15.0,10.0
538.0,574.0,15.0,10.0
539.0,577.0,15.0,10.0
538.0,578.0,16.0,10.0
539.0,577.0,16.0,10.0
540.0,574.0,16.0,11.0
540.0,575.0,17.0,10.0
541.0,575.0,17.0,10.0
542.0,576.0,14.0,11.0
542.0,575.0,13.0,10.0
542.0,575.0,12.0,10.0
542.0,578.0,13.0,10.0
543.0,578.0,13.0,10.0
542.0,578.0,14.0,10.0
539.0,579.0,14.0,10.0
540.0,580.0,14.0,10.0
539.0,582.0,15.0,10.0
540.0,583.0,14.0,10.0
538.0,583.0,16.0,10.0
537.0,586.0,16.0,10.0
536.0,588.0,16.0,11.0
535.0,587.0,15.0,10.0
534.0,587.0,15.0,10.0
531.0,586.0,14.0,10.0
531.0,584.0,15.0,10.0
529.0,584.0,15.0,10.0
525.0,581.0,14.0,10.0
525.0,582.0,15.0,10.0
520.0,580.0,17.0,10.0
519.0,580.0,17.0,10.0
517.0,581.0,17.0,10.0
514.0,581.0,18.0,10.0
513.0,581.0,16.0,10.0
510.0,580.0,16.0,10.0
508.0,580.0,15.0,10.0
506.0,579.0,14.0,10.0
503.0,579.0,14.0,10.0
502.0,577.0,16.0,10.0
499.0,577.0,17.0,10.0
496.0,578.0,16.0,10.0
495.0,577.0,14.0,10.0
494.0,578.0,13.0,10.0
491.0,577.0,14.0,10.0
489.0,576.0,16.0,10.0
487.0,574.0,16.0,10.0
487.0,575.0,16.0,10.0
485.0,573.0,16.0,10.0
485.0,575.0,15.0,10.0
484.0,576.0,16.0,10.0
482.0,576.0,14.0,10.0
482.0,577.0,14.0,10.0
482.0,577.0,14.0,10.0
482.0,577.0,14.0,10.0
482.0,576.0,15.0,10.0
483.0,576.0,13.0,10.0
483.0,576.0,13.0,10.0
484.0,578.0,14.0,10.0
485.0,578.0,14.0,10.0
486.0,578.0,14.0,11.0
487.0,577.0,15.0,10.0
489.0,577.0,16.0,10.0
491.0,577.0,15.0,10.0
493.0,576.0,16.0,10.0
496.0,574.0,16.0,10.0
498.0,575.0,17.0,10.0
500.0,571.0,15.0,10.0
502.0,571.0,16.0,10.0
506.0,569.0,15.0,10.0
508.0,569.0,15.0,10.0
511.0,567.0,14.0,10.0
514.0,568.0,14.0,10.0
519.0,566.0,14.0,10.0
520.0,566.0,15.0,10.0
524.0,565.0,15.0,10.0
525.0,565.0,16.0,10.0
530.0,565.0,15.0,10.0
532.0,565.0,13.0,10.0
535.0,566.0,14.0,10.0
537.0,566.0,15.0,10.0
538.0,565.0,17.0,10.0
539.0,567.0,15.0,10.0
542.0,567.0,15.0,10.0
544.0,569.0,14.0,10.0
545.0,570.0,15.0,10.0
544.0,569.0,16.0,10.0
545.0,569.0,16.0,10.0
545.0,567.0,16.0,10.0
544.0,568.0,15.0,10.0
544.0,569.0,14.0,12.0
542.0,567.0,14.0,10.0
542.0,567.0,14.0,10.0
541.0,568.0,15.0,10.0
538.0,568.0,15.0,10.0
537.0,567.0,15.0,10.0
535.0,568.0,15.0,10.0
532.0,568.0,14.0,10.0
530.0,568.0,15.0,10.0
528.0,569.0,15.0,10.0
524.0,571.0,15.0,11.0
520.0,571.0,15.0,10.0
518.0,570.0,13.0,10.0
514.0,571.0,15.0,10.0
510.0,571.0,16.0,10.0
506.0,571.0,15.0,10.0
501.0,570.0,15.0,10.0
498.0,571.0,14.0,10.0
494.0,572.0,14.0,10.0
488.0,572.0,16.0,10.0
485.0,571.0,16.0,10.0
483.0,570.0,14.0,10.0
479.0,571.0,16.0,10.0
476.0,571.0,15.0,10.0
473.0,571.0,15.0,10.0
469.0,571.0,15.0,10.0
466.0,569.0,17.0,10.0
465.0,568.0,15.0,10.0
461.0,567.0,15.0,10.0
459.0,569.0,16.0,10.0
457.0,572.0,15.0,10.0
454.0,571.0,16.0,10.0
453.0,573.0,18.0,10.0
450.0,573.0,16.0,10.0
451.0,576.0,15.0,10.0
450.0,575.0,16.0,10.0
447.0,575.0,15.0,10.0
447.0,577.0,13.0,10.0
447.0,578.0,12.0,10.0
446.0,579.0,12.0,10.0
446.0,580.0,13.0,10.0
447.0,581.0,13.0,10.0
447.0,581.0,13.0,10.0
447.0,580.0,14.0,10.0
446.0,580.0,13.0,10.0
447.0,580.0,13.0,10.0
448.0,580.0,15.0,10.0
448.0,582.0,17.0,10.0
450.0,584.0,17.0,10.0
452.0,584.0,15.0,10.0
453.0,586.0,15.0,10.0
456.0,586.0,15.0,10.0
456.0,587.0,15.0,10.0
457.0,589.0,15.0,10.0
459.0,589.0,14.0,10.0
462.0,589.0,14.0,10.0
464.0,590.0,15.0,10.0
465.0,592.0,17.0,10.0
466.0,592.0,15.0,10.0
468.0,592.0,15.0,10.0
469.0,591.0,16.0,10.0
471.0,589.0,15.0,10.0
473.0,586.0,15.0,10.0
473.0,585.0,14.0,10.0
475.0,583.0,15.0,10.0
476.0,580.0,16.0,10.0
477.0,577.0,16.0,10.0
477.0,575.0,15.0,10.0
479.0,568.0,15.0,10.0
479.0,565.0,14.0,10.0
478.0,562.0,14.0,10.0
480.0,559.0,14.0,10.0
482.0,560.0,14.0,10.0
481.0,561.0,15.0,10.0
481.0,557.0,15.0,10.0
482.0,553.0,15.0,10.0
482.0,551.0,15.0,10.0
481.0,547.0,15.0,11.0
478.0,547.0,15.0,10.0
477.0,547.0,16.0,10.0
476.0,550.0,15.0,10.0
475.0,553.0,15.0,11.0
472.0,560.0,16.0,12.0
471.0,565.0,17.0,10.0
469.0,569.0,16.0,10.0
464.0,571.0,15.0,10.0
460.0,571.0,16.0,10.0
455.0,572.0,15.0,10.0
451.0,572.0,15.0,10.0
448.0,574.0,15.0,11.0
442.0,576.0,17.0,10.0
439.0,580.0,15.0,10.0
436.0,584.0,15.0,11.0
430.0,586.0,16.0,10.0
424.0,589.0,16.0,10.0
418.0,590.0,16.0,10.0
412.0,590.0,15.0,10.0
408.0,594.0,16.0,10.0
402.0,599.0,16.0,10.0
397.0,601.0,15.0,10.0
392.0,602.0,15.0,10.0
388.0,598.0,15.0,10.0
384.0,596.0,15.0,10.0
378.0,596.0,15.0,10.0
375.0,592.0,16.0,10.0
372.0,592.0,15.0,10.0
369.0,592.0,15.0,10.0
368.0,595.0,15.0,10.0
366.0,597.0,16.0,10.0
364.0,598.0,17.0,10.0
364.0,599.0,16.0,10.0
363.0,599.0,16.0,11.0
362.0,598.0,17.0,10.0
364.0,596.0,15.0,10.0
364.0,595.0,16.0,10.0
366.0,599.0,17.0,10.0
368.0,602.0,16.0,10.0
373.0,604.0,16.0,10.0
376.0,607.0,16.0,10.0
379.0,610.0,17.0,10.0
384.0,610.0,15.0,10.0
388.0,611.0,16.0,10.0
394.0,613.0,15.0,10.0
400.0,613.0,15.0,10.0
406.0,615.0,16.0,10.0
413.0,616.0,17.0,10.0
420.0,616.0,16.0,10.0
427.0,615.0,17.0,10.0
436.0,617.0,14.0,11.0
442.0,619.0,15.0,10.0
451.0,619.0,16.0,10.0
457.0,621.0,16.0,13.0
465.0,620.0,17.0,11.0
474.0,619.0,16.0,10.0
480.0,617.0,16.0,11.0
487.0,615.0,18.0,10.0
495.0,610.0,17.0,10.0
500.0,607.0,16.0,10.0
506.0,602.0,15.0,10.0
512.0,599.0,16.0,10.0
516.0,597.0,16.0,11.0
521.0,596.0,15.0,11.0
524.0,593.0,16.0,10.0
525.0,592.0,15.0,10.0
526.0,588.0,15.0,10.0
524.0,585.0,16.0,10.0
523.0,579.0,16.0,10.0
520.0,578.0,16.0,10.0
517.0,578.0,15.0,10.0
514.0,578.0,14.0,10.0
510.0,577.0,16.0,10.0
506.0,577.0,16.0,10.0
502.0,576.0,16.0,10.0
498.0,580.0,15.0,11.0
495.0,579.0,16.0,10.0
489.0,581.0,17.0,10.0
484.0,584.0,16.0,11.0
479.0,588.0,16.0,12.0
474.0,590.0,17.0,10.0
472.0,591.0,14.0,10.0
470.0,588.0,15.0,10.0
469.0,586.0,16.0,10.0
467.0,580.0,15.0,11.0
467.0,577.0,16.0,10.0
465.0,576.0,16.0,10.0
465.0,574.0,15.0,10.0
463.0,578.0,17.0,10.0
463.0,584.0,15.0,10.0
464.0,589.0,15.0,10.0
464.0,592.0,16.0,10.0
464.0,593.0,15.0,10.0
464.0,595.0,16.0,10.0
464.0,595.0,19.0,11.0
463.0,592.0,17.0,10.0
465.0,593.0,17.0,10.0
465.0,596.0,16.0,10.0
466.0,599.0,15.0,10.0
468.0,603.0,16.0,11.0
471.0,604.0,16.0,10.0
475.0,604.0,17.0,10.0
478.0,602.0,16.0,10.0
480.0,600.0,15.0,10.0
483.0,597.0,18.0,10.0
486.0,596.0,17.0,10.0
489.0,595.0,17.0,10.0
493.0,595.0,15.0,10.0
498.0,597.0,17.0,10.0
502.0,596.0,17.0,10.0
508.0,593.0,17.0,10.0
516.0,587.0,17.0,10.0
522.0,581.0,18.0,10.0
529.0,575.0,18.0,10.0
536.0,567.0,18.0,10.0
545.0,563.0,17.0,11.0
555.0,559.0,16.0,10.0
564.0,555.0,16.0,10.0
573.0,550.0,17.0,10.0
584.0,546.0,17.0,10.0
593.0,542.0,16.0,10.0
602.0,540.0,15.0,10.0
611.0,538.0,17.0,10.0
621.0,531.0,16.0,11.0
630.0,529.0,16.0,10.0
640.0,528.0,15.0,10.0
649.0,528.0,16.0,10.0
656.0,529.0,17.0,10.0
664.0,530.0,15.0,10.0
669.0,532.0,16.0,10.0
674.0,533.0,16.0,10.0
679.0,535.0,17.0,10.0
683.0,535.0,16.0,10.0
686.0,536.0,17.0,10.0
687.0,536.0,15.0,11.0
687.0,536.0,16.0,10.0
688.0,537.0,16.0,10.0
687.0,536.0,17.0,10.0
686.0,536.0,18.0,10.0
682.0,538.0,16.0,10.0
679.0,538.0,17.0,10.0
676.0,540.0,17.0,10.0
672.0,541.0,16.0,10.0
666.0,543.0,17.0,10.0
661.0,544.0,17.0,10.0
654.0,549.0,18.0,10.0
647.0,552.0,17.0,11.0
641.0,558.0,18.0,10.0
632.0,564.0,20.0,11.0
627.0,566.0,15.0,12.0
620.0,567.0,17.0,10.0
611.0,570.0,17.0,10.0
605.0,570.0,16.0,10.0
599.0,571.0,16.0,10.0
592.0,573.0,17.0,10.0
588.0,575.0,17.0,10.0
583.0,576.0,17.0,10.0
578.0,577.0,16.0,10.0
574.0,580.0,16.0,10.0
569.0,581.0,17.0,10.0
567.0,585.0,17.0,10.0
563.0,588.0,17.0,10.0
561.0,591.0,18.0,10.0
558.0,594.0,17.0,10.0
555.0,597.0,18.0,10.0
553.0,599.0,18.0,10.0
552.0,603.0,16.0,11.0
550.0,607.0,17.0,10.0
550.0,609.0,17.0,10.0
549.0,612.0,16.0,10.0
550.0,613.0,17.0,10.0
549.0,616.0,15.0,10.0
550.0,617.0,16.0,10.0
550.0,619.0,16.0,10.0
550.0,621.0,17.0,10.0
552.0,622.0,15.0,10.0
552.0,624.0,16.0,10.0
554.0,626.0,17.0,10.0
555.0,627.0,14.0,10.0
557.0,629.0,17.0,10.0
557.0,632.0,15.0,10.0
559.0,633.0,17.0,10.0
560.0,635.0,16.0,10.0
563.0,636.0,16.0,10.0
562.0,637.0,15.0,10.0
566.0,639.0,16.0,10.0
568.0,637.0,16.0,10.0
568.0,638.0,18.0,10.0
569.0,638.0,17.0,10.0
571.0,638.0,16.0,10.0
572.0,638.0,16.0,10.0
573.0,638.0,16.0,10.0
573.0,638.0,16.0,10.0
574.0,638.0,16.0,10.0
573.0,639.0,16.0,10.0
573.0,637.0,17.0,10.0
573.0,638.0,16.0,10.0
574.0,637.0,16.0,10.0
573.0,637.0,17.0,10.0
573.0,638.0,18.0,10.0
575.0,637.0,18.0,10.0
574.0,635.0,18.0,10.0
571.0,636.0,17.0,10.0
570.0,635.0,16.0,10.0
568.0,634.0,16.0,10.0
565.0,633.0,17.0,10.0
563.0,632.0,17.0,10.0
560.0,632.0,16.0,10.0
557.0,631.0,15.0,10.0
553.0,631.0,15.0,10.0
551.0,629.0,16.0,10.0
548.0,629.0,17.0,10.0
544.0,629.0,17.0,10.0
542.0,626.0,16.0,10.0
539.0,626.0,16.0,10.0
538.0,624.0,18.0,10.0
535.0,623.0,16.0,10.0
532.0,621.0,18.0,10.0
531.0,621.0,15.0,10.0
528.0,618.0,15.0,10.0
526.0,616.0,17.0,10.0
523.0,617.0,17.0,10.0
522.0,617.0,17.0,10.0
521.0,617.0,17.0,10.0
519.0,620.0,15.0,10.0
520.0,621.0,16.0,10.0
516.0,624.0,15.0,11.0
515.0,624.0,16.0,11.0
515.0,622.0,18.0,10.0
513.0,623.0,17.0,10.0
512.0,624.0,17.0,10.0
511.0,622.0,17.0,10.0
510.0,624.0,18.0,10.0
508.0,624.0,18.0,10.0
506.0,625.0,17.0,11.0
505.0,626.0,17.0,10.0
504.0,627.0,18.0,10.0
503.0,628.0,17.0,10.0
502.0,628.0,17.0,10.0
503.0,628.0,17.0,10.0
501.0,628.0,17.0,10.0
500.0,628.0,15.0,10.0
499.0,626.0,18.0,10.0
501.0,626.0,18.0,11.0
500.0,625.0,19.0,12.0
499.0,626.0,20.0,11.0
501.0,625.0,18.0,12.0
499.0,626.0,19.0,10.0
499.0,626.0,16.0,10.0
500.0,623.0,18.0,10.0
500.0,622.0,18.0,10.0
500.0,621.0,18.0,10.0
500.0,618.0,18.0,10.0
502.0,616.0,17.0,10.0
503.0,618.0,17.0,10.0
505.0,620.0,17.0,10.0
506.0,623.0,18.0,10.0
507.0,627.0,19.0,11.0
506.0,629.0,18.0,12.0
504.0,632.0,19.0,10.0
502.0,634.0,17.0,10.0
500.0,635.0,18.0,10.0
498.0,634.0,16.0,10.0
497.0,632.0,17.0,10.0
496.0,629.0,17.0,10.0
492.0,626.0,18.0,10.0
490.0,624.0,18.0,10.0
488.0,622.0,17.0,10.0
485.0,625.0,16.0,10.0
483.0,626.0,16.0,10.0
481.0,628.0,17.0,10.0
480.0,630.0,19.0,10.0
479.0,629.0,18.0,11.0
479.0,628.0,17.0,10.0
479.0,623.0,17.0,10.0
478.0,619.0,17.0,10.0
480.0,614.0,17.0,10.0
479.0,610.0,16.0,10.0
480.0,604.0,17.0,10.0
481.0,603.0,17.0,10.0
482.0,602.0,19.0,10.0
485.0,600.0,18.0,10.0
487.0,598.0,16.0,10.0
489.0,595.0,18.0,10.0
492.0,595.0,17.0,10.0
495.0,594.0,17.0,10.0
496.0,596.0,17.0,10.0
499.0,597.0,17.0,10.0
503.0,595.0,17.0,10.0
505.0,596.0,17.0,10.0
505.0,598.0,17.0,10.0
507.0,600.0,18.0,10.0
508.0,598.0,18.0,10.0
509.0,598.0,18.0,10.0
511.0,598.0,17.0,10.0
512.0,597.0,16.0,10.0
513.0,596.0,17.0,10.0
511.0,594.0,19.0,10.0
511.0,592.0,17.0,11.0
512.0,590.0,18.0,10.0
510.0,589.0,17.0,10.0
509.0,588.0,19.0,10.0
508.0,587.0,20.0,13.0
507.0,588.0,20.0,12.0
506.0,591.0,19.0,10.0
505.0,590.0,20.0,10.0
504.0,591.0,17.0,10.0
500.0,593.0,18.0,10.0
498.0,596.0,17.0,10.0
495.0,599.0,15.0,10.0
493.0,599.0,18.0,10.0
489.0,601.0,19.0,10.0
488.0,602.0,17.0,10.0
482.0,603.0,19.0,10.0
479.0,603.0,18.0,10.0
475.0,605.0,17.0,10.0
471.0,605.0,18.0,10.0
467.0,604.0,19.0,10.0
462.0,606.0,20.0,11.0
459.0,605.0,18.0,11.0
454.0,605.0,19.0,10.0
449.0,605.0,21.0,10.0
446.0,606.0,16.0,12.0
442.0,608.0,17.0,10.0
438.0,608.0,16.0,10.0
433.0,607.0,15.0,10.0
429.0,605.0,18.0,10.0
424.0,604.0,17.0,10.0
420.0,604.0,17.0,10.0
413.0,605.0,18.0,10.0
411.0,603.0,18.0,10.0
407.0,600.0,19.0,10.0
403.0,602.0,19.0,10.0
402.0,603.0,18.0,10.0
400.0,604.0,17.0,10.0
398.0,604.0,18.0,10.0
395.0,604.0,19.0,10.0
393.0,605.0,19.0,10.0
391.0,605.0,20.0,10.0
389.0,604.0,19.0,10.0
388.0,605.0,19.0,10.0
388.0,604.0,17.0,10.0
388.0,604.0,18.0,10.0
388.0,604.0,18.0,10.0
388.0,604.0,17.0,10.0
389.0,604.0,16.0,10.0
390.0,605.0,18.0,10.0
390.0,606.0,17.0,10.0
391.0,608.0,17.0,10.0
394.0,611.0,19.0,10.0
396.0,612.0,19.0,10.0
401.0,612.0,16.0,10.0
404.0,612.0,18.0,10.0
407.0,609.0,19.0,10.0
411.0,610.0,19.0,10.0
416.0,610.0,19.0,10.0
420.0,613.0,19.0,10.0
426.0,614.0,20.0,10.0
432.0,614.0,17.0,10.0
437.0,614.0,20.0,10.0
441.0,613.0,21.0,10.0
449.0,613.0,19.0,12.0
454.0,610.0,19.0,10.0
460.0,608.0,20.0,10.0
466.0,608.0,20.0,10.0
474.0,605.0,20.0,13.0
480.0,608.0,21.0,10.0
487.0,607.0,21.0,10.0
494.0,608.0,22.0,10.0
502.0,609.0,21.0,11.0
511.0,607.0,20.0,10.0
520.0,605.0,20.0,11.0
528.0,603.0,19.0,10.0
535.0,602.0,20.0,10.0
544.0,597.0,22.0,13.0
550.0,593.0,22.0,13.0
557.0,593.0,19.0,11.0
562.0,594.0,21.0,10.0
569.0,593.0,20.0,10.0
573.0,596.0,20.0,10.0
577.0,599.0,21.0,10.0
581.0,602.0,19.0,10.0
583.0,604.0,19.0,10.0
583.0,606.0,21.0,10.0
582.0,607.0,19.0,10.0
581.0,607.0,17.0,10.0
580.0,608.0,18.0,10.0
578.0,609.0,19.0,11.0
572.0,609.0,20.0,10.0
570.0,611.0,19.0,10.0
566.0,613.0,19.0,10.0
560.0,613.0,18.0,11.0
555.0,615.0,18.0,10.0
550.0,615.0,18.0,11.0
542.0,614.0,19.0,10.0
534.0,614.0,19.0,10.0
527.0,614.0,18.0,10.0
519.0,614.0,20.0,10.0
511.0,614.0,21.0,10.0
502.0,616.0,19.0,10.0
493.0,619.0,19.0,10.0
486.0,619.0,19.0,10.0
478.0,621.0,19.0,10.0
469.0,621.0,20.0,10.0
460.0,622.0,18.0,10.0
453.0,624.0,19.0,10.0
445.0,624.0,18.0,10.0
438.0,626.0,19.0,10.0
431.0,626.0,19.0,10.0
424.0,626.0,19.0,10.0
417.0,626.0,18.0,10.0
411.0,625.0,18.0,10.0
405.0,626.0,19.0,10.0
400.0,626.0,19.0,10.0
396.0,629.0,18.0,10.0
393.0,629.0,19.0,10.0
390.0,632.0,20.0,10.0
387.0,635.0,18.0,10.0
384.0,636.0,19.0,10.0
382.0,636.0,20.0,10.0
380.0,638.0,19.0,10.0
379.0,638.0,20.0,10.0
380.0,638.0,19.0,10.0
379.0,639.0,19.0,11.0
379.0,639.0,20.0,10.0
378.0,639.0,21.0,10.0
380.0,639.0,20.0,10.0
383.0,639.0,19.0,11.0
384.0,638.0,20.0,10.0
386.0,641.0,17.0,10.0
389.0,640.0,20.0,10.0
392.0,641.0,20.0,11.0
394.0,641.0,20.0,13.0
397.0,641.0,21.0,14.0
399.0,641.0,23.0,13.0
405.0,641.0,21.0,10.0
411.0,643.0,17.0,10.0
416.0,645.0,19.0,10.0
420.0,645.0,20.0,11.0
424.0,646.0,19.0,10.0
429.0,648.0,20.0,10.0
433.0,649.0,21.0,10.0
437.0,650.0,19.0,10.0
443.0,650.0,20.0,10.0
448.0,650.0,21.0,10.0
452.0,651.0,20.0,10.0
458.0,650.0,21.0,10.0
463.0,650.0,20.0,10.0
468.0,650.0,21.0,10.0
472.0,650.0,19.0,10.0
477.0,649.0,18.0,10.0
482.0,648.0,20.0,10.0
484.0,648.0,22.0,10.0
488.0,646.0,18.0,10.0
492.0,646.0,18.0,10.0
495.0,645.0,21.0,10.0
498.0,644.0,19.0,10.0
499.0,643.0,19.0,10.0
503.0,641.0,20.0,11.0
504.0,641.0,19.0,10.0
502.0,641.0,20.0,10.0
505.0,640.0,21.0,10.0
504.0,638.0,19.0,10.0
506.0,636.0,20.0,10.0
506.0,633.0,20.0,11.0
503.0,632.0,21.0,10.0
502.0,632.0,20.0,10.0
503.0,632.0,21.0,10.0
502.0,634.0,20.0,10.0
501.0,636.0,20.0,10.0
497.0,637.0,21.0,10.0
494.0,636.0,20.0,11.0
491.0,638.0,20.0,10.0
488.0,637.0,19.0,10.0
484.0,638.0,20.0,10.0
481.0,637.0,23.0,10.0
475.0,637.0,21.0,10.0
474.0,636.0,21.0,11.0
468.0,635.0,21.0,10.0
465.0,634.0,19.0,10.0
461.0,635.0,20.0,10.0
457.0,636.0,20.0,10.0
452.0,635.0,20.0,10.0
447.0,634.0,20.0,10.0
442.0,634.0,20.0,10.0
438.0,633.0,21.0,12.0
432.0,633.0,22.0,10.0
428.0,634.0,21.0,10.0
426.0,635.0,21.0,11.0
421.0,638.0,20.0,10.0
419.0,640.0,21.0,10.0
417.0,641.0,21.0,12.0
412.0,643.0,21.0,10.0
411.0,645.0,21.0,10.0
410.0,644.0,21.0,12.0
407.0,645.0,21.0,11.0
406.0,645.0,21.0,10.0
403.0,646.0,20.0,10.0
400.0,647.0,20.0,10.0
399.0,646.0,20.0,10.0
399.0,649.0,21.0,11.0
402.0,653.0,21.0,12.0
404.0,657.0,22.0,11.0
411.0,661.0,20.0,11.0
415.0,665.0,18.0,10.0
418.0,666.0,20.0,10.0
418.0,663.0,19.0,12.0
416.0,656.0,19.0,12.0
416.0,650.0,20.0,11.0
414.0,644.0,20.0,11.0
412.0,640.0,20.0,10.0
411.0,639.0,21.0,10.0
409.0,639.0,21.0,12.0
405.0,639.0,22.0,10.0
405.0,641.0,21.0,10.0
402.0,644.0,22.0,10.0
404.0,644.0,23.0,10.0
404.0,645.0,23.0,10.0
403.0,644.0,23.0,12.0
404.0,644.0,23.0,11.0
405.0,645.0,22.0,11.0
404.0,644.0,22.0,10.0
404.0,643.0,21.0,10.0
407.0,641.0,22.0,11.0
406.0,640.0,22.0,10.0
408.0,638.0,21.0,11.0
408.0,639.0,22.0,10.0
409.0,637.0,20.0,10.0
410.0,638.0,22.0,10.0
410.0,638.0,22.0,10.0
410.0,639.0,23.0,11.0
411.0,640.0,23.0,11.0
413.0,643.0,22.0,11.0
415.0,645.0,21.0,10.0
413.0,646.0,23.0,10.0
415.0,648.0,22.0,11.0
416.0,650.0,20.0,10.0
414.0,650.0,22.0,10.0
417.0,651.0,21.0,10.0
416.0,651.0,23.0,11.0
416.0,651.0,23.0,12.0
417.0,651.0,22.0,12.0
414.0,650.0,23.0,10.0
415.0,648.0,20.0,12.0
414.0,647.0,23.0,10.0
413.0,647.0,22.0,10.0
414.0,645.0,22.0,12.0
412.0,645.0,23.0,12.0
411.0,647.0,24.0,10.0
409.0,647.0,22.0,10.0
410.0,647.0,20.0,11.0
408.0,645.0,21.0,11.0
410.0,644.0,21.0,12.0
406.0,642.0,23.0,10.0
406.0,642.0,23.0,10.0
403.0,640.0,22.0,10.0
404.0,639.0,21.0,10.0
404.0,639.0,24.0,10.0
402.0,638.0,23.0,10.0
403.0,639.0,23.0,10.0
403.0,638.0,22.0,11.0
402.0,638.0,22.0,10.0
401.0,640.0,23.0,10.0
402.0,640.0,24.0,10.0
402.0,641.0,24.0,10.0
403.0,641.0,24.0,10.0
403.0,641.0,24.0,11.0
403.0,642.0,22.0,11.0
403.0,643.0,22.0,11.0
403.0,645.0,24.0,10.0
404.0,644.0,24.0,13.0
404.0,647.0,25.0,10.0
405.0,648.0,24.0,11.0
405.0,649.0,23.0,12.0
405.0,649.0,23.0,10.0
406.0,648.0,22.0,12.0
406.0,648.0,23.0,11.0
405.0,647.0,23.0,10.0
406.0,645.0,24.0,10.0
406.0,645.0,25.0,11.0
405.0,645.0,25.0,10.0
405.0,645.0,25.0,12.0
406.0,645.0,25.0,11.0
408.0,645.0,25.0,10.0
409.0,643.0,25.0,10.0
412.0,641.0,22.0,14.0
414.0,640.0,23.0,10.0
419.0,638.0,23.0,10.0
422.0,636.0,24.0,10.0
428.0,633.0,24.0,11.0
433.0,633.0,24.0,11.0
435.0,630.0,24.0,10.0
440.0,629.0,24.0,12.0
444.0,629.0,24.0,11.0
447.0,632.0,25.0,11.0
449.0,636.0,24.0,10.0
452.0,639.0,24.0,10.0
456.0,642.0,23.0,10.0
459.0,645.0,23.0,11.0
461.0,648.0,23.0,11.0
460.0,650.0,24.0,10.0
461.0,649.0,20.0,11.0
461.0,649.0,24.0,10.0
460.0,648.0,24.0,10.0
460.0,647.0,24.0,10.0
460.0,648.0,23.0,11.0
460.0,647.0,23.0,12.0
459.0,647.0,22.0,12.0
456.0,648.0,23.0,10.0
455.0,647.0,23.0,11.0
451.0,648.0,25.0,12.0
450.0,648.0,24.0,12.0
447.0,648.0,24.0,10.0
444.0,650.0,23.0,12.0
443.0,651.0,23.0,11.0
440.0,652.0,23.0,12.0
438.0,654.0,25.0,10.0
433.0,654.0,25.0,10.0
429.0,655.0,26.0,12.0
427.0,655.0,26.0,12.0
424.0,655.0,24.0,11.0
423.0,654.0,23.0,13.0
419.0,653.0,26.0,13.0
416.0,653.0,28.0,13.0
415.0,652.0,27.0,13.0
413.0,653.0,27.0,12.0
411.0,654.0,26.0,12.0
409.0,653.0,27.0,12.0
404.0,654.0,26.0,13.0
401.0,654.0,27.0,13.0
400.0,653.0,27.0,12.0
399.0,655.0,24.0,11.0
398.0,657.0,24.0,12.0
396.0,656.0,25.0,12.0
391.0,657.0,27.0,12.0
392.0,660.0,24.0,11.0
393.0,660.0,25.0,11.0
392.0,659.0,25.0,13.0
389.0,659.0,28.0,12.0
390.0,661.0,26.0,12.0
389.0,661.0,25.0,12.0
389.0,662.0,25.0,11.0
389.0,661.0,25.0,11.0
388.0,663.0,28.0,10.0
387.0,662.0,26.0,11.0
388.0,661.0,25.0,11.0
387.0,660.0,28.0,13.0
387.0,659.0,27.0,12.0
389.0,656.0,25.0,11.0
389.0,656.0,25.0,13.0
390.0,656.0,26.0,13.0
391.0,658.0,25.0,13.0
391.0,658.0,26.0,11.0
393.0,658.0,24.0,14.0
393.0,659.0,27.0,12.0
395.0,658.0,27.0,12.0
399.0,660.0,25.0,12.0
399.0,659.0,27.0,12.0
401.0,659.0,26.0,13.0
401.0,660.0,28.0,12.0
401.0,661.0,28.0,13.0
403.0,662.0,28.0,12.0
406.0,663.0,26.0,12.0
408.0,664.0,27.0,11.0
409.0,666.0,26.0,10.0
409.0,666.0,26.0,13.0
411.0,669.0,27.0,10.0
412.0,668.0,26.0,11.0
412.0,669.0,27.0,10.0
414.0,669.0,27.0,10.0
416.0,669.0,28.0,11.0
417.0,668.0,27.0,11.0
417.0,668.0,27.0,11.0
418.0,668.0,26.0,12.0
417.0,667.0,27.0,13.0
417.0,667.0,27.0,11.0
418.0,668.0,25.0,11.0
417.0,668.0,25.0,12.0
418.0,667.0,26.0,12.0
417.0,670.0,29.0,11.0
420.0,668.0,25.0,16.0
417.0,670.0,29.0,13.0
419.0,671.0,29.0,11.0
421.0,672.0,27.0,12.0
422.0,670.0,26.0,12.0
422.0,671.0,26.0,13.0
423.0,671.0,25.0,13.0
423.0,672.0,27.0,11.0
423.0,672.0,27.0,11.0
423.0,671.0,28.0,12.0
424.0,671.0,25.0,13.0
423.0,671.0,26.0,13.0
423.0,672.0,27.0,13.0
422.0,671.0,26.0,12.0
424.0,672.0,28.0,13.0
425.0,672.0,28.0,12.0
423.0,672.0,29.0,12.0
423.0,671.0,29.0,13.0
423.0,673.0,29.0,12.0
426.0,675.0,30.0,13.0
424.0,676.0,31.0,13.0
425.0,676.0,30.0,11.0
427.0,678.0,29.0,14.0
426.0,677.0,28.0,12.0
426.0,674.0,30.0,11.0
424.0,673.0,30.0,10.0
426.0,671.0,31.0,14.0
428.0,670.0,29.0,13.0
427.0,669.0,30.0,15.0
428.0,668.0,29.0,15.0
428.0,668.0,32.0,13.0
429.0,669.0,30.0,15.0
430.0,669.0,29.0,11.0
428.0,670.0,30.0,12.0
430.0,670.0,28.0,13.0
430.0,672.0,29.0,12.0
430.0,674.0,28.0,11.0
430.0,674.0,29.0,11.0
430.0,673.0,30.0,14.0
432.0,674.0,29.0,13.0
433.0,673.0,28.0,13.0
432.0,673.0,28.0,12.0
433.0,673.0,27.0,13.0
433.0,674.0,27.0,12.0
432.0,674.0,28.0,10.0
432.0,673.0,29.0,10.0
433.0,674.0,28.0,13.0
434.0,674.0,29.0,12.0
433.0,674.0,30.0,14.0
432.0,674.0,31.0,14.0
433.0,674.0,31.0,17.0
433.0,674.0,28.0,14.0
433.0,676.0,28.0,12.0
431.0,678.0,31.0,10.0
431.0,680.0,30.0,15.0
430.0,682.0,30.0,14.0
430.0,683.0,30.0,12.0
428.0,686.0,32.0,12.0
427.0,688.0,32.0,12.0
427.0,689.0,31.0,16.0
426.0,689.0,30.0,16.0
426.0,688.0,31.0,15.0
427.0,688.0,28.0,17.0
425.0,687.0,28.0,17.0
426.0,687.0,31.0,13.0
423.0,685.0,34.0,14.0
424.0,686.0,31.0,16.0
424.0,685.0,32.0,15.0
425.0,687.0,32.0,14.0
426.0,688.0,30.0,15.0
426.0,689.0,29.0,17.0
421.0,688.0,32.0,16.0
422.0,690.0,31.0,16.0
422.0,693.0,33.0,14.0
422.0,695.0,31.0,15.0
424.0,694.0,32.0,15.0
422.0,698.0,32.0,12.0
423.0,697.0,30.0,16.0
424.0,698.0,32.0,13.0
423.0,697.0,30.0,14.0
424.0,698.0,31.0,13.0
425.0,697.0,31.0,11.0
425.0,696.0,33.0,13.0
425.0,694.0,33.0,12.0
428.0,694.0,33.0,14.0
427.0,694.0,33.0,16.0
430.0,692.0,32.0,14.0
431.0,693.0,33.0,16.0
433.0,693.0,32.0,16.0
435.0,694.0,31.0,15.0
436.0,696.0,32.0,13.0
437.0,696.0,34.0,14.0
439.0,697.0,31.0,14.0
438.0,698.0,30.0,11.0
440.0,698.0,30.0,12.0
441.0,699.0,32.0,12.0
442.0,698.0,32.0,12.0
443.0,700.0,31.0,11.0
441.0,699.0,32.0,12.0
442.0,701.0,32.0,14.0
444.0,700.0,32.0,12.0
444.0,700.0,30.0,11.0
443.0,701.0,32.0,12.0
441.0,699.0,32.0,12.0
438.0,699.0,35.0,11.0
441.0,696.0,31.0,13.0
441.0,694.0,32.0,13.0
441.0,694.0,32.0,15.0
441.0,692.0,34.0,14.0
444.0,692.0,32.0,16.0
442.0,690.0,33.0,16.0
443.0,690.0,32.0,17.0
444.0,690.0,31.0,18.0
446.0,690.0,32.0,15.0
446.0,693.0,34.0,17.0
445.0,693.0,32.0,18.0
446.0,696.0,35.0,14.0
447.0,696.0,32.0,17.0
447.0,697.0,31.0,14.0
446.0,697.0,34.0,16.0
443.0,697.0,34.0,13.0
443.0,699.0,35.0,14.0
445.0,700.0,36.0,11.0
444.0,701.0,34.0,13.0
444.0,700.0,35.0,12.0
442.0,701.0,35.0,13.0
442.0,701.0,35.0,15.0
442.0,700.0,34.0,12.0
439.0,700.0,36.0,12.0
442.0,703.0,34.0,13.0
444.0,704.0,31.0,12.0
442.0,707.0,32.0,11.0
444.0,706.0,32.0,12.0
445.0,707.0,33.0,12.0
444.0,706.0,33.0,13.0
444.0,698.0,34.0,15.0
448.0,689.0,38.0,16.0
452.0,672.0,41.0,20.0
452.0,665.0,45.0,22.0
443.0,666.0,51.0,23.0
455.0,703.0,43.0,16.0
457.0,696.0,37.0,16.0
457.0,686.0,37.0,16.0
453.0,681.0,37.0,21.0
452.0,674.0,38.0,20.0
449.0,676.0,38.0,20.0
446.0,676.0,35.0,22.0
439.0,681.0,40.0,19.0
436.0,688.0,36.0,18.0
434.0,696.0,36.0,16.0
429.0,702.0,36.0,13.0
429.0,705.0,32.0,11.0
425.0,707.0,35.0,10.0
423.0,706.0,35.0,10.0
422.0,704.0,34.0,10.0
420.0,701.0,34.0,10.0
418.0,699.0,35.0,13.0
417.0,696.0,36.0,15.0
417.0,694.0,37.0,13.0
416.0,692.0,36.0,19.0
413.0,691.0,37.0,20.0
415.0,691.0,37.0,18.0
415.0,696.0,38.0,17.0
414.0,697.0,38.0,13.0
413.0,698.0,36.0,13.0
413.0,700.0,35.0,14.0
415.0,702.0,36.0,12.0
410.0,703.0,37.0,11.0
412.0,705.0,36.0,12.0
410.0,706.0,39.0,12.0
411.0,705.0,39.0,14.0
416.0,687.0,41.0,18.0
418.0,668.0,45.0,21.0
418.0,658.0,49.0,22.0
418.0,620.0,56.0,28.0
415.0,607.0,67.0,28.0
410.0,605.0,73.0,27.0
408.0,605.0,73.0,29.0
406.0,605.0,78.0,32.0
414.0,605.0,78.0,31.0
411.0,606.0,84.0,35.0
406.0,609.0,89.0,32.0
402.0,610.0,94.0,32.0
403.0,613.0,94.0,34.0
401.0,616.0,97.0,32.0
402.0,614.0,98.0,36.0
403.0,614.0,97.0,35.0
408.0,614.0,97.0,37.0
407.0,615.0,98.0,38.0
407.0,614.0,98.0,37.0
413.0,613.0,94.0,37.0
412.0,614.0,97.0,36.0
412.0,614.0,102.0,37.0
411.0,613.0,101.0,39.0
417.0,612.0,100.0,37.0
418.0,613.0,100.0,37.0
418.0,613.0,101.0,39.0
422.0,615.0,99.0,36.0
424.0,617.0,98.0,36.0
426.0,619.0,97.0,35.0
435.0,617.0,91.0,37.0
435.0,618.0,89.0,36.0
430.0,619.0,95.0,34.0
436.0,618.0,95.0,37.0
434.0,617.0,93.0,37.0
436.0,617.0,93.0,37.0
433.0,617.0,96.0,37.0
429.0,617.0,96.0,37.0
424.0,617.0,103.0,36.0
424.0,617.0,101.0,35.0
424.0,615.0,100.0,36.0
427.0,615.0,99.0,34.0
432.0,611.0,97.0,33.0
433.0,611.0,96.0,34.0
431.0,606.0,98.0,37.0
438.0,601.0,99.0,41.0
449.0,601.0,96.0,39.0
459.0,596.0,95.0,42.0
474.0,588.0,95.0,46.0
486.0,587.0,97.0,45.0
498.0,586.0,91.0,45.0
507.0,588.0,94.0,46.0
518.0,584.0,90.0,51.0
524.0,591.0,90.0,46.0
540.0,592.0,81.0,51.0
533.0,599.0,94.0,53.0
540.0,600.0,94.0,57.0
542.0,604.0,96.0,60.0
543.0,607.0,96.0,57.0
544.0,606.0,97.0,61.0
551.0,599.0,93.0,61.0
548.0,599.0,95.0,62.0
551.0,599.0,96.0,62.0
546.0,597.0,96.0,63.0
547.0,593.0,92.0,66.0
538.0,599.0,95.0,62.0
537.0,599.0,95.0,64.0
532.0,601.0,95.0,60.0
532.0,602.0,87.0,63.0
521.0,606.0,89.0,59.0
518.0,607.0,87.0,59.0
510.0,609.0,85.0,57.0
498.0,611.0,89.0,61.0
485.0,611.0,91.0,64.0
476.0,616.0,88.0,65.0
468.0,618.0,87.0,65.0
447.0,625.0,93.0,66.0
434.0,628.0,98.0,68.0
421.0,632.0,98.0,68.0
408.0,635.0,96.0,72.0
398.0,639.0,96.0,68.0
385.0,646.0,95.0,63.0
376.0,649.0,91.0,65.0
367.0,653.0,90.0,60.0
357.0,658.0,84.0,57.0
349.0,669.0,80.0,50.0
343.0,668.0,70.0,47.0
331.0,679.0,74.0,39.0
321.0,684.0,76.0,34.0
311.0,690.0,73.0,29.0
303.0,699.0,72.0,25.0
307.0,697.0,68.0,24.0
292.0,683.0,61.0,27.0
306.0,607.0,33.0,52.0
304.0,590.0,32.0,63.0
301.0,575.0,34.0,78.0
300.0,576.0,35.0,75.0
301.0,576.0,34.0,76.0
299.0,580.0,37.0,72.0
299.0,580.0,34.0,72.0
300.0,581.0,35.0,73.0
300.0,584.0,35.0,70.0
302.0,579.0,33.0,75.0
299.0,579.0,36.0,74.0
300.0,581.0,37.0,71.0
299.0,580.0,34.0,73.0
302.0,578.0,35.0,74.0
300.0,581.0,36.0,73.0
300.0,583.0,37.0,71.0
300.0,580.0,35.0,74.0
301.0,577.0,36.0,76.0
298.0,573.0,37.0,79.0
300.0,581.0,38.0,71.0
300.0,577.0,36.0,75.0
302.0,580.0,36.0,70.0
301.0,583.0,35.0,70.0
302.0,577.0,35.0,75.0
300.0,580.0,35.0,71.0
300.0,581.0,36.0,71.0
301.0,580.0,34.0,72.0
303.0,585.0,34.0,67.0
302.0,586.0,34.0,67.0
299.0,575.0,36.0,78.0
299.0,574.0,38.0,78.0
299.0,575.0,38.0,78.0
302.0,575.0,37.0,78.0
300.0,574.0,37.0,77.0
298.0,574.0,37.0,78.0
300.0,585.0,37.0,66.0
298.0,589.0,36.0,65.0
300.0,574.0,35.0,80.0
299.0,573.0,36.0,79.0
302.0,580.0,35.0,72.0
301.0,585.0,34.0,67.0
301.0,575.0,35.0,79.0
298.0,579.0,37.0,73.0
301.0,580.0,36.0,72.0
300.0,577.0,36.0,76.0
300.0,578.0,35.0,74.0
300.0,581.0,36.0,71.0
301.0,578.0,36.0,75.0
300.0,581.0,37.0,71.0
298.0,574.0,37.0,80.0
300.0,573.0,37.0,79.0
299.0,576.0,37.0,76.0
300.0,577.0,35.0,75.0
299.0,574.0,38.0,78.0
298.0,573.0,38.0,79.0
300.0,577.0,36.0,75.0
299.0,578.0,38.0,74.0
299.0,573.0,38.0,80.0
299.0,579.0,39.0,73.0
301.0,572.0,35.0,81.0
297.0,575.0,38.0,76.0
300.0,573.0,36.0,79.0
298.0,578.0,38.0,73.0
299.0,571.0,36.0,81.0
296.0,572.0,40.0,80.0
298.0,570.0,37.0,83.0
299.0,569.0,38.0,83.0
298.0,570.0,39.0,82.0
298.0,569.0,38.0,84.0
299.0,569.0,36.0,81.0
297.0,571.0,37.0,81.0
301.0,572.0,36.0,81.0
297.0,568.0,38.0,84.0
296.0,575.0,41.0,78.0
299.0,571.0,38.0,82.0
297.0,569.0,39.0,82.0
298.0,570.0,38.0,83.0
298.0,573.0,38.0,80.0
300.0,567.0,36.0,84.0
296.0,569.0,40.0,82.0
300.0,571.0,36.0,79.0
298.0,573.0,37.0,82.0
301.0,579.0,34.0,73.0
301.0,582.0,34.0,70.0
301.0,578.0,34.0,75.0
300.0,580.0,35.0,72.0
300.0,578.0,35.0,74.0
300.0,573.0,36.0,79.0
299.0,576.0,38.0,76.0
299.0,573.0,37.0,78.0
299.0,577.0,38.0,76.0
300.0,578.0,36.0,74.0
300.0,581.0,37.0,70.0
301.0,575.0,35.0,78.0
298.0,574.0,38.0,77.0
298.0,578.0,38.0,75.0
301.0,578.0,36.0,73.0
298.0,575.0,36.0,77.0
300.0,573.0,37.0,79.0
298.0,578.0,39.0,74.0
299.0,578.0,36.0,74.0
298.0,575.0,37.0,77.0
299.0,579.0,36.0,72.0
300.0,575.0,36.0,77.0
300.0,574.0,36.0,78.0
291.0,575.0,44.0,78.0
298.0,578.0,37.0,74.0
295.0,577.0,42.0,75.0
302.0,580.0,34.0,74.0
290.0,586.0,46.0,68.0
300.0,588.0,36.0,65.0
300.0,577.0,37.0,75.0
301.0,576.0,36.0,76.0
298.0,575.0,38.0,78.0
300.0,575.0,35.0,77.0
296.0,576.0,42.0,77.0
302.0,581.0,34.0,72.0
299.0,583.0,38.0,70.0
302.0,583.0,34.0,72.0
302.0,584.0,36.0,69.0
302.0,582.0,34.0,73.0
298.0,588.0,39.0,65.0
299.0,575.0,35.0,78.0
298.0,580.0,39.0,72.0
300.0,585.0,35.0,68.0
298.0,586.0,40.0,67.0
300.0,580.0,35.0,73.0
299.0,579.0,38.0,75.0
299.0,582.0,36.0,71.0
300.0,581.0,36.0,72.0
301.0,584.0,35.0,70.0
300.0,582.0,37.0,72.0
302.0,579.0,34.0,75.0
299.0,577.0,38.0,77.0
299.0,575.0,37.0,77.0
291.0,577.0,47.0,75.0
299.0,582.0,37.0,69.0
301.0,580.0,36.0,73.0
301.0,577.0,34.0,76.0
298.0,580.0,39.0,72.0
299.0,578.0,37.0,74.0
298.0,580.0,38.0,70.0
299.0,575.0,37.0,76.0
300.0,581.0,38.0,70.0
299.0,583.0,36.0,70.0
299.0,575.0,35.0,77.0
299.0,575.0,36.0,78.0
297.0,574.0,39.0,78.0
297.0,574.0,38.0,78.0
298.0,577.0,38.0,73.0
299.0,574.0,36.0,78.0
298.0,581.0,39.0,71.0
299.0,573.0,36.0,81.0
300.0,579.0,36.0,74.0
301.0,573.0,36.0,80.0
298.0,574.0,37.0,77.0
299.0,581.0,36.0,70.0
300.0,578.0,36.0,73.0
298.0,572.0,38.0,80.0
298.0,574.0,38.0,78.0
300.0,578.0,36.0,75.0
299.0,575.0,37.0,79.0
298.0,577.0,37.0,76.0
299.0,583.0,37.0,69.0
300.0,584.0,36.0,70.0
301.0,572.0,35.0,81.0
299.0,574.0,37.0,79.0
298.0,576.0,37.0,76.0
300.0,578.0,37.0,74.0
