644.0,522.0,110.0,132.0
641.0,521.0,112.0,131.0
641.0,521.0,112.0,132.0
641.0,520.0,113.0,132.0
640.0,521.0,113.0,132.0
640.0,521.0,114.0,132.0
641.0,519.0,113.0,132.0
640.0,520.0,113.0,131.0
640.0,519.0,113.0,131.0
640.0,519.0,114.0,130.0
640.0,518.0,113.0,131.0
640.0,518.0,114.0,130.0
640.0,517.0,114.0,131.0
639.0,516.0,114.0,132.0
639.0,516.0,113.0,131.0
639.0,515.0,115.0,131.0
639.0,514.0,114.0,131.0
638.0,514.0,114.0,131.0
640.0,511.0,114.0,133.0
639.0,511.0,113.0,132.0
638.0,511.0,114.0,131.0
639.0,509.0,115.0,133.0
638.0,510.0,114.0,132.0
638.0,509.0,114.0,132.0
638.0,508.0,115.0,131.0
637.0,508.0,115.0,132.0
638.0,505.0,115.0,132.0
637.0,505.0,115.0,132.0
637.0,503.0,115.0,131.0
637.0,503.0,115.0,131.0
637.0,501.0,115.0,132.0
637.0,502.0,114.0,131.0
637.0,500.0,114.0,132.0
636.0,498.0,117.0,132.0
637.0,498.0,115.0,132.0
637.0,497.0,115.0,132.0
636.0,496.0,116.0,132.0
636.0,495.0,116.0,132.0
637.0,493.0,115.0,132.0
636.0,494.0,115.0,131.0
636.0,493.0,116.0,132.0
635.0,492.0,116.0,133.0
636.0,491.0,115.0,132.0
635.0,490.0,116.0,132.0
635.0,490.0,116.0,131.0
635.0,488.0,117.0,131.0
635.0,487.0,116.0,130.0
635.0,486.0,116.0,130.0
635.0,487.0,115.0,132.0
634.0,485.0,117.0,131.0
634.0,484.0,117.0,131.0
634.0,482.0,117.0,130.0
635.0,482.0,115.0,132.0
635.0,483.0,116.0,131.0
634.0,481.0,117.0,130.0
634.0,481.0,116.0,131.0
633.0,479.0,117.0,131.0
633.0,479.0,118.0,131.0
634.0,477.0,116.0,131.0
633.0,476.0,117.0,131.0
634.0,476.0,116.0,131.0
633.0,476.0,117.0,132.0
633.0,474.0,118.0,133.0
633.0,474.0,117.0,132.0
633.0,472.0,117.0,132.0
633.0,473.0,117.0,131.0
632.0,471.0,118.0,132.0
632.0,470.0,118.0,132.0
633.0,469.0,118.0,132.0
633.0,470.0,117.0,132.0
632.0,468.0,118.0,131.0
632.0,468.0,118.0,131.0
632.0,466.0,117.0,131.0
632.0,464.0,118.0,132.0
631.0,464.0,118.0,131.0
632.0,464.0,118.0,131.0
632.0,463.0,117.0,131.0
632.0,462.0,118.0,131.0
631.0,461.0,119.0,131.0
631.0,461.0,118.0,132.0
631.0,460.0,120.0,132.0
631.0,459.0,119.0,132.0
631.0,461.0,118.0,131.0
631.0,459.0,120.0,132.0
632.0,460.0,118.0,132.0
631.0,459.0,119.0,131.0
629.0,460.0,119.0,132.0
629.0,457.0,121.0,134.0
630.0,460.0,119.0,130.0
630.0,457.0,120.0,132.0
630.0,459.0,119.0,131.0
630.0,458.0,119.0,132.0
629.0,459.0,120.0,131.0
629.0,457.0,120.0,132.0
630.0,457.0,120.0,131.0
629.0,456.0,120.0,131.0
629.0,458.0,120.0,130.0
628.0,457.0,120.0,131.0
629.0,456.0,121.0,132.0
628.0,456.0,120.0,131.0
627.0,457.0,122.0,131.0
628.0,454.0,122.0,132.0
627.0,455.0,121.0,131.0
628.0,454.0,121.0,132.0
626.0,456.0,121.0,130.0
628.0,454.0,122.0,131.0
626.0,455.0,122.0,130.0
627.0,454.0,121.0,131.0
626.0,454.0,122.0,131.0
626.0,453.0,122.0,131.0
626.0,454.0,123.0,131.0
626.0,454.0,122.0,131.0
627.0,452.0,121.0,131.0
624.0,455.0,123.0,130.0
626.0,453.0,123.0,131.0
625.0,453.0,123.0,129.0
625.0,453.0,123.0,131.0
625.0,452.0,123.0,130.0
625.0,453.0,125.0,131.0
624.0,452.0,123.0,131.0
624.0,452.0,125.0,131.0
622.0,453.0,125.0,130.0
624.0,451.0,124.0,132.0
623.0,452.0,125.0,131.0
624.0,451.0,125.0,132.0
623.0,451.0,125.0,131.0
624.0,451.0,125.0,131.0
623.0,450.0,124.0,131.0
624.0,450.0,125.0,131.0
623.0,450.0,124.0,131.0
623.0,448.0,126.0,133.0
622.0,450.0,127.0,131.0
622.0,448.0,126.0,132.0
622.0,447.0,127.0,133.0
623.0,448.0,125.0,132.0
622.0,448.0,126.0,133.0
622.0,448.0,128.0,132.0
623.0,447.0,126.0,133.0
622.0,447.0,126.0,134.0
622.0,448.0,127.0,132.0
622.0,447.0,126.0,132.0
622.0,446.0,128.0,132.0
621.0,447.0,128.0,131.0
621.0,445.0,129.0,132.0
620.0,447.0,128.0,131.0
621.0,445.0,129.0,132.0
620.0,446.0,128.0,132.0
620.0,445.0,129.0,132.0
621.0,445.0,129.0,132.0
619.0,445.0,129.0,131.0
621.0,445.0,128.0,133.0
621.0,443.0,130.0,133.0
620.0,444.0,129.0,133.0
620.0,443.0,130.0,132.0
620.0,443.0,129.0,132.0
620.0,443.0,130.0,133.0
620.0,443.0,128.0,132.0
620.0,443.0,130.0,131.0
620.0,443.0,130.0,131.0
620.0,443.0,130.0,132.0
619.0,443.0,131.0,132.0
619.0,442.0,130.0,132.0
618.0,443.0,132.0,133.0
619.0,442.0,132.0,133.0
620.0,442.0,132.0,132.0
618.0,441.0,131.0,132.0
620.0,441.0,132.0,133.0
619.0,440.0,132.0,133.0
619.0,440.0,132.0,133.0
619.0,441.0,133.0,134.0
619.0,441.0,130.0,131.0
619.0,440.0,133.0,132.0
618.0,440.0,133.0,132.0
618.0,440.0,133.0,133.0
618.0,440.0,134.0,133.0
620.0,439.0,132.0,132.0
619.0,438.0,134.0,132.0
619.0,439.0,134.0,133.0
619.0,440.0,134.0,132.0
619.0,440.0,133.0,132.0
619.0,439.0,134.0,132.0
618.0,439.0,135.0,134.0
618.0,439.0,136.0,134.0
619.0,439.0,136.0,133.0
619.0,437.0,135.0,132.0
619.0,437.0,136.0,133.0
619.0,437.0,135.0,133.0
620.0,437.0,135.0,134.0
619.0,437.0,135.0,133.0
620.0,437.0,135.0,132.0
619.0,436.0,137.0,133.0
620.0,437.0,135.0,134.0
619.0,436.0,136.0,133.0
619.0,436.0,137.0,132.0
620.0,436.0,137.0,134.0
619.0,435.0,138.0,134.0
619.0,435.0,138.0,134.0
618.0,435.0,139.0,134.0
618.0,435.0,138.0,133.0
620.0,434.0,138.0,135.0
619.0,434.0,136.0,133.0
620.0,435.0,137.0,135.0
619.0,435.0,139.0,134.0
619.0,435.0,138.0,133.0
619.0,434.0,139.0,133.0
619.0,434.0,138.0,135.0
619.0,433.0,139.0,132.0
619.0,433.0,139.0,135.0
619.0,433.0,139.0,134.0
619.0,433.0,140.0,133.0
619.0,433.0,139.0,135.0
619.0,432.0,140.0,133.0
620.0,433.0,139.0,133.0
618.0,432.0,140.0,134.0
618.0,432.0,141.0,133.0
619.0,432.0,140.0,135.0
617.0,432.0,142.0,133.0
618.0,431.0,141.0,134.0
618.0,431.0,141.0,135.0
618.0,430.0,141.0,134.0
618.0,431.0,140.0,134.0
619.0,431.0,141.0,134.0
619.0,431.0,141.0,135.0
618.0,431.0,142.0,132.0
617.0,430.0,142.0,134.0
617.0,430.0,142.0,133.0
617.0,430.0,142.0,135.0
617.0,429.0,143.0,134.0
617.0,429.0,142.0,136.0
616.0,429.0,143.0,135.0
617.0,429.0,143.0,134.0
616.0,429.0,144.0,136.0
616.0,429.0,144.0,135.0
616.0,429.0,144.0,134.0
614.0,429.0,145.0,134.0
615.0,428.0,144.0,135.0
616.0,428.0,144.0,134.0
614.0,428.0,145.0,136.0
616.0,427.0,145.0,135.0
614.0,426.0,145.0,135.0
615.0,427.0,144.0,138.0
615.0,428.0,144.0,136.0
615.0,427.0,145.0,136.0
614.0,426.0,146.0,136.0
614.0,425.0,145.0,138.0
615.0,426.0,144.0,138.0
614.0,426.0,146.0,136.0
614.0,426.0,145.0,137.0
613.0,425.0,146.0,137.0
613.0,425.0,146.0,139.0
613.0,425.0,147.0,136.0
612.0,425.0,147.0,138.0
613.0,425.0,147.0,136.0
612.0,425.0,147.0,137.0
612.0,425.0,148.0,137.0
612.0,424.0,147.0,136.0
612.0,424.0,147.0,138.0
612.0,425.0,147.0,138.0
611.0,424.0,148.0,137.0
612.0,424.0,148.0,139.0
610.0,424.0,146.0,135.0
609.0,423.0,149.0,140.0
611.0,424.0,148.0,138.0
609.0,423.0,150.0,137.0
609.0,423.0,150.0,138.0
610.0,423.0,148.0,139.0
609.0,423.0,149.0,137.0
609.0,423.0,149.0,139.0
609.0,423.0,149.0,137.0
609.0,422.0,149.0,136.0
608.0,421.0,149.0,136.0
608.0,422.0,149.0,138.0
608.0,422.0,150.0,138.0
608.0,422.0,149.0,135.0
607.0,422.0,149.0,137.0
607.0,421.0,149.0,136.0
607.0,421.0,150.0,139.0
607.0,420.0,149.0,138.0
606.0,420.0,149.0,137.0
606.0,420.0,149.0,139.0
606.0,420.0,150.0,137.0
605.0,420.0,150.0,140.0
605.0,421.0,150.0,137.0
605.0,420.0,151.0,140.0
604.0,420.0,151.0,138.0
603.0,419.0,151.0,139.0
604.0,419.0,152.0,140.0
603.0,419.0,153.0,139.0
603.0,419.0,153.0,138.0
603.0,419.0,152.0,140.0
601.0,419.0,153.0,140.0
603.0,418.0,152.0,138.0
603.0,418.0,151.0,140.0
602.0,418.0,152.0,140.0
601.0,417.0,154.0,140.0
602.0,417.0,153.0,140.0
600.0,418.0,154.0,140.0
600.0,418.0,153.0,142.0
601.0,419.0,153.0,140.0
599.0,419.0,153.0,139.0
599.0,418.0,155.0,140.0
599.0,417.0,154.0,140.0
598.0,417.0,154.0,142.0
598.0,416.0,156.0,141.0
597.0,417.0,155.0,140.0
597.0,416.0,156.0,140.0
597.0,415.0,154.0,141.0
597.0,416.0,155.0,143.0
596.0,416.0,155.0,141.0
597.0,415.0,155.0,141.0
596.0,416.0,155.0,143.0
596.0,416.0,156.0,141.0
595.0,415.0,155.0,142.0
595.0,416.0,154.0,142.0
594.0,416.0,157.0,141.0
594.0,416.0,155.0,142.0
594.0,416.0,157.0,142.0
593.0,415.0,155.0,141.0
593.0,415.0,156.0,144.0
592.0,415.0,156.0,142.0
593.0,415.0,156.0,142.0
593.0,415.0,156.0,142.0
591.0,415.0,156.0,141.0
592.0,414.0,157.0,144.0
591.0,414.0,157.0,144.0
591.0,414.0,158.0,144.0
590.0,414.0,157.0,142.0
590.0,414.0,159.0,144.0
590.0,413.0,157.0,142.0
590.0,412.0,158.0,144.0
589.0,413.0,157.0,144.0
588.0,413.0,158.0,143.0
589.0,413.0,158.0,145.0
588.0,412.0,157.0,143.0
587.0,412.0,158.0,143.0
587.0,412.0,159.0,144.0
586.0,411.0,159.0,143.0
587.0,412.0,158.0,144.0
586.0,411.0,158.0,144.0
586.0,412.0,159.0,144.0
585.0,411.0,157.0,143.0
586.0,410.0,157.0,144.0
585.0,411.0,160.0,144.0
584.0,410.0,158.0,143.0
584.0,411.0,159.0,145.0
584.0,411.0,158.0,142.0
583.0,411.0,159.0,144.0
583.0,410.0,160.0,144.0
583.0,409.0,159.0,143.0
582.0,410.0,159.0,144.0
582.0,410.0,160.0,144.0
581.0,410.0,161.0,146.0
582.0,410.0,158.0,143.0
581.0,410.0,161.0,147.0
581.0,410.0,161.0,144.0
580.0,410.0,161.0,145.0
579.0,409.0,161.0,144.0
580.0,410.0,162.0,147.0
580.0,409.0,159.0,141.0
578.0,410.0,162.0,145.0
580.0,410.0,161.0,145.0
579.0,410.0,161.0,142.0
577.0,410.0,163.0,145.0
578.0,409.0,161.0,143.0
577.0,409.0,163.0,145.0
577.0,408.0,164.0,147.0
576.0,409.0,162.0,144.0
576.0,409.0,164.0,148.0
577.0,408.0,163.0,145.0
576.0,408.0,163.0,145.0
576.0,408.0,163.0,145.0
574.0,408.0,163.0,145.0
574.0,407.0,164.0,147.0
573.0,407.0,163.0,145.0
573.0,407.0,165.0,148.0
573.0,406.0,161.0,145.0
572.0,408.0,162.0,147.0
571.0,407.0,162.0,145.0
569.0,407.0,164.0,148.0
569.0,406.0,163.0,145.0
568.0,406.0,164.0,148.0
566.0,406.0,165.0,146.0
565.0,407.0,165.0,146.0
564.0,405.0,165.0,146.0
564.0,406.0,165.0,146.0
562.0,406.0,164.0,147.0
561.0,407.0,166.0,146.0
560.0,406.0,166.0,146.0
559.0,406.0,166.0,148.0
557.0,407.0,166.0,148.0
557.0,405.0,167.0,147.0
556.0,407.0,166.0,148.0
554.0,407.0,167.0,149.0
553.0,407.0,166.0,146.0
551.0,408.0,166.0,148.0
549.0,408.0,168.0,147.0
547.0,408.0,168.0,146.0
547.0,409.0,168.0,147.0
545.0,410.0,166.0,147.0
544.0,409.0,168.0,148.0
543.0,411.0,167.0,146.0
541.0,412.0,169.0,147.0
540.0,412.0,168.0,146.0
538.0,411.0,169.0,148.0
536.0,412.0,169.0,148.0
535.0,413.0,169.0,148.0
533.0,413.0,169.0,147.0
532.0,414.0,169.0,150.0
529.0,414.0,169.0,148.0
528.0,415.0,170.0,149.0
527.0,416.0,170.0,147.0
526.0,417.0,170.0,148.0
525.0,417.0,170.0,147.0
523.0,418.0,171.0,148.0
521.0,418.0,171.0,146.0
521.0,419.0,170.0,148.0
519.0,419.0,171.0,148.0
518.0,418.0,171.0,147.0
516.0,419.0,171.0,148.0
515.0,421.0,170.0,149.0
513.0,421.0,172.0,148.0
512.0,422.0,172.0,150.0
510.0,420.0,172.0,150.0
508.0,422.0,173.0,149.0
506.0,422.0,174.0,148.0
506.0,424.0,173.0,150.0
503.0,423.0,174.0,149.0
501.0,425.0,173.0,150.0
499.0,424.0,175.0,151.0
497.0,424.0,173.0,150.0
496.0,425.0,176.0,151.0
495.0,425.0,175.0,151.0
493.0,426.0,174.0,150.0
492.0,427.0,175.0,151.0
490.0,427.0,176.0,149.0
488.0,428.0,176.0,150.0
486.0,429.0,176.0,149.0
485.0,429.0,176.0,151.0
484.0,429.0,177.0,151.0
481.0,430.0,174.0,151.0
480.0,430.0,176.0,153.0
479.0,429.0,175.0,150.0
478.0,431.0,175.0,152.0
476.0,432.0,176.0,153.0
474.0,432.0,176.0,153.0
471.0,432.0,177.0,154.0
470.0,432.0,177.0,152.0
469.0,433.0,177.0,152.0
468.0,434.0,176.0,153.0
465.0,434.0,177.0,152.0
464.0,436.0,178.0,153.0
463.0,434.0,177.0,152.0
462.0,435.0,178.0,151.0
459.0,436.0,179.0,153.0
457.0,438.0,180.0,153.0
456.0,437.0,181.0,154.0
455.0,438.0,180.0,153.0
455.0,438.0,180.0,152.0
452.0,439.0,180.0,153.0
451.0,439.0,180.0,153.0
449.0,439.0,180.0,154.0
448.0,439.0,180.0,155.0
446.0,440.0,180.0,153.0
446.0,441.0,180.0,152.0
443.0,442.0,182.0,154.0
442.0,441.0,181.0,153.0
441.0,443.0,182.0,154.0
441.0,443.0,181.0,154.0
438.0,444.0,182.0,153.0
438.0,445.0,182.0,154.0
437.0,444.0,182.0,154.0
435.0,445.0,182.0,155.0
435.0,445.0,183.0,153.0
431.0,446.0,184.0,154.0
431.0,446.0,183.0,156.0
430.0,447.0,182.0,157.0
428.0,447.0,185.0,156.0
427.0,447.0,182.0,156.0
426.0,447.0,184.0,155.0
425.0,448.0,185.0,156.0
423.0,448.0,184.0,157.0
422.0,449.0,185.0,155.0
422.0,449.0,185.0,155.0
420.0,448.0,185.0,155.0
418.0,450.0,185.0,156.0
418.0,450.0,184.0,157.0
416.0,450.0,185.0,155.0
416.0,451.0,186.0,155.0
414.0,450.0,186.0,155.0
413.0,452.0,185.0,155.0
412.0,451.0,185.0,157.0
412.0,451.0,185.0,157.0
410.0,451.0,184.0,156.0
409.0,450.0,185.0,158.0
408.0,451.0,186.0,157.0
406.0,453.0,187.0,157.0
406.0,452.0,186.0,156.0
405.0,454.0,187.0,154.0
404.0,453.0,186.0,157.0
403.0,453.0,186.0,158.0
402.0,453.0,187.0,155.0
401.0,455.0,187.0,154.0
400.0,453.0,187.0,157.0
399.0,452.0,188.0,158.0
397.0,453.0,188.0,156.0
396.0,455.0,188.0,157.0
396.0,454.0,187.0,157.0
395.0,453.0,187.0,158.0
393.0,457.0,188.0,155.0
393.0,454.0,189.0,158.0
391.0,456.0,189.0,156.0
391.0,456.0,188.0,157.0
390.0,455.0,189.0,158.0
390.0,456.0,188.0,156.0
388.0,457.0,189.0,157.0
388.0,457.0,187.0,157.0
387.0,456.0,189.0,157.0
385.0,457.0,189.0,157.0
384.0,458.0,189.0,157.0
383.0,458.0,190.0,159.0
383.0,458.0,189.0,157.0
382.0,457.0,188.0,158.0
380.0,459.0,191.0,157.0
379.0,460.0,192.0,156.0
377.0,458.0,192.0,157.0
377.0,459.0,191.0,157.0
376.0,460.0,192.0,157.0
376.0,459.0,191.0,159.0
374.0,460.0,192.0,157.0
374.0,461.0,192.0,156.0
373.0,461.0,191.0,157.0
372.0,461.0,192.0,159.0
371.0,460.0,191.0,158.0
371.0,462.0,192.0,157.0
370.0,463.0,191.0,158.0
370.0,461.0,192.0,158.0
368.0,461.0,191.0,158.0
367.0,463.0,193.0,160.0
367.0,462.0,193.0,158.0
366.0,462.0,193.0,158.0
365.0,463.0,191.0,158.0
364.0,462.0,193.0,159.0
363.0,464.0,192.0,160.0
362.0,463.0,193.0,158.0
361.0,464.0,193.0,158.0
360.0,463.0,194.0,159.0
360.0,464.0,193.0,159.0
360.0,465.0,195.0,158.0
358.0,465.0,193.0,159.0
359.0,463.0,193.0,159.0
357.0,466.0,194.0,159.0
356.0,465.0,195.0,161.0
356.0,464.0,194.0,162.0
355.0,465.0,193.0,161.0
356.0,464.0,194.0,162.0
355.0,465.0,194.0,158.0
354.0,463.0,194.0,160.0
355.0,465.0,195.0,161.0
353.0,466.0,195.0,158.0
354.0,463.0,195.0,159.0
352.0,464.0,195.0,161.0
353.0,463.0,194.0,160.0
352.0,464.0,195.0,161.0
352.0,463.0,195.0,159.0
351.0,465.0,195.0,160.0
352.0,463.0,194.0,159.0
350.0,464.0,195.0,160.0
351.0,463.0,193.0,158.0
351.0,464.0,195.0,160.0
349.0,466.0,195.0,160.0
349.0,464.0,195.0,160.0
349.0,463.0,196.0,159.0
348.0,464.0,196.0,160.0
348.0,463.0,195.0,158.0
349.0,465.0,196.0,159.0
348.0,462.0,196.0,159.0
347.0,464.0,197.0,158.0
348.0,465.0,195.0,158.0
347.0,465.0,196.0,159.0
346.0,463.0,195.0,159.0
346.0,463.0,196.0,160.0
346.0,461.0,196.0,159.0
346.0,464.0,196.0,158.0
346.0,465.0,195.0,159.0
345.0,462.0,195.0,159.0
345.0,464.0,195.0,158.0
345.0,463.0,195.0,159.0
344.0,464.0,196.0,160.0
343.0,462.0,195.0,160.0
344.0,463.0,196.0,161.0
343.0,462.0,196.0,160.0
343.0,462.0,197.0,159.0
342.0,464.0,196.0,158.0
341.0,463.0,197.0,160.0
341.0,463.0,197.0,158.0
341.0,465.0,197.0,157.0
342.0,461.0,197.0,160.0
343.0,463.0,197.0,161.0
343.0,465.0,196.0,156.0
344.0,462.0,197.0,161.0
344.0,463.0,195.0,160.0
344.0,461.0,197.0,160.0
345.0,462.0,196.0,159.0
346.0,463.0,197.0,158.0
347.0,462.0,197.0,159.0
347.0,463.0,197.0,158.0
347.0,462.0,198.0,160.0
348.0,461.0,197.0,162.0
348.0,461.0,197.0,159.0
349.0,460.0,196.0,161.0
349.0,461.0,196.0,161.0
350.0,460.0,196.0,161.0
350.0,461.0,197.0,159.0
350.0,461.0,198.0,158.0
349.0,463.0,198.0,158.0
350.0,461.0,197.0,159.0
350.0,460.0,197.0,158.0
350.0,461.0,197.0,158.0
351.0,460.0,197.0,161.0
350.0,461.0,196.0,160.0
351.0,460.0,196.0,160.0
350.0,459.0,197.0,159.0
351.0,461.0,197.0,159.0
351.0,460.0,195.0,157.0
351.0,459.0,198.0,161.0
351.0,458.0,197.0,160.0
351.0,461.0,196.0,158.0
352.0,458.0,197.0,162.0
352.0,459.0,197.0,159.0
352.0,459.0,196.0,159.0
353.0,458.0,196.0,159.0
353.0,459.0,196.0,157.0
352.0,460.0,196.0,159.0
353.0,457.0,197.0,160.0
354.0,458.0,196.0,158.0
353.0,460.0,196.0,159.0
353.0,457.0,196.0,160.0
354.0,457.0,196.0,159.0
354.0,458.0,196.0,161.0
354.0,458.0,196.0,160.0
355.0,456.0,197.0,161.0
356.0,458.0,196.0,158.0
356.0,459.0,196.0,157.0
357.0,458.0,195.0,158.0
358.0,459.0,196.0,159.0
358.0,459.0,197.0,158.0
358.0,457.0,197.0,159.0
360.0,457.0,196.0,159.0
358.0,460.0,197.0,157.0
359.0,458.0,197.0,159.0
360.0,459.0,197.0,159.0
360.0,460.0,197.0,158.0
360.0,459.0,197.0,159.0
362.0,458.0,197.0,158.0
361.0,460.0,197.0,159.0
363.0,460.0,197.0,158.0
363.0,460.0,195.0,156.0
365.0,458.0,194.0,159.0
364.0,461.0,195.0,156.0
365.0,458.0,195.0,159.0
366.0,459.0,194.0,161.0
368.0,459.0,195.0,158.0
367.0,462.0,195.0,159.0
368.0,460.0,195.0,160.0
367.0,461.0,196.0,157.0
367.0,459.0,196.0,158.0
368.0,461.0,195.0,158.0
369.0,458.0,195.0,159.0
370.0,459.0,194.0,158.0
371.0,461.0,194.0,155.0
370.0,460.0,194.0,156.0
371.0,461.0,193.0,156.0
371.0,460.0,195.0,156.0
373.0,460.0,193.0,156.0
373.0,459.0,193.0,156.0
373.0,459.0,194.0,157.0
373.0,461.0,195.0,158.0
374.0,460.0,193.0,155.0
374.0,461.0,194.0,158.0
375.0,461.0,194.0,155.0
376.0,463.0,194.0,155.0
376.0,462.0,193.0,157.0
377.0,464.0,193.0,156.0
379.0,462.0,193.0,155.0
378.0,462.0,192.0,156.0
379.0,462.0,192.0,157.0
379.0,461.0,193.0,156.0
379.0,463.0,194.0,156.0
380.0,461.0,193.0,157.0
380.0,462.0,193.0,157.0
381.0,462.0,194.0,155.0
382.0,462.0,193.0,157.0
382.0,460.0,193.0,156.0
383.0,462.0,192.0,158.0
383.0,461.0,193.0,157.0
384.0,462.0,193.0,156.0
383.0,463.0,194.0,158.0
385.0,464.0,192.0,156.0
385.0,462.0,193.0,157.0
385.0,462.0,194.0,157.0
386.0,463.0,193.0,156.0
386.0,462.0,192.0,156.0
387.0,464.0,192.0,158.0
387.0,464.0,192.0,156.0
387.0,462.0,193.0,157.0
388.0,464.0,191.0,156.0
388.0,463.0,193.0,157.0
389.0,463.0,192.0,157.0
389.0,465.0,192.0,154.0
389.0,466.0,192.0,155.0
389.0,464.0,193.0,156.0
390.0,465.0,192.0,156.0
390.0,466.0,192.0,155.0
391.0,463.0,193.0,158.0
391.0,466.0,192.0,156.0
391.0,465.0,192.0,155.0
392.0,464.0,192.0,156.0
392.0,466.0,192.0,156.0
392.0,465.0,193.0,156.0
393.0,467.0,194.0,155.0
393.0,465.0,191.0,157.0
393.0,466.0,192.0,158.0
393.0,466.0,192.0,157.0
394.0,465.0,191.0,156.0
395.0,467.0,191.0,157.0
395.0,467.0,191.0,157.0
396.0,468.0,192.0,156.0
396.0,468.0,192.0,156.0
396.0,468.0,192.0,154.0
397.0,467.0,191.0,157.0
397.0,469.0,192.0,157.0
398.0,469.0,191.0,156.0
398.0,469.0,191.0,158.0
399.0,469.0,190.0,156.0
399.0,469.0,191.0,157.0
399.0,469.0,191.0,158.0
400.0,471.0,191.0,158.0
401.0,469.0,189.0,156.0
400.0,471.0,191.0,157.0
402.0,470.0,190.0,157.0
401.0,472.0,192.0,157.0
402.0,470.0,189.0,159.0
402.0,470.0,190.0,159.0
402.0,471.0,191.0,159.0
403.0,471.0,190.0,157.0
402.0,472.0,192.0,159.0
403.0,473.0,190.0,157.0
404.0,473.0,191.0,159.0
403.0,473.0,192.0,160.0
406.0,475.0,190.0,159.0
406.0,475.0,189.0,160.0
406.0,474.0,189.0,157.0
406.0,472.0,190.0,161.0
407.0,475.0,189.0,160.0
408.0,475.0,189.0,158.0
408.0,476.0,191.0,161.0
408.0,477.0,190.0,158.0
409.0,476.0,188.0,160.0
408.0,476.0,190.0,160.0
408.0,477.0,191.0,161.0
411.0,478.0,188.0,158.0
411.0,477.0,190.0,160.0
411.0,476.0,188.0,158.0
411.0,478.0,191.0,159.0
412.0,476.0,189.0,159.0
411.0,479.0,190.0,158.0
413.0,478.0,189.0,158.0
413.0,477.0,191.0,160.0
414.0,478.0,190.0,159.0
415.0,478.0,190.0,160.0
416.0,477.0,189.0,159.0
415.0,479.0,189.0,157.0
417.0,479.0,190.0,159.0
418.0,478.0,187.0,160.0
417.0,477.0,188.0,159.0
418.0,479.0,190.0,159.0
419.0,478.0,187.0,160.0
419.0,479.0,189.0,160.0
419.0,479.0,188.0,160.0
420.0,478.0,188.0,159.0
420.0,479.0,190.0,162.0
421.0,479.0,189.0,159.0
422.0,478.0,188.0,161.0
422.0,479.0,188.0,161.0
423.0,480.0,189.0,161.0
423.0,478.0,191.0,160.0
424.0,479.0,189.0,162.0
424.0,479.0,190.0,158.0
425.0,479.0,188.0,160.0
427.0,479.0,188.0,161.0
427.0,480.0,187.0,160.0
427.0,479.0,188.0,160.0
427.0,479.0,187.0,159.0
428.0,479.0,188.0,159.0
429.0,477.0,188.0,161.0
429.0,480.0,188.0,160.0
430.0,479.0,187.0,161.0
431.0,479.0,188.0,160.0
430.0,479.0,188.0,160.0
