663.0,450.0,128.0,132.0
663.0,446.0,121.0,134.0
663.0,448.0,122.0,134.0
662.0,450.0,123.0,134.0
663.0,449.0,124.0,135.0
663.0,450.0,122.0,135.0
663.0,451.0,125.0,134.0
662.0,453.0,124.0,134.0
662.0,454.0,126.0,135.0
663.0,455.0,124.0,135.0
663.0,456.0,126.0,136.0
662.0,458.0,127.0,136.0
662.0,460.0,126.0,135.0
664.0,460.0,126.0,135.0
663.0,462.0,126.0,137.0
662.0,464.0,126.0,137.0
662.0,465.0,129.0,136.0
662.0,466.0,128.0,137.0
662.0,468.0,129.0,136.0
661.0,468.0,130.0,137.0
661.0,470.0,131.0,137.0
661.0,472.0,129.0,137.0
661.0,472.0,131.0,136.0
662.0,472.0,129.0,137.0
663.0,474.0,127.0,137.0
662.0,474.0,130.0,137.0
663.0,474.0,129.0,135.0
661.0,476.0,129.0,137.0
662.0,474.0,130.0,136.0
660.0,474.0,133.0,136.0
660.0,475.0,132.0,138.0
660.0,476.0,132.0,136.0
659.0,475.0,135.0,137.0
659.0,476.0,132.0,137.0
659.0,477.0,135.0,136.0
658.0,476.0,135.0,137.0
658.0,478.0,135.0,136.0
658.0,477.0,137.0,136.0
657.0,478.0,139.0,138.0
657.0,478.0,135.0,138.0
656.0,478.0,139.0,137.0
657.0,479.0,137.0,137.0
656.0,478.0,140.0,137.0
656.0,480.0,138.0,137.0
657.0,480.0,140.0,137.0
658.0,481.0,138.0,137.0
657.0,481.0,140.0,137.0
657.0,481.0,140.0,138.0
658.0,482.0,139.0,137.0
658.0,482.0,138.0,137.0
658.0,482.0,142.0,138.0
655.0,483.0,141.0,138.0
657.0,483.0,143.0,138.0
655.0,484.0,141.0,137.0
657.0,485.0,144.0,139.0
656.0,487.0,141.0,137.0
657.0,486.0,144.0,139.0
656.0,489.0,143.0,139.0
655.0,488.0,145.0,140.0
654.0,493.0,146.0,137.0
653.0,491.0,146.0,139.0
655.0,494.0,145.0,136.0
655.0,493.0,146.0,138.0
654.0,495.0,146.0,137.0
654.0,495.0,147.0,137.0
652.0,496.0,148.0,138.0
654.0,496.0,151.0,139.0
654.0,497.0,147.0,137.0
653.0,498.0,149.0,138.0
655.0,498.0,149.0,139.0
652.0,499.0,152.0,138.0
654.0,499.0,151.0,139.0
653.0,499.0,152.0,139.0
654.0,501.0,154.0,138.0
654.0,501.0,152.0,140.0
654.0,503.0,152.0,138.0
656.0,503.0,152.0,140.0
656.0,503.0,151.0,140.0
655.0,504.0,155.0,140.0
655.0,505.0,154.0,140.0
656.0,505.0,153.0,142.0
656.0,505.0,155.0,140.0
656.0,506.0,156.0,139.0
658.0,509.0,156.0,138.0
657.0,507.0,154.0,140.0
658.0,508.0,158.0,141.0
658.0,510.0,157.0,139.0
656.0,507.0,160.0,141.0
660.0,509.0,156.0,140.0
659.0,509.0,158.0,142.0
659.0,511.0,159.0,140.0
659.0,509.0,158.0,139.0
659.0,511.0,162.0,141.0
659.0,509.0,159.0,140.0
660.0,510.0,162.0,140.0
661.0,513.0,159.0,138.0
661.0,510.0,161.0,142.0
660.0,513.0,163.0,141.0
661.0,510.0,160.0,143.0
662.0,512.0,162.0,141.0
663.0,513.0,159.0,140.0
662.0,511.0,164.0,142.0
665.0,514.0,158.0,142.0
663.0,511.0,162.0,143.0
664.0,514.0,163.0,140.0
665.0,515.0,163.0,140.0
664.0,513.0,165.0,142.0
664.0,513.0,164.0,140.0
665.0,515.0,166.0,139.0
665.0,511.0,166.0,143.0
664.0,514.0,166.0,142.0
664.0,512.0,169.0,143.0
664.0,514.0,168.0,142.0
665.0,515.0,170.0,141.0
664.0,515.0,171.0,142.0
666.0,513.0,170.0,143.0
667.0,515.0,171.0,143.0
668.0,515.0,168.0,142.0
667.0,515.0,173.0,143.0
669.0,516.0,168.0,142.0
669.0,517.0,174.0,143.0
668.0,515.0,172.0,143.0
669.0,515.0,176.0,144.0
671.0,516.0,174.0,143.0
671.0,514.0,173.0,144.0
672.0,515.0,172.0,144.0
672.0,515.0,176.0,145.0
671.0,515.0,176.0,144.0
673.0,512.0,176.0,147.0
673.0,514.0,177.0,144.0
671.0,513.0,180.0,145.0
672.0,513.0,181.0,146.0
673.0,513.0,180.0,145.0
675.0,513.0,178.0,145.0
675.0,512.0,180.0,146.0
675.0,513.0,181.0,145.0
676.0,513.0,181.0,145.0
675.0,512.0,183.0,145.0
677.0,513.0,182.0,146.0
678.0,512.0,180.0,145.0
679.0,513.0,184.0,147.0
679.0,512.0,181.0,145.0
679.0,511.0,186.0,149.0
679.0,512.0,184.0,147.0
680.0,513.0,188.0,148.0
683.0,511.0,184.0,147.0
681.0,511.0,189.0,148.0
682.0,510.0,186.0,147.0
682.0,509.0,190.0,149.0
682.0,508.0,188.0,149.0
683.0,510.0,191.0,148.0
685.0,508.0,186.0,149.0
685.0,508.0,189.0,148.0
685.0,508.0,190.0,149.0
687.0,508.0,187.0,150.0
686.0,508.0,191.0,150.0
684.0,507.0,193.0,150.0
683.0,506.0,196.0,150.0
685.0,508.0,192.0,149.0
685.0,506.0,195.0,150.0
685.0,505.0,196.0,151.0
684.0,503.0,195.0,151.0
684.0,504.0,198.0,151.0
685.0,503.0,197.0,152.0
685.0,502.0,196.0,151.0
683.0,501.0,196.0,150.0
683.0,501.0,195.0,150.0
683.0,498.0,192.0,150.0
679.0,497.0,202.0,154.0
679.0,494.0,201.0,152.0
680.0,493.0,196.0,152.0
677.0,492.0,203.0,152.0
676.0,491.0,203.0,151.0
677.0,488.0,201.0,154.0
676.0,486.0,202.0,155.0
673.0,489.0,207.0,153.0
676.0,487.0,203.0,154.0
675.0,485.0,203.0,156.0
674.0,485.0,209.0,151.0
673.0,486.0,210.0,152.0
675.0,483.0,205.0,152.0
675.0,484.0,205.0,149.0
672.0,484.0,209.0,151.0
672.0,482.0,209.0,153.0
671.0,481.0,208.0,153.0
669.0,482.0,215.0,152.0
671.0,478.0,208.0,153.0
670.0,478.0,215.0,151.0
669.0,478.0,211.0,154.0
669.0,478.0,213.0,152.0
668.0,478.0,215.0,153.0
665.0,479.0,220.0,152.0
667.0,479.0,217.0,151.0
665.0,479.0,215.0,149.0
668.0,477.0,212.0,148.0
667.0,480.0,219.0,147.0
666.0,478.0,219.0,151.0
667.0,478.0,219.0,148.0
667.0,479.0,220.0,149.0
664.0,481.0,227.0,149.0
664.0,482.0,222.0,147.0
664.0,481.0,223.0,146.0
661.0,480.0,225.0,148.0
664.0,479.0,222.0,150.0
662.0,480.0,223.0,153.0
662.0,479.0,225.0,153.0
662.0,480.0,223.0,148.0
663.0,481.0,225.0,148.0
661.0,479.0,223.0,150.0
662.0,479.0,226.0,151.0
663.0,481.0,231.0,152.0
661.0,482.0,225.0,149.0
662.0,483.0,227.0,150.0
661.0,483.0,228.0,148.0
662.0,483.0,227.0,150.0
661.0,485.0,233.0,149.0
661.0,486.0,230.0,144.0
660.0,485.0,230.0,148.0
662.0,484.0,232.0,150.0
662.0,486.0,232.0,152.0
659.0,487.0,230.0,146.0
658.0,486.0,235.0,147.0
660.0,486.0,234.0,153.0
655.0,487.0,238.0,150.0
657.0,488.0,241.0,147.0
657.0,489.0,241.0,149.0
656.0,488.0,240.0,151.0
657.0,488.0,240.0,152.0
658.0,489.0,239.0,146.0
656.0,489.0,245.0,151.0
656.0,489.0,244.0,150.0
652.0,490.0,249.0,151.0
656.0,489.0,245.0,151.0
654.0,489.0,240.0,150.0
656.0,490.0,247.0,153.0
656.0,489.0,244.0,153.0
654.0,490.0,245.0,152.0
653.0,493.0,248.0,151.0
653.0,491.0,243.0,151.0
653.0,491.0,244.0,151.0
650.0,492.0,245.0,149.0
650.0,491.0,249.0,153.0
649.0,492.0,245.0,150.0
650.0,491.0,252.0,149.0
647.0,491.0,250.0,151.0
649.0,492.0,249.0,151.0
646.0,491.0,249.0,154.0
645.0,491.0,254.0,152.0
645.0,491.0,250.0,153.0
643.0,492.0,255.0,149.0
645.0,492.0,257.0,148.0
644.0,492.0,254.0,149.0
642.0,493.0,251.0,150.0
642.0,492.0,257.0,150.0
642.0,495.0,251.0,152.0
640.0,493.0,250.0,149.0
640.0,493.0,252.0,152.0
637.0,495.0,257.0,152.0
637.0,495.0,257.0,152.0
637.0,496.0,258.0,150.0
635.0,496.0,261.0,148.0
636.0,495.0,259.0,148.0
637.0,496.0,258.0,145.0
634.0,495.0,257.0,148.0
635.0,496.0,261.0,150.0
633.0,495.0,256.0,150.0
634.0,494.0,262.0,151.0
631.0,497.0,266.0,150.0
631.0,497.0,257.0,150.0
628.0,495.0,269.0,148.0
627.0,495.0,267.0,150.0
626.0,499.0,271.0,146.0
627.0,499.0,270.0,150.0
628.0,498.0,266.0,147.0
627.0,496.0,267.0,149.0
625.0,498.0,268.0,146.0
625.0,497.0,270.0,149.0
623.0,498.0,267.0,146.0
623.0,498.0,273.0,149.0
621.0,497.0,271.0,149.0
620.0,498.0,273.0,148.0
618.0,500.0,270.0,149.0
619.0,497.0,276.0,153.0
616.0,498.0,273.0,149.0
615.0,498.0,279.0,151.0
613.0,498.0,281.0,149.0
615.0,496.0,280.0,150.0
613.0,495.0,282.0,151.0
613.0,497.0,276.0,144.0
613.0,498.0,278.0,156.0
612.0,497.0,276.0,147.0
611.0,496.0,278.0,153.0
609.0,496.0,276.0,149.0
607.0,496.0,278.0,148.0
609.0,497.0,279.0,146.0
609.0,497.0,281.0,143.0
608.0,497.0,280.0,149.0
606.0,496.0,278.0,149.0
604.0,498.0,277.0,148.0
603.0,498.0,284.0,148.0
603.0,498.0,274.0,147.0
603.0,495.0,281.0,149.0
603.0,496.0,289.0,148.0
603.0,495.0,289.0,148.0
604.0,496.0,283.0,147.0
602.0,496.0,283.0,148.0
599.0,497.0,285.0,147.0
599.0,495.0,285.0,145.0
601.0,494.0,282.0,147.0
598.0,495.0,282.0,142.0
599.0,494.0,284.0,149.0
598.0,496.0,284.0,148.0
599.0,492.0,284.0,149.0
596.0,495.0,287.0,149.0
595.0,493.0,290.0,144.0
597.0,495.0,292.0,146.0
596.0,493.0,288.0,145.0
594.0,494.0,289.0,143.0
594.0,495.0,288.0,144.0
591.0,493.0,290.0,146.0
592.0,496.0,291.0,139.0
592.0,496.0,287.0,138.0
592.0,493.0,290.0,147.0
592.0,494.0,290.0,150.0
593.0,496.0,301.0,142.0
591.0,493.0,295.0,143.0
593.0,494.0,291.0,135.0
592.0,493.0,290.0,142.0
591.0,493.0,293.0,148.0
588.0,493.0,301.0,148.0
587.0,495.0,296.0,151.0
587.0,491.0,299.0,155.0
587.0,493.0,295.0,149.0
587.0,493.0,295.0,142.0
586.0,495.0,292.0,137.0
587.0,493.0,291.0,140.0
587.0,493.0,292.0,138.0
586.0,493.0,294.0,141.0
584.0,494.0,292.0,138.0
582.0,492.0,289.0,147.0
585.0,493.0,291.0,142.0
586.0,494.0,291.0,143.0
585.0,494.0,294.0,147.0
583.0,495.0,295.0,151.0
584.0,494.0,297.0,147.0
583.0,496.0,299.0,144.0
580.0,495.0,300.0,143.0
581.0,494.0,299.0,137.0
581.0,495.0,299.0,132.0
581.0,494.0,295.0,132.0
581.0,495.0,298.0,137.0
577.0,494.0,301.0,136.0
579.0,494.0,299.0,139.0
579.0,496.0,301.0,132.0
578.0,494.0,298.0,137.0
578.0,495.0,296.0,135.0
579.0,495.0,292.0,135.0
579.0,495.0,290.0,130.0
577.0,495.0,288.0,132.0
576.0,494.0,293.0,136.0
575.0,493.0,295.0,138.0
576.0,496.0,293.0,135.0
576.0,496.0,293.0,134.0
574.0,496.0,294.0,130.0
576.0,498.0,294.0,127.0
573.0,497.0,294.0,126.0
575.0,497.0,294.0,130.0
574.0,498.0,287.0,127.0
574.0,497.0,295.0,131.0
573.0,495.0,296.0,131.0
573.0,498.0,290.0,127.0
573.0,500.0,292.0,130.0
570.0,499.0,296.0,131.0
573.0,499.0,292.0,128.0
572.0,497.0,289.0,136.0
572.0,499.0,289.0,135.0
566.0,498.0,296.0,131.0
566.0,498.0,297.0,131.0
567.0,500.0,298.0,125.0
566.0,499.0,297.0,129.0
565.0,499.0,298.0,126.0
567.0,499.0,294.0,131.0
563.0,498.0,299.0,130.0
564.0,499.0,298.0,127.0
564.0,499.0,298.0,125.0
565.0,497.0,295.0,128.0
563.0,499.0,299.0,130.0
561.0,499.0,300.0,127.0
560.0,498.0,299.0,128.0
561.0,498.0,299.0,126.0
561.0,500.0,303.0,128.0
560.0,498.0,304.0,131.0
560.0,499.0,309.0,128.0
562.0,497.0,305.0,129.0
561.0,499.0,310.0,127.0
562.0,495.0,306.0,126.0
564.0,500.0,310.0,125.0
562.0,501.0,311.0,126.0
564.0,497.0,300.0,125.0
562.0,497.0,313.0,128.0
565.0,498.0,307.0,133.0
566.0,497.0,309.0,133.0
565.0,496.0,307.0,136.0
563.0,498.0,309.0,130.0
569.0,497.0,307.0,128.0
567.0,499.0,310.0,125.0
568.0,502.0,310.0,122.0
567.0,497.0,311.0,125.0
568.0,496.0,309.0,126.0
567.0,498.0,312.0,128.0
568.0,497.0,311.0,128.0
566.0,496.0,308.0,128.0
571.0,500.0,309.0,125.0
568.0,499.0,313.0,124.0
572.0,501.0,314.0,129.0
569.0,500.0,311.0,126.0
570.0,499.0,314.0,126.0
570.0,499.0,307.0,125.0
571.0,501.0,312.0,122.0
574.0,496.0,310.0,127.0
574.0,501.0,315.0,122.0
574.0,500.0,312.0,126.0
574.0,499.0,314.0,127.0
573.0,497.0,317.0,124.0
573.0,499.0,314.0,118.0
574.0,501.0,316.0,123.0
573.0,499.0,310.0,126.0
574.0,499.0,322.0,123.0
578.0,499.0,312.0,122.0
578.0,499.0,311.0,119.0
578.0,499.0,311.0,123.0
580.0,498.0,312.0,121.0
577.0,500.0,312.0,117.0
579.0,499.0,316.0,118.0
578.0,500.0,314.0,122.0
583.0,497.0,303.0,122.0
581.0,500.0,314.0,116.0
581.0,498.0,310.0,119.0
584.0,502.0,315.0,115.0
581.0,500.0,309.0,116.0
581.0,501.0,320.0,115.0
583.0,499.0,306.0,115.0
579.0,502.0,319.0,112.0
580.0,500.0,310.0,119.0
581.0,498.0,320.0,118.0
579.0,501.0,317.0,115.0
583.0,500.0,320.0,114.0
581.0,501.0,313.0,111.0
584.0,497.0,317.0,116.0
581.0,501.0,310.0,111.0
586.0,501.0,318.0,110.0
583.0,500.0,308.0,115.0
587.0,499.0,313.0,111.0
584.0,500.0,313.0,108.0
583.0,504.0,320.0,107.0
584.0,502.0,326.0,111.0
585.0,499.0,317.0,111.0
584.0,502.0,322.0,105.0
586.0,503.0,316.0,102.0
587.0,499.0,324.0,110.0
586.0,499.0,316.0,109.0
585.0,499.0,323.0,111.0
585.0,501.0,324.0,110.0
586.0,502.0,322.0,106.0
589.0,501.0,327.0,107.0
589.0,499.0,323.0,107.0
588.0,500.0,317.0,105.0
590.0,498.0,325.0,109.0
589.0,499.0,317.0,102.0
592.0,501.0,323.0,104.0
594.0,502.0,324.0,102.0
594.0,499.0,317.0,104.0
592.0,499.0,325.0,107.0
595.0,498.0,321.0,105.0
596.0,498.0,327.0,105.0
597.0,497.0,317.0,104.0
598.0,498.0,317.0,104.0
601.0,501.0,317.0,104.0
598.0,502.0,325.0,99.0
603.0,502.0,326.0,99.0
602.0,499.0,319.0,103.0
602.0,500.0,323.0,104.0
603.0,499.0,317.0,100.0
609.0,498.0,318.0,106.0
606.0,497.0,315.0,104.0
609.0,499.0,315.0,102.0
609.0,498.0,322.0,103.0
610.0,501.0,321.0,105.0
613.0,498.0,322.0,102.0
616.0,500.0,315.0,103.0
612.0,498.0,323.0,100.0
613.0,499.0,319.0,99.0
619.0,499.0,316.0,104.0
614.0,499.0,317.0,102.0
618.0,498.0,320.0,102.0
619.0,498.0,313.0,99.0
619.0,497.0,325.0,100.0
623.0,496.0,313.0,100.0
625.0,496.0,314.0,97.0
622.0,496.0,319.0,104.0
620.0,492.0,325.0,101.0
628.0,498.0,318.0,97.0
626.0,496.0,321.0,102.0
623.0,494.0,324.0,100.0
632.0,493.0,310.0,98.0
626.0,494.0,325.0,101.0
631.0,495.0,317.0,97.0
634.0,496.0,321.0,99.0
633.0,494.0,313.0,95.0
631.0,495.0,320.0,100.0
636.0,493.0,315.0,95.0
631.0,491.0,319.0,102.0
633.0,493.0,319.0,98.0
635.0,494.0,319.0,97.0
632.0,495.0,323.0,95.0
637.0,492.0,318.0,99.0
634.0,492.0,325.0,97.0
640.0,492.0,309.0,98.0
642.0,495.0,317.0,95.0
634.0,494.0,320.0,93.0
637.0,491.0,317.0,101.0
639.0,490.0,308.0,98.0
643.0,488.0,314.0,99.0
641.0,492.0,315.0,104.0
643.0,492.0,313.0,99.0
644.0,488.0,309.0,100.0
644.0,489.0,317.0,102.0
646.0,491.0,309.0,93.0
646.0,488.0,319.0,100.0
648.0,493.0,307.0,97.0
648.0,488.0,315.0,98.0
649.0,492.0,310.0,94.0
653.0,488.0,314.0,99.0
653.0,489.0,306.0,97.0
650.0,486.0,323.0,97.0
655.0,489.0,309.0,98.0
653.0,488.0,314.0,97.0
653.0,486.0,315.0,98.0
652.0,490.0,312.0,97.0
654.0,486.0,311.0,99.0
656.0,485.0,308.0,103.0
658.0,484.0,305.0,99.0
660.0,483.0,306.0,95.0
656.0,482.0,312.0,101.0
659.0,482.0,304.0,98.0
662.0,483.0,307.0,97.0
661.0,484.0,304.0,96.0
662.0,487.0,306.0,96.0
666.0,486.0,302.0,92.0
662.0,486.0,308.0,94.0
666.0,480.0,302.0,98.0
662.0,481.0,304.0,98.0
663.0,482.0,301.0,96.0
663.0,479.0,306.0,97.0
660.0,482.0,302.0,94.0
659.0,481.0,307.0,97.0
661.0,482.0,305.0,95.0
663.0,480.0,303.0,98.0
662.0,479.0,306.0,96.0
661.0,476.0,305.0,100.0
656.0,477.0,308.0,98.0
659.0,482.0,304.0,92.0
663.0,480.0,297.0,97.0
665.0,480.0,297.0,97.0
667.0,479.0,293.0,94.0
669.0,477.0,292.0,94.0
666.0,478.0,299.0,92.0
663.0,480.0,301.0,94.0
681.0,478.0,282.0,92.0
666.0,478.0,294.0,93.0
667.0,478.0,297.0,95.0
672.0,475.0,291.0,96.0
671.0,477.0,293.0,90.0
671.0,473.0,297.0,96.0
684.0,474.0,278.0,91.0
675.0,475.0,288.0,95.0
678.0,472.0,284.0,92.0
674.0,472.0,294.0,96.0
684.0,469.0,278.0,94.0
676.0,467.0,293.0,99.0
681.0,471.0,281.0,93.0
679.0,473.0,284.0,91.0
678.0,470.0,290.0,96.0
688.0,471.0,277.0,89.0
683.0,471.0,287.0,92.0
680.0,470.0,284.0,92.0
678.0,470.0,285.0,91.0
684.0,469.0,283.0,93.0
685.0,468.0,277.0,92.0
682.0,471.0,282.0,89.0
683.0,469.0,282.0,92.0
678.0,470.0,284.0,94.0
683.0,470.0,279.0,91.0
683.0,470.0,277.0,93.0
688.0,467.0,276.0,95.0
686.0,465.0,270.0,95.0
687.0,468.0,274.0,94.0
688.0,468.0,271.0,91.0
687.0,466.0,271.0,92.0
694.0,466.0,269.0,94.0
688.0,465.0,273.0,90.0
688.0,466.0,272.0,93.0
687.0,465.0,269.0,92.0
687.0,463.0,269.0,98.0
688.0,462.0,270.0,95.0
691.0,462.0,261.0,94.0
692.0,462.0,266.0,97.0
691.0,462.0,259.0,90.0
691.0,460.0,265.0,96.0
686.0,460.0,263.0,94.0
691.0,460.0,264.0,97.0
690.0,460.0,261.0,91.0
689.0,459.0,256.0,96.0
689.0,459.0,261.0,95.0
687.0,460.0,257.0,91.0
692.0,457.0,256.0,99.0
690.0,459.0,256.0,90.0
691.0,457.0,252.0,98.0
685.0,460.0,257.0,92.0
685.0,459.0,255.0,94.0
685.0,460.0,257.0,93.0
686.0,459.0,252.0,91.0
687.0,459.0,250.0,90.0
687.0,454.0,248.0,102.0
690.0,457.0,244.0,92.0
686.0,454.0,249.0,99.0
685.0,455.0,250.0,93.0
684.0,455.0,246.0,96.0
683.0,454.0,248.0,92.0
684.0,453.0,243.0,97.0
685.0,453.0,242.0,92.0
686.0,451.0,236.0,98.0
680.0,450.0,239.0,100.0
681.0,452.0,242.0,94.0
682.0,449.0,236.0,92.0
681.0,447.0,233.0,101.0
683.0,451.0,231.0,92.0
678.0,450.0,236.0,95.0
679.0,450.0,238.0,93.0
680.0,447.0,234.0,95.0
675.0,450.0,236.0,97.0
676.0,450.0,234.0,91.0
677.0,447.0,230.0,98.0
676.0,448.0,234.0,92.0
676.0,445.0,233.0,97.0
678.0,445.0,229.0,96.0
676.0,446.0,231.0,97.0
675.0,444.0,229.0,91.0
672.0,444.0,232.0,97.0
677.0,446.0,225.0,94.0
676.0,443.0,223.0,90.0
678.0,442.0,221.0,97.0
674.0,443.0,224.0,95.0
672.0,442.0,223.0,93.0
673.0,441.0,221.0,98.0
674.0,443.0,220.0,94.0
671.0,443.0,222.0,93.0
672.0,438.0,218.0,97.0
674.0,441.0,218.0,97.0
668.0,440.0,226.0,95.0
672.0,439.0,221.0,92.0
670.0,439.0,218.0,94.0
669.0,440.0,219.0,92.0
669.0,438.0,219.0,92.0
669.0,437.0,217.0,94.0
666.0,438.0,220.0,95.0
666.0,438.0,220.0,94.0
668.0,437.0,215.0,94.0
665.0,436.0,214.0,93.0
667.0,436.0,213.0,95.0
666.0,433.0,213.0,96.0
666.0,435.0,212.0,94.0
669.0,435.0,208.0,91.0
664.0,434.0,212.0,95.0
665.0,435.0,211.0,92.0
665.0,433.0,208.0,93.0
664.0,434.0,207.0,92.0
665.0,434.0,204.0,92.0
665.0,432.0,206.0,96.0
664.0,432.0,209.0,95.0
665.0,432.0,203.0,90.0
666.0,432.0,202.0,91.0
665.0,431.0,203.0,90.0
664.0,429.0,202.0,92.0
664.0,429.0,202.0,95.0
664.0,430.0,201.0,91.0
666.0,429.0,197.0,93.0
666.0,429.0,197.0,91.0
666.0,428.0,196.0,90.0
664.0,428.0,198.0,89.0
662.0,428.0,198.0,93.0
660.0,428.0,199.0,91.0
663.0,426.0,196.0,92.0
663.0,426.0,194.0,90.0
661.0,425.0,195.0,91.0
662.0,423.0,194.0,91.0
661.0,424.0,193.0,93.0
660.0,425.0,190.0,90.0
658.0,426.0,193.0,89.0
657.0,424.0,195.0,92.0
658.0,424.0,191.0,89.0
657.0,424.0,194.0,88.0
657.0,424.0,190.0,89.0
657.0,423.0,189.0,90.0
657.0,422.0,190.0,90.0
656.0,422.0,188.0,91.0
657.0,421.0,183.0,90.0
658.0,422.0,184.0,88.0
660.0,420.0,180.0,90.0
659.0,420.0,181.0,87.0
658.0,419.0,182.0,87.0
658.0,417.0,180.0,91.0
659.0,418.0,179.0,87.0
659.0,417.0,177.0,89.0
658.0,418.0,177.0,90.0
657.0,418.0,177.0,87.0
658.0,418.0,174.0,87.0
658.0,418.0,174.0,86.0
655.0,417.0,175.0,87.0
655.0,417.0,176.0,87.0
654.0,415.0,173.0,89.0
653.0,416.0,173.0,86.0
655.0,416.0,170.0,85.0
652.0,416.0,172.0,86.0
651.0,415.0,170.0,87.0
652.0,415.0,167.0,86.0
650.0,413.0,169.0,88.0
651.0,413.0,168.0,89.0
650.0,412.0,167.0,87.0
650.0,414.0,167.0,83.0
648.0,412.0,167.0,85.0
647.0,413.0,167.0,84.0
647.0,412.0,167.0,86.0
646.0,410.0,165.0,87.0
645.0,411.0,166.0,85.0
646.0,410.0,164.0,87.0
646.0,409.0,162.0,87.0
644.0,410.0,163.0,85.0
643.0,408.0,162.0,87.0
643.0,409.0,164.0,87.0
643.0,409.0,161.0,85.0
643.0,408.0,160.0,87.0
641.0,408.0,159.0,85.0
641.0,406.0,160.0,86.0
638.0,409.0,159.0,86.0
640.0,409.0,156.0,85.0
640.0,408.0,154.0,86.0
640.0,408.0,155.0,85.0
638.0,408.0,156.0,87.0
639.0,408.0,154.0,85.0
638.0,408.0,154.0,85.0
637.0,409.0,154.0,84.0
639.0,409.0,153.0,83.0
639.0,409.0,151.0,82.0
639.0,407.0,152.0,84.0
638.0,407.0,151.0,86.0
639.0,408.0,147.0,83.0
637.0,406.0,150.0,84.0
634.0,405.0,152.0,85.0
633.0,406.0,153.0,86.0
635.0,408.0,149.0,83.0
633.0,407.0,148.0,83.0
632.0,407.0,149.0,84.0
632.0,408.0,147.0,80.0
631.0,408.0,148.0,81.0
629.0,406.0,148.0,83.0
627.0,408.0,149.0,82.0
629.0,410.0,147.0,79.0
627.0,408.0,147.0,81.0
628.0,405.0,143.0,83.0
625.0,408.0,146.0,82.0
626.0,408.0,145.0,79.0
625.0,406.0,142.0,80.0
623.0,407.0,141.0,80.0
623.0,406.0,140.0,80.0
621.0,406.0,139.0,82.0
621.0,407.0,139.0,79.0
618.0,406.0,142.0,79.0
619.0,406.0,137.0,81.0
621.0,406.0,136.0,79.0
617.0,407.0,140.0,79.0
618.0,406.0,137.0,80.0
616.0,407.0,137.0,78.0
614.0,404.0,138.0,81.0
613.0,402.0,138.0,82.0
611.0,401.0,139.0,84.0
614.0,403.0,135.0,80.0
611.0,403.0,134.0,81.0
614.0,401.0,132.0,83.0
610.0,403.0,132.0,81.0
611.0,401.0,130.0,81.0
607.0,398.0,133.0,86.0
607.0,402.0,132.0,82.0
604.0,400.0,132.0,82.0
606.0,402.0,128.0,81.0
603.0,403.0,129.0,78.0
605.0,402.0,126.0,81.0
603.0,399.0,127.0,83.0
600.0,402.0,128.0,80.0
602.0,399.0,124.0,85.0
598.0,402.0,127.0,81.0
603.0,398.0,120.0,83.0
597.0,402.0,128.0,81.0
597.0,395.0,124.0,87.0
597.0,401.0,125.0,81.0
596.0,398.0,123.0,86.0
596.0,401.0,122.0,81.0
597.0,401.0,120.0,80.0
594.0,400.0,123.0,81.0
592.0,401.0,122.0,80.0
591.0,402.0,121.0,80.0
590.0,402.0,122.0,81.0
587.0,401.0,123.0,81.0
586.0,401.0,124.0,79.0
589.0,401.0,118.0,79.0
589.0,401.0,117.0,79.0
589.0,400.0,117.0,80.0
586.0,401.0,117.0,80.0
589.0,401.0,112.0,79.0
588.0,400.0,112.0,80.0
586.0,400.0,113.0,80.0
585.0,400.0,113.0,79.0
586.0,399.0,112.0,80.0
586.0,399.0,110.0,81.0
583.0,401.0,115.0,81.0
583.0,399.0,114.0,83.0
586.0,400.0,109.0,81.0
586.0,401.0,107.0,81.0
583.0,402.0,110.0,81.0
583.0,401.0,110.0,79.0
584.0,402.0,107.0,80.0
584.0,401.0,105.0,81.0
583.0,401.0,107.0,81.0
578.0,401.0,111.0,81.0
578.0,402.0,110.0,78.0
577.0,403.0,110.0,77.0
578.0,401.0,109.0,79.0
580.0,401.0,107.0,80.0
576.0,403.0,110.0,76.0
574.0,401.0,111.0,81.0
572.0,401.0,113.0,78.0
574.0,399.0,109.0,80.0
572.0,401.0,111.0,78.0
574.0,402.0,108.0,78.0
573.0,401.0,109.0,80.0
574.0,401.0,105.0,80.0
574.0,401.0,104.0,79.0
572.0,401.0,106.0,79.0
571.0,401.0,106.0,78.0
571.0,401.0,106.0,80.0
567.0,402.0,110.0,78.0
567.0,402.0,108.0,78.0
566.0,402.0,107.0,79.0
565.0,401.0,107.0,81.0
565.0,403.0,106.0,78.0
564.0,402.0,106.0,78.0
565.0,400.0,104.0,79.0
565.0,402.0,103.0,78.0
564.0,401.0,102.0,77.0
564.0,400.0,101.0,78.0
568.0,401.0,96.0,75.0
568.0,401.0,93.0,77.0
564.0,402.0,98.0,78.0
563.0,403.0,98.0,75.0
563.0,403.0,97.0,75.0
561.0,403.0,96.0,75.0
563.0,401.0,96.0,76.0
562.0,403.0,92.0,75.0
559.0,403.0,95.0,78.0
558.0,402.0,95.0,77.0
559.0,401.0,95.0,77.0
556.0,403.0,94.0,75.0
553.0,403.0,98.0,76.0
553.0,404.0,98.0,77.0
552.0,404.0,96.0,78.0
553.0,404.0,94.0,78.0
551.0,404.0,94.0,76.0
551.0,403.0,94.0,79.0
546.0,404.0,97.0,77.0
550.0,402.0,93.0,79.0
546.0,403.0,94.0,79.0
542.0,404.0,99.0,79.0
546.0,403.0,94.0,80.0
542.0,402.0,96.0,81.0
543.0,402.0,95.0,80.0
540.0,402.0,96.0,79.0
543.0,403.0,93.0,79.0
538.0,403.0,96.0,78.0
544.0,401.0,90.0,81.0
541.0,403.0,90.0,80.0
542.0,404.0,89.0,81.0
540.0,405.0,90.0,77.0
538.0,405.0,93.0,76.0
542.0,405.0,89.0,76.0
541.0,406.0,87.0,79.0
538.0,405.0,90.0,75.0
540.0,403.0,88.0,82.0
539.0,403.0,87.0,79.0
540.0,403.0,86.0,79.0
538.0,403.0,88.0,80.0
536.0,403.0,89.0,79.0
