671.0,161.0,27.0,16.0
672.0,161.0,25.0,14.0
672.0,161.0,25.0,15.0
672.0,161.0,25.0,15.0
672.0,161.0,25.0,15.0
672.0,162.0,25.0,14.0
673.0,161.0,26.0,15.0
672.0,162.0,26.0,15.0
673.0,162.0,26.0,14.0
673.0,161.0,26.0,15.0
674.0,162.0,25.0,15.0
674.0,162.0,26.0,15.0
674.0,162.0,26.0,15.0
675.0,162.0,26.0,15.0
674.0,162.0,28.0,15.0
675.0,161.0,25.0,15.0
676.0,163.0,26.0,15.0
676.0,163.0,26.0,14.0
677.0,162.0,26.0,15.0
677.0,163.0,26.0,15.0
678.0,163.0,26.0,16.0
678.0,163.0,25.0,15.0
677.0,162.0,26.0,16.0
678.0,162.0,25.0,15.0
678.0,162.0,25.0,15.0
678.0,162.0,25.0,16.0
679.0,162.0,25.0,16.0
679.0,163.0,25.0,16.0
679.0,163.0,25.0,16.0
680.0,162.0,25.0,16.0
680.0,162.0,26.0,16.0
680.0,163.0,26.0,16.0
681.0,162.0,26.0,16.0
681.0,163.0,26.0,16.0
681.0,163.0,26.0,16.0
681.0,164.0,26.0,16.0
681.0,163.0,27.0,15.0
681.0,164.0,26.0,16.0
682.0,164.0,28.0,15.0
682.0,164.0,27.0,15.0
683.0,164.0,27.0,15.0
683.0,164.0,27.0,15.0
683.0,164.0,27.0,15.0
684.0,164.0,27.0,16.0
683.0,163.0,27.0,16.0
685.0,163.0,26.0,16.0
684.0,163.0,26.0,16.0
684.0,164.0,27.0,16.0
685.0,164.0,27.0,16.0
685.0,164.0,27.0,15.0
685.0,165.0,27.0,15.0
685.0,165.0,27.0,15.0
686.0,164.0,27.0,16.0
687.0,164.0,27.0,16.0
687.0,163.0,27.0,15.0
687.0,164.0,27.0,16.0
687.0,164.0,28.0,16.0
687.0,164.0,27.0,17.0
688.0,164.0,27.0,16.0
688.0,164.0,28.0,16.0
688.0,164.0,27.0,16.0
689.0,164.0,27.0,16.0
689.0,165.0,28.0,16.0
689.0,164.0,27.0,16.0
689.0,165.0,28.0,16.0
690.0,164.0,28.0,16.0
690.0,164.0,28.0,16.0
690.0,165.0,29.0,16.0
691.0,165.0,28.0,16.0
691.0,165.0,28.0,16.0
692.0,164.0,28.0,16.0
691.0,165.0,28.0,16.0
692.0,164.0,27.0,16.0
692.0,165.0,28.0,16.0
692.0,165.0,28.0,16.0
693.0,165.0,28.0,17.0
693.0,165.0,28.0,16.0
693.0,164.0,28.0,17.0
693.0,165.0,28.0,17.0
694.0,164.0,29.0,16.0
694.0,166.0,28.0,16.0
695.0,165.0,28.0,16.0
695.0,165.0,28.0,16.0
695.0,165.0,29.0,17.0
695.0,166.0,28.0,16.0
695.0,166.0,29.0,17.0
695.0,166.0,29.0,16.0
695.0,165.0,28.0,17.0
696.0,166.0,28.0,17.0
697.0,166.0,28.0,16.0
697.0,166.0,29.0,17.0
696.0,167.0,29.0,17.0
697.0,167.0,29.0,17.0
696.0,168.0,29.0,16.0
697.0,167.0,29.0,17.0
697.0,167.0,29.0,16.0
697.0,167.0,29.0,16.0
697.0,167.0,29.0,17.0
697.0,167.0,30.0,17.0
697.0,168.0,30.0,16.0
697.0,168.0,30.0,17.0
697.0,168.0,29.0,16.0
697.0,168.0,30.0,18.0
697.0,168.0,30.0,17.0
698.0,169.0,30.0,17.0
697.0,168.0,29.0,17.0
698.0,168.0,29.0,18.0
697.0,169.0,30.0,17.0
697.0,169.0,29.0,16.0
697.0,169.0,30.0,18.0
697.0,169.0,30.0,18.0
697.0,170.0,30.0,18.0
697.0,170.0,30.0,17.0
697.0,169.0,29.0,19.0
696.0,170.0,30.0,17.0
696.0,170.0,30.0,17.0
696.0,171.0,30.0,18.0
696.0,171.0,31.0,17.0
696.0,171.0,30.0,17.0
696.0,172.0,30.0,17.0
695.0,171.0,30.0,17.0
696.0,172.0,30.0,18.0
696.0,171.0,30.0,17.0
695.0,172.0,29.0,17.0
694.0,172.0,30.0,17.0
694.0,173.0,30.0,17.0
694.0,172.0,30.0,17.0
694.0,172.0,30.0,17.0
694.0,172.0,30.0,17.0
693.0,172.0,30.0,17.0
693.0,173.0,30.0,16.0
693.0,172.0,30.0,16.0
693.0,173.0,30.0,17.0
692.0,172.0,30.0,17.0
691.0,173.0,31.0,17.0
691.0,173.0,30.0,17.0
690.0,172.0,30.0,17.0
690.0,173.0,31.0,18.0
689.0,174.0,31.0,17.0
688.0,172.0,31.0,18.0
688.0,173.0,31.0,17.0
688.0,173.0,31.0,17.0
688.0,172.0,32.0,18.0
687.0,172.0,32.0,18.0
687.0,173.0,31.0,17.0
686.0,173.0,31.0,18.0
686.0,172.0,31.0,18.0
685.0,172.0,31.0,18.0
685.0,173.0,31.0,18.0
684.0,173.0,31.0,18.0
684.0,173.0,31.0,17.0
683.0,173.0,31.0,18.0
683.0,174.0,32.0,17.0
682.0,173.0,31.0,18.0
681.0,174.0,31.0,18.0
681.0,174.0,32.0,18.0
681.0,173.0,32.0,18.0
680.0,173.0,31.0,18.0
678.0,174.0,32.0,18.0
678.0,174.0,32.0,18.0
678.0,175.0,32.0,17.0
677.0,175.0,32.0,17.0
677.0,174.0,32.0,18.0
676.0,174.0,32.0,18.0
676.0,175.0,32.0,17.0
675.0,173.0,32.0,18.0
675.0,174.0,32.0,18.0
675.0,174.0,32.0,18.0
672.0,175.0,33.0,18.0
672.0,175.0,32.0,18.0
671.0,174.0,32.0,19.0
671.0,174.0,32.0,19.0
671.0,175.0,32.0,19.0
670.0,176.0,33.0,18.0
669.0,174.0,32.0,19.0
669.0,175.0,32.0,19.0
669.0,175.0,32.0,19.0
668.0,176.0,32.0,19.0
666.0,175.0,33.0,19.0
665.0,175.0,33.0,19.0
665.0,174.0,32.0,20.0
665.0,174.0,32.0,20.0
664.0,175.0,33.0,20.0
663.0,175.0,33.0,19.0
662.0,176.0,33.0,19.0
662.0,175.0,33.0,20.0
662.0,175.0,33.0,20.0
662.0,177.0,33.0,19.0
659.0,175.0,34.0,20.0
658.0,176.0,34.0,19.0
658.0,176.0,34.0,19.0
658.0,176.0,33.0,19.0
657.0,177.0,33.0,19.0
657.0,177.0,33.0,19.0
656.0,177.0,34.0,19.0
656.0,176.0,33.0,19.0
656.0,177.0,33.0,19.0
656.0,176.0,33.0,19.0
654.0,177.0,34.0,19.0
654.0,176.0,33.0,19.0
653.0,177.0,33.0,19.0
653.0,177.0,33.0,19.0
652.0,177.0,34.0,19.0
651.0,177.0,34.0,20.0
651.0,176.0,34.0,21.0
650.0,177.0,34.0,20.0
650.0,178.0,35.0,19.0
650.0,176.0,33.0,20.0
649.0,177.0,34.0,20.0
647.0,178.0,34.0,20.0
647.0,176.0,34.0,21.0
648.0,177.0,34.0,20.0
646.0,178.0,34.0,20.0
645.0,178.0,34.0,20.0
645.0,178.0,34.0,19.0
644.0,178.0,35.0,20.0
644.0,177.0,35.0,20.0
644.0,178.0,34.0,19.0
642.0,178.0,36.0,20.0
642.0,179.0,35.0,19.0
641.0,178.0,36.0,19.0
642.0,178.0,35.0,19.0
642.0,178.0,35.0,20.0
640.0,178.0,35.0,19.0
640.0,178.0,35.0,20.0
640.0,177.0,34.0,20.0
640.0,178.0,34.0,20.0
639.0,179.0,35.0,20.0
639.0,179.0,35.0,19.0
638.0,178.0,35.0,21.0
639.0,179.0,35.0,20.0
639.0,179.0,35.0,20.0
638.0,178.0,35.0,21.0
637.0,177.0,35.0,21.0
637.0,179.0,35.0,19.0
636.0,179.0,35.0,20.0
636.0,179.0,35.0,20.0
636.0,179.0,35.0,20.0
635.0,179.0,36.0,20.0
634.0,179.0,36.0,20.0
634.0,179.0,36.0,21.0
634.0,179.0,36.0,21.0
634.0,179.0,36.0,20.0
633.0,179.0,36.0,20.0
633.0,179.0,36.0,21.0
632.0,179.0,36.0,21.0
632.0,180.0,36.0,20.0
633.0,180.0,36.0,20.0
631.0,178.0,37.0,22.0
632.0,180.0,37.0,20.0
632.0,180.0,37.0,20.0
631.0,179.0,37.0,21.0
630.0,180.0,37.0,20.0
630.0,181.0,37.0,20.0
630.0,181.0,36.0,19.0
629.0,182.0,36.0,19.0
629.0,181.0,36.0,20.0
628.0,181.0,37.0,20.0
628.0,182.0,37.0,20.0
627.0,181.0,37.0,20.0
626.0,181.0,37.0,20.0
626.0,181.0,38.0,20.0
626.0,181.0,38.0,20.0
625.0,181.0,38.0,20.0
625.0,182.0,38.0,21.0
626.0,181.0,38.0,21.0
625.0,181.0,37.0,20.0
624.0,182.0,39.0,21.0
624.0,182.0,38.0,21.0
624.0,182.0,38.0,20.0
623.0,182.0,38.0,20.0
623.0,182.0,38.0,21.0
623.0,182.0,37.0,21.0
623.0,182.0,37.0,21.0
623.0,182.0,37.0,20.0
623.0,183.0,37.0,20.0
622.0,182.0,37.0,21.0
622.0,183.0,38.0,20.0
621.0,183.0,38.0,20.0
620.0,183.0,38.0,21.0
620.0,183.0,38.0,20.0
619.0,183.0,38.0,20.0
620.0,183.0,38.0,21.0
620.0,184.0,38.0,20.0
618.0,183.0,38.0,20.0
618.0,184.0,39.0,20.0
619.0,184.0,38.0,20.0
619.0,184.0,39.0,21.0
618.0,184.0,39.0,21.0
618.0,184.0,38.0,21.0
618.0,184.0,38.0,21.0
617.0,184.0,39.0,22.0
617.0,184.0,39.0,21.0
616.0,184.0,39.0,22.0
616.0,184.0,40.0,21.0
615.0,184.0,39.0,22.0
615.0,184.0,40.0,21.0
615.0,184.0,39.0,21.0
614.0,185.0,39.0,22.0
614.0,184.0,40.0,21.0
613.0,185.0,40.0,21.0
613.0,185.0,40.0,21.0
613.0,185.0,40.0,22.0
613.0,185.0,40.0,22.0
612.0,185.0,40.0,21.0
612.0,185.0,39.0,22.0
612.0,185.0,40.0,22.0
611.0,185.0,40.0,22.0
610.0,185.0,40.0,23.0
609.0,184.0,40.0,24.0
610.0,184.0,41.0,23.0
608.0,185.0,41.0,23.0
609.0,185.0,41.0,22.0
608.0,186.0,40.0,22.0
607.0,186.0,41.0,22.0
608.0,185.0,41.0,22.0
608.0,186.0,40.0,22.0
607.0,185.0,40.0,24.0
607.0,186.0,41.0,23.0
606.0,187.0,41.0,22.0
606.0,187.0,41.0,22.0
606.0,186.0,40.0,23.0
605.0,187.0,41.0,23.0
604.0,187.0,41.0,23.0
604.0,186.0,41.0,23.0
605.0,186.0,41.0,23.0
604.0,187.0,41.0,23.0
602.0,187.0,42.0,23.0
603.0,186.0,41.0,23.0
602.0,187.0,41.0,23.0
601.0,187.0,42.0,23.0
601.0,187.0,41.0,23.0
601.0,187.0,41.0,23.0
601.0,187.0,42.0,23.0
601.0,186.0,41.0,23.0
600.0,188.0,42.0,23.0
600.0,187.0,41.0,23.0
600.0,185.0,41.0,25.0
599.0,187.0,42.0,24.0
599.0,187.0,42.0,24.0
598.0,186.0,42.0,24.0
598.0,187.0,42.0,24.0
598.0,188.0,42.0,23.0
598.0,185.0,42.0,25.0
598.0,186.0,43.0,24.0
598.0,186.0,43.0,24.0
597.0,187.0,43.0,24.0
597.0,184.0,42.0,26.0
597.0,187.0,43.0,24.0
595.0,187.0,43.0,23.0
596.0,186.0,43.0,23.0
596.0,186.0,43.0,24.0
596.0,187.0,43.0,24.0
595.0,187.0,43.0,25.0
594.0,186.0,44.0,25.0
594.0,186.0,44.0,24.0
594.0,187.0,44.0,24.0
594.0,187.0,44.0,24.0
594.0,186.0,44.0,25.0
593.0,186.0,43.0,25.0
594.0,186.0,44.0,25.0
593.0,187.0,44.0,25.0
593.0,185.0,44.0,25.0
592.0,186.0,44.0,25.0
592.0,186.0,43.0,25.0
592.0,186.0,43.0,25.0
592.0,186.0,43.0,25.0
591.0,186.0,43.0,25.0
591.0,185.0,44.0,25.0
590.0,185.0,44.0,25.0
590.0,186.0,44.0,25.0
590.0,186.0,44.0,25.0
589.0,185.0,44.0,25.0
589.0,183.0,44.0,26.0
589.0,185.0,44.0,25.0
589.0,185.0,44.0,25.0
588.0,185.0,44.0,25.0
588.0,184.0,45.0,25.0
586.0,185.0,45.0,25.0
586.0,185.0,46.0,24.0
586.0,184.0,46.0,25.0
586.0,184.0,46.0,25.0
585.0,185.0,45.0,25.0
585.0,185.0,46.0,25.0
585.0,183.0,46.0,26.0
584.0,184.0,46.0,26.0
584.0,184.0,46.0,26.0
583.0,184.0,46.0,26.0
583.0,184.0,46.0,27.0
583.0,185.0,46.0,26.0
583.0,183.0,46.0,26.0
582.0,185.0,46.0,26.0
582.0,185.0,46.0,26.0
580.0,184.0,46.0,26.0
579.0,185.0,46.0,26.0
580.0,185.0,47.0,26.0
580.0,184.0,45.0,27.0
579.0,184.0,47.0,26.0
577.0,185.0,47.0,26.0
576.0,185.0,47.0,26.0
576.0,185.0,47.0,27.0
577.0,184.0,46.0,27.0
576.0,185.0,47.0,27.0
575.0,186.0,47.0,27.0
574.0,185.0,47.0,27.0
575.0,186.0,47.0,27.0
574.0,185.0,46.0,27.0
573.0,184.0,47.0,28.0
572.0,185.0,47.0,28.0
572.0,186.0,47.0,28.0
571.0,185.0,47.0,27.0
571.0,185.0,48.0,28.0
570.0,186.0,48.0,28.0
568.0,186.0,48.0,28.0
568.0,186.0,49.0,28.0
567.0,186.0,48.0,28.0
567.0,186.0,49.0,28.0
566.0,185.0,49.0,28.0
566.0,186.0,49.0,28.0
564.0,186.0,49.0,28.0
564.0,185.0,50.0,28.0
564.0,187.0,50.0,27.0
564.0,186.0,49.0,28.0
563.0,186.0,49.0,28.0
561.0,186.0,49.0,28.0
562.0,186.0,49.0,29.0
561.0,187.0,49.0,28.0
560.0,187.0,49.0,28.0
559.0,187.0,49.0,28.0
559.0,187.0,49.0,29.0
559.0,187.0,49.0,28.0
558.0,186.0,49.0,29.0
558.0,187.0,50.0,29.0
557.0,187.0,49.0,29.0
556.0,187.0,49.0,28.0
555.0,188.0,50.0,28.0
554.0,187.0,50.0,28.0
554.0,187.0,50.0,29.0
553.0,187.0,51.0,29.0
552.0,188.0,50.0,28.0
551.0,186.0,50.0,28.0
551.0,187.0,50.0,29.0
550.0,186.0,50.0,30.0
548.0,188.0,51.0,28.0
548.0,186.0,51.0,30.0
547.0,187.0,52.0,30.0
547.0,188.0,51.0,29.0
545.0,186.0,51.0,30.0
544.0,187.0,51.0,29.0
543.0,188.0,51.0,30.0
543.0,186.0,51.0,30.0
543.0,187.0,51.0,30.0
542.0,187.0,51.0,30.0
540.0,188.0,52.0,29.0
539.0,188.0,52.0,30.0
538.0,188.0,52.0,29.0
539.0,187.0,52.0,30.0
538.0,185.0,52.0,32.0
536.0,188.0,53.0,30.0
535.0,188.0,52.0,31.0
535.0,187.0,52.0,31.0
534.0,188.0,53.0,30.0
533.0,187.0,53.0,31.0
531.0,189.0,53.0,31.0
530.0,189.0,53.0,31.0
529.0,189.0,54.0,31.0
529.0,189.0,54.0,30.0
528.0,189.0,53.0,31.0
527.0,188.0,53.0,32.0
526.0,190.0,54.0,31.0
526.0,189.0,53.0,31.0
525.0,189.0,53.0,31.0
524.0,190.0,53.0,32.0
523.0,189.0,53.0,32.0
521.0,190.0,53.0,32.0
521.0,190.0,54.0,32.0
521.0,191.0,54.0,32.0
519.0,190.0,54.0,32.0
518.0,192.0,54.0,31.0
517.0,191.0,53.0,32.0
518.0,192.0,54.0,32.0
517.0,191.0,53.0,33.0
516.0,192.0,54.0,32.0
514.0,193.0,54.0,32.0
513.0,192.0,54.0,33.0
513.0,192.0,54.0,33.0
512.0,193.0,54.0,33.0
511.0,193.0,55.0,33.0
511.0,194.0,54.0,33.0
509.0,194.0,54.0,34.0
509.0,194.0,55.0,34.0
508.0,195.0,55.0,33.0
508.0,195.0,54.0,33.0
506.0,195.0,55.0,34.0
505.0,196.0,55.0,33.0
505.0,196.0,55.0,33.0
504.0,197.0,54.0,33.0
504.0,197.0,55.0,33.0
502.0,197.0,55.0,33.0
502.0,197.0,55.0,33.0
500.0,197.0,57.0,34.0
500.0,198.0,56.0,34.0
500.0,197.0,56.0,34.0
497.0,199.0,57.0,33.0
496.0,199.0,57.0,33.0
497.0,199.0,56.0,33.0
496.0,199.0,56.0,33.0
495.0,199.0,56.0,34.0
494.0,201.0,57.0,32.0
493.0,201.0,56.0,32.0
492.0,201.0,56.0,33.0
492.0,199.0,56.0,34.0
490.0,201.0,58.0,33.0
489.0,202.0,57.0,33.0
489.0,201.0,56.0,34.0
488.0,202.0,57.0,33.0
487.0,202.0,57.0,33.0
486.0,204.0,56.0,33.0
485.0,203.0,56.0,34.0
485.0,204.0,56.0,34.0
483.0,204.0,58.0,34.0
483.0,205.0,57.0,33.0
482.0,207.0,58.0,33.0
480.0,207.0,58.0,34.0
480.0,207.0,58.0,34.0
479.0,207.0,58.0,34.0
480.0,207.0,58.0,34.0
477.0,207.0,58.0,35.0
476.0,209.0,59.0,34.0
476.0,210.0,59.0,33.0
475.0,209.0,58.0,35.0
474.0,209.0,60.0,35.0
473.0,211.0,60.0,34.0
472.0,211.0,60.0,35.0
472.0,211.0,59.0,35.0
473.0,212.0,60.0,35.0
471.0,214.0,59.0,34.0
471.0,215.0,60.0,34.0
468.0,215.0,61.0,35.0
468.0,213.0,60.0,37.0
468.0,214.0,61.0,36.0
467.0,216.0,61.0,35.0
467.0,217.0,61.0,35.0
465.0,217.0,61.0,36.0
465.0,217.0,61.0,37.0
464.0,219.0,62.0,35.0
464.0,220.0,62.0,35.0
463.0,220.0,61.0,36.0
462.0,222.0,62.0,35.0
462.0,222.0,62.0,37.0
461.0,222.0,62.0,36.0
460.0,223.0,63.0,36.0
460.0,223.0,62.0,37.0
458.0,223.0,63.0,38.0
459.0,224.0,64.0,38.0
457.0,226.0,64.0,36.0
457.0,227.0,64.0,37.0
457.0,224.0,62.0,40.0
456.0,229.0,63.0,36.0
456.0,230.0,64.0,36.0
455.0,229.0,64.0,37.0
455.0,229.0,63.0,38.0
453.0,230.0,64.0,38.0
452.0,232.0,66.0,37.0
451.0,230.0,65.0,38.0
452.0,232.0,66.0,39.0
450.0,231.0,64.0,40.0
451.0,233.0,65.0,38.0
449.0,235.0,65.0,39.0
450.0,234.0,65.0,40.0
449.0,236.0,66.0,39.0
448.0,235.0,66.0,40.0
446.0,236.0,67.0,39.0
446.0,238.0,66.0,39.0
445.0,238.0,66.0,40.0
445.0,238.0,67.0,41.0
446.0,239.0,66.0,40.0
444.0,239.0,67.0,41.0
444.0,240.0,67.0,42.0
444.0,240.0,66.0,42.0
444.0,240.0,67.0,41.0
443.0,240.0,68.0,42.0
442.0,242.0,68.0,41.0
441.0,241.0,68.0,43.0
442.0,241.0,68.0,42.0
440.0,242.0,68.0,42.0
441.0,242.0,68.0,42.0
440.0,242.0,69.0,43.0
438.0,243.0,69.0,42.0
440.0,243.0,69.0,42.0
438.0,243.0,69.0,43.0
438.0,242.0,68.0,43.0
436.0,243.0,70.0,43.0
435.0,244.0,70.0,43.0
435.0,244.0,70.0,43.0
435.0,244.0,70.0,44.0
434.0,244.0,70.0,44.0
434.0,244.0,71.0,44.0
432.0,245.0,71.0,44.0
433.0,245.0,71.0,44.0
432.0,245.0,72.0,44.0
433.0,245.0,71.0,44.0
431.0,244.0,71.0,46.0
432.0,245.0,72.0,46.0
432.0,246.0,72.0,45.0
430.0,246.0,72.0,46.0
430.0,247.0,73.0,45.0
431.0,245.0,72.0,47.0
429.0,245.0,73.0,47.0
430.0,246.0,73.0,46.0
429.0,247.0,74.0,46.0
429.0,246.0,75.0,47.0
428.0,246.0,75.0,48.0
428.0,247.0,76.0,46.0
428.0,247.0,75.0,46.0
427.0,247.0,76.0,47.0
427.0,245.0,77.0,49.0
427.0,246.0,77.0,47.0
427.0,246.0,76.0,49.0
427.0,247.0,77.0,48.0
426.0,247.0,77.0,49.0
427.0,247.0,78.0,50.0
426.0,248.0,77.0,49.0
426.0,247.0,78.0,50.0
426.0,248.0,78.0,50.0
426.0,248.0,78.0,50.0
425.0,248.0,79.0,51.0
426.0,247.0,80.0,51.0
425.0,249.0,80.0,50.0
425.0,248.0,80.0,52.0
425.0,248.0,80.0,51.0
425.0,248.0,80.0,52.0
425.0,248.0,81.0,53.0
424.0,250.0,83.0,51.0
425.0,251.0,82.0,50.0
424.0,250.0,82.0,52.0
424.0,249.0,84.0,53.0
423.0,250.0,83.0,53.0
424.0,249.0,85.0,53.0
424.0,249.0,83.0,54.0
424.0,249.0,84.0,55.0
424.0,250.0,84.0,54.0
423.0,250.0,84.0,54.0
423.0,248.0,85.0,57.0
423.0,249.0,85.0,57.0
423.0,251.0,86.0,55.0
423.0,251.0,87.0,55.0
422.0,253.0,87.0,54.0
423.0,251.0,86.0,56.0
423.0,252.0,87.0,56.0
422.0,253.0,87.0,55.0
422.0,252.0,88.0,56.0
422.0,252.0,89.0,57.0
422.0,252.0,89.0,56.0
423.0,253.0,89.0,56.0
423.0,252.0,90.0,57.0
422.0,254.0,90.0,56.0
422.0,251.0,91.0,59.0
421.0,253.0,93.0,58.0
422.0,254.0,92.0,58.0
422.0,252.0,92.0,60.0
422.0,252.0,94.0,61.0
422.0,254.0,92.0,59.0
422.0,254.0,96.0,59.0
423.0,254.0,93.0,59.0
422.0,253.0,94.0,61.0
422.0,254.0,96.0,61.0
422.0,255.0,98.0,61.0
422.0,255.0,97.0,61.0
422.0,255.0,97.0,61.0
422.0,254.0,96.0,62.0
422.0,256.0,100.0,61.0
422.0,255.0,99.0,62.0
423.0,255.0,100.0,65.0
422.0,255.0,99.0,64.0
422.0,255.0,101.0,64.0
422.0,257.0,101.0,63.0
423.0,255.0,100.0,65.0
422.0,258.0,104.0,63.0
422.0,258.0,103.0,64.0
422.0,254.0,103.0,69.0
422.0,257.0,104.0,64.0
423.0,254.0,104.0,68.0
422.0,257.0,105.0,66.0
423.0,256.0,105.0,67.0
423.0,259.0,109.0,66.0
423.0,255.0,107.0,70.0
422.0,257.0,111.0,69.0
422.0,258.0,110.0,69.0
422.0,258.0,110.0,69.0
423.0,256.0,109.0,71.0
423.0,259.0,111.0,70.0
424.0,255.0,110.0,72.0
422.0,259.0,114.0,70.0
423.0,256.0,112.0,72.0
423.0,258.0,114.0,70.0
424.0,257.0,115.0,73.0
423.0,258.0,115.0,72.0
423.0,262.0,118.0,69.0
424.0,259.0,115.0,72.0
423.0,257.0,117.0,75.0
424.0,260.0,117.0,73.0
424.0,258.0,118.0,74.0
424.0,261.0,119.0,72.0
424.0,258.0,119.0,75.0
425.0,259.0,122.0,75.0
424.0,260.0,123.0,75.0
425.0,260.0,124.0,76.0
425.0,260.0,124.0,77.0
425.0,259.0,124.0,78.0
425.0,262.0,126.0,76.0
426.0,258.0,126.0,80.0
425.0,261.0,128.0,78.0
425.0,258.0,133.0,81.0
425.0,261.0,131.0,79.0
425.0,260.0,132.0,81.0
425.0,260.0,131.0,81.0
425.0,263.0,133.0,78.0
426.0,259.0,136.0,84.0
425.0,264.0,136.0,81.0
427.0,258.0,135.0,85.0
426.0,262.0,136.0,83.0
426.0,261.0,141.0,87.0
426.0,264.0,142.0,83.0
427.0,258.0,140.0,89.0
427.0,265.0,142.0,83.0
427.0,259.0,144.0,90.0
427.0,263.0,143.0,86.0
427.0,262.0,148.0,89.0
427.0,261.0,148.0,90.0
428.0,265.0,146.0,87.0
428.0,261.0,152.0,92.0
428.0,262.0,150.0,92.0
427.0,264.0,156.0,92.0
428.0,263.0,154.0,93.0
428.0,260.0,156.0,97.0
429.0,264.0,154.0,95.0
428.0,260.0,156.0,97.0
427.0,265.0,158.0,96.0
427.0,258.0,158.0,103.0
427.0,264.0,161.0,97.0
427.0,259.0,161.0,103.0
426.0,262.0,165.0,101.0
426.0,265.0,166.0,100.0
427.0,257.0,164.0,108.0
425.0,264.0,167.0,103.0
425.0,258.0,171.0,108.0
425.0,265.0,172.0,102.0
426.0,259.0,172.0,107.0
424.0,265.0,175.0,104.0
424.0,261.0,176.0,107.0
424.0,260.0,179.0,110.0
424.0,262.0,182.0,110.0
423.0,261.0,182.0,110.0
424.0,258.0,183.0,117.0
422.0,259.0,187.0,116.0
423.0,258.0,188.0,118.0
422.0,252.0,191.0,124.0
421.0,266.0,196.0,112.0
421.0,255.0,198.0,125.0
423.0,257.0,198.0,124.0
421.0,260.0,202.0,123.0
422.0,255.0,204.0,129.0
421.0,254.0,202.0,130.0
421.0,260.0,208.0,127.0
421.0,253.0,212.0,136.0
422.0,259.0,215.0,132.0
421.0,255.0,219.0,136.0
421.0,260.0,217.0,132.0
422.0,257.0,221.0,137.0
423.0,262.0,225.0,136.0
423.0,260.0,228.0,138.0
422.0,256.0,233.0,144.0
420.0,258.0,233.0,144.0
422.0,260.0,237.0,145.0
421.0,259.0,243.0,146.0
422.0,261.0,246.0,147.0
424.0,258.0,249.0,151.0
422.0,257.0,251.0,152.0
425.0,260.0,252.0,154.0
424.0,261.0,256.0,158.0
426.0,258.0,262.0,163.0
424.0,258.0,267.0,167.0
422.0,260.0,272.0,162.0
425.0,263.0,275.0,163.0
427.0,257.0,277.0,175.0
425.0,260.0,283.0,178.0
428.0,261.0,288.0,180.0
429.0,260.0,289.0,180.0
431.0,256.0,299.0,189.0
431.0,256.0,302.0,196.0
430.0,261.0,309.0,196.0
432.0,256.0,318.0,205.0
433.0,262.0,317.0,196.0
435.0,257.0,326.0,212.0
437.0,262.0,333.0,214.0
440.0,263.0,338.0,218.0
437.0,255.0,351.0,229.0
437.0,273.0,347.0,214.0
441.0,259.0,369.0,239.0
445.0,265.0,371.0,243.0
451.0,271.0,374.0,244.0
450.0,274.0,385.0,245.0
443.0,265.0,396.0,256.0
451.0,266.0,405.0,265.0
