629.0,441.0,95.0,82.0
626.0,442.0,100.0,77.0
626.0,442.0,100.0,78.0
627.0,442.0,101.0,77.0
625.0,442.0,100.0,77.0
626.0,442.0,102.0,77.0
627.0,442.0,101.0,78.0
626.0,442.0,100.0,77.0
627.0,442.0,101.0,78.0
626.0,443.0,99.0,77.0
626.0,443.0,100.0,76.0
627.0,442.0,100.0,78.0
626.0,444.0,101.0,77.0
627.0,444.0,100.0,79.0
626.0,444.0,102.0,79.0
626.0,444.0,101.0,78.0
627.0,445.0,101.0,78.0
626.0,445.0,100.0,78.0
626.0,445.0,102.0,78.0
626.0,445.0,102.0,78.0
625.0,445.0,103.0,79.0
625.0,445.0,104.0,79.0
624.0,446.0,104.0,79.0
626.0,446.0,103.0,79.0
625.0,446.0,103.0,79.0
624.0,447.0,104.0,79.0
626.0,447.0,102.0,78.0
625.0,447.0,105.0,78.0
626.0,447.0,105.0,80.0
625.0,447.0,104.0,79.0
624.0,447.0,105.0,79.0
624.0,447.0,108.0,81.0
624.0,447.0,107.0,80.0
624.0,446.0,106.0,80.0
624.0,446.0,106.0,80.0
625.0,447.0,107.0,79.0
622.0,447.0,108.0,79.0
624.0,447.0,109.0,79.0
622.0,448.0,108.0,80.0
622.0,448.0,108.0,79.0
623.0,446.0,108.0,81.0
623.0,447.0,108.0,81.0
622.0,448.0,108.0,81.0
623.0,446.0,107.0,81.0
622.0,447.0,110.0,80.0
620.0,446.0,111.0,82.0
620.0,447.0,109.0,83.0
619.0,448.0,111.0,83.0
619.0,447.0,114.0,83.0
618.0,447.0,112.0,85.0
618.0,446.0,114.0,83.0
618.0,446.0,112.0,84.0
617.0,447.0,110.0,83.0
615.0,447.0,115.0,84.0
616.0,447.0,114.0,84.0
615.0,446.0,112.0,84.0
614.0,447.0,115.0,85.0
615.0,447.0,112.0,85.0
615.0,448.0,112.0,84.0
614.0,448.0,113.0,84.0
614.0,448.0,115.0,85.0
613.0,449.0,113.0,83.0
612.0,449.0,116.0,85.0
612.0,448.0,115.0,84.0
611.0,449.0,116.0,84.0
610.0,448.0,117.0,83.0
609.0,449.0,118.0,83.0
608.0,449.0,120.0,83.0
608.0,449.0,118.0,83.0
608.0,449.0,119.0,85.0
607.0,448.0,120.0,86.0
608.0,448.0,119.0,86.0
606.0,448.0,120.0,85.0
605.0,448.0,122.0,86.0
603.0,448.0,122.0,88.0
604.0,449.0,124.0,87.0
603.0,449.0,123.0,88.0
603.0,448.0,123.0,89.0
600.0,449.0,123.0,87.0
600.0,449.0,124.0,86.0
600.0,450.0,124.0,86.0
599.0,452.0,127.0,84.0
600.0,450.0,124.0,84.0
596.0,451.0,125.0,86.0
597.0,451.0,124.0,83.0
596.0,451.0,125.0,84.0
595.0,451.0,126.0,84.0
594.0,450.0,127.0,84.0
590.0,450.0,131.0,84.0
591.0,451.0,129.0,84.0
592.0,450.0,127.0,86.0
591.0,450.0,127.0,85.0
590.0,450.0,127.0,86.0
589.0,451.0,129.0,83.0
588.0,450.0,127.0,85.0
588.0,450.0,128.0,84.0
585.0,449.0,128.0,85.0
585.0,450.0,129.0,84.0
583.0,450.0,128.0,84.0
583.0,449.0,128.0,87.0
582.0,450.0,129.0,85.0
580.0,450.0,130.0,84.0
579.0,449.0,129.0,84.0
579.0,450.0,130.0,85.0
579.0,449.0,127.0,84.0
576.0,449.0,130.0,86.0
575.0,449.0,131.0,86.0
574.0,449.0,132.0,85.0
572.0,449.0,134.0,85.0
573.0,449.0,133.0,86.0
571.0,450.0,133.0,84.0
570.0,450.0,133.0,85.0
569.0,450.0,133.0,86.0
567.0,451.0,136.0,85.0
567.0,450.0,135.0,87.0
565.0,449.0,137.0,88.0
565.0,450.0,136.0,86.0
565.0,451.0,135.0,86.0
563.0,450.0,135.0,87.0
564.0,449.0,134.0,88.0
563.0,450.0,133.0,88.0
563.0,448.0,132.0,89.0
561.0,448.0,135.0,89.0
560.0,448.0,135.0,89.0
558.0,448.0,137.0,88.0
557.0,449.0,138.0,87.0
557.0,448.0,138.0,88.0
556.0,449.0,139.0,87.0
555.0,449.0,137.0,87.0
554.0,449.0,139.0,88.0
553.0,450.0,140.0,87.0
553.0,449.0,138.0,87.0
553.0,450.0,138.0,87.0
554.0,450.0,136.0,85.0
553.0,451.0,136.0,87.0
551.0,452.0,138.0,85.0
551.0,451.0,139.0,86.0
549.0,451.0,141.0,85.0
549.0,452.0,143.0,85.0
548.0,452.0,142.0,85.0
548.0,452.0,144.0,86.0
549.0,453.0,142.0,86.0
548.0,453.0,144.0,85.0
549.0,452.0,143.0,86.0
550.0,452.0,144.0,87.0
549.0,454.0,144.0,84.0
549.0,454.0,144.0,86.0
549.0,452.0,145.0,87.0
549.0,453.0,146.0,87.0
548.0,455.0,148.0,85.0
549.0,453.0,147.0,87.0
549.0,452.0,146.0,87.0
549.0,453.0,148.0,85.0
551.0,454.0,147.0,86.0
550.0,454.0,149.0,85.0
551.0,453.0,147.0,86.0
551.0,453.0,148.0,87.0
552.0,454.0,149.0,86.0
553.0,452.0,149.0,87.0
554.0,452.0,147.0,89.0
553.0,453.0,149.0,87.0
553.0,453.0,150.0,89.0
555.0,453.0,148.0,89.0
553.0,453.0,151.0,87.0
553.0,454.0,150.0,88.0
553.0,453.0,151.0,89.0
552.0,455.0,152.0,88.0
553.0,455.0,150.0,87.0
552.0,455.0,150.0,89.0
551.0,454.0,151.0,90.0
551.0,453.0,153.0,89.0
551.0,453.0,151.0,90.0
552.0,453.0,151.0,90.0
550.0,455.0,151.0,89.0
552.0,453.0,151.0,90.0
551.0,455.0,147.0,88.0
549.0,454.0,154.0,88.0
547.0,456.0,153.0,87.0
548.0,455.0,154.0,87.0
548.0,452.0,152.0,90.0
547.0,453.0,154.0,90.0
546.0,455.0,154.0,89.0
546.0,454.0,154.0,91.0
547.0,453.0,154.0,90.0
547.0,452.0,154.0,91.0
547.0,453.0,154.0,91.0
546.0,451.0,157.0,92.0
547.0,453.0,152.0,91.0
544.0,452.0,159.0,90.0
545.0,451.0,156.0,91.0
544.0,453.0,160.0,90.0
545.0,451.0,159.0,92.0
546.0,454.0,158.0,88.0
547.0,452.0,160.0,91.0
547.0,451.0,158.0,91.0
549.0,450.0,155.0,91.0
547.0,451.0,156.0,90.0
547.0,450.0,158.0,90.0
547.0,450.0,157.0,91.0
547.0,448.0,160.0,90.0
548.0,448.0,160.0,90.0
548.0,447.0,160.0,93.0
548.0,446.0,158.0,93.0
546.0,446.0,161.0,92.0
547.0,445.0,161.0,93.0
546.0,445.0,161.0,92.0
546.0,443.0,161.0,91.0
547.0,446.0,160.0,90.0
546.0,444.0,161.0,92.0
543.0,446.0,165.0,92.0
544.0,444.0,163.0,90.0
546.0,446.0,161.0,89.0
546.0,446.0,162.0,89.0
544.0,445.0,161.0,89.0
544.0,443.0,165.0,90.0
540.0,443.0,164.0,90.0
540.0,445.0,168.0,86.0
541.0,445.0,165.0,89.0
541.0,442.0,163.0,92.0
541.0,442.0,163.0,91.0
539.0,442.0,162.0,90.0
536.0,443.0,167.0,89.0
536.0,441.0,167.0,90.0
537.0,442.0,164.0,88.0
536.0,441.0,167.0,88.0
538.0,439.0,164.0,90.0
536.0,438.0,164.0,91.0
534.0,440.0,164.0,88.0
534.0,435.0,168.0,93.0
532.0,438.0,170.0,90.0
533.0,437.0,169.0,91.0
533.0,435.0,169.0,93.0
533.0,438.0,172.0,90.0
533.0,435.0,164.0,93.0
535.0,433.0,164.0,94.0
533.0,435.0,169.0,93.0
533.0,432.0,166.0,94.0
533.0,434.0,171.0,92.0
533.0,433.0,168.0,92.0
531.0,432.0,170.0,93.0
530.0,432.0,170.0,91.0
532.0,430.0,168.0,92.0
531.0,429.0,173.0,93.0
530.0,429.0,175.0,96.0
531.0,428.0,170.0,93.0
528.0,430.0,174.0,93.0
530.0,432.0,173.0,92.0
529.0,430.0,170.0,92.0
527.0,429.0,175.0,91.0
526.0,430.0,176.0,91.0
528.0,429.0,169.0,92.0
528.0,428.0,173.0,91.0
527.0,429.0,174.0,91.0
524.0,430.0,175.0,89.0
525.0,429.0,175.0,91.0
526.0,429.0,178.0,89.0
526.0,427.0,172.0,91.0
525.0,427.0,175.0,89.0
524.0,425.0,174.0,90.0
523.0,428.0,178.0,87.0
523.0,425.0,175.0,93.0
522.0,427.0,180.0,89.0
522.0,427.0,177.0,90.0
522.0,429.0,181.0,87.0
522.0,425.0,175.0,91.0
520.0,427.0,178.0,88.0
521.0,426.0,181.0,90.0
520.0,425.0,179.0,91.0
521.0,425.0,178.0,91.0
517.0,424.0,178.0,90.0
518.0,424.0,180.0,90.0
518.0,424.0,180.0,91.0
518.0,422.0,178.0,91.0
517.0,422.0,181.0,89.0
516.0,421.0,180.0,91.0
515.0,425.0,178.0,87.0
516.0,423.0,181.0,89.0
514.0,422.0,182.0,90.0
514.0,423.0,181.0,91.0
514.0,424.0,181.0,90.0
512.0,425.0,182.0,87.0
514.0,423.0,181.0,89.0
511.0,422.0,184.0,90.0
509.0,423.0,186.0,90.0
510.0,425.0,188.0,89.0
511.0,423.0,184.0,91.0
510.0,423.0,184.0,89.0
511.0,423.0,184.0,87.0
509.0,422.0,186.0,91.0
510.0,421.0,187.0,89.0
506.0,422.0,189.0,89.0
507.0,421.0,190.0,90.0
508.0,420.0,184.0,87.0
509.0,418.0,187.0,91.0
507.0,421.0,187.0,87.0
506.0,419.0,192.0,90.0
506.0,417.0,190.0,91.0
507.0,418.0,189.0,91.0
508.0,418.0,190.0,91.0
508.0,419.0,188.0,92.0
507.0,417.0,185.0,93.0
507.0,414.0,184.0,92.0
507.0,415.0,188.0,92.0
508.0,412.0,185.0,92.0
506.0,413.0,185.0,93.0
505.0,413.0,187.0,91.0
507.0,413.0,186.0,92.0
508.0,412.0,185.0,92.0
509.0,410.0,186.0,95.0
510.0,409.0,184.0,94.0
505.0,410.0,194.0,91.0
505.0,410.0,191.0,91.0
505.0,411.0,193.0,91.0
510.0,409.0,188.0,91.0
509.0,408.0,188.0,93.0
510.0,407.0,187.0,91.0
510.0,409.0,187.0,94.0
507.0,408.0,189.0,90.0
506.0,406.0,192.0,92.0
509.0,407.0,187.0,89.0
508.0,408.0,191.0,90.0
511.0,408.0,189.0,89.0
509.0,407.0,190.0,87.0
509.0,407.0,193.0,88.0
510.0,411.0,194.0,87.0
507.0,408.0,190.0,85.0
510.0,410.0,191.0,85.0
509.0,407.0,192.0,85.0
512.0,408.0,193.0,87.0
510.0,407.0,193.0,88.0
509.0,408.0,196.0,87.0
511.0,406.0,193.0,89.0
513.0,406.0,197.0,86.0
513.0,409.0,193.0,85.0
513.0,406.0,194.0,89.0
513.0,408.0,196.0,88.0
512.0,408.0,192.0,82.0
512.0,411.0,198.0,81.0
513.0,409.0,195.0,83.0
514.0,410.0,196.0,82.0
513.0,408.0,197.0,82.0
514.0,408.0,195.0,86.0
513.0,407.0,197.0,85.0
515.0,407.0,199.0,85.0
516.0,407.0,197.0,85.0
518.0,408.0,197.0,84.0
517.0,410.0,195.0,78.0
518.0,409.0,194.0,82.0
515.0,408.0,198.0,83.0
518.0,409.0,194.0,83.0
516.0,408.0,197.0,82.0
516.0,406.0,196.0,84.0
519.0,405.0,195.0,82.0
517.0,405.0,199.0,82.0
519.0,403.0,197.0,85.0
519.0,406.0,198.0,82.0
520.0,405.0,196.0,82.0
520.0,406.0,198.0,81.0
518.0,408.0,200.0,80.0
519.0,405.0,199.0,81.0
520.0,406.0,198.0,82.0
521.0,404.0,195.0,80.0
522.0,405.0,197.0,79.0
521.0,404.0,199.0,81.0
522.0,404.0,199.0,79.0
522.0,404.0,198.0,81.0
521.0,404.0,199.0,79.0
523.0,402.0,198.0,80.0
523.0,404.0,199.0,78.0
524.0,404.0,199.0,77.0
523.0,403.0,197.0,76.0
523.0,403.0,199.0,75.0
523.0,404.0,200.0,75.0
524.0,405.0,200.0,74.0
523.0,405.0,201.0,75.0
524.0,406.0,201.0,73.0
527.0,406.0,200.0,74.0
523.0,401.0,202.0,78.0
525.0,406.0,201.0,76.0
525.0,401.0,201.0,77.0
529.0,403.0,196.0,77.0
527.0,404.0,200.0,74.0
528.0,403.0,202.0,76.0
528.0,406.0,201.0,73.0
527.0,404.0,202.0,73.0
526.0,404.0,206.0,73.0
529.0,403.0,203.0,74.0
532.0,403.0,202.0,74.0
529.0,403.0,202.0,72.0
533.0,403.0,200.0,73.0
533.0,402.0,200.0,72.0
531.0,404.0,204.0,71.0
533.0,400.0,204.0,75.0
533.0,400.0,203.0,75.0
535.0,401.0,201.0,73.0
537.0,401.0,199.0,73.0
537.0,402.0,199.0,71.0
537.0,400.0,198.0,72.0
536.0,401.0,202.0,70.0
539.0,401.0,199.0,72.0
540.0,401.0,198.0,72.0
540.0,400.0,196.0,70.0
538.0,401.0,203.0,71.0
541.0,400.0,200.0,70.0
540.0,399.0,201.0,71.0
542.0,396.0,199.0,73.0
538.0,398.0,203.0,70.0
542.0,397.0,198.0,72.0
540.0,398.0,202.0,70.0
538.0,396.0,203.0,71.0
539.0,396.0,203.0,71.0
540.0,396.0,203.0,73.0
539.0,396.0,201.0,71.0
541.0,393.0,202.0,74.0
540.0,396.0,200.0,70.0
540.0,395.0,201.0,72.0
541.0,395.0,203.0,73.0
545.0,392.0,198.0,73.0
539.0,392.0,203.0,76.0
544.0,392.0,201.0,72.0
538.0,393.0,204.0,71.0
542.0,389.0,199.0,74.0
538.0,391.0,205.0,73.0
544.0,390.0,199.0,74.0
537.0,390.0,206.0,72.0
541.0,390.0,202.0,74.0
544.0,388.0,201.0,74.0
539.0,391.0,202.0,71.0
546.0,391.0,199.0,72.0
542.0,390.0,204.0,70.0
544.0,389.0,204.0,73.0
547.0,386.0,201.0,74.0
541.0,389.0,205.0,70.0
545.0,389.0,200.0,71.0
544.0,387.0,203.0,72.0
545.0,387.0,203.0,70.0
543.0,390.0,202.0,68.0
545.0,387.0,203.0,70.0
544.0,388.0,204.0,70.0
549.0,387.0,200.0,71.0
549.0,387.0,199.0,71.0
547.0,387.0,202.0,71.0
548.0,387.0,201.0,71.0
548.0,388.0,199.0,70.0
547.0,389.0,201.0,69.0
546.0,386.0,203.0,71.0
547.0,386.0,203.0,71.0
548.0,386.0,200.0,71.0
547.0,389.0,203.0,67.0
546.0,387.0,203.0,68.0
547.0,385.0,202.0,70.0
545.0,384.0,201.0,71.0
547.0,382.0,202.0,72.0
545.0,384.0,201.0,70.0
545.0,386.0,204.0,69.0
545.0,383.0,203.0,72.0
547.0,386.0,203.0,69.0
549.0,385.0,202.0,70.0
546.0,385.0,203.0,71.0
545.0,385.0,203.0,70.0
545.0,385.0,205.0,70.0
544.0,385.0,204.0,69.0
548.0,385.0,200.0,70.0
550.0,384.0,196.0,71.0
545.0,384.0,199.0,70.0
547.0,384.0,197.0,69.0
544.0,385.0,199.0,68.0
548.0,385.0,199.0,69.0
543.0,386.0,204.0,68.0
543.0,385.0,204.0,69.0
545.0,386.0,204.0,69.0
545.0,383.0,200.0,71.0
539.0,384.0,208.0,71.0
546.0,384.0,201.0,70.0
542.0,385.0,205.0,69.0
542.0,385.0,201.0,69.0
542.0,384.0,202.0,69.0
542.0,383.0,201.0,69.0
539.0,387.0,210.0,66.0
542.0,385.0,203.0,68.0
543.0,385.0,205.0,67.0
544.0,385.0,204.0,68.0
546.0,384.0,202.0,69.0
544.0,384.0,205.0,69.0
545.0,383.0,200.0,71.0
543.0,384.0,205.0,69.0
546.0,382.0,205.0,73.0
546.0,382.0,205.0,73.0
548.0,383.0,204.0,70.0
541.0,383.0,209.0,71.0
540.0,384.0,211.0,70.0
545.0,383.0,208.0,71.0
543.0,384.0,210.0,70.0
546.0,383.0,206.0,71.0
541.0,383.0,210.0,71.0
543.0,384.0,209.0,70.0
544.0,385.0,210.0,71.0
540.0,385.0,212.0,69.0
539.0,383.0,210.0,71.0
546.0,386.0,207.0,70.0
539.0,384.0,213.0,71.0
544.0,383.0,208.0,73.0
540.0,385.0,212.0,72.0
542.0,386.0,208.0,71.0
544.0,387.0,211.0,70.0
539.0,386.0,215.0,70.0
542.0,386.0,209.0,72.0
539.0,385.0,213.0,71.0
537.0,387.0,210.0,70.0
541.0,385.0,207.0,72.0
535.0,385.0,214.0,71.0
538.0,383.0,210.0,74.0
539.0,387.0,210.0,72.0
540.0,387.0,211.0,71.0
537.0,387.0,213.0,72.0
534.0,389.0,217.0,71.0
533.0,389.0,218.0,71.0
533.0,387.0,218.0,72.0
534.0,387.0,215.0,74.0
537.0,386.0,215.0,74.0
533.0,388.0,217.0,71.0
534.0,386.0,215.0,73.0
532.0,389.0,217.0,72.0
531.0,391.0,222.0,70.0
531.0,389.0,218.0,73.0
532.0,392.0,219.0,72.0
533.0,391.0,217.0,73.0
527.0,390.0,224.0,72.0
530.0,392.0,219.0,73.0
525.0,391.0,223.0,74.0
529.0,389.0,218.0,72.0
525.0,392.0,223.0,71.0
526.0,394.0,223.0,72.0
526.0,392.0,222.0,73.0
525.0,395.0,224.0,71.0
525.0,396.0,226.0,69.0
525.0,393.0,224.0,72.0
522.0,394.0,226.0,72.0
521.0,394.0,226.0,71.0
520.0,394.0,227.0,70.0
523.0,396.0,226.0,70.0
518.0,396.0,230.0,70.0
515.0,397.0,233.0,70.0
519.0,396.0,227.0,69.0
516.0,398.0,231.0,69.0
513.0,396.0,233.0,70.0
512.0,396.0,234.0,69.0
512.0,398.0,232.0,69.0
513.0,398.0,229.0,68.0
511.0,398.0,233.0,71.0
509.0,401.0,235.0,68.0
507.0,401.0,238.0,70.0
510.0,404.0,236.0,69.0
