780.0,310.0,90.0,91.0
773.0,315.0,87.0,89.0
769.0,321.0,87.0,88.0
765.0,324.0,86.0,88.0
760.0,324.0,84.0,88.0
756.0,325.0,82.0,86.0
751.0,325.0,81.0,85.0
747.0,324.0,81.0,85.0
744.0,323.0,79.0,82.0
740.0,323.0,77.0,81.0
735.0,321.0,77.0,79.0
731.0,319.0,75.0,79.0
728.0,318.0,74.0,79.0
724.0,317.0,73.0,78.0
720.0,315.0,72.0,77.0
716.0,312.0,70.0,77.0
712.0,311.0,71.0,77.0
709.0,310.0,70.0,76.0
705.0,309.0,69.0,76.0
702.0,307.0,68.0,75.0
698.0,305.0,68.0,73.0
695.0,304.0,66.0,73.0
691.0,302.0,66.0,73.0
689.0,302.0,64.0,71.0
685.0,300.0,64.0,72.0
681.0,299.0,64.0,71.0
680.0,298.0,62.0,69.0
677.0,297.0,63.0,70.0
674.0,296.0,62.0,68.0
673.0,296.0,62.0,68.0
669.0,295.0,61.0,68.0
666.0,294.0,61.0,67.0
664.0,292.0,60.0,67.0
662.0,293.0,58.0,65.0
659.0,291.0,57.0,64.0
657.0,291.0,56.0,63.0
655.0,290.0,56.0,63.0
652.0,289.0,56.0,63.0
650.0,289.0,56.0,63.0
647.0,289.0,56.0,62.0
643.0,287.0,56.0,62.0
641.0,287.0,55.0,61.0
639.0,286.0,55.0,61.0
637.0,285.0,55.0,61.0
635.0,284.0,54.0,59.0
633.0,284.0,53.0,59.0
630.0,283.0,53.0,59.0
628.0,282.0,53.0,58.0
627.0,281.0,52.0,59.0
625.0,281.0,52.0,59.0
623.0,280.0,51.0,58.0
622.0,280.0,51.0,58.0
620.0,280.0,51.0,57.0
619.0,278.0,51.0,57.0
618.0,279.0,50.0,56.0
616.0,277.0,49.0,56.0
615.0,277.0,48.0,56.0
613.0,275.0,50.0,57.0
611.0,276.0,50.0,55.0
610.0,275.0,49.0,55.0
608.0,274.0,48.0,55.0
607.0,274.0,46.0,55.0
606.0,273.0,47.0,55.0
605.0,273.0,47.0,54.0
602.0,272.0,47.0,54.0
601.0,271.0,47.0,54.0
600.0,271.0,47.0,53.0
599.0,270.0,46.0,53.0
599.0,269.0,45.0,53.0
597.0,270.0,46.0,52.0
595.0,269.0,45.0,51.0
594.0,269.0,45.0,51.0
593.0,268.0,44.0,50.0
591.0,268.0,44.0,50.0
590.0,268.0,44.0,51.0
588.0,266.0,44.0,50.0
587.0,267.0,45.0,50.0
587.0,265.0,43.0,50.0
585.0,265.0,44.0,50.0
584.0,264.0,44.0,49.0
582.0,265.0,44.0,49.0
581.0,263.0,42.0,49.0
579.0,263.0,43.0,49.0
579.0,262.0,42.0,49.0
577.0,262.0,43.0,48.0
577.0,262.0,42.0,48.0
575.0,262.0,42.0,47.0
573.0,261.0,43.0,48.0
573.0,260.0,42.0,47.0
570.0,260.0,43.0,48.0
570.0,261.0,42.0,48.0
568.0,260.0,41.0,47.0
568.0,260.0,40.0,47.0
567.0,260.0,40.0,47.0
566.0,260.0,40.0,47.0
564.0,260.0,40.0,47.0
564.0,259.0,40.0,45.0
563.0,259.0,39.0,46.0
561.0,259.0,39.0,46.0
560.0,259.0,39.0,45.0
559.0,258.0,38.0,45.0
559.0,258.0,38.0,46.0
557.0,257.0,39.0,45.0
555.0,258.0,39.0,45.0
556.0,258.0,38.0,44.0
553.0,257.0,38.0,44.0
553.0,258.0,38.0,45.0
552.0,257.0,38.0,43.0
552.0,257.0,38.0,44.0
551.0,257.0,38.0,44.0
550.0,256.0,38.0,44.0
548.0,258.0,38.0,43.0
548.0,257.0,38.0,43.0
547.0,256.0,38.0,43.0
546.0,257.0,38.0,43.0
545.0,257.0,38.0,42.0
545.0,257.0,38.0,42.0
544.0,257.0,39.0,42.0
544.0,257.0,38.0,42.0
542.0,258.0,39.0,42.0
543.0,257.0,37.0,41.0
542.0,257.0,37.0,42.0
541.0,258.0,37.0,42.0
540.0,258.0,37.0,41.0
539.0,258.0,37.0,41.0
538.0,258.0,37.0,40.0
538.0,258.0,37.0,41.0
537.0,258.0,39.0,41.0
537.0,259.0,38.0,40.0
536.0,258.0,37.0,40.0
536.0,258.0,37.0,40.0
535.0,258.0,37.0,40.0
534.0,259.0,37.0,40.0
535.0,259.0,36.0,39.0
534.0,259.0,36.0,40.0
532.0,258.0,36.0,39.0
532.0,259.0,36.0,39.0
532.0,260.0,36.0,39.0
531.0,260.0,35.0,39.0
531.0,260.0,36.0,39.0
530.0,261.0,36.0,38.0
529.0,262.0,36.0,38.0
529.0,262.0,35.0,38.0
529.0,262.0,35.0,38.0
528.0,262.0,35.0,38.0
527.0,264.0,34.0,37.0
526.0,264.0,35.0,38.0
526.0,264.0,35.0,37.0
525.0,266.0,35.0,38.0
525.0,265.0,34.0,37.0
524.0,267.0,35.0,36.0
524.0,267.0,33.0,36.0
523.0,269.0,34.0,36.0
523.0,268.0,33.0,37.0
523.0,269.0,34.0,37.0
522.0,270.0,34.0,36.0
523.0,269.0,33.0,36.0
521.0,271.0,34.0,36.0
521.0,271.0,33.0,37.0
521.0,272.0,33.0,36.0
520.0,273.0,33.0,36.0
519.0,273.0,32.0,36.0
520.0,274.0,32.0,36.0
519.0,275.0,33.0,36.0
519.0,274.0,32.0,35.0
519.0,276.0,33.0,35.0
518.0,275.0,33.0,35.0
519.0,276.0,32.0,35.0
518.0,276.0,33.0,35.0
519.0,277.0,32.0,35.0
519.0,277.0,33.0,35.0
518.0,277.0,32.0,35.0
518.0,278.0,33.0,35.0
519.0,278.0,33.0,36.0
519.0,278.0,32.0,35.0
519.0,278.0,32.0,34.0
519.0,278.0,32.0,34.0
520.0,278.0,31.0,34.0
520.0,278.0,31.0,34.0
521.0,279.0,31.0,34.0
522.0,278.0,30.0,34.0
520.0,279.0,31.0,34.0
521.0,279.0,31.0,34.0
521.0,280.0,31.0,33.0
522.0,279.0,31.0,33.0
520.0,280.0,32.0,33.0
520.0,280.0,32.0,33.0
521.0,282.0,31.0,32.0
520.0,280.0,31.0,33.0
520.0,281.0,31.0,33.0
520.0,282.0,32.0,32.0
521.0,282.0,31.0,33.0
521.0,283.0,30.0,32.0
521.0,282.0,29.0,32.0
521.0,283.0,30.0,33.0
521.0,284.0,30.0,32.0
520.0,283.0,30.0,32.0
520.0,283.0,31.0,32.0
520.0,285.0,30.0,32.0
520.0,285.0,30.0,32.0
521.0,285.0,29.0,32.0
521.0,286.0,28.0,32.0
522.0,285.0,28.0,32.0
521.0,285.0,28.0,32.0
520.0,286.0,28.0,31.0
520.0,287.0,28.0,31.0
520.0,286.0,29.0,32.0
520.0,288.0,28.0,32.0
521.0,288.0,28.0,31.0
519.0,287.0,30.0,31.0
519.0,289.0,29.0,31.0
519.0,289.0,30.0,31.0
519.0,290.0,29.0,31.0
520.0,289.0,28.0,31.0
519.0,290.0,29.0,31.0
518.0,289.0,30.0,31.0
520.0,290.0,28.0,30.0
520.0,290.0,28.0,30.0
520.0,291.0,29.0,31.0
520.0,291.0,29.0,31.0
521.0,291.0,29.0,31.0
523.0,292.0,28.0,30.0
522.0,292.0,29.0,30.0
525.0,292.0,27.0,31.0
525.0,292.0,28.0,32.0
525.0,294.0,28.0,30.0
527.0,294.0,28.0,31.0
528.0,294.0,27.0,30.0
529.0,294.0,28.0,31.0
529.0,296.0,28.0,30.0
532.0,295.0,28.0,30.0
533.0,296.0,27.0,30.0
534.0,297.0,27.0,30.0
536.0,297.0,27.0,29.0
538.0,297.0,27.0,29.0
540.0,299.0,27.0,29.0
542.0,299.0,27.0,30.0
543.0,299.0,27.0,29.0
545.0,300.0,27.0,29.0
548.0,300.0,26.0,29.0
551.0,302.0,27.0,29.0
552.0,302.0,28.0,29.0
554.0,303.0,30.0,29.0
556.0,303.0,30.0,29.0
557.0,304.0,33.0,28.0
559.0,305.0,36.0,27.0
561.0,306.0,35.0,27.0
561.0,306.0,35.0,27.0
564.0,306.0,33.0,27.0
565.0,307.0,30.0,27.0
566.0,308.0,29.0,28.0
567.0,308.0,28.0,27.0
568.0,309.0,28.0,28.0
570.0,310.0,28.0,28.0
571.0,310.0,27.0,28.0
572.0,311.0,27.0,28.0
573.0,311.0,26.0,29.0
574.0,313.0,27.0,28.0
575.0,313.0,27.0,28.0
575.0,314.0,26.0,27.0
575.0,316.0,28.0,28.0
574.0,316.0,29.0,29.0
573.0,317.0,30.0,28.0
573.0,317.0,32.0,29.0
572.0,318.0,33.0,31.0
576.0,320.0,29.0,27.0
579.0,319.0,26.0,28.0
581.0,320.0,25.0,28.0
580.0,321.0,26.0,27.0
582.0,321.0,25.0,28.0
583.0,323.0,25.0,27.0
582.0,323.0,25.0,27.0
582.0,325.0,25.0,27.0
582.0,325.0,24.0,27.0
582.0,325.0,25.0,27.0
582.0,326.0,25.0,27.0
582.0,327.0,24.0,27.0
582.0,327.0,24.0,27.0
583.0,327.0,24.0,27.0
581.0,327.0,24.0,27.0
583.0,328.0,24.0,27.0
583.0,330.0,23.0,26.0
582.0,329.0,22.0,27.0
583.0,330.0,23.0,26.0
583.0,331.0,22.0,26.0
582.0,332.0,23.0,27.0
583.0,332.0,23.0,26.0
582.0,333.0,23.0,26.0
582.0,333.0,23.0,26.0
582.0,334.0,23.0,26.0
583.0,335.0,22.0,26.0
582.0,336.0,23.0,26.0
582.0,336.0,23.0,26.0
583.0,336.0,23.0,26.0
581.0,336.0,23.0,25.0
582.0,336.0,23.0,26.0
581.0,336.0,23.0,26.0
581.0,337.0,23.0,26.0
581.0,337.0,23.0,26.0
581.0,338.0,23.0,25.0
582.0,338.0,22.0,25.0
581.0,337.0,23.0,25.0
582.0,337.0,22.0,26.0
581.0,339.0,23.0,25.0
582.0,338.0,22.0,26.0
581.0,338.0,22.0,26.0
581.0,339.0,22.0,25.0
580.0,338.0,23.0,25.0
580.0,339.0,23.0,26.0
580.0,339.0,23.0,25.0
580.0,339.0,23.0,25.0
581.0,339.0,22.0,25.0
581.0,339.0,23.0,24.0
580.0,339.0,22.0,25.0
581.0,340.0,22.0,24.0
580.0,340.0,22.0,24.0
581.0,340.0,22.0,24.0
580.0,339.0,22.0,25.0
580.0,339.0,22.0,24.0
579.0,340.0,23.0,24.0
580.0,339.0,23.0,24.0
581.0,340.0,23.0,24.0
580.0,340.0,23.0,24.0
581.0,339.0,22.0,24.0
580.0,339.0,22.0,23.0
580.0,339.0,22.0,24.0
580.0,339.0,22.0,23.0
581.0,339.0,22.0,23.0
580.0,339.0,22.0,24.0
580.0,338.0,22.0,24.0
579.0,339.0,23.0,24.0
580.0,339.0,21.0,24.0
580.0,338.0,22.0,24.0
581.0,339.0,22.0,24.0
579.0,339.0,23.0,24.0
579.0,339.0,22.0,24.0
579.0,339.0,22.0,24.0
579.0,340.0,21.0,24.0
580.0,340.0,20.0,23.0
579.0,340.0,21.0,23.0
579.0,340.0,21.0,24.0
579.0,340.0,22.0,23.0
577.0,340.0,23.0,24.0
577.0,339.0,23.0,24.0
578.0,339.0,21.0,23.0
577.0,340.0,21.0,24.0
576.0,340.0,23.0,24.0
577.0,339.0,22.0,24.0
576.0,339.0,21.0,24.0
575.0,339.0,22.0,23.0
575.0,338.0,21.0,23.0
575.0,339.0,21.0,23.0
574.0,338.0,21.0,23.0
574.0,338.0,22.0,23.0
574.0,337.0,22.0,23.0
573.0,337.0,22.0,23.0
573.0,338.0,21.0,23.0
572.0,337.0,21.0,23.0
572.0,336.0,21.0,23.0
573.0,337.0,20.0,23.0
572.0,337.0,20.0,22.0
572.0,336.0,20.0,22.0
571.0,337.0,20.0,22.0
571.0,336.0,20.0,22.0
570.0,336.0,22.0,22.0
571.0,336.0,20.0,22.0
571.0,336.0,20.0,22.0
570.0,335.0,20.0,22.0
569.0,335.0,21.0,22.0
568.0,335.0,22.0,22.0
567.0,335.0,23.0,22.0
566.0,335.0,24.0,22.0
564.0,334.0,26.0,22.0
564.0,335.0,27.0,23.0
564.0,334.0,25.0,23.0
564.0,336.0,26.0,21.0
564.0,335.0,25.0,22.0
565.0,335.0,24.0,21.0
565.0,335.0,23.0,21.0
565.0,334.0,22.0,21.0
566.0,335.0,22.0,21.0
565.0,335.0,21.0,22.0
566.0,334.0,21.0,22.0
566.0,334.0,20.0,22.0
568.0,334.0,19.0,23.0
567.0,335.0,19.0,23.0
568.0,334.0,19.0,23.0
567.0,334.0,19.0,23.0
567.0,333.0,19.0,23.0
567.0,333.0,19.0,22.0
567.0,334.0,19.0,22.0
566.0,333.0,19.0,22.0
567.0,333.0,18.0,21.0
566.0,333.0,19.0,22.0
567.0,333.0,18.0,22.0
565.0,333.0,19.0,21.0
566.0,333.0,19.0,22.0
567.0,333.0,19.0,22.0
565.0,333.0,19.0,21.0
566.0,333.0,18.0,21.0
567.0,333.0,18.0,21.0
567.0,332.0,19.0,22.0
566.0,333.0,19.0,22.0
567.0,333.0,19.0,21.0
566.0,333.0,20.0,22.0
566.0,334.0,20.0,22.0
567.0,333.0,20.0,21.0
567.0,334.0,20.0,21.0
567.0,334.0,21.0,21.0
568.0,334.0,21.0,22.0
568.0,334.0,22.0,21.0
568.0,335.0,22.0,21.0
569.0,335.0,23.0,20.0
568.0,335.0,26.0,21.0
570.0,335.0,25.0,20.0
569.0,334.0,22.0,20.0
570.0,335.0,26.0,21.0
570.0,335.0,26.0,20.0
571.0,335.0,26.0,20.0
571.0,335.0,24.0,20.0
572.0,335.0,22.0,21.0
573.0,335.0,20.0,21.0
573.0,335.0,20.0,20.0
574.0,336.0,19.0,20.0
573.0,335.0,19.0,21.0
574.0,336.0,20.0,20.0
574.0,335.0,20.0,21.0
574.0,337.0,20.0,20.0
574.0,336.0,20.0,20.0
576.0,336.0,19.0,20.0
577.0,337.0,19.0,20.0
576.0,336.0,20.0,21.0
576.0,335.0,20.0,20.0
578.0,336.0,18.0,19.0
577.0,336.0,19.0,20.0
579.0,336.0,18.0,20.0
579.0,336.0,18.0,20.0
580.0,336.0,18.0,19.0
580.0,336.0,18.0,20.0
580.0,336.0,18.0,20.0
581.0,337.0,18.0,20.0
582.0,337.0,17.0,19.0
582.0,337.0,17.0,20.0
583.0,337.0,18.0,20.0
583.0,336.0,18.0,20.0
583.0,337.0,18.0,20.0
585.0,337.0,17.0,19.0
585.0,337.0,17.0,20.0
584.0,337.0,18.0,20.0
586.0,337.0,18.0,19.0
586.0,339.0,18.0,19.0
587.0,338.0,18.0,19.0
588.0,339.0,17.0,18.0
587.0,338.0,19.0,19.0
589.0,339.0,19.0,19.0
589.0,339.0,18.0,19.0
589.0,339.0,18.0,18.0
590.0,339.0,18.0,19.0
590.0,339.0,18.0,18.0
591.0,339.0,19.0,19.0
591.0,339.0,20.0,19.0
591.0,338.0,19.0,19.0
592.0,339.0,19.0,20.0
593.0,338.0,18.0,19.0
593.0,338.0,19.0,19.0
594.0,340.0,18.0,19.0
594.0,339.0,18.0,19.0
595.0,340.0,18.0,19.0
595.0,339.0,19.0,19.0
596.0,340.0,18.0,18.0
597.0,340.0,18.0,18.0
597.0,340.0,18.0,18.0
598.0,340.0,19.0,18.0
598.0,340.0,18.0,18.0
598.0,340.0,19.0,19.0
599.0,340.0,18.0,19.0
600.0,341.0,18.0,18.0
600.0,341.0,19.0,18.0
600.0,341.0,18.0,18.0
601.0,342.0,18.0,18.0
602.0,341.0,18.0,18.0
602.0,342.0,18.0,19.0
602.0,342.0,18.0,19.0
603.0,343.0,18.0,18.0
603.0,342.0,19.0,19.0
605.0,342.0,17.0,19.0
605.0,343.0,18.0,18.0
605.0,343.0,17.0,18.0
606.0,343.0,17.0,18.0
605.0,343.0,17.0,17.0
607.0,344.0,17.0,17.0
607.0,344.0,17.0,18.0
608.0,344.0,17.0,18.0
609.0,343.0,16.0,18.0
608.0,344.0,18.0,18.0
610.0,344.0,17.0,18.0
610.0,344.0,17.0,18.0
611.0,344.0,17.0,18.0
611.0,344.0,17.0,18.0
612.0,344.0,17.0,18.0
612.0,344.0,17.0,18.0
611.0,344.0,18.0,18.0
613.0,344.0,18.0,18.0
613.0,345.0,17.0,18.0
614.0,344.0,17.0,18.0
615.0,344.0,16.0,18.0
615.0,344.0,17.0,18.0
614.0,344.0,17.0,18.0
615.0,345.0,17.0,18.0
614.0,343.0,17.0,18.0
614.0,344.0,17.0,18.0
614.0,344.0,17.0,18.0
615.0,344.0,17.0,18.0
614.0,344.0,18.0,19.0
616.0,344.0,17.0,18.0
615.0,344.0,18.0,18.0
616.0,344.0,17.0,18.0
616.0,344.0,16.0,18.0
615.0,344.0,17.0,18.0
616.0,344.0,17.0,18.0
616.0,344.0,17.0,18.0
616.0,344.0,17.0,18.0
615.0,344.0,17.0,18.0
616.0,344.0,17.0,18.0
616.0,344.0,18.0,18.0
616.0,344.0,17.0,18.0
616.0,345.0,17.0,17.0
617.0,344.0,17.0,18.0
616.0,344.0,17.0,18.0
617.0,345.0,17.0,17.0
617.0,344.0,17.0,17.0
617.0,344.0,17.0,17.0
617.0,344.0,17.0,17.0
618.0,344.0,17.0,17.0
617.0,344.0,17.0,17.0
618.0,344.0,17.0,17.0
618.0,344.0,16.0,17.0
619.0,344.0,16.0,17.0
618.0,345.0,17.0,17.0
619.0,345.0,16.0,16.0
619.0,344.0,16.0,17.0
619.0,344.0,16.0,17.0
620.0,345.0,16.0,17.0
620.0,344.0,16.0,17.0
621.0,344.0,15.0,17.0
620.0,344.0,16.0,17.0
621.0,344.0,15.0,17.0
621.0,344.0,15.0,17.0
621.0,344.0,16.0,17.0
622.0,343.0,16.0,17.0
622.0,343.0,16.0,17.0
621.0,343.0,17.0,17.0
621.0,343.0,16.0,17.0
623.0,344.0,16.0,17.0
623.0,343.0,16.0,16.0
622.0,343.0,16.0,16.0
622.0,343.0,16.0,17.0
623.0,344.0,16.0,16.0
622.0,343.0,16.0,16.0
624.0,344.0,16.0,17.0
624.0,344.0,17.0,17.0
623.0,344.0,17.0,17.0
624.0,343.0,16.0,17.0
624.0,344.0,16.0,16.0
624.0,344.0,16.0,17.0
624.0,344.0,16.0,16.0
624.0,344.0,16.0,16.0
624.0,344.0,17.0,16.0
624.0,343.0,16.0,16.0
625.0,344.0,16.0,16.0
626.0,344.0,15.0,16.0
625.0,344.0,16.0,16.0
625.0,344.0,16.0,16.0
626.0,344.0,15.0,16.0
626.0,344.0,16.0,16.0
626.0,344.0,17.0,16.0
626.0,344.0,16.0,16.0
626.0,343.0,17.0,16.0
626.0,343.0,16.0,16.0
626.0,344.0,16.0,15.0
628.0,345.0,16.0,15.0
627.0,345.0,16.0,15.0
628.0,344.0,15.0,15.0
628.0,344.0,15.0,15.0
628.0,344.0,15.0,15.0
628.0,344.0,15.0,15.0
629.0,344.0,15.0,15.0
629.0,343.0,15.0,15.0
629.0,344.0,15.0,15.0
629.0,344.0,15.0,15.0
629.0,343.0,16.0,16.0
629.0,343.0,17.0,15.0
630.0,343.0,17.0,16.0
629.0,343.0,17.0,16.0
630.0,343.0,16.0,16.0
629.0,342.0,16.0,16.0
631.0,343.0,16.0,16.0
631.0,343.0,16.0,16.0
630.0,343.0,16.0,16.0
631.0,343.0,17.0,16.0
632.0,343.0,16.0,16.0
631.0,342.0,16.0,16.0
632.0,342.0,16.0,16.0
632.0,343.0,16.0,16.0
632.0,342.0,17.0,15.0
633.0,342.0,16.0,15.0
633.0,343.0,17.0,16.0
632.0,342.0,17.0,15.0
633.0,342.0,17.0,15.0
634.0,342.0,16.0,15.0
634.0,342.0,16.0,15.0
635.0,342.0,16.0,15.0
635.0,342.0,16.0,14.0
635.0,342.0,16.0,15.0
635.0,342.0,16.0,15.0
636.0,341.0,15.0,15.0
636.0,343.0,16.0,15.0
636.0,342.0,16.0,15.0
637.0,342.0,16.0,15.0
637.0,342.0,16.0,15.0
637.0,342.0,17.0,16.0
637.0,342.0,16.0,15.0
638.0,342.0,16.0,16.0
638.0,342.0,16.0,15.0
639.0,342.0,17.0,16.0
638.0,342.0,17.0,15.0
639.0,342.0,18.0,15.0
639.0,342.0,21.0,16.0
638.0,342.0,20.0,16.0
639.0,342.0,22.0,17.0
639.0,342.0,23.0,18.0
640.0,342.0,24.0,18.0
640.0,342.0,24.0,18.0
641.0,342.0,24.0,18.0
641.0,342.0,24.0,19.0
642.0,341.0,23.0,19.0
643.0,342.0,23.0,19.0
643.0,341.0,23.0,19.0
643.0,341.0,23.0,19.0
644.0,342.0,21.0,19.0
644.0,341.0,21.0,19.0
644.0,341.0,22.0,19.0
645.0,341.0,21.0,19.0
646.0,342.0,21.0,20.0
646.0,341.0,21.0,18.0
647.0,342.0,21.0,19.0
648.0,341.0,19.0,19.0
648.0,341.0,20.0,19.0
649.0,341.0,20.0,18.0
648.0,342.0,22.0,18.0
650.0,342.0,21.0,17.0
652.0,341.0,21.0,18.0
651.0,342.0,21.0,17.0
652.0,341.0,21.0,17.0
653.0,341.0,21.0,16.0
654.0,341.0,21.0,16.0
654.0,342.0,22.0,16.0
655.0,341.0,22.0,16.0
656.0,342.0,21.0,16.0
656.0,341.0,23.0,17.0
658.0,341.0,21.0,16.0
658.0,342.0,22.0,16.0
658.0,341.0,24.0,16.0
659.0,341.0,23.0,16.0
660.0,342.0,22.0,15.0
661.0,341.0,23.0,16.0
661.0,341.0,22.0,17.0
661.0,342.0,24.0,17.0
662.0,341.0,24.0,16.0
662.0,341.0,26.0,16.0
662.0,341.0,26.0,16.0
662.0,341.0,32.0,16.0
659.0,342.0,34.0,17.0
660.0,342.0,38.0,17.0
660.0,342.0,40.0,18.0
660.0,341.0,41.0,19.0
659.0,342.0,42.0,19.0
660.0,341.0,43.0,19.0
660.0,342.0,44.0,18.0
660.0,342.0,45.0,18.0
659.0,342.0,46.0,19.0
660.0,341.0,46.0,19.0
660.0,342.0,48.0,19.0
661.0,342.0,47.0,19.0
662.0,342.0,48.0,20.0
662.0,342.0,49.0,19.0
661.0,342.0,50.0,19.0
662.0,341.0,50.0,20.0
660.0,342.0,52.0,19.0
661.0,341.0,53.0,19.0
662.0,341.0,55.0,21.0
662.0,341.0,54.0,21.0
662.0,342.0,56.0,20.0
664.0,341.0,56.0,21.0
663.0,342.0,55.0,20.0
664.0,342.0,60.0,20.0
665.0,342.0,57.0,20.0
667.0,341.0,60.0,21.0
664.0,342.0,62.0,21.0
665.0,342.0,62.0,21.0
672.0,342.0,58.0,21.0
679.0,342.0,51.0,20.0
693.0,341.0,37.0,19.0
698.0,342.0,34.0,17.0
699.0,342.0,34.0,17.0
699.0,341.0,34.0,17.0
701.0,341.0,34.0,17.0
702.0,341.0,34.0,17.0
702.0,342.0,35.0,17.0
703.0,342.0,37.0,17.0
703.0,341.0,37.0,17.0
704.0,341.0,38.0,17.0
706.0,340.0,38.0,17.0
706.0,340.0,37.0,17.0
706.0,340.0,38.0,18.0
702.0,341.0,39.0,17.0
701.0,341.0,37.0,17.0
697.0,341.0,39.0,17.0
694.0,340.0,40.0,17.0
691.0,340.0,41.0,17.0
687.0,340.0,41.0,17.0
683.0,340.0,42.0,17.0
681.0,340.0,41.0,18.0
677.0,341.0,41.0,17.0
676.0,340.0,38.0,17.0
673.0,341.0,37.0,16.0
669.0,340.0,36.0,17.0
665.0,341.0,37.0,16.0
662.0,341.0,35.0,16.0
658.0,341.0,36.0,15.0
653.0,341.0,36.0,16.0
648.0,341.0,36.0,16.0
644.0,342.0,36.0,16.0
639.0,341.0,37.0,16.0
637.0,340.0,35.0,16.0
632.0,339.0,36.0,16.0
628.0,341.0,37.0,16.0
625.0,340.0,37.0,16.0
621.0,340.0,37.0,16.0
619.0,341.0,37.0,16.0
615.0,341.0,37.0,15.0
613.0,341.0,36.0,15.0
612.0,341.0,36.0,15.0
608.0,342.0,38.0,15.0
607.0,341.0,38.0,15.0
606.0,341.0,37.0,15.0
603.0,342.0,38.0,15.0
604.0,342.0,38.0,15.0
603.0,342.0,37.0,15.0
604.0,342.0,36.0,14.0
605.0,342.0,36.0,15.0
603.0,342.0,37.0,15.0
602.0,343.0,37.0,14.0
603.0,342.0,37.0,15.0
602.0,342.0,38.0,15.0
604.0,342.0,38.0,15.0
605.0,342.0,38.0,15.0
606.0,343.0,39.0,15.0
606.0,343.0,40.0,15.0
607.0,343.0,40.0,14.0
608.0,342.0,40.0,14.0
609.0,342.0,40.0,14.0
609.0,343.0,41.0,14.0
611.0,342.0,42.0,14.0
612.0,342.0,40.0,14.0
614.0,342.0,40.0,14.0
615.0,343.0,40.0,14.0
616.0,343.0,40.0,14.0
616.0,342.0,39.0,14.0
617.0,343.0,39.0,14.0
618.0,343.0,39.0,14.0
619.0,343.0,39.0,15.0
620.0,343.0,38.0,15.0
621.0,343.0,39.0,15.0
622.0,343.0,38.0,15.0
622.0,343.0,38.0,14.0
624.0,343.0,38.0,14.0
624.0,343.0,39.0,15.0
625.0,343.0,38.0,14.0
625.0,344.0,39.0,14.0
626.0,344.0,38.0,15.0
626.0,343.0,39.0,15.0
627.0,343.0,39.0,14.0
629.0,343.0,38.0,14.0
629.0,343.0,38.0,15.0
629.0,343.0,39.0,14.0
630.0,344.0,40.0,15.0
631.0,344.0,40.0,14.0
632.0,343.0,39.0,14.0
632.0,343.0,39.0,14.0
633.0,343.0,39.0,14.0
632.0,343.0,41.0,13.0
633.0,344.0,42.0,14.0
635.0,343.0,39.0,14.0
636.0,343.0,39.0,14.0
636.0,343.0,39.0,14.0
637.0,343.0,39.0,14.0
639.0,344.0,38.0,14.0
639.0,344.0,38.0,14.0
640.0,344.0,39.0,14.0
640.0,344.0,39.0,15.0
641.0,344.0,38.0,15.0
642.0,344.0,37.0,14.0
643.0,343.0,38.0,15.0
643.0,344.0,37.0,14.0
645.0,343.0,38.0,15.0
644.0,343.0,37.0,14.0
645.0,344.0,38.0,13.0
646.0,344.0,38.0,15.0
646.0,343.0,38.0,15.0
648.0,344.0,39.0,16.0
649.0,342.0,38.0,17.0
650.0,343.0,38.0,16.0
651.0,342.0,38.0,17.0
653.0,342.0,38.0,17.0
654.0,342.0,38.0,17.0
655.0,343.0,38.0,16.0
655.0,343.0,38.0,16.0
657.0,345.0,38.0,15.0
657.0,344.0,38.0,16.0
659.0,345.0,39.0,16.0
660.0,345.0,37.0,15.0
660.0,345.0,38.0,15.0
662.0,346.0,38.0,15.0
663.0,346.0,39.0,14.0
665.0,346.0,37.0,15.0
665.0,346.0,37.0,15.0
666.0,346.0,38.0,16.0
667.0,346.0,38.0,16.0
669.0,345.0,38.0,16.0
671.0,346.0,38.0,15.0
671.0,345.0,39.0,15.0
672.0,346.0,39.0,15.0
673.0,346.0,39.0,15.0
674.0,347.0,38.0,15.0
675.0,347.0,38.0,14.0
677.0,346.0,37.0,14.0
678.0,347.0,39.0,15.0
678.0,347.0,37.0,14.0
678.0,347.0,39.0,13.0
680.0,347.0,38.0,13.0
682.0,347.0,38.0,13.0
683.0,347.0,38.0,13.0
686.0,348.0,39.0,13.0
686.0,347.0,39.0,14.0
687.0,348.0,39.0,14.0
689.0,347.0,40.0,14.0
691.0,347.0,39.0,15.0
692.0,347.0,40.0,14.0
694.0,347.0,39.0,15.0
696.0,348.0,38.0,14.0
697.0,348.0,38.0,13.0
697.0,348.0,39.0,14.0
700.0,348.0,38.0,14.0
701.0,348.0,38.0,15.0
704.0,348.0,37.0,16.0
705.0,348.0,36.0,15.0
707.0,348.0,36.0,15.0
708.0,348.0,36.0,15.0
710.0,349.0,37.0,14.0
710.0,349.0,38.0,13.0
712.0,348.0,37.0,14.0
714.0,349.0,37.0,14.0
716.0,348.0,36.0,14.0
717.0,348.0,36.0,15.0
719.0,349.0,36.0,15.0
721.0,349.0,36.0,14.0
722.0,349.0,37.0,14.0
723.0,349.0,36.0,15.0
724.0,350.0,37.0,14.0
726.0,349.0,36.0,14.0
728.0,349.0,36.0,14.0
729.0,350.0,35.0,15.0
730.0,350.0,36.0,14.0
732.0,351.0,36.0,13.0
734.0,350.0,35.0,14.0
735.0,351.0,34.0,14.0
735.0,351.0,37.0,14.0
738.0,351.0,36.0,14.0
738.0,351.0,37.0,14.0
740.0,351.0,35.0,13.0
740.0,351.0,36.0,13.0
743.0,351.0,34.0,14.0
745.0,351.0,33.0,14.0
747.0,351.0,33.0,13.0
747.0,351.0,34.0,14.0
747.0,351.0,34.0,14.0
750.0,351.0,32.0,13.0
751.0,351.0,32.0,14.0
753.0,352.0,31.0,13.0
755.0,352.0,30.0,13.0
756.0,352.0,31.0,14.0
759.0,352.0,29.0,14.0
760.0,352.0,28.0,13.0
761.0,352.0,28.0,13.0
760.0,352.0,31.0,13.0
762.0,353.0,30.0,13.0
761.0,352.0,32.0,14.0
764.0,353.0,31.0,13.0
765.0,352.0,30.0,13.0
767.0,352.0,29.0,13.0
767.0,352.0,30.0,13.0
767.0,352.0,30.0,13.0
769.0,353.0,28.0,14.0
769.0,351.0,28.0,15.0
770.0,352.0,26.0,13.0
770.0,352.0,27.0,14.0
771.0,352.0,28.0,15.0
770.0,352.0,28.0,14.0
770.0,352.0,27.0,14.0
771.0,352.0,26.0,14.0
770.0,352.0,25.0,15.0
769.0,352.0,27.0,15.0
769.0,353.0,23.0,15.0
769.0,352.0,22.0,15.0
768.0,352.0,23.0,15.0
768.0,352.0,21.0,15.0
767.0,352.0,21.0,15.0
767.0,353.0,21.0,15.0
765.0,354.0,23.0,15.0
765.0,352.0,21.0,16.0
763.0,353.0,21.0,16.0
763.0,353.0,21.0,17.0
762.0,353.0,22.0,16.0
762.0,355.0,20.0,15.0
760.0,354.0,19.0,14.0
759.0,353.0,19.0,15.0
759.0,353.0,20.0,16.0
757.0,353.0,19.0,16.0
757.0,353.0,19.0,16.0
757.0,353.0,18.0,16.0
756.0,353.0,18.0,17.0
756.0,353.0,18.0,18.0
755.0,352.0,19.0,17.0
755.0,353.0,18.0,17.0
753.0,352.0,18.0,17.0
752.0,353.0,18.0,18.0
752.0,353.0,18.0,18.0
751.0,353.0,17.0,17.0
750.0,353.0,18.0,18.0
750.0,352.0,17.0,17.0
749.0,353.0,16.0,18.0
747.0,352.0,17.0,17.0
744.0,353.0,17.0,18.0
744.0,353.0,16.0,18.0
741.0,353.0,16.0,18.0
740.0,353.0,16.0,17.0
738.0,353.0,16.0,18.0
736.0,352.0,16.0,17.0
734.0,352.0,16.0,18.0
732.0,353.0,15.0,17.0
730.0,354.0,16.0,17.0
728.0,354.0,16.0,17.0
727.0,353.0,15.0,17.0
724.0,353.0,16.0,17.0
721.0,353.0,17.0,18.0
720.0,354.0,16.0,17.0
718.0,353.0,16.0,18.0
716.0,353.0,16.0,18.0
714.0,353.0,16.0,17.0
711.0,355.0,16.0,17.0
710.0,354.0,16.0,17.0
707.0,354.0,16.0,17.0
706.0,354.0,17.0,17.0
704.0,354.0,17.0,17.0
702.0,354.0,16.0,17.0
700.0,354.0,16.0,17.0
698.0,354.0,16.0,18.0
696.0,355.0,16.0,17.0
694.0,354.0,16.0,18.0
692.0,355.0,16.0,17.0
690.0,356.0,17.0,17.0
688.0,355.0,16.0,17.0
686.0,355.0,16.0,18.0
684.0,355.0,17.0,18.0
682.0,356.0,16.0,18.0
680.0,356.0,17.0,18.0
678.0,355.0,17.0,18.0
677.0,356.0,18.0,18.0
675.0,355.0,18.0,18.0
673.0,356.0,18.0,19.0
672.0,356.0,18.0,18.0
671.0,356.0,18.0,18.0
670.0,356.0,17.0,18.0
668.0,356.0,18.0,18.0
666.0,357.0,17.0,18.0
666.0,357.0,18.0,18.0
666.0,357.0,18.0,18.0
664.0,357.0,17.0,18.0
664.0,358.0,17.0,17.0
662.0,358.0,16.0,18.0
662.0,358.0,16.0,19.0
660.0,358.0,16.0,19.0
658.0,357.0,17.0,20.0
657.0,359.0,16.0,19.0
655.0,358.0,16.0,19.0
654.0,357.0,17.0,20.0
653.0,358.0,16.0,19.0
651.0,358.0,17.0,18.0
650.0,359.0,18.0,19.0
649.0,359.0,18.0,18.0
649.0,358.0,17.0,18.0
648.0,360.0,17.0,18.0
648.0,358.0,16.0,18.0
647.0,359.0,16.0,18.0
648.0,361.0,15.0,16.0
648.0,361.0,15.0,17.0
647.0,360.0,15.0,17.0
648.0,359.0,17.0,19.0
647.0,359.0,16.0,19.0
646.0,361.0,16.0,18.0
646.0,360.0,16.0,18.0
648.0,360.0,16.0,17.0
647.0,359.0,16.0,19.0
646.0,360.0,17.0,18.0
646.0,361.0,17.0,18.0
646.0,362.0,15.0,18.0
647.0,362.0,16.0,18.0
646.0,360.0,17.0,19.0
647.0,360.0,17.0,19.0
646.0,360.0,17.0,19.0
646.0,361.0,17.0,19.0
647.0,359.0,16.0,20.0
646.0,359.0,17.0,19.0
646.0,359.0,17.0,20.0
645.0,359.0,17.0,20.0
645.0,360.0,18.0,20.0
643.0,359.0,18.0,21.0
642.0,359.0,18.0,21.0
642.0,359.0,18.0,22.0
640.0,359.0,18.0,21.0
639.0,359.0,18.0,21.0
637.0,360.0,19.0,21.0
637.0,360.0,19.0,21.0
636.0,359.0,19.0,22.0
635.0,361.0,19.0,22.0
634.0,360.0,19.0,22.0
634.0,360.0,19.0,21.0
633.0,361.0,19.0,21.0
633.0,361.0,19.0,22.0
631.0,361.0,20.0,21.0
631.0,362.0,19.0,22.0
630.0,362.0,18.0,22.0
630.0,363.0,18.0,21.0
630.0,363.0,18.0,22.0
631.0,363.0,19.0,21.0
630.0,363.0,19.0,21.0
629.0,363.0,20.0,21.0
630.0,363.0,20.0,21.0
630.0,364.0,20.0,22.0
629.0,364.0,19.0,21.0
629.0,364.0,19.0,20.0
629.0,364.0,20.0,20.0
628.0,364.0,19.0,20.0
629.0,364.0,20.0,21.0
629.0,365.0,20.0,20.0
629.0,366.0,19.0,20.0
629.0,366.0,18.0,20.0
628.0,365.0,19.0,20.0
628.0,365.0,21.0,21.0
628.0,365.0,21.0,21.0
627.0,365.0,22.0,21.0
624.0,365.0,24.0,22.0
621.0,365.0,27.0,22.0
620.0,365.0,29.0,23.0
621.0,364.0,28.0,23.0
622.0,365.0,27.0,23.0
623.0,364.0,26.0,24.0
623.0,364.0,26.0,24.0
621.0,364.0,27.0,24.0
623.0,365.0,26.0,25.0
622.0,364.0,27.0,25.0
621.0,364.0,27.0,25.0
622.0,365.0,26.0,25.0
621.0,364.0,27.0,26.0
620.0,364.0,27.0,26.0
618.0,365.0,27.0,26.0
620.0,365.0,25.0,27.0
620.0,365.0,25.0,27.0
620.0,366.0,25.0,26.0
619.0,366.0,23.0,26.0
620.0,367.0,23.0,26.0
618.0,366.0,24.0,26.0
618.0,367.0,22.0,25.0
618.0,367.0,24.0,25.0
617.0,366.0,25.0,25.0
616.0,367.0,25.0,25.0
616.0,366.0,26.0,24.0
614.0,367.0,26.0,24.0
616.0,368.0,25.0,25.0
615.0,368.0,26.0,24.0
614.0,368.0,26.0,25.0
613.0,367.0,26.0,26.0
612.0,367.0,28.0,27.0
612.0,367.0,28.0,27.0
612.0,368.0,28.0,27.0
611.0,367.0,29.0,26.0
612.0,368.0,29.0,28.0
611.0,368.0,30.0,27.0
612.0,369.0,29.0,27.0
611.0,368.0,30.0,28.0
611.0,368.0,30.0,28.0
610.0,369.0,30.0,29.0
612.0,369.0,29.0,27.0
612.0,369.0,29.0,27.0
608.0,369.0,31.0,28.0
605.0,368.0,36.0,28.0
604.0,368.0,36.0,30.0
604.0,368.0,37.0,29.0
605.0,369.0,37.0,28.0
607.0,370.0,35.0,28.0
606.0,370.0,35.0,28.0
609.0,370.0,32.0,28.0
609.0,370.0,32.0,29.0
604.0,370.0,37.0,29.0
602.0,368.0,39.0,29.0
603.0,369.0,38.0,29.0
608.0,370.0,34.0,30.0
603.0,369.0,38.0,30.0
609.0,372.0,32.0,29.0
612.0,372.0,29.0,28.0
611.0,372.0,30.0,29.0
611.0,373.0,28.0,29.0
612.0,375.0,28.0,28.0
611.0,374.0,28.0,27.0
612.0,375.0,28.0,27.0
611.0,376.0,28.0,25.0
611.0,377.0,27.0,26.0
611.0,378.0,28.0,27.0
610.0,376.0,30.0,27.0
610.0,376.0,31.0,28.0
609.0,376.0,31.0,28.0
610.0,377.0,30.0,27.0
610.0,377.0,29.0,27.0
610.0,377.0,28.0,26.0
610.0,379.0,28.0,27.0
610.0,379.0,28.0,27.0
609.0,379.0,28.0,28.0
610.0,378.0,28.0,28.0
609.0,378.0,29.0,27.0
610.0,379.0,29.0,28.0
609.0,380.0,30.0,28.0
609.0,381.0,29.0,27.0
610.0,380.0,28.0,27.0
609.0,380.0,30.0,27.0
608.0,381.0,30.0,27.0
608.0,382.0,29.0,27.0
608.0,381.0,29.0,28.0
608.0,382.0,27.0,27.0
608.0,382.0,27.0,27.0
608.0,381.0,26.0,27.0
607.0,382.0,27.0,27.0
608.0,382.0,25.0,27.0
607.0,380.0,26.0,27.0
607.0,381.0,27.0,28.0
607.0,382.0,27.0,28.0
607.0,381.0,27.0,27.0
606.0,380.0,28.0,27.0
606.0,380.0,27.0,26.0
605.0,380.0,27.0,27.0
606.0,380.0,27.0,27.0
606.0,380.0,26.0,28.0
606.0,379.0,28.0,27.0
605.0,379.0,28.0,29.0
605.0,379.0,28.0,28.0
605.0,378.0,29.0,27.0
604.0,379.0,30.0,28.0
604.0,378.0,30.0,30.0
604.0,378.0,30.0,30.0
604.0,377.0,31.0,29.0
604.0,377.0,30.0,28.0
603.0,376.0,29.0,29.0
604.0,376.0,30.0,29.0
603.0,375.0,30.0,28.0
603.0,375.0,31.0,28.0
604.0,374.0,30.0,29.0
603.0,374.0,31.0,28.0
603.0,374.0,31.0,30.0
603.0,374.0,30.0,31.0
603.0,373.0,30.0,31.0
602.0,373.0,31.0,30.0
602.0,372.0,31.0,30.0
600.0,371.0,33.0,31.0
601.0,372.0,31.0,31.0
601.0,371.0,31.0,30.0
601.0,371.0,30.0,30.0
600.0,370.0,31.0,30.0
600.0,370.0,31.0,30.0
599.0,369.0,32.0,30.0
599.0,369.0,33.0,30.0
599.0,368.0,32.0,30.0
599.0,367.0,32.0,31.0
599.0,366.0,32.0,32.0
598.0,366.0,33.0,31.0
598.0,365.0,33.0,32.0
597.0,364.0,34.0,32.0
597.0,363.0,34.0,33.0
596.0,362.0,35.0,32.0
596.0,361.0,34.0,33.0
595.0,361.0,33.0,33.0
595.0,361.0,35.0,33.0
594.0,359.0,35.0,34.0
594.0,359.0,34.0,33.0
593.0,359.0,34.0,34.0
593.0,358.0,33.0,33.0
594.0,357.0,33.0,33.0
594.0,358.0,34.0,32.0
594.0,357.0,34.0,32.0
594.0,356.0,33.0,32.0
595.0,355.0,33.0,32.0
594.0,355.0,32.0,32.0
594.0,355.0,33.0,32.0
594.0,355.0,32.0,33.0
594.0,354.0,33.0,33.0
594.0,354.0,32.0,33.0
595.0,351.0,33.0,34.0
593.0,351.0,33.0,34.0
594.0,350.0,34.0,35.0
593.0,349.0,34.0,34.0
594.0,349.0,34.0,35.0
592.0,348.0,34.0,34.0
592.0,347.0,33.0,35.0
592.0,347.0,33.0,34.0
590.0,346.0,34.0,35.0
590.0,346.0,35.0,35.0
589.0,345.0,35.0,35.0
589.0,345.0,35.0,36.0
588.0,344.0,35.0,35.0
588.0,343.0,35.0,35.0
587.0,343.0,36.0,36.0
587.0,341.0,36.0,37.0
586.0,341.0,37.0,37.0
586.0,341.0,37.0,38.0
586.0,340.0,37.0,38.0
585.0,340.0,37.0,38.0
585.0,339.0,37.0,36.0
585.0,339.0,36.0,36.0
585.0,338.0,36.0,36.0
584.0,337.0,36.0,38.0
584.0,336.0,36.0,37.0
585.0,336.0,36.0,36.0
584.0,336.0,37.0,36.0
582.0,335.0,38.0,38.0
582.0,335.0,39.0,39.0
583.0,334.0,38.0,37.0
581.0,333.0,38.0,38.0
581.0,333.0,39.0,38.0
580.0,332.0,39.0,38.0
580.0,332.0,38.0,38.0
581.0,332.0,39.0,38.0
579.0,330.0,39.0,39.0
579.0,331.0,39.0,39.0
578.0,330.0,39.0,39.0
577.0,329.0,40.0,40.0
578.0,328.0,38.0,40.0
575.0,328.0,40.0,42.0
575.0,328.0,40.0,41.0
576.0,327.0,39.0,41.0
574.0,326.0,40.0,42.0
576.0,327.0,38.0,41.0
576.0,326.0,38.0,41.0
577.0,326.0,38.0,38.0
577.0,326.0,39.0,38.0
577.0,325.0,39.0,39.0
579.0,326.0,38.0,39.0
579.0,325.0,39.0,41.0
579.0,324.0,39.0,41.0
580.0,325.0,40.0,41.0
579.0,324.0,41.0,42.0
580.0,324.0,41.0,43.0
581.0,323.0,41.0,43.0
581.0,323.0,41.0,43.0
582.0,322.0,42.0,43.0
583.0,320.0,42.0,45.0
584.0,320.0,42.0,45.0
585.0,319.0,42.0,45.0
586.0,320.0,42.0,43.0
587.0,319.0,43.0,44.0
586.0,318.0,44.0,45.0
587.0,319.0,44.0,44.0
588.0,318.0,45.0,44.0
587.0,316.0,46.0,45.0
588.0,316.0,47.0,46.0
588.0,316.0,46.0,46.0
588.0,315.0,47.0,47.0
590.0,315.0,45.0,46.0
590.0,315.0,47.0,47.0
590.0,314.0,48.0,48.0
590.0,314.0,48.0,48.0
590.0,313.0,49.0,48.0
592.0,313.0,49.0,47.0
592.0,313.0,49.0,48.0
593.0,312.0,50.0,49.0
594.0,311.0,50.0,50.0
596.0,313.0,50.0,49.0
599.0,313.0,50.0,49.0
598.0,311.0,52.0,50.0
601.0,311.0,51.0,50.0
603.0,312.0,52.0,51.0
604.0,312.0,53.0,51.0
606.0,311.0,53.0,52.0
608.0,310.0,53.0,53.0
608.0,311.0,54.0,53.0
610.0,310.0,55.0,53.0
612.0,311.0,55.0,54.0
613.0,312.0,55.0,53.0
615.0,309.0,56.0,56.0
616.0,310.0,57.0,55.0
616.0,311.0,57.0,55.0
617.0,310.0,59.0,55.0
617.0,310.0,59.0,55.0
618.0,310.0,59.0,57.0
618.0,310.0,59.0,57.0
616.0,309.0,62.0,58.0
619.0,309.0,61.0,58.0
616.0,308.0,63.0,59.0
617.0,309.0,65.0,58.0
618.0,309.0,63.0,59.0
619.0,309.0,64.0,60.0
619.0,309.0,64.0,60.0
618.0,308.0,66.0,61.0
619.0,308.0,66.0,60.0
617.0,308.0,68.0,62.0
616.0,308.0,69.0,62.0
619.0,309.0,67.0,61.0
618.0,308.0,69.0,64.0
618.0,308.0,70.0,63.0
620.0,309.0,70.0,64.0
621.0,308.0,70.0,63.0
623.0,308.0,70.0,64.0
625.0,310.0,71.0,64.0
625.0,308.0,72.0,66.0
628.0,309.0,71.0,67.0
628.0,309.0,72.0,69.0
628.0,310.0,74.0,70.0
632.0,311.0,72.0,70.0
631.0,312.0,72.0,71.0
631.0,313.0,75.0,72.0
632.0,313.0,75.0,73.0
632.0,313.0,75.0,74.0
635.0,316.0,76.0,76.0
635.0,317.0,76.0,75.0
635.0,319.0,76.0,76.0
635.0,320.0,80.0,78.0
637.0,321.0,77.0,78.0
638.0,322.0,78.0,80.0
636.0,324.0,79.0,82.0
637.0,326.0,80.0,83.0
638.0,328.0,81.0,85.0
638.0,330.0,81.0,84.0
639.0,331.0,80.0,86.0
639.0,332.0,81.0,89.0
641.0,334.0,79.0,86.0
639.0,336.0,81.0,88.0
638.0,337.0,85.0,89.0
640.0,339.0,83.0,90.0
642.0,341.0,83.0,89.0
640.0,342.0,86.0,93.0
643.0,345.0,84.0,93.0
640.0,346.0,87.0,95.0
644.0,347.0,85.0,98.0
645.0,351.0,85.0,98.0
644.0,349.0,89.0,100.0
647.0,352.0,87.0,101.0
651.0,354.0,85.0,98.0
652.0,358.0,88.0,100.0
651.0,356.0,89.0,103.0
654.0,358.0,89.0,105.0
656.0,360.0,88.0,103.0
658.0,362.0,89.0,105.0
661.0,363.0,89.0,108.0
662.0,363.0,85.0,109.0
664.0,366.0,86.0,111.0
664.0,366.0,88.0,113.0
666.0,367.0,89.0,116.0
666.0,369.0,91.0,119.0
667.0,371.0,91.0,117.0
666.0,372.0,93.0,122.0
668.0,374.0,92.0,119.0
666.0,374.0,95.0,122.0
665.0,376.0,95.0,125.0
666.0,379.0,95.0,124.0
661.0,378.0,100.0,131.0
663.0,381.0,97.0,130.0
662.0,383.0,99.0,130.0
660.0,387.0,100.0,133.0
658.0,391.0,101.0,134.0
657.0,390.0,102.0,135.0
654.0,391.0,105.0,139.0
655.0,396.0,103.0,138.0
652.0,396.0,106.0,144.0
651.0,400.0,106.0,146.0
649.0,399.0,107.0,152.0
651.0,403.0,105.0,155.0
649.0,405.0,109.0,158.0
646.0,407.0,110.0,163.0
647.0,410.0,113.0,163.0
647.0,413.0,113.0,168.0
644.0,413.0,114.0,173.0
