811.0,368.0,75.0,43.0
805.0,371.0,88.0,40.0
809.0,370.0,86.0,40.0
810.0,371.0,87.0,41.0
810.0,371.0,88.0,41.0
811.0,371.0,85.0,41.0
813.0,372.0,88.0,40.0
814.0,371.0,88.0,41.0
817.0,372.0,88.0,41.0
819.0,372.0,87.0,42.0
820.0,372.0,86.0,41.0
822.0,373.0,87.0,41.0
824.0,372.0,87.0,42.0
825.0,372.0,87.0,42.0
828.0,373.0,87.0,42.0
829.0,372.0,86.0,42.0
830.0,374.0,87.0,41.0
831.0,373.0,87.0,43.0
832.0,373.0,88.0,42.0
832.0,374.0,92.0,42.0
834.0,375.0,91.0,42.0
835.0,375.0,92.0,43.0
837.0,375.0,92.0,43.0
839.0,374.0,92.0,44.0
841.0,376.0,91.0,43.0
843.0,376.0,91.0,43.0
845.0,375.0,90.0,42.0
846.0,376.0,89.0,42.0
847.0,376.0,91.0,42.0
848.0,376.0,91.0,43.0
851.0,376.0,91.0,43.0
852.0,376.0,91.0,43.0
854.0,376.0,90.0,43.0
854.0,377.0,91.0,43.0
856.0,377.0,92.0,43.0
858.0,377.0,91.0,44.0
859.0,377.0,90.0,43.0
860.0,377.0,92.0,43.0
861.0,379.0,91.0,42.0
864.0,377.0,91.0,44.0
865.0,378.0,92.0,43.0
865.0,378.0,93.0,43.0
867.0,379.0,92.0,43.0
869.0,378.0,92.0,44.0
870.0,379.0,94.0,44.0
873.0,379.0,91.0,43.0
873.0,379.0,91.0,43.0
875.0,379.0,91.0,44.0
877.0,380.0,91.0,44.0
878.0,379.0,93.0,45.0
879.0,380.0,94.0,44.0
880.0,380.0,94.0,43.0
882.0,381.0,92.0,43.0
885.0,381.0,90.0,44.0
887.0,381.0,92.0,44.0
888.0,381.0,93.0,44.0
889.0,381.0,92.0,44.0
892.0,381.0,91.0,44.0
893.0,381.0,92.0,44.0
895.0,382.0,92.0,44.0
898.0,382.0,93.0,45.0
899.0,382.0,93.0,44.0
900.0,382.0,93.0,44.0
901.0,382.0,94.0,45.0
902.0,382.0,95.0,45.0
904.0,382.0,94.0,45.0
905.0,382.0,93.0,44.0
908.0,383.0,95.0,44.0
910.0,382.0,94.0,45.0
912.0,384.0,95.0,44.0
914.0,384.0,94.0,45.0
914.0,384.0,94.0,45.0
916.0,383.0,96.0,46.0
919.0,383.0,97.0,45.0
921.0,384.0,96.0,45.0
923.0,385.0,96.0,45.0
924.0,384.0,95.0,45.0
924.0,384.0,97.0,45.0
927.0,384.0,97.0,45.0
930.0,386.0,96.0,44.0
931.0,385.0,97.0,45.0
932.0,385.0,96.0,44.0
935.0,385.0,96.0,45.0
937.0,386.0,95.0,45.0
940.0,386.0,96.0,45.0
940.0,386.0,98.0,45.0
941.0,386.0,97.0,45.0
944.0,386.0,97.0,45.0
945.0,386.0,97.0,45.0
947.0,386.0,99.0,45.0
949.0,386.0,99.0,45.0
951.0,386.0,97.0,45.0
952.0,387.0,97.0,46.0
956.0,387.0,98.0,46.0
958.0,387.0,97.0,46.0
959.0,387.0,97.0,46.0
960.0,386.0,97.0,46.0
961.0,387.0,98.0,46.0
965.0,387.0,99.0,46.0
967.0,387.0,99.0,45.0
969.0,388.0,98.0,46.0
970.0,387.0,98.0,46.0
972.0,387.0,100.0,46.0
973.0,388.0,99.0,46.0
976.0,387.0,101.0,47.0
979.0,388.0,99.0,46.0
980.0,388.0,98.0,46.0
982.0,387.0,98.0,47.0
983.0,387.0,99.0,46.0
985.0,386.0,99.0,46.0
987.0,386.0,98.0,46.0
987.0,386.0,97.0,46.0
989.0,386.0,98.0,47.0
990.0,385.0,99.0,46.0
991.0,384.0,98.0,46.0
993.0,384.0,98.0,47.0
993.0,384.0,98.0,47.0
995.0,383.0,99.0,46.0
996.0,384.0,99.0,46.0
998.0,382.0,100.0,46.0
999.0,381.0,100.0,47.0
999.0,382.0,98.0,47.0
1000.0,380.0,98.0,47.0
1000.0,381.0,98.0,47.0
1002.0,380.0,100.0,47.0
1004.0,379.0,99.0,47.0
1006.0,380.0,96.0,46.0
1006.0,378.0,99.0,46.0
1007.0,378.0,99.0,47.0
1007.0,377.0,100.0,48.0
1008.0,376.0,102.0,47.0
1010.0,377.0,99.0,46.0
1011.0,376.0,100.0,47.0
1012.0,374.0,101.0,47.0
1014.0,373.0,102.0,47.0
1015.0,372.0,102.0,48.0
1016.0,373.0,100.0,47.0
1018.0,372.0,101.0,48.0
1019.0,371.0,102.0,47.0
1021.0,369.0,101.0,47.0
1023.0,368.0,100.0,47.0
1025.0,369.0,97.0,46.0
1025.0,366.0,99.0,48.0
1025.0,365.0,103.0,48.0
1028.0,364.0,101.0,47.0
1030.0,362.0,102.0,48.0
1030.0,363.0,100.0,47.0
1031.0,360.0,102.0,48.0
1034.0,359.0,100.0,48.0
1035.0,358.0,102.0,49.0
1037.0,356.0,102.0,48.0
1037.0,356.0,102.0,47.0
1038.0,355.0,102.0,48.0
1039.0,352.0,103.0,49.0
1041.0,351.0,102.0,49.0
1043.0,349.0,103.0,49.0
1046.0,350.0,100.0,48.0
1047.0,347.0,100.0,49.0
1049.0,346.0,102.0,48.0
1052.0,344.0,99.0,48.0
1053.0,342.0,102.0,49.0
1052.0,343.0,103.0,48.0
1054.0,339.0,102.0,49.0
1054.0,338.0,103.0,49.0
1056.0,336.0,104.0,49.0
1059.0,334.0,101.0,48.0
1062.0,335.0,98.0,47.0
1061.0,332.0,103.0,49.0
1063.0,331.0,103.0,49.0
1063.0,329.0,107.0,49.0
1066.0,328.0,105.0,49.0
1068.0,328.0,102.0,48.0
1068.0,326.0,104.0,49.0
1069.0,324.0,105.0,50.0
1071.0,323.0,106.0,49.0
1073.0,322.0,108.0,49.0
1074.0,323.0,106.0,48.0
1076.0,320.0,105.0,49.0
1078.0,318.0,107.0,49.0
1080.0,318.0,106.0,49.0
1082.0,317.0,107.0,49.0
1083.0,317.0,104.0,49.0
1084.0,315.0,105.0,49.0
1086.0,313.0,108.0,49.0
1087.0,313.0,108.0,49.0
1090.0,311.0,109.0,49.0
1091.0,312.0,105.0,49.0
1092.0,309.0,107.0,49.0
1094.0,308.0,111.0,50.0
1096.0,307.0,109.0,49.0
1098.0,306.0,109.0,49.0
1097.0,307.0,108.0,48.0
1100.0,305.0,107.0,49.0
1101.0,303.0,110.0,49.0
1104.0,302.0,108.0,49.0
1105.0,301.0,110.0,49.0
1104.0,301.0,109.0,49.0
1105.0,300.0,110.0,49.0
1108.0,298.0,110.0,50.0
1109.0,297.0,110.0,49.0
1111.0,296.0,109.0,49.0
1111.0,295.0,108.0,49.0
1112.0,294.0,109.0,49.0
1114.0,293.0,110.0,49.0
1116.0,291.0,110.0,49.0
1118.0,290.0,109.0,49.0
1116.0,289.0,110.0,49.0
1118.0,289.0,110.0,49.0
1121.0,286.0,107.0,49.0
1124.0,286.0,107.0,50.0
1123.0,284.0,111.0,50.0
1124.0,285.0,109.0,50.0
1125.0,283.0,109.0,49.0
1127.0,282.0,110.0,50.0
1128.0,281.0,110.0,50.0
1130.0,278.0,109.0,50.0
1129.0,279.0,107.0,49.0
1129.0,277.0,112.0,50.0
1133.0,277.0,110.0,49.0
1134.0,275.0,109.0,49.0
1135.0,273.0,112.0,51.0
1134.0,274.0,110.0,50.0
1138.0,272.0,110.0,50.0
1140.0,270.0,110.0,50.0
1141.0,269.0,109.0,51.0
1143.0,268.0,110.0,51.0
1140.0,268.0,111.0,51.0
1142.0,267.0,112.0,51.0
1145.0,265.0,110.0,51.0
1146.0,264.0,109.0,51.0
1148.0,262.0,108.0,52.0
1148.0,262.0,110.0,51.0
1148.0,260.0,110.0,51.0
1149.0,259.0,111.0,51.0
1152.0,257.0,109.0,52.0
1151.0,255.0,110.0,53.0
1152.0,257.0,109.0,51.0
1152.0,255.0,109.0,51.0
1154.0,253.0,109.0,52.0
1155.0,252.0,111.0,52.0
1156.0,250.0,109.0,52.0
1155.0,251.0,108.0,51.0
1158.0,249.0,109.0,52.0
1159.0,247.0,106.0,52.0
1160.0,245.0,107.0,52.0
1161.0,244.0,107.0,52.0
1161.0,244.0,107.0,52.0
1163.0,243.0,106.0,51.0
1163.0,242.0,106.0,51.0
1164.0,240.0,107.0,51.0
1162.0,241.0,109.0,51.0
1165.0,238.0,107.0,53.0
1165.0,237.0,105.0,52.0
1166.0,236.0,106.0,53.0
1168.0,234.0,105.0,52.0
1169.0,235.0,104.0,51.0
1170.0,233.0,103.0,52.0
1169.0,232.0,103.0,51.0
1171.0,229.0,102.0,51.0
1170.0,228.0,105.0,52.0
1169.0,228.0,105.0,51.0
1171.0,226.0,104.0,52.0
1172.0,226.0,103.0,50.0
1175.0,224.0,101.0,52.0
1176.0,222.0,101.0,52.0
1175.0,223.0,101.0,50.0
1176.0,220.0,101.0,51.0
1177.0,218.0,99.0,52.0
1177.0,217.0,101.0,52.0
1179.0,215.0,98.0,51.0
1181.0,217.0,96.0,50.0
1182.0,214.0,96.0,54.0
1181.0,213.0,98.0,52.0
1181.0,211.0,99.0,52.0
1181.0,211.0,99.0,50.0
1181.0,211.0,99.0,51.0
1182.0,209.0,98.0,52.0
1183.0,207.0,97.0,53.0
1182.0,206.0,98.0,52.0
1182.0,204.0,98.0,54.0
1181.0,205.0,100.0,53.0
1182.0,204.0,98.0,52.0
1184.0,201.0,96.0,54.0
1184.0,201.0,96.0,53.0
1183.0,199.0,97.0,53.0
1182.0,200.0,98.0,53.0
1184.0,198.0,95.0,54.0
1184.0,198.0,96.0,54.0
1183.0,197.0,97.0,53.0
1185.0,196.0,96.0,55.0
1183.0,196.0,97.0,53.0
1185.0,195.0,97.0,55.0
1182.0,193.0,98.0,54.0
1182.0,194.0,100.0,53.0
1183.0,191.0,97.0,55.0
1182.0,192.0,98.0,54.0
1181.0,191.0,101.0,54.0
1181.0,190.0,99.0,54.0
1181.0,189.0,100.0,54.0
1180.0,188.0,99.0,55.0
1180.0,188.0,100.0,54.0
1179.0,187.0,100.0,54.0
1177.0,186.0,102.0,54.0
1179.0,185.0,101.0,53.0
1176.0,184.0,102.0,54.0
1176.0,184.0,103.0,53.0
1174.0,182.0,104.0,54.0
1174.0,182.0,105.0,54.0
1172.0,181.0,106.0,53.0
1170.0,179.0,107.0,53.0
1169.0,179.0,109.0,54.0
1169.0,178.0,107.0,55.0
1168.0,177.0,109.0,54.0
1164.0,177.0,112.0,53.0
1165.0,175.0,113.0,55.0
1163.0,175.0,112.0,53.0
1162.0,175.0,112.0,52.0
1161.0,172.0,114.0,54.0
1157.0,172.0,117.0,53.0
1157.0,169.0,117.0,54.0
1154.0,171.0,118.0,53.0
1154.0,170.0,119.0,54.0
1151.0,168.0,120.0,54.0
1150.0,167.0,119.0,53.0
1147.0,166.0,119.0,53.0
1145.0,165.0,121.0,54.0
1145.0,164.0,121.0,54.0
1142.0,163.0,121.0,53.0
1138.0,162.0,126.0,55.0
1139.0,161.0,123.0,54.0
1138.0,160.0,123.0,53.0
1136.0,160.0,123.0,53.0
1134.0,159.0,123.0,53.0
1133.0,157.0,123.0,54.0
1129.0,156.0,126.0,55.0
1128.0,157.0,126.0,53.0
1129.0,155.0,123.0,54.0
1126.0,154.0,124.0,54.0
1124.0,153.0,125.0,54.0
1122.0,151.0,126.0,55.0
1121.0,151.0,127.0,53.0
1121.0,150.0,126.0,54.0
1119.0,148.0,126.0,55.0
1117.0,148.0,126.0,54.0
1115.0,147.0,125.0,55.0
1114.0,146.0,126.0,54.0
1112.0,146.0,128.0,54.0
1111.0,144.0,127.0,55.0
1109.0,144.0,126.0,54.0
1108.0,142.0,127.0,55.0
1108.0,142.0,125.0,53.0
1105.0,141.0,127.0,54.0
1103.0,141.0,128.0,54.0
1102.0,138.0,128.0,56.0
1100.0,138.0,128.0,56.0
1099.0,137.0,129.0,55.0
1098.0,136.0,128.0,56.0
1099.0,135.0,126.0,55.0
1094.0,133.0,130.0,56.0
1094.0,132.0,127.0,56.0
1093.0,133.0,129.0,55.0
1091.0,131.0,129.0,56.0
1089.0,129.0,129.0,57.0
1089.0,129.0,127.0,56.0
1087.0,128.0,128.0,55.0
1086.0,128.0,129.0,55.0
1085.0,127.0,129.0,55.0
1083.0,125.0,129.0,55.0
1080.0,125.0,129.0,55.0
1079.0,124.0,130.0,55.0
1079.0,124.0,130.0,55.0
1078.0,122.0,129.0,56.0
1077.0,121.0,129.0,56.0
1074.0,120.0,127.0,57.0
1073.0,119.0,129.0,55.0
1071.0,120.0,130.0,55.0
1071.0,118.0,130.0,56.0
1071.0,116.0,127.0,56.0
1068.0,116.0,129.0,56.0
1068.0,113.0,126.0,56.0
1066.0,116.0,128.0,55.0
1065.0,114.0,127.0,56.0
1064.0,112.0,127.0,56.0
1061.0,111.0,127.0,56.0
1059.0,111.0,128.0,56.0
1057.0,112.0,130.0,56.0
1057.0,110.0,129.0,56.0
1055.0,108.0,128.0,57.0
1054.0,107.0,129.0,56.0
1052.0,106.0,127.0,57.0
1050.0,108.0,129.0,56.0
1049.0,106.0,129.0,56.0
1049.0,104.0,128.0,56.0
1046.0,102.0,128.0,57.0
1044.0,101.0,127.0,57.0
1043.0,104.0,129.0,56.0
1042.0,101.0,129.0,56.0
1039.0,101.0,128.0,57.0
1037.0,100.0,130.0,56.0
1036.0,99.0,128.0,56.0
1035.0,99.0,128.0,55.0
1035.0,98.0,129.0,56.0
1032.0,97.0,128.0,56.0
1030.0,96.0,129.0,56.0
1028.0,95.0,127.0,56.0
1027.0,94.0,130.0,57.0
1026.0,94.0,129.0,56.0
1025.0,93.0,129.0,56.0
1024.0,91.0,128.0,58.0
1022.0,89.0,126.0,56.0
1021.0,92.0,127.0,55.0
1019.0,90.0,128.0,57.0
1017.0,89.0,129.0,56.0
1015.0,89.0,129.0,56.0
1014.0,86.0,129.0,57.0
1011.0,88.0,130.0,56.0
1010.0,86.0,129.0,56.0
1009.0,84.0,129.0,57.0
1006.0,85.0,131.0,56.0
1005.0,84.0,131.0,56.0
1005.0,83.0,131.0,56.0
1005.0,83.0,127.0,55.0
1002.0,82.0,128.0,56.0
999.0,81.0,130.0,57.0
997.0,80.0,129.0,55.0
996.0,80.0,131.0,57.0
997.0,79.0,128.0,55.0
994.0,79.0,129.0,56.0
992.0,77.0,128.0,55.0
990.0,76.0,131.0,57.0
990.0,78.0,131.0,56.0
988.0,77.0,129.0,57.0
986.0,75.0,130.0,56.0
984.0,75.0,129.0,56.0
982.0,74.0,130.0,57.0
982.0,73.0,131.0,56.0
981.0,73.0,129.0,55.0
979.0,72.0,132.0,57.0
977.0,71.0,130.0,56.0
975.0,71.0,130.0,56.0
974.0,71.0,132.0,56.0
973.0,69.0,128.0,56.0
971.0,71.0,129.0,56.0
970.0,68.0,127.0,56.0
968.0,69.0,129.0,55.0
967.0,68.0,130.0,56.0
966.0,68.0,128.0,55.0
964.0,66.0,128.0,55.0
962.0,66.0,130.0,55.0
959.0,66.0,129.0,54.0
958.0,66.0,131.0,55.0
958.0,64.0,130.0,55.0
956.0,64.0,129.0,55.0
955.0,64.0,129.0,56.0
953.0,64.0,129.0,55.0
951.0,63.0,131.0,56.0
950.0,62.0,128.0,55.0
948.0,64.0,130.0,55.0
946.0,62.0,129.0,55.0
944.0,63.0,130.0,55.0
944.0,62.0,131.0,55.0
944.0,62.0,129.0,54.0
942.0,61.0,127.0,54.0
939.0,60.0,129.0,55.0
937.0,60.0,130.0,55.0
937.0,60.0,130.0,55.0
935.0,59.0,128.0,54.0
933.0,60.0,129.0,54.0
932.0,58.0,129.0,55.0
929.0,57.0,129.0,54.0
929.0,58.0,130.0,55.0
927.0,57.0,130.0,55.0
927.0,57.0,131.0,56.0
925.0,56.0,129.0,54.0
923.0,56.0,128.0,54.0
924.0,56.0,127.0,54.0
923.0,56.0,127.0,54.0
920.0,55.0,127.0,54.0
918.0,55.0,128.0,54.0
917.0,56.0,127.0,54.0
915.0,54.0,127.0,55.0
914.0,54.0,128.0,54.0
912.0,53.0,128.0,54.0
911.0,55.0,126.0,53.0
908.0,53.0,128.0,55.0
909.0,53.0,129.0,56.0
906.0,53.0,129.0,54.0
905.0,52.0,128.0,54.0
904.0,52.0,126.0,54.0
901.0,51.0,126.0,55.0
902.0,51.0,127.0,55.0
900.0,50.0,125.0,54.0
898.0,52.0,127.0,54.0
896.0,50.0,126.0,54.0
896.0,51.0,125.0,54.0
894.0,50.0,126.0,54.0
893.0,50.0,125.0,53.0
892.0,49.0,124.0,54.0
889.0,51.0,128.0,55.0
891.0,49.0,126.0,54.0
888.0,49.0,126.0,54.0
887.0,48.0,125.0,54.0
886.0,48.0,125.0,54.0
885.0,48.0,125.0,54.0
885.0,47.0,126.0,56.0
884.0,48.0,124.0,55.0
884.0,48.0,123.0,54.0
882.0,48.0,125.0,54.0
882.0,48.0,124.0,54.0
880.0,47.0,126.0,54.0
880.0,46.0,125.0,55.0
877.0,47.0,126.0,55.0
879.0,46.0,123.0,54.0
875.0,45.0,127.0,55.0
876.0,46.0,125.0,55.0
875.0,46.0,124.0,54.0
875.0,44.0,123.0,54.0
873.0,44.0,124.0,54.0
870.0,45.0,124.0,55.0
871.0,44.0,123.0,55.0
870.0,45.0,126.0,55.0
869.0,44.0,124.0,53.0
867.0,43.0,124.0,55.0
866.0,43.0,124.0,53.0
864.0,43.0,127.0,55.0
864.0,43.0,126.0,54.0
863.0,42.0,125.0,54.0
863.0,41.0,123.0,54.0
861.0,42.0,123.0,54.0
860.0,42.0,125.0,55.0
859.0,42.0,123.0,53.0
856.0,41.0,126.0,55.0
857.0,40.0,122.0,54.0
854.0,42.0,125.0,56.0
854.0,40.0,124.0,56.0
852.0,41.0,124.0,54.0
851.0,41.0,123.0,54.0
847.0,40.0,125.0,54.0
847.0,39.0,126.0,55.0
848.0,39.0,124.0,55.0
845.0,39.0,125.0,53.0
844.0,39.0,123.0,54.0
840.0,38.0,123.0,54.0
841.0,37.0,122.0,55.0
841.0,37.0,124.0,56.0
837.0,37.0,125.0,54.0
837.0,38.0,124.0,54.0
836.0,36.0,122.0,54.0
834.0,36.0,121.0,54.0
832.0,35.0,126.0,55.0
836.0,35.0,120.0,53.0
828.0,34.0,125.0,55.0
830.0,36.0,120.0,53.0
826.0,34.0,123.0,55.0
827.0,34.0,122.0,54.0
829.0,34.0,117.0,53.0
821.0,34.0,127.0,57.0
822.0,35.0,123.0,53.0
824.0,35.0,118.0,53.0
825.0,34.0,117.0,53.0
817.0,33.0,124.0,55.0
820.0,33.0,118.0,53.0
815.0,33.0,124.0,53.0
817.0,33.0,117.0,53.0
816.0,33.0,120.0,53.0
813.0,33.0,121.0,53.0
817.0,32.0,115.0,52.0
809.0,31.0,121.0,55.0
812.0,31.0,116.0,52.0
807.0,31.0,122.0,54.0
809.0,31.0,118.0,53.0
807.0,31.0,118.0,54.0
808.0,31.0,115.0,52.0
802.0,30.0,119.0,54.0
805.0,31.0,116.0,52.0
802.0,30.0,119.0,53.0
799.0,29.0,119.0,53.0
802.0,29.0,115.0,53.0
794.0,29.0,121.0,55.0
796.0,29.0,119.0,52.0
797.0,30.0,118.0,54.0
794.0,28.0,117.0,55.0
796.0,29.0,114.0,52.0
790.0,28.0,120.0,56.0
791.0,29.0,118.0,53.0
790.0,29.0,118.0,53.0
786.0,29.0,121.0,52.0
788.0,28.0,116.0,52.0
787.0,28.0,116.0,53.0
786.0,28.0,116.0,53.0
784.0,28.0,117.0,53.0
780.0,27.0,119.0,53.0
782.0,27.0,115.0,52.0
780.0,27.0,117.0,54.0
778.0,27.0,119.0,54.0
776.0,26.0,118.0,53.0
773.0,27.0,119.0,53.0
770.0,27.0,121.0,54.0
773.0,27.0,118.0,54.0
770.0,27.0,120.0,54.0
770.0,27.0,119.0,55.0
771.0,26.0,115.0,53.0
766.0,26.0,118.0,53.0
763.0,26.0,121.0,55.0
765.0,27.0,119.0,53.0
762.0,26.0,121.0,55.0
766.0,26.0,114.0,54.0
763.0,26.0,114.0,52.0
763.0,25.0,113.0,53.0
761.0,26.0,115.0,53.0
756.0,25.0,121.0,55.0
757.0,26.0,119.0,53.0
752.0,25.0,125.0,56.0
752.0,24.0,121.0,52.0
756.0,24.0,119.0,55.0
753.0,25.0,120.0,54.0
750.0,24.0,121.0,54.0
749.0,25.0,123.0,54.0
744.0,23.0,125.0,54.0
744.0,23.0,124.0,55.0
744.0,23.0,123.0,55.0
751.0,25.0,116.0,54.0
743.0,24.0,123.0,53.0
744.0,23.0,120.0,54.0
748.0,24.0,117.0,54.0
742.0,24.0,122.0,55.0
740.0,23.0,121.0,54.0
738.0,21.0,122.0,55.0
739.0,23.0,125.0,55.0
735.0,21.0,125.0,54.0
737.0,22.0,122.0,54.0
737.0,23.0,122.0,54.0
733.0,22.0,122.0,53.0
732.0,22.0,122.0,55.0
728.0,21.0,125.0,55.0
728.0,22.0,127.0,55.0
730.0,21.0,121.0,54.0
731.0,22.0,123.0,56.0
729.0,23.0,123.0,54.0
727.0,22.0,123.0,54.0
726.0,21.0,121.0,55.0
726.0,21.0,119.0,53.0
723.0,20.0,123.0,54.0
729.0,21.0,113.0,53.0
725.0,21.0,116.0,54.0
722.0,20.0,120.0,55.0
723.0,20.0,117.0,54.0
720.0,21.0,120.0,53.0
715.0,21.0,121.0,52.0
720.0,19.0,113.0,52.0
719.0,20.0,115.0,52.0
714.0,20.0,119.0,54.0
715.0,19.0,115.0,52.0
718.0,19.0,114.0,53.0
717.0,20.0,115.0,53.0
707.0,20.0,126.0,54.0
707.0,19.0,120.0,52.0
708.0,20.0,119.0,52.0
708.0,20.0,118.0,53.0
708.0,20.0,118.0,53.0
706.0,19.0,117.0,53.0
706.0,19.0,118.0,52.0
703.0,19.0,120.0,53.0
702.0,19.0,120.0,53.0
705.0,20.0,118.0,52.0
702.0,19.0,117.0,51.0
703.0,18.0,113.0,52.0
703.0,18.0,112.0,51.0
699.0,18.0,116.0,51.0
696.0,17.0,119.0,53.0
694.0,17.0,121.0,52.0
696.0,18.0,118.0,51.0
694.0,18.0,118.0,51.0
690.0,17.0,122.0,53.0
684.0,16.0,128.0,53.0
687.0,16.0,125.0,52.0
687.0,17.0,120.0,50.0
684.0,16.0,121.0,51.0
680.0,14.0,129.0,54.0
684.0,15.0,123.0,52.0
683.0,16.0,121.0,52.0
681.0,15.0,124.0,53.0
679.0,15.0,123.0,53.0
682.0,14.0,119.0,52.0
681.0,15.0,119.0,52.0
679.0,14.0,121.0,53.0
680.0,16.0,120.0,51.0
676.0,15.0,122.0,51.0
675.0,14.0,124.0,53.0
679.0,14.0,119.0,53.0
674.0,13.0,123.0,53.0
676.0,14.0,119.0,51.0
672.0,15.0,125.0,51.0
671.0,14.0,125.0,51.0
674.0,15.0,123.0,52.0
670.0,13.0,124.0,52.0
674.0,15.0,116.0,50.0
662.0,13.0,126.0,51.0
667.0,12.0,121.0,54.0
670.0,13.0,117.0,51.0
665.0,14.0,120.0,51.0
662.0,14.0,122.0,52.0
661.0,13.0,121.0,53.0
659.0,13.0,124.0,52.0
657.0,13.0,123.0,51.0
658.0,13.0,122.0,53.0
655.0,12.0,126.0,52.0
662.0,13.0,117.0,51.0
658.0,13.0,122.0,51.0
657.0,14.0,122.0,49.0
658.0,13.0,120.0,52.0
660.0,13.0,116.0,50.0
657.0,11.0,119.0,52.0
650.0,12.0,127.0,52.0
653.0,11.0,121.0,51.0
648.0,12.0,126.0,51.0
656.0,14.0,117.0,49.0
642.0,11.0,126.0,53.0
652.0,13.0,116.0,50.0
649.0,12.0,118.0,51.0
645.0,12.0,123.0,51.0
640.0,11.0,124.0,52.0
646.0,13.0,118.0,49.0
640.0,12.0,121.0,51.0
644.0,11.0,117.0,51.0
640.0,11.0,121.0,51.0
643.0,12.0,114.0,49.0
631.0,10.0,124.0,51.0
638.0,10.0,115.0,51.0
638.0,11.0,112.0,50.0
633.0,12.0,116.0,50.0
630.0,12.0,119.0,49.0
628.0,11.0,119.0,50.0
631.0,12.0,114.0,49.0
625.0,12.0,118.0,50.0
627.0,9.0,116.0,52.0
625.0,11.0,120.0,49.0
627.0,11.0,116.0,49.0
628.0,11.0,114.0,50.0
620.0,11.0,123.0,51.0
618.0,11.0,125.0,50.0
618.0,11.0,120.0,48.0
616.0,11.0,121.0,49.0
622.0,13.0,111.0,47.0
609.0,10.0,124.0,52.0
619.0,11.0,115.0,50.0
614.0,10.0,118.0,49.0
612.0,10.0,122.0,50.0
613.0,11.0,118.0,49.0
607.0,10.0,124.0,51.0
607.0,11.0,122.0,49.0
611.0,12.0,112.0,48.0
601.0,9.0,122.0,50.0
609.0,10.0,117.0,50.0
608.0,9.0,115.0,50.0
606.0,10.0,119.0,50.0
599.0,8.0,117.0,52.0
610.0,9.0,105.0,49.0
608.0,8.0,106.0,51.0
599.0,9.0,115.0,49.0
606.0,11.0,105.0,48.0
598.0,9.0,113.0,50.0
592.0,8.0,119.0,51.0
606.0,11.0,106.0,47.0
603.0,9.0,104.0,50.0
599.0,10.0,111.0,49.0
588.0,8.0,122.0,52.0
587.0,9.0,120.0,50.0
587.0,9.0,122.0,50.0
591.0,10.0,113.0,48.0
584.0,8.0,122.0,50.0
590.0,9.0,114.0,49.0
580.0,9.0,125.0,49.0
586.0,10.0,120.0,49.0
581.0,8.0,122.0,51.0
584.0,8.0,120.0,50.0
583.0,7.0,120.0,52.0
579.0,7.0,123.0,51.0
583.0,9.0,119.0,49.0
575.0,7.0,125.0,52.0
588.0,10.0,112.0,49.0
583.0,6.0,112.0,52.0
570.0,7.0,128.0,50.0
563.0,8.0,134.0,51.0
581.0,7.0,115.0,51.0
580.0,7.0,118.0,52.0
569.0,6.0,124.0,51.0
