1215.0,240.0,29.0,36.0
1211.0,239.0,30.0,33.0
1209.0,240.0,31.0,33.0
1206.0,240.0,30.0,32.0
1207.0,240.0,30.0,32.0
1203.0,240.0,31.0,32.0
1202.0,240.0,30.0,32.0
1200.0,240.0,31.0,32.0
1198.0,240.0,30.0,32.0
1196.0,240.0,30.0,32.0
1194.0,240.0,28.0,32.0
1191.0,240.0,30.0,32.0
1189.0,240.0,29.0,32.0
1186.0,240.0,31.0,31.0
1184.0,240.0,30.0,32.0
1183.0,239.0,31.0,32.0
1180.0,240.0,31.0,31.0
1178.0,239.0,30.0,32.0
1175.0,239.0,30.0,32.0
1174.0,239.0,30.0,32.0
1172.0,238.0,29.0,32.0
1173.0,239.0,28.0,32.0
1168.0,239.0,32.0,31.0
1168.0,239.0,31.0,31.0
1165.0,239.0,31.0,31.0
1164.0,238.0,29.0,31.0
1164.0,238.0,29.0,31.0
1162.0,238.0,28.0,31.0
1160.0,238.0,29.0,32.0
1158.0,237.0,29.0,32.0
1156.0,237.0,29.0,32.0
1156.0,237.0,29.0,32.0
1154.0,237.0,29.0,32.0
1153.0,237.0,29.0,32.0
1150.0,237.0,31.0,32.0
1149.0,237.0,30.0,32.0
1149.0,236.0,28.0,32.0
1147.0,236.0,29.0,32.0
1145.0,235.0,29.0,32.0
1143.0,236.0,29.0,31.0
1141.0,235.0,30.0,32.0
1141.0,236.0,28.0,32.0
1138.0,235.0,30.0,31.0
1137.0,235.0,28.0,31.0
1135.0,235.0,29.0,32.0
1133.0,235.0,29.0,31.0
1134.0,234.0,28.0,32.0
1132.0,234.0,27.0,32.0
1131.0,234.0,27.0,32.0
1127.0,233.0,28.0,32.0
1126.0,234.0,28.0,31.0
1126.0,233.0,29.0,31.0
1124.0,233.0,28.0,32.0
1122.0,233.0,28.0,31.0
1121.0,233.0,27.0,32.0
1119.0,233.0,28.0,31.0
1119.0,233.0,28.0,31.0
1117.0,233.0,28.0,31.0
1115.0,233.0,29.0,30.0
1113.0,232.0,28.0,31.0
1111.0,232.0,28.0,31.0
1112.0,231.0,27.0,32.0
1109.0,231.0,28.0,30.0
1108.0,231.0,29.0,32.0
1106.0,231.0,29.0,30.0
1104.0,231.0,29.0,30.0
1105.0,230.0,27.0,31.0
1102.0,230.0,27.0,31.0
1101.0,230.0,28.0,31.0
1099.0,230.0,28.0,31.0
1097.0,229.0,28.0,31.0
1097.0,229.0,27.0,31.0
1096.0,229.0,27.0,31.0
1094.0,229.0,28.0,31.0
1092.0,228.0,28.0,31.0
1089.0,228.0,29.0,32.0
1090.0,228.0,29.0,32.0
1088.0,228.0,29.0,30.0
1086.0,227.0,28.0,31.0
1085.0,227.0,27.0,32.0
1083.0,227.0,27.0,32.0
1083.0,227.0,27.0,32.0
1081.0,227.0,27.0,31.0
1080.0,227.0,29.0,31.0
1078.0,226.0,28.0,30.0
1075.0,226.0,28.0,31.0
1076.0,226.0,27.0,31.0
1075.0,226.0,26.0,30.0
1073.0,226.0,27.0,30.0
1071.0,225.0,26.0,31.0
1068.0,225.0,28.0,30.0
1070.0,225.0,27.0,31.0
1068.0,225.0,27.0,30.0
1066.0,225.0,26.0,31.0
1064.0,225.0,26.0,30.0
1062.0,225.0,26.0,31.0
1064.0,224.0,26.0,30.0
1060.0,224.0,27.0,30.0
1059.0,224.0,28.0,30.0
1057.0,224.0,28.0,31.0
1055.0,224.0,28.0,30.0
1055.0,223.0,27.0,30.0
1054.0,223.0,27.0,31.0
1053.0,223.0,27.0,30.0
1050.0,223.0,27.0,31.0
1048.0,223.0,28.0,30.0
1049.0,223.0,26.0,31.0
1047.0,222.0,28.0,31.0
1046.0,222.0,27.0,31.0
1044.0,222.0,26.0,30.0
1042.0,222.0,26.0,30.0
1042.0,222.0,26.0,31.0
1040.0,222.0,28.0,30.0
1038.0,222.0,28.0,30.0
1037.0,221.0,27.0,30.0
1035.0,222.0,26.0,31.0
1035.0,221.0,26.0,31.0
1033.0,221.0,27.0,30.0
1031.0,220.0,27.0,30.0
1030.0,220.0,27.0,30.0
1028.0,220.0,26.0,30.0
1028.0,219.0,26.0,31.0
1025.0,221.0,28.0,30.0
1025.0,220.0,27.0,31.0
1023.0,220.0,27.0,31.0
1021.0,220.0,27.0,30.0
1022.0,219.0,27.0,30.0
1020.0,220.0,27.0,30.0
1018.0,219.0,27.0,30.0
1016.0,218.0,27.0,30.0
1014.0,219.0,27.0,29.0
1014.0,218.0,26.0,30.0
1013.0,218.0,26.0,29.0
1011.0,218.0,26.0,30.0
1009.0,217.0,27.0,30.0
1008.0,217.0,26.0,30.0
1008.0,218.0,26.0,30.0
1006.0,217.0,27.0,30.0
1004.0,217.0,25.0,30.0
1002.0,217.0,26.0,29.0
1001.0,216.0,26.0,29.0
1000.0,217.0,27.0,29.0
998.0,217.0,26.0,30.0
996.0,216.0,27.0,29.0
995.0,216.0,25.0,30.0
993.0,216.0,26.0,29.0
994.0,216.0,25.0,29.0
991.0,216.0,27.0,29.0
990.0,216.0,27.0,29.0
988.0,216.0,26.0,30.0
986.0,215.0,27.0,29.0
986.0,215.0,26.0,30.0
985.0,215.0,25.0,29.0
984.0,215.0,26.0,29.0
981.0,215.0,27.0,30.0
979.0,215.0,27.0,29.0
979.0,215.0,27.0,29.0
977.0,215.0,27.0,30.0
977.0,215.0,26.0,28.0
975.0,215.0,26.0,29.0
973.0,214.0,26.0,30.0
973.0,214.0,25.0,30.0
971.0,214.0,27.0,29.0
969.0,214.0,26.0,30.0
968.0,214.0,25.0,29.0
966.0,214.0,26.0,30.0
967.0,214.0,25.0,29.0
964.0,213.0,26.0,30.0
962.0,213.0,27.0,29.0
960.0,212.0,27.0,30.0
959.0,213.0,25.0,29.0
960.0,212.0,24.0,30.0
957.0,212.0,25.0,30.0
956.0,212.0,25.0,30.0
953.0,212.0,26.0,30.0
953.0,212.0,27.0,30.0
952.0,212.0,27.0,30.0
951.0,212.0,25.0,30.0
949.0,212.0,25.0,29.0
946.0,212.0,26.0,30.0
945.0,212.0,26.0,30.0
945.0,212.0,26.0,29.0
942.0,212.0,26.0,29.0
941.0,211.0,25.0,29.0
938.0,211.0,26.0,29.0
937.0,211.0,27.0,29.0
937.0,212.0,26.0,29.0
935.0,211.0,26.0,29.0
934.0,211.0,26.0,29.0
933.0,211.0,26.0,29.0
930.0,211.0,26.0,29.0
930.0,211.0,26.0,29.0
928.0,211.0,24.0,29.0
927.0,211.0,25.0,28.0
925.0,211.0,25.0,28.0
923.0,211.0,25.0,29.0
924.0,211.0,25.0,30.0
921.0,211.0,25.0,29.0
919.0,211.0,25.0,28.0
917.0,211.0,25.0,29.0
915.0,211.0,25.0,28.0
915.0,211.0,26.0,28.0
913.0,210.0,25.0,29.0
911.0,211.0,26.0,28.0
909.0,211.0,26.0,28.0
908.0,210.0,26.0,28.0
908.0,211.0,26.0,29.0
906.0,210.0,25.0,29.0
904.0,211.0,25.0,29.0
902.0,211.0,26.0,29.0
900.0,211.0,26.0,28.0
901.0,210.0,26.0,29.0
899.0,211.0,26.0,28.0
897.0,210.0,24.0,29.0
895.0,210.0,24.0,28.0
894.0,210.0,25.0,28.0
894.0,210.0,25.0,28.0
892.0,211.0,25.0,27.0
890.0,210.0,24.0,28.0
889.0,210.0,25.0,28.0
887.0,211.0,24.0,28.0
887.0,210.0,24.0,28.0
885.0,211.0,24.0,28.0
883.0,210.0,24.0,28.0
881.0,210.0,25.0,28.0
879.0,211.0,24.0,28.0
880.0,211.0,24.0,27.0
878.0,210.0,25.0,28.0
874.0,210.0,25.0,28.0
873.0,210.0,24.0,28.0
872.0,210.0,25.0,28.0
872.0,210.0,25.0,28.0
869.0,210.0,25.0,28.0
867.0,210.0,25.0,27.0
865.0,210.0,24.0,28.0
863.0,210.0,24.0,27.0
863.0,210.0,24.0,28.0
862.0,210.0,24.0,28.0
859.0,209.0,25.0,29.0
858.0,209.0,25.0,29.0
855.0,209.0,25.0,28.0
855.0,210.0,24.0,27.0
853.0,209.0,25.0,28.0
851.0,209.0,25.0,28.0
849.0,210.0,25.0,28.0
847.0,210.0,25.0,27.0
848.0,209.0,25.0,28.0
844.0,209.0,24.0,28.0
843.0,209.0,25.0,28.0
841.0,209.0,25.0,28.0
841.0,208.0,25.0,28.0
839.0,208.0,25.0,29.0
836.0,209.0,25.0,28.0
834.0,209.0,24.0,28.0
833.0,209.0,24.0,28.0
832.0,208.0,24.0,28.0
830.0,208.0,25.0,27.0
828.0,208.0,24.0,28.0
826.0,209.0,24.0,28.0
824.0,208.0,24.0,28.0
824.0,209.0,23.0,28.0
822.0,209.0,26.0,28.0
820.0,209.0,24.0,28.0
817.0,209.0,25.0,28.0
815.0,208.0,25.0,28.0
815.0,209.0,24.0,28.0
813.0,208.0,26.0,28.0
811.0,208.0,25.0,28.0
809.0,208.0,24.0,28.0
806.0,209.0,25.0,27.0
807.0,208.0,25.0,27.0
805.0,208.0,24.0,28.0
803.0,208.0,25.0,28.0
800.0,208.0,23.0,29.0
798.0,208.0,25.0,27.0
798.0,208.0,25.0,28.0
797.0,208.0,24.0,28.0
794.0,208.0,24.0,28.0
792.0,208.0,25.0,28.0
790.0,208.0,25.0,28.0
790.0,208.0,25.0,28.0
788.0,208.0,24.0,29.0
785.0,208.0,24.0,29.0
783.0,208.0,25.0,28.0
781.0,208.0,24.0,28.0
782.0,208.0,24.0,29.0
780.0,208.0,24.0,28.0
778.0,207.0,25.0,28.0
776.0,208.0,24.0,28.0
773.0,208.0,25.0,27.0
773.0,208.0,25.0,27.0
772.0,208.0,24.0,29.0
769.0,208.0,25.0,27.0
767.0,208.0,25.0,27.0
765.0,207.0,23.0,29.0
765.0,207.0,23.0,28.0
763.0,207.0,25.0,28.0
761.0,207.0,24.0,28.0
758.0,207.0,25.0,28.0
756.0,208.0,25.0,28.0
756.0,208.0,26.0,27.0
754.0,208.0,24.0,28.0
752.0,208.0,24.0,28.0
750.0,208.0,24.0,28.0
747.0,208.0,25.0,27.0
747.0,207.0,26.0,27.0
745.0,208.0,23.0,27.0
743.0,207.0,25.0,27.0
740.0,207.0,24.0,27.0
738.0,207.0,24.0,28.0
738.0,207.0,24.0,28.0
736.0,208.0,24.0,26.0
733.0,208.0,25.0,27.0
731.0,207.0,25.0,27.0
730.0,207.0,24.0,28.0
730.0,208.0,24.0,28.0
727.0,208.0,25.0,28.0
724.0,208.0,25.0,27.0
723.0,208.0,26.0,27.0
721.0,208.0,23.0,26.0
721.0,208.0,23.0,27.0
718.0,208.0,24.0,27.0
716.0,208.0,25.0,28.0
713.0,208.0,24.0,27.0
712.0,208.0,24.0,27.0
712.0,207.0,24.0,27.0
710.0,207.0,23.0,27.0
707.0,207.0,24.0,27.0
704.0,208.0,26.0,27.0
701.0,207.0,25.0,26.0
702.0,207.0,25.0,27.0
700.0,207.0,24.0,27.0
698.0,208.0,24.0,27.0
696.0,207.0,25.0,27.0
694.0,208.0,23.0,27.0
694.0,207.0,23.0,27.0
691.0,208.0,24.0,27.0
689.0,208.0,24.0,27.0
687.0,207.0,23.0,27.0
686.0,206.0,24.0,27.0
685.0,207.0,24.0,27.0
682.0,207.0,24.0,27.0
680.0,207.0,24.0,27.0
678.0,206.0,24.0,27.0
676.0,206.0,23.0,27.0
676.0,206.0,23.0,27.0
674.0,207.0,24.0,27.0
672.0,206.0,23.0,27.0
671.0,206.0,22.0,27.0
668.0,206.0,24.0,27.0
668.0,206.0,24.0,27.0
667.0,205.0,23.0,27.0
664.0,205.0,23.0,27.0
662.0,205.0,23.0,27.0
660.0,204.0,24.0,27.0
659.0,204.0,24.0,27.0
658.0,205.0,23.0,27.0
655.0,204.0,23.0,27.0
653.0,204.0,23.0,27.0
651.0,204.0,24.0,28.0
651.0,204.0,24.0,28.0
649.0,204.0,24.0,27.0
646.0,204.0,24.0,27.0
644.0,205.0,23.0,27.0
642.0,203.0,24.0,27.0
642.0,203.0,24.0,27.0
641.0,204.0,22.0,28.0
639.0,203.0,23.0,27.0
636.0,204.0,23.0,28.0
633.0,203.0,23.0,28.0
634.0,202.0,23.0,28.0
631.0,203.0,23.0,27.0
629.0,203.0,23.0,27.0
626.0,203.0,24.0,27.0
624.0,203.0,23.0,28.0
624.0,202.0,24.0,28.0
622.0,202.0,23.0,27.0
621.0,203.0,22.0,28.0
618.0,202.0,23.0,27.0
616.0,202.0,24.0,27.0
615.0,202.0,24.0,27.0
613.0,202.0,23.0,27.0
610.0,202.0,24.0,28.0
609.0,201.0,22.0,28.0
606.0,201.0,23.0,28.0
607.0,201.0,23.0,28.0
604.0,202.0,23.0,27.0
601.0,202.0,22.0,27.0
599.0,201.0,24.0,27.0
596.0,201.0,24.0,27.0
597.0,201.0,24.0,27.0
594.0,200.0,24.0,27.0
592.0,201.0,23.0,28.0
590.0,201.0,23.0,26.0
587.0,200.0,24.0,27.0
588.0,200.0,23.0,28.0
586.0,199.0,22.0,27.0
583.0,199.0,23.0,27.0
581.0,200.0,23.0,28.0
579.0,200.0,24.0,27.0
579.0,199.0,24.0,28.0
577.0,199.0,23.0,27.0
575.0,200.0,22.0,27.0
573.0,199.0,23.0,27.0
570.0,199.0,23.0,26.0
570.0,199.0,22.0,26.0
568.0,199.0,23.0,27.0
565.0,199.0,24.0,27.0
564.0,199.0,23.0,27.0
560.0,198.0,23.0,27.0
561.0,198.0,22.0,26.0
558.0,199.0,22.0,26.0
556.0,198.0,23.0,27.0
554.0,198.0,23.0,27.0
552.0,198.0,23.0,26.0
552.0,198.0,23.0,26.0
550.0,198.0,23.0,27.0
546.0,198.0,24.0,27.0
544.0,197.0,23.0,26.0
542.0,198.0,24.0,26.0
542.0,197.0,25.0,27.0
540.0,198.0,23.0,26.0
538.0,197.0,24.0,27.0
536.0,197.0,23.0,27.0
533.0,196.0,23.0,27.0
533.0,197.0,23.0,27.0
530.0,197.0,23.0,26.0
528.0,197.0,23.0,27.0
527.0,196.0,23.0,26.0
523.0,196.0,23.0,27.0
524.0,195.0,23.0,27.0
520.0,196.0,23.0,27.0
519.0,196.0,23.0,27.0
515.0,195.0,23.0,27.0
513.0,195.0,24.0,27.0
513.0,195.0,24.0,27.0
511.0,195.0,23.0,27.0
509.0,195.0,23.0,27.0
506.0,195.0,23.0,27.0
503.0,195.0,24.0,27.0
503.0,195.0,24.0,27.0
501.0,195.0,23.0,27.0
500.0,194.0,23.0,27.0
496.0,194.0,24.0,27.0
494.0,194.0,24.0,27.0
495.0,194.0,24.0,27.0
492.0,194.0,23.0,27.0
490.0,193.0,23.0,27.0
487.0,194.0,23.0,27.0
485.0,193.0,23.0,28.0
485.0,193.0,22.0,28.0
482.0,193.0,22.0,27.0
480.0,193.0,23.0,27.0
478.0,193.0,22.0,27.0
476.0,192.0,23.0,28.0
476.0,192.0,23.0,28.0
473.0,193.0,23.0,27.0
470.0,192.0,24.0,26.0
469.0,192.0,23.0,27.0
465.0,192.0,25.0,27.0
466.0,192.0,24.0,27.0
464.0,192.0,23.0,26.0
461.0,191.0,23.0,27.0
459.0,191.0,23.0,28.0
456.0,191.0,23.0,27.0
456.0,191.0,23.0,27.0
454.0,192.0,24.0,27.0
451.0,191.0,24.0,26.0
450.0,191.0,24.0,27.0
447.0,191.0,24.0,27.0
447.0,191.0,24.0,28.0
445.0,191.0,24.0,26.0
442.0,191.0,24.0,26.0
440.0,190.0,23.0,26.0
437.0,190.0,24.0,27.0
437.0,190.0,24.0,26.0
435.0,189.0,25.0,26.0
433.0,190.0,23.0,26.0
430.0,190.0,24.0,26.0
427.0,190.0,23.0,27.0
428.0,189.0,23.0,27.0
425.0,189.0,23.0,27.0
423.0,189.0,24.0,26.0
419.0,189.0,24.0,26.0
418.0,188.0,24.0,27.0
419.0,188.0,23.0,28.0
416.0,188.0,23.0,27.0
414.0,188.0,23.0,27.0
412.0,188.0,23.0,27.0
408.0,188.0,24.0,27.0
409.0,187.0,23.0,28.0
406.0,187.0,22.0,28.0
404.0,188.0,22.0,28.0
401.0,188.0,24.0,27.0
399.0,187.0,22.0,28.0
400.0,186.0,22.0,28.0
397.0,186.0,23.0,28.0
395.0,188.0,22.0,27.0
392.0,188.0,24.0,27.0
392.0,187.0,23.0,26.0
388.0,187.0,23.0,28.0
386.0,187.0,24.0,27.0
384.0,186.0,23.0,27.0
382.0,186.0,24.0,27.0
381.0,187.0,24.0,27.0
378.0,186.0,24.0,27.0
375.0,185.0,23.0,27.0
374.0,186.0,23.0,28.0
372.0,186.0,25.0,26.0
371.0,186.0,25.0,27.0
370.0,186.0,23.0,27.0
366.0,186.0,24.0,27.0
364.0,186.0,23.0,26.0
362.0,185.0,23.0,27.0
361.0,185.0,23.0,28.0
358.0,185.0,24.0,26.0
355.0,185.0,24.0,28.0
353.0,184.0,23.0,27.0
351.0,184.0,23.0,27.0
351.0,185.0,23.0,28.0
349.0,185.0,24.0,26.0
346.0,184.0,23.0,28.0
344.0,184.0,24.0,27.0
341.0,184.0,23.0,28.0
342.0,183.0,22.0,28.0
339.0,183.0,23.0,28.0
336.0,183.0,23.0,27.0
333.0,184.0,23.0,27.0
331.0,182.0,23.0,27.0
331.0,182.0,24.0,28.0
328.0,183.0,24.0,28.0
325.0,182.0,23.0,28.0
323.0,182.0,24.0,27.0
321.0,182.0,23.0,27.0
320.0,182.0,24.0,27.0
318.0,182.0,22.0,28.0
316.0,181.0,24.0,27.0
313.0,182.0,23.0,27.0
310.0,182.0,23.0,27.0
310.0,181.0,24.0,27.0
307.0,180.0,24.0,27.0
305.0,181.0,22.0,27.0
302.0,181.0,24.0,27.0
300.0,181.0,23.0,27.0
300.0,179.0,23.0,28.0
296.0,180.0,24.0,27.0
294.0,180.0,23.0,27.0
291.0,180.0,24.0,27.0
288.0,179.0,24.0,28.0
288.0,179.0,24.0,28.0
286.0,179.0,23.0,27.0
284.0,179.0,23.0,28.0
281.0,178.0,23.0,27.0
278.0,178.0,23.0,27.0
278.0,178.0,24.0,28.0
275.0,178.0,24.0,28.0
273.0,178.0,24.0,28.0
271.0,177.0,23.0,29.0
267.0,176.0,24.0,29.0
267.0,177.0,24.0,29.0
265.0,177.0,22.0,28.0
261.0,177.0,24.0,27.0
260.0,176.0,22.0,28.0
256.0,176.0,24.0,28.0
256.0,176.0,24.0,28.0
254.0,175.0,23.0,28.0
251.0,175.0,23.0,28.0
247.0,176.0,23.0,28.0
245.0,175.0,24.0,27.0
245.0,174.0,23.0,28.0
242.0,175.0,22.0,28.0
239.0,174.0,23.0,27.0
237.0,174.0,24.0,28.0
235.0,173.0,22.0,28.0
235.0,172.0,22.0,29.0
232.0,172.0,23.0,28.0
229.0,173.0,23.0,28.0
226.0,173.0,24.0,28.0
223.0,173.0,24.0,28.0
222.0,172.0,24.0,28.0
220.0,171.0,23.0,27.0
217.0,172.0,24.0,27.0
215.0,172.0,22.0,27.0
212.0,170.0,24.0,28.0
212.0,170.0,24.0,28.0
209.0,169.0,23.0,29.0
207.0,170.0,22.0,28.0
203.0,169.0,24.0,28.0
201.0,168.0,22.0,29.0
201.0,169.0,23.0,29.0
198.0,169.0,23.0,27.0
194.0,168.0,24.0,28.0
192.0,169.0,23.0,28.0
189.0,168.0,25.0,27.0
189.0,167.0,24.0,27.0
187.0,168.0,22.0,28.0
184.0,167.0,23.0,28.0
180.0,167.0,23.0,28.0
178.0,166.0,24.0,27.0
178.0,167.0,24.0,27.0
175.0,166.0,24.0,28.0
172.0,165.0,24.0,28.0
170.0,165.0,24.0,27.0
167.0,165.0,23.0,28.0
167.0,165.0,23.0,28.0
164.0,164.0,23.0,29.0
162.0,164.0,22.0,28.0
158.0,163.0,22.0,28.0
155.0,163.0,23.0,29.0
155.0,163.0,23.0,30.0
153.0,162.0,23.0,29.0
150.0,163.0,22.0,28.0
148.0,162.0,25.0,29.0
146.0,161.0,22.0,29.0
146.0,161.0,21.0,29.0
142.0,162.0,23.0,29.0
139.0,161.0,24.0,29.0
137.0,161.0,24.0,29.0
134.0,161.0,23.0,29.0
135.0,161.0,24.0,29.0
132.0,161.0,23.0,28.0
129.0,160.0,22.0,29.0
127.0,160.0,22.0,30.0
124.0,160.0,23.0,29.0
125.0,160.0,23.0,30.0
122.0,160.0,22.0,29.0
119.0,159.0,24.0,29.0
115.0,159.0,23.0,28.0
113.0,159.0,23.0,29.0
112.0,159.0,24.0,29.0
112.0,159.0,23.0,29.0
109.0,158.0,24.0,30.0
106.0,158.0,24.0,30.0
105.0,158.0,23.0,30.0
104.0,158.0,24.0,30.0
102.0,157.0,23.0,29.0
99.0,158.0,24.0,30.0
98.0,158.0,21.0,29.0
95.0,157.0,23.0,30.0
95.0,158.0,23.0,29.0
93.0,158.0,23.0,30.0
91.0,158.0,22.0,28.0
89.0,158.0,23.0,28.0
87.0,157.0,23.0,30.0
88.0,157.0,23.0,29.0
85.0,156.0,23.0,30.0
84.0,156.0,22.0,30.0
82.0,157.0,23.0,28.0
81.0,156.0,23.0,30.0
80.0,156.0,23.0,30.0
79.0,157.0,23.0,30.0
79.0,156.0,23.0,31.0
77.0,156.0,22.0,31.0
75.0,156.0,24.0,29.0
76.0,156.0,23.0,29.0
74.0,155.0,23.0,29.0
74.0,155.0,22.0,29.0
73.0,156.0,24.0,29.0
72.0,155.0,24.0,28.0
72.0,156.0,24.0,28.0
72.0,155.0,24.0,29.0
72.0,155.0,24.0,30.0
70.0,156.0,26.0,29.0
70.0,155.0,24.0,29.0
70.0,155.0,24.0,29.0
69.0,155.0,24.0,29.0
68.0,155.0,24.0,29.0
67.0,154.0,23.0,30.0
67.0,154.0,23.0,29.0
67.0,155.0,23.0,29.0
68.0,154.0,23.0,30.0
67.0,155.0,23.0,29.0
66.0,155.0,24.0,29.0
65.0,155.0,24.0,29.0
65.0,155.0,25.0,28.0
65.0,156.0,23.0,28.0
64.0,155.0,23.0,29.0
63.0,155.0,25.0,29.0
64.0,154.0,24.0,30.0
63.0,153.0,24.0,30.0
63.0,154.0,23.0,30.0
62.0,154.0,23.0,30.0
62.0,154.0,23.0,31.0
61.0,153.0,23.0,31.0
60.0,153.0,23.0,31.0
61.0,153.0,23.0,30.0
60.0,154.0,23.0,31.0
59.0,152.0,23.0,31.0
59.0,153.0,23.0,31.0
59.0,153.0,23.0,30.0
59.0,152.0,23.0,31.0
57.0,152.0,24.0,30.0
56.0,153.0,24.0,30.0
57.0,153.0,24.0,30.0
57.0,153.0,24.0,30.0
56.0,153.0,24.0,30.0
55.0,153.0,25.0,30.0
54.0,152.0,25.0,31.0
53.0,153.0,26.0,30.0
54.0,153.0,25.0,30.0
53.0,153.0,26.0,29.0
52.0,153.0,24.0,29.0
52.0,153.0,25.0,29.0
52.0,153.0,24.0,29.0
52.0,153.0,24.0,29.0
50.0,152.0,25.0,29.0
51.0,152.0,24.0,30.0
50.0,152.0,24.0,30.0
49.0,152.0,25.0,30.0
50.0,152.0,25.0,30.0
48.0,152.0,26.0,29.0
48.0,152.0,25.0,30.0
48.0,153.0,24.0,29.0
47.0,153.0,25.0,30.0
47.0,152.0,24.0,30.0
46.0,152.0,25.0,30.0
45.0,153.0,25.0,28.0
46.0,152.0,25.0,29.0
45.0,151.0,24.0,30.0
46.0,151.0,23.0,30.0
44.0,152.0,25.0,29.0
44.0,152.0,24.0,30.0
44.0,152.0,25.0,30.0
43.0,152.0,25.0,30.0
43.0,152.0,25.0,29.0
42.0,152.0,24.0,30.0
41.0,152.0,25.0,29.0
41.0,152.0,24.0,30.0
41.0,151.0,25.0,29.0
41.0,152.0,25.0,29.0
40.0,152.0,25.0,30.0
40.0,151.0,24.0,29.0
40.0,152.0,24.0,29.0
39.0,152.0,24.0,30.0
39.0,152.0,24.0,30.0
39.0,151.0,24.0,30.0
38.0,151.0,25.0,30.0
37.0,151.0,24.0,30.0
37.0,151.0,24.0,29.0
38.0,151.0,23.0,30.0
38.0,151.0,23.0,29.0
36.0,151.0,24.0,30.0
36.0,151.0,23.0,30.0
37.0,150.0,22.0,30.0
36.0,150.0,22.0,30.0
35.0,150.0,24.0,29.0
35.0,150.0,25.0,31.0
35.0,150.0,23.0,30.0
35.0,151.0,23.0,30.0
35.0,150.0,23.0,30.0
35.0,151.0,23.0,30.0
35.0,150.0,24.0,30.0
34.0,151.0,24.0,30.0
35.0,151.0,24.0,30.0
34.0,150.0,23.0,31.0
34.0,150.0,23.0,29.0
34.0,151.0,23.0,30.0
35.0,150.0,24.0,30.0
35.0,151.0,24.0,30.0
34.0,151.0,24.0,29.0
35.0,151.0,24.0,30.0
35.0,151.0,25.0,29.0
35.0,151.0,24.0,30.0
35.0,151.0,24.0,30.0
36.0,152.0,24.0,29.0
36.0,151.0,24.0,28.0
37.0,151.0,24.0,29.0
37.0,151.0,25.0,30.0
36.0,151.0,25.0,30.0
38.0,151.0,24.0,28.0
38.0,151.0,25.0,29.0
40.0,152.0,24.0,30.0
40.0,152.0,25.0,30.0
40.0,152.0,25.0,30.0
40.0,151.0,25.0,28.0
41.0,151.0,24.0,30.0
42.0,151.0,24.0,30.0
43.0,152.0,25.0,29.0
42.0,152.0,25.0,29.0
42.0,152.0,24.0,30.0
43.0,153.0,25.0,29.0
44.0,152.0,24.0,29.0
45.0,153.0,24.0,28.0
45.0,153.0,24.0,28.0
45.0,152.0,25.0,29.0
46.0,153.0,25.0,29.0
47.0,153.0,25.0,28.0
48.0,154.0,26.0,28.0
48.0,154.0,26.0,29.0
49.0,153.0,25.0,29.0
51.0,154.0,24.0,29.0
52.0,154.0,24.0,28.0
54.0,153.0,26.0,29.0
53.0,153.0,26.0,29.0
54.0,153.0,27.0,29.0
58.0,154.0,25.0,30.0
60.0,153.0,24.0,29.0
62.0,154.0,25.0,29.0
62.0,154.0,25.0,29.0
64.0,153.0,27.0,29.0
67.0,153.0,25.0,30.0
70.0,153.0,25.0,30.0
71.0,153.0,25.0,30.0
71.0,153.0,25.0,29.0
73.0,154.0,25.0,30.0
77.0,153.0,25.0,30.0
79.0,154.0,24.0,30.0
82.0,153.0,25.0,30.0
81.0,154.0,24.0,30.0
83.0,153.0,27.0,30.0
87.0,154.0,25.0,29.0
91.0,154.0,24.0,29.0
92.0,154.0,25.0,29.0
93.0,155.0,24.0,29.0
95.0,155.0,25.0,29.0
98.0,153.0,25.0,30.0
101.0,154.0,25.0,29.0
103.0,154.0,25.0,28.0
103.0,155.0,26.0,28.0
106.0,153.0,24.0,30.0
109.0,154.0,23.0,29.0
111.0,155.0,24.0,29.0
114.0,153.0,25.0,30.0
113.0,154.0,25.0,30.0
116.0,153.0,26.0,29.0
118.0,154.0,24.0,30.0
121.0,154.0,25.0,29.0
124.0,154.0,24.0,29.0
123.0,155.0,25.0,28.0
