1200.0,108.0,29.0,47.0
1198.0,108.0,30.0,47.0
1197.0,107.0,29.0,47.0
1197.0,108.0,30.0,47.0
1198.0,107.0,29.0,47.0
1197.0,108.0,29.0,47.0
1197.0,108.0,29.0,47.0
1197.0,107.0,29.0,47.0
1197.0,108.0,30.0,47.0
1198.0,107.0,29.0,47.0
1198.0,106.0,30.0,47.0
1198.0,106.0,30.0,47.0
1198.0,107.0,30.0,46.0
1198.0,106.0,30.0,46.0
1198.0,107.0,30.0,47.0
1199.0,106.0,30.0,47.0
1199.0,106.0,30.0,47.0
1199.0,107.0,30.0,47.0
1199.0,107.0,30.0,47.0
1198.0,107.0,30.0,47.0
1198.0,107.0,30.0,47.0
1198.0,107.0,30.0,47.0
1198.0,107.0,30.0,47.0
1199.0,106.0,29.0,47.0
1199.0,106.0,30.0,47.0
1199.0,106.0,30.0,47.0
1199.0,106.0,30.0,47.0
1198.0,106.0,29.0,47.0
1199.0,105.0,29.0,47.0
1200.0,106.0,30.0,47.0
1199.0,105.0,29.0,47.0
1199.0,105.0,29.0,47.0
1198.0,106.0,30.0,47.0
1199.0,105.0,30.0,47.0
1199.0,105.0,30.0,47.0
1199.0,105.0,29.0,47.0
1199.0,106.0,30.0,47.0
1199.0,105.0,29.0,47.0
1199.0,106.0,30.0,47.0
1199.0,106.0,30.0,47.0
1199.0,106.0,30.0,47.0
1199.0,106.0,30.0,47.0
1198.0,106.0,30.0,47.0
1199.0,105.0,29.0,47.0
1199.0,105.0,30.0,47.0
1199.0,105.0,30.0,47.0
1199.0,105.0,30.0,47.0
1198.0,105.0,30.0,47.0
1199.0,104.0,30.0,47.0
1199.0,104.0,30.0,47.0
1198.0,105.0,30.0,47.0
1198.0,105.0,30.0,47.0
1199.0,104.0,30.0,47.0
1199.0,104.0,30.0,47.0
1199.0,104.0,30.0,47.0
1199.0,104.0,30.0,47.0
1199.0,104.0,30.0,47.0
1199.0,104.0,30.0,47.0
1199.0,104.0,30.0,47.0
1199.0,104.0,30.0,47.0
1199.0,104.0,30.0,47.0
1198.0,104.0,30.0,47.0
1200.0,104.0,30.0,47.0
1199.0,104.0,30.0,47.0
1200.0,104.0,30.0,47.0
1199.0,104.0,30.0,47.0
1200.0,104.0,30.0,47.0
1200.0,104.0,30.0,47.0
1199.0,104.0,30.0,47.0
1199.0,104.0,30.0,47.0
1199.0,104.0,30.0,47.0
1199.0,104.0,30.0,47.0
1200.0,103.0,30.0,48.0
1199.0,104.0,30.0,48.0
1200.0,103.0,29.0,47.0
1199.0,103.0,29.0,47.0
1199.0,103.0,30.0,47.0
1199.0,103.0,30.0,47.0
1198.0,103.0,30.0,47.0
1198.0,103.0,30.0,47.0
1198.0,103.0,30.0,47.0
1197.0,102.0,30.0,47.0
1197.0,103.0,30.0,47.0
1196.0,102.0,30.0,47.0
1197.0,102.0,30.0,47.0
1196.0,103.0,29.0,47.0
1196.0,102.0,30.0,47.0
1195.0,102.0,29.0,47.0
1195.0,102.0,30.0,47.0
1195.0,102.0,30.0,48.0
1195.0,102.0,30.0,48.0
1195.0,102.0,30.0,48.0
1195.0,101.0,30.0,48.0
1194.0,102.0,30.0,48.0
1193.0,102.0,29.0,48.0
1193.0,101.0,30.0,49.0
1193.0,102.0,30.0,48.0
1193.0,101.0,30.0,48.0
1192.0,101.0,30.0,47.0
1192.0,101.0,30.0,48.0
1191.0,101.0,30.0,48.0
1191.0,101.0,30.0,47.0
1191.0,100.0,30.0,48.0
1191.0,100.0,30.0,48.0
1190.0,100.0,30.0,48.0
1190.0,100.0,29.0,47.0
1190.0,100.0,29.0,47.0
1188.0,100.0,30.0,49.0
1188.0,100.0,30.0,48.0
1188.0,100.0,30.0,48.0
1187.0,100.0,30.0,49.0
1187.0,100.0,30.0,48.0
1187.0,99.0,30.0,48.0
1187.0,99.0,30.0,48.0
1186.0,100.0,30.0,49.0
1185.0,99.0,30.0,49.0
1186.0,99.0,30.0,49.0
1185.0,99.0,30.0,49.0
1184.0,99.0,30.0,49.0
1183.0,99.0,30.0,49.0
1183.0,99.0,31.0,48.0
1183.0,99.0,30.0,48.0
1182.0,99.0,30.0,49.0
1182.0,99.0,30.0,49.0
1181.0,98.0,30.0,49.0
1180.0,98.0,30.0,48.0
1180.0,98.0,30.0,49.0
1180.0,98.0,30.0,49.0
1179.0,98.0,30.0,49.0
1178.0,99.0,30.0,48.0
1178.0,98.0,30.0,49.0
1177.0,99.0,31.0,49.0
1177.0,98.0,30.0,49.0
1176.0,99.0,31.0,49.0
1175.0,98.0,31.0,49.0
1174.0,98.0,31.0,49.0
1174.0,98.0,30.0,49.0
1173.0,98.0,31.0,49.0
1173.0,97.0,31.0,49.0
1172.0,97.0,30.0,49.0
1171.0,97.0,30.0,49.0
1171.0,97.0,31.0,49.0
1170.0,98.0,31.0,49.0
1168.0,98.0,31.0,49.0
1167.0,98.0,31.0,49.0
1167.0,97.0,30.0,49.0
1167.0,97.0,31.0,49.0
1165.0,96.0,31.0,50.0
1165.0,96.0,31.0,49.0
1163.0,96.0,31.0,50.0
1163.0,97.0,31.0,49.0
1162.0,97.0,30.0,49.0
1162.0,96.0,31.0,49.0
1160.0,97.0,31.0,50.0
1159.0,96.0,31.0,49.0
1158.0,95.0,31.0,49.0
1158.0,96.0,31.0,49.0
1156.0,96.0,31.0,49.0
1155.0,96.0,31.0,49.0
1155.0,95.0,30.0,49.0
1154.0,96.0,31.0,50.0
1153.0,96.0,31.0,49.0
1153.0,95.0,31.0,49.0
1151.0,96.0,31.0,49.0
1150.0,96.0,31.0,49.0
1149.0,96.0,31.0,49.0
1149.0,95.0,30.0,49.0
1148.0,95.0,31.0,50.0
1147.0,94.0,30.0,49.0
1146.0,94.0,30.0,49.0
1145.0,94.0,31.0,50.0
1144.0,94.0,31.0,50.0
1144.0,94.0,31.0,50.0
1142.0,94.0,31.0,50.0
1141.0,94.0,31.0,50.0
1141.0,94.0,31.0,50.0
1141.0,93.0,31.0,50.0
1141.0,92.0,30.0,50.0
1139.0,93.0,31.0,50.0
1138.0,92.0,31.0,50.0
1137.0,93.0,31.0,51.0
1137.0,92.0,30.0,50.0
1136.0,92.0,30.0,50.0
1135.0,92.0,31.0,51.0
1134.0,92.0,31.0,50.0
1133.0,91.0,30.0,50.0
1133.0,91.0,30.0,50.0
1131.0,92.0,31.0,51.0
1130.0,91.0,30.0,50.0
1129.0,91.0,30.0,51.0
1127.0,91.0,31.0,51.0
1127.0,90.0,30.0,51.0
1126.0,90.0,30.0,50.0
1125.0,90.0,30.0,51.0
1124.0,90.0,31.0,51.0
1123.0,90.0,30.0,51.0
1123.0,90.0,30.0,51.0
1121.0,90.0,30.0,51.0
1119.0,90.0,31.0,51.0
1118.0,89.0,31.0,51.0
1117.0,89.0,31.0,51.0
1117.0,88.0,31.0,51.0
1115.0,89.0,31.0,51.0
1115.0,89.0,30.0,51.0
1113.0,88.0,31.0,51.0
1111.0,89.0,31.0,51.0
1111.0,89.0,31.0,51.0
1110.0,89.0,31.0,51.0
1109.0,89.0,30.0,51.0
1108.0,89.0,30.0,51.0
1106.0,89.0,30.0,50.0
1106.0,88.0,30.0,51.0
1105.0,88.0,31.0,51.0
1103.0,88.0,31.0,51.0
1101.0,88.0,31.0,51.0
1100.0,88.0,30.0,51.0
1100.0,87.0,30.0,50.0
1098.0,88.0,31.0,51.0
1097.0,88.0,30.0,51.0
1096.0,88.0,30.0,50.0
1094.0,87.0,31.0,51.0
1094.0,87.0,31.0,51.0
1092.0,87.0,31.0,51.0
1090.0,87.0,31.0,51.0
1089.0,87.0,30.0,51.0
1088.0,86.0,30.0,51.0
1088.0,86.0,30.0,51.0
1086.0,87.0,31.0,52.0
1086.0,87.0,30.0,51.0
1084.0,87.0,31.0,51.0
1083.0,87.0,31.0,52.0
1082.0,86.0,30.0,51.0
1081.0,87.0,30.0,51.0
1080.0,86.0,31.0,51.0
1078.0,86.0,31.0,51.0
1076.0,86.0,31.0,51.0
1077.0,86.0,31.0,51.0
1075.0,86.0,31.0,51.0
1074.0,85.0,30.0,51.0
1073.0,86.0,31.0,51.0
1071.0,86.0,30.0,51.0
1070.0,86.0,31.0,52.0
1070.0,85.0,31.0,52.0
1068.0,86.0,31.0,52.0
1066.0,85.0,31.0,52.0
1065.0,85.0,31.0,53.0
1065.0,85.0,30.0,53.0
1063.0,86.0,31.0,52.0
1062.0,85.0,31.0,52.0
1060.0,85.0,31.0,53.0
1060.0,85.0,30.0,52.0
1059.0,85.0,30.0,52.0
1057.0,86.0,30.0,52.0
1056.0,86.0,30.0,52.0
1054.0,85.0,30.0,52.0
1054.0,85.0,30.0,52.0
1052.0,85.0,31.0,52.0
1050.0,85.0,30.0,52.0
1049.0,85.0,30.0,52.0
1047.0,83.0,30.0,54.0
1048.0,84.0,30.0,54.0
1046.0,84.0,31.0,54.0
1044.0,84.0,31.0,54.0
1041.0,84.0,31.0,54.0
1041.0,84.0,31.0,54.0
1040.0,84.0,30.0,54.0
1039.0,83.0,30.0,54.0
1037.0,83.0,31.0,54.0
1035.0,84.0,31.0,55.0
1033.0,84.0,31.0,55.0
1034.0,83.0,31.0,54.0
1032.0,83.0,31.0,54.0
1029.0,83.0,31.0,55.0
1028.0,83.0,31.0,55.0
1026.0,83.0,31.0,54.0
1026.0,83.0,31.0,53.0
1023.0,82.0,31.0,54.0
1022.0,82.0,32.0,55.0
1019.0,83.0,31.0,55.0
1017.0,82.0,32.0,55.0
1017.0,82.0,32.0,55.0
1015.0,82.0,32.0,55.0
1013.0,82.0,32.0,55.0
1012.0,81.0,32.0,55.0
1009.0,81.0,32.0,56.0
1009.0,81.0,32.0,55.0
1007.0,81.0,32.0,55.0
1005.0,81.0,32.0,56.0
1002.0,81.0,32.0,56.0
1001.0,82.0,32.0,55.0
1000.0,81.0,32.0,54.0
999.0,81.0,32.0,54.0
997.0,82.0,32.0,54.0
995.0,81.0,32.0,55.0
993.0,81.0,31.0,55.0
992.0,81.0,32.0,54.0
990.0,81.0,32.0,55.0
988.0,80.0,32.0,56.0
986.0,80.0,32.0,56.0
984.0,81.0,32.0,55.0
984.0,80.0,32.0,55.0
982.0,80.0,33.0,55.0
980.0,80.0,33.0,56.0
978.0,80.0,33.0,56.0
976.0,80.0,33.0,56.0
976.0,80.0,33.0,56.0
975.0,81.0,33.0,56.0
971.0,80.0,33.0,57.0
970.0,79.0,32.0,57.0
969.0,80.0,33.0,57.0
968.0,80.0,33.0,56.0
966.0,79.0,33.0,57.0
964.0,79.0,33.0,58.0
962.0,79.0,33.0,58.0
959.0,78.0,33.0,58.0
959.0,79.0,33.0,57.0
957.0,77.0,33.0,58.0
954.0,78.0,33.0,57.0
953.0,78.0,33.0,57.0
951.0,78.0,33.0,57.0
951.0,78.0,33.0,57.0
948.0,78.0,33.0,57.0
946.0,77.0,33.0,58.0
945.0,77.0,33.0,58.0
942.0,77.0,33.0,58.0
942.0,76.0,33.0,57.0
940.0,76.0,33.0,57.0
938.0,76.0,34.0,58.0
935.0,76.0,33.0,59.0
934.0,76.0,34.0,60.0
933.0,76.0,34.0,58.0
931.0,76.0,34.0,58.0
929.0,76.0,33.0,58.0
927.0,75.0,34.0,60.0
924.0,74.0,34.0,60.0
923.0,74.0,34.0,58.0
921.0,74.0,34.0,59.0
919.0,74.0,34.0,59.0
917.0,74.0,34.0,60.0
915.0,74.0,34.0,59.0
914.0,74.0,34.0,58.0
912.0,74.0,34.0,59.0
910.0,74.0,34.0,59.0
907.0,73.0,34.0,59.0
905.0,73.0,34.0,59.0
905.0,73.0,35.0,59.0
903.0,73.0,34.0,60.0
900.0,73.0,34.0,59.0
898.0,72.0,35.0,61.0
895.0,73.0,34.0,60.0
895.0,73.0,35.0,60.0
893.0,73.0,35.0,60.0
890.0,72.0,35.0,61.0
887.0,71.0,35.0,61.0
884.0,71.0,35.0,61.0
884.0,71.0,35.0,61.0
882.0,71.0,35.0,61.0
879.0,70.0,36.0,62.0
877.0,70.0,36.0,62.0
874.0,70.0,36.0,61.0
873.0,70.0,36.0,62.0
871.0,69.0,36.0,62.0
868.0,70.0,36.0,62.0
867.0,69.0,36.0,62.0
864.0,69.0,36.0,63.0
863.0,69.0,37.0,62.0
860.0,69.0,36.0,62.0
858.0,69.0,37.0,62.0
855.0,68.0,37.0,63.0
852.0,68.0,37.0,63.0
851.0,69.0,37.0,62.0
849.0,68.0,36.0,63.0
846.0,68.0,37.0,63.0
843.0,67.0,37.0,64.0
841.0,67.0,37.0,63.0
840.0,67.0,37.0,62.0
838.0,67.0,37.0,63.0
835.0,67.0,37.0,63.0
833.0,67.0,37.0,64.0
830.0,66.0,37.0,63.0
831.0,66.0,37.0,63.0
828.0,66.0,37.0,63.0
825.0,65.0,37.0,64.0
822.0,65.0,38.0,64.0
819.0,65.0,37.0,63.0
819.0,65.0,38.0,63.0
817.0,64.0,37.0,64.0
814.0,65.0,37.0,65.0
811.0,65.0,38.0,65.0
810.0,65.0,36.0,65.0
809.0,65.0,37.0,64.0
806.0,65.0,37.0,65.0
804.0,64.0,37.0,67.0
801.0,64.0,38.0,65.0
798.0,63.0,38.0,64.0
797.0,63.0,38.0,66.0
796.0,62.0,39.0,66.0
794.0,63.0,37.0,64.0
792.0,62.0,38.0,65.0
790.0,61.0,38.0,64.0
790.0,62.0,38.0,63.0
787.0,62.0,38.0,64.0
786.0,61.0,38.0,60.0
784.0,61.0,38.0,63.0
782.0,60.0,38.0,65.0
781.0,61.0,38.0,63.0
779.0,60.0,38.0,62.0
777.0,60.0,37.0,62.0
776.0,60.0,38.0,63.0
774.0,59.0,38.0,64.0
774.0,60.0,38.0,60.0
772.0,59.0,38.0,63.0
770.0,59.0,37.0,58.0
769.0,59.0,38.0,59.0
767.0,59.0,37.0,58.0
767.0,58.0,38.0,59.0
765.0,57.0,38.0,59.0
763.0,57.0,38.0,59.0
762.0,57.0,38.0,58.0
760.0,56.0,38.0,59.0
759.0,57.0,38.0,57.0
757.0,56.0,39.0,64.0
755.0,57.0,40.0,69.0
753.0,57.0,40.0,69.0
751.0,57.0,40.0,69.0
750.0,56.0,41.0,70.0
749.0,56.0,40.0,74.0
746.0,56.0,41.0,80.0
744.0,56.0,41.0,81.0
742.0,55.0,43.0,78.0
743.0,54.0,41.0,70.0
742.0,54.0,40.0,72.0
739.0,54.0,42.0,75.0
738.0,54.0,39.0,76.0
735.0,53.0,42.0,77.0
736.0,54.0,42.0,73.0
734.0,53.0,40.0,77.0
732.0,53.0,41.0,79.0
730.0,53.0,41.0,78.0
728.0,53.0,41.0,77.0
728.0,53.0,41.0,72.0
726.0,52.0,41.0,78.0
724.0,53.0,42.0,79.0
722.0,52.0,42.0,78.0
720.0,51.0,43.0,77.0
720.0,52.0,43.0,76.0
719.0,51.0,42.0,78.0
716.0,51.0,43.0,83.0
714.0,49.0,42.0,84.0
711.0,50.0,44.0,84.0
712.0,49.0,43.0,81.0
708.0,50.0,44.0,83.0
707.0,50.0,44.0,80.0
705.0,50.0,44.0,84.0
703.0,50.0,45.0,81.0
703.0,50.0,44.0,81.0
701.0,48.0,44.0,84.0
700.0,48.0,44.0,82.0
697.0,48.0,44.0,86.0
694.0,46.0,44.0,79.0
694.0,47.0,44.0,82.0
692.0,47.0,45.0,85.0
691.0,46.0,45.0,82.0
689.0,46.0,44.0,84.0
686.0,46.0,45.0,87.0
686.0,46.0,44.0,83.0
684.0,45.0,45.0,86.0
681.0,47.0,45.0,88.0
679.0,46.0,46.0,87.0
678.0,45.0,44.0,87.0
679.0,47.0,45.0,87.0
676.0,45.0,44.0,87.0
672.0,45.0,45.0,89.0
672.0,44.0,46.0,84.0
669.0,43.0,45.0,89.0
670.0,43.0,45.0,84.0
665.0,42.0,47.0,84.0
663.0,43.0,47.0,89.0
662.0,42.0,46.0,87.0
659.0,41.0,47.0,91.0
660.0,41.0,46.0,82.0
658.0,41.0,46.0,85.0
654.0,40.0,48.0,91.0
653.0,41.0,47.0,86.0
650.0,40.0,46.0,90.0
650.0,42.0,48.0,84.0
648.0,39.0,47.0,90.0
646.0,40.0,48.0,88.0
643.0,38.0,47.0,90.0
641.0,37.0,48.0,87.0
641.0,37.0,48.0,84.0
640.0,38.0,47.0,87.0
637.0,37.0,48.0,88.0
635.0,37.0,49.0,83.0
633.0,35.0,48.0,87.0
633.0,37.0,49.0,81.0
632.0,36.0,48.0,93.0
629.0,36.0,49.0,90.0
626.0,34.0,49.0,92.0
627.0,35.0,50.0,85.0
625.0,34.0,49.0,84.0
623.0,33.0,48.0,88.0
621.0,34.0,49.0,86.0
619.0,33.0,50.0,83.0
618.0,33.0,50.0,95.0
614.0,34.0,51.0,91.0
613.0,34.0,51.0,85.0
610.0,33.0,51.0,83.0
610.0,32.0,51.0,94.0
607.0,32.0,53.0,83.0
606.0,31.0,51.0,91.0
603.0,30.0,52.0,81.0
602.0,29.0,52.0,86.0
601.0,29.0,51.0,94.0
598.0,29.0,54.0,83.0
597.0,28.0,53.0,99.0
594.0,28.0,53.0,95.0
590.0,28.0,55.0,89.0
589.0,28.0,55.0,90.0
590.0,27.0,54.0,87.0
587.0,28.0,54.0,103.0
586.0,25.0,53.0,89.0
583.0,26.0,55.0,103.0
583.0,24.0,54.0,93.0
581.0,25.0,55.0,97.0
580.0,23.0,53.0,88.0
577.0,24.0,55.0,99.0
576.0,23.0,53.0,99.0
573.0,23.0,54.0,96.0
575.0,21.0,54.0,87.0
572.0,21.0,54.0,93.0
570.0,21.0,54.0,109.0
567.0,21.0,55.0,104.0
564.0,20.0,56.0,100.0
566.0,19.0,55.0,87.0
564.0,19.0,54.0,94.0
563.0,19.0,55.0,109.0
557.0,18.0,58.0,110.0
557.0,17.0,57.0,95.0
559.0,16.0,55.0,96.0
556.0,17.0,56.0,100.0
554.0,15.0,56.0,100.0
554.0,15.0,55.0,95.0
553.0,13.0,55.0,100.0
552.0,13.0,56.0,102.0
551.0,13.0,55.0,92.0
550.0,13.0,54.0,90.0
548.0,13.0,55.0,84.0
548.0,11.0,55.0,87.0
548.0,11.0,55.0,84.0
547.0,10.0,55.0,83.0
547.0,10.0,54.0,80.0
546.0,10.0,54.0,78.0
545.0,9.0,54.0,78.0
544.0,9.0,54.0,77.0
544.0,7.0,53.0,78.0
542.0,6.0,55.0,77.0
540.0,6.0,55.0,74.0
540.0,5.0,55.0,71.0
540.0,8.0,55.0,68.0
541.0,4.0,54.0,71.0
537.0,5.0,55.0,73.0
536.0,4.0,56.0,72.0
532.0,6.0,58.0,69.0
530.0,6.0,60.0,73.0
531.0,1.0,59.0,78.0
529.0,4.0,61.0,75.0
533.0,0.0,57.0,73.0
532.0,2.0,59.0,67.0
533.0,4.0,59.0,64.0
534.0,4.0,58.0,63.0
533.0,6.0,61.0,61.0
536.0,3.0,58.0,66.0
537.0,0.0,58.0,67.0
536.0,5.0,60.0,63.0
539.0,1.0,59.0,67.0
540.0,3.0,60.0,65.0
