264.0,149.0,32.0,68.0
262.0,147.0,32.0,69.0
264.0,147.0,31.0,70.0
266.0,147.0,31.0,70.0
266.0,147.0,31.0,70.0
267.0,147.0,31.0,70.0
269.0,148.0,31.0,70.0
270.0,148.0,31.0,69.0
271.0,148.0,31.0,70.0
273.0,148.0,31.0,71.0
275.0,148.0,31.0,70.0
276.0,148.0,31.0,69.0
277.0,149.0,31.0,70.0
278.0,149.0,31.0,69.0
280.0,149.0,31.0,69.0
281.0,149.0,31.0,69.0
284.0,150.0,31.0,68.0
283.0,149.0,31.0,69.0
284.0,149.0,30.0,69.0
286.0,150.0,30.0,69.0
287.0,150.0,30.0,68.0
289.0,150.0,31.0,69.0
290.0,149.0,30.0,69.0
291.0,150.0,30.0,69.0
294.0,150.0,30.0,68.0
295.0,150.0,30.0,68.0
295.0,150.0,30.0,68.0
296.0,150.0,30.0,69.0
299.0,151.0,30.0,68.0
299.0,150.0,30.0,68.0
300.0,150.0,30.0,68.0
301.0,150.0,30.0,68.0
303.0,150.0,30.0,68.0
304.0,150.0,30.0,68.0
305.0,150.0,30.0,69.0
307.0,151.0,30.0,67.0
307.0,151.0,30.0,68.0
309.0,151.0,30.0,67.0
310.0,150.0,29.0,67.0
311.0,151.0,30.0,68.0
313.0,151.0,30.0,67.0
313.0,150.0,30.0,67.0
314.0,151.0,30.0,68.0
316.0,151.0,29.0,67.0
317.0,151.0,30.0,67.0
319.0,151.0,29.0,67.0
319.0,151.0,30.0,68.0
320.0,151.0,30.0,67.0
321.0,151.0,30.0,68.0
323.0,151.0,30.0,68.0
324.0,152.0,30.0,68.0
325.0,151.0,30.0,67.0
326.0,152.0,30.0,68.0
327.0,152.0,30.0,67.0
330.0,152.0,30.0,68.0
331.0,152.0,30.0,67.0
330.0,152.0,31.0,68.0
332.0,152.0,30.0,68.0
333.0,152.0,30.0,67.0
335.0,152.0,30.0,67.0
336.0,152.0,30.0,68.0
336.0,152.0,31.0,67.0
337.0,152.0,30.0,68.0
339.0,153.0,30.0,68.0
341.0,153.0,30.0,67.0
342.0,152.0,30.0,67.0
342.0,153.0,30.0,68.0
343.0,153.0,30.0,68.0
344.0,153.0,30.0,68.0
346.0,153.0,30.0,67.0
348.0,153.0,30.0,68.0
348.0,153.0,30.0,66.0
349.0,153.0,30.0,68.0
350.0,153.0,30.0,67.0
351.0,154.0,30.0,67.0
353.0,153.0,30.0,67.0
352.0,153.0,31.0,68.0
354.0,154.0,30.0,66.0
355.0,154.0,30.0,68.0
357.0,154.0,30.0,66.0
358.0,154.0,30.0,67.0
357.0,153.0,30.0,67.0
359.0,154.0,30.0,68.0
360.0,154.0,30.0,67.0
362.0,154.0,30.0,68.0
364.0,154.0,30.0,68.0
363.0,154.0,30.0,67.0
365.0,154.0,29.0,67.0
366.0,155.0,30.0,68.0
368.0,155.0,30.0,67.0
368.0,155.0,29.0,67.0
369.0,155.0,30.0,68.0
370.0,155.0,29.0,67.0
372.0,154.0,29.0,67.0
372.0,155.0,30.0,68.0
373.0,155.0,30.0,67.0
373.0,155.0,30.0,67.0
374.0,155.0,29.0,67.0
376.0,156.0,29.0,67.0
378.0,156.0,29.0,67.0
378.0,155.0,30.0,67.0
378.0,155.0,30.0,67.0
380.0,156.0,29.0,67.0
381.0,156.0,30.0,67.0
383.0,156.0,29.0,67.0
384.0,156.0,29.0,67.0
383.0,156.0,30.0,67.0
385.0,156.0,29.0,67.0
387.0,156.0,29.0,67.0
388.0,157.0,29.0,67.0
389.0,157.0,29.0,66.0
389.0,157.0,30.0,66.0
390.0,158.0,29.0,66.0
392.0,157.0,28.0,66.0
393.0,158.0,29.0,66.0
394.0,158.0,29.0,66.0
394.0,157.0,30.0,67.0
395.0,158.0,29.0,66.0
397.0,159.0,29.0,66.0
398.0,158.0,29.0,66.0
400.0,158.0,29.0,66.0
399.0,158.0,29.0,67.0
400.0,159.0,29.0,66.0
401.0,159.0,29.0,66.0
403.0,159.0,29.0,66.0
403.0,158.0,29.0,66.0
404.0,159.0,29.0,66.0
405.0,159.0,29.0,66.0
406.0,158.0,29.0,66.0
407.0,159.0,29.0,67.0
408.0,159.0,29.0,66.0
408.0,159.0,29.0,66.0
409.0,158.0,29.0,66.0
409.0,159.0,29.0,66.0
411.0,159.0,28.0,66.0
411.0,160.0,29.0,66.0
411.0,160.0,29.0,66.0
413.0,159.0,28.0,66.0
415.0,160.0,29.0,67.0
416.0,159.0,28.0,66.0
417.0,160.0,28.0,66.0
417.0,160.0,29.0,67.0
418.0,160.0,28.0,66.0
420.0,160.0,28.0,67.0
420.0,160.0,28.0,66.0
423.0,160.0,28.0,66.0
423.0,161.0,29.0,66.0
423.0,160.0,28.0,66.0
425.0,161.0,28.0,66.0
426.0,160.0,28.0,66.0
427.0,160.0,29.0,66.0
427.0,160.0,29.0,66.0
428.0,160.0,28.0,66.0
430.0,160.0,28.0,66.0
430.0,161.0,29.0,66.0
431.0,161.0,28.0,66.0
431.0,160.0,29.0,66.0
432.0,161.0,28.0,66.0
433.0,161.0,28.0,66.0
434.0,160.0,28.0,66.0
435.0,161.0,29.0,66.0
435.0,160.0,29.0,66.0
435.0,161.0,29.0,66.0
436.0,161.0,28.0,66.0
437.0,162.0,28.0,66.0
438.0,161.0,29.0,66.0
437.0,161.0,29.0,66.0
439.0,161.0,28.0,66.0
439.0,161.0,29.0,66.0
440.0,160.0,29.0,66.0
440.0,162.0,29.0,67.0
440.0,161.0,30.0,66.0
441.0,161.0,29.0,67.0
442.0,162.0,29.0,66.0
443.0,162.0,28.0,66.0
444.0,162.0,29.0,66.0
442.0,161.0,30.0,66.0
445.0,162.0,28.0,66.0
444.0,162.0,29.0,67.0
446.0,162.0,28.0,66.0
446.0,162.0,29.0,66.0
446.0,162.0,29.0,66.0
447.0,162.0,29.0,66.0
447.0,162.0,29.0,66.0
448.0,163.0,29.0,66.0
450.0,162.0,28.0,66.0
449.0,163.0,29.0,67.0
450.0,162.0,30.0,66.0
451.0,163.0,29.0,66.0
452.0,163.0,29.0,66.0
453.0,163.0,28.0,66.0
452.0,163.0,29.0,66.0
454.0,162.0,28.0,66.0
454.0,163.0,28.0,66.0
455.0,164.0,28.0,66.0
456.0,163.0,29.0,66.0
456.0,163.0,29.0,66.0
457.0,163.0,28.0,66.0
458.0,164.0,29.0,66.0
459.0,164.0,29.0,67.0
459.0,164.0,29.0,67.0
460.0,164.0,29.0,67.0
460.0,164.0,29.0,67.0
461.0,164.0,28.0,67.0
462.0,164.0,29.0,66.0
463.0,165.0,28.0,66.0
463.0,164.0,29.0,66.0
464.0,165.0,28.0,67.0
465.0,165.0,28.0,66.0
466.0,165.0,28.0,66.0
467.0,165.0,28.0,67.0
466.0,166.0,29.0,67.0
468.0,165.0,28.0,66.0
467.0,165.0,29.0,67.0
469.0,165.0,28.0,67.0
469.0,166.0,29.0,67.0
470.0,165.0,28.0,67.0
471.0,165.0,28.0,67.0
472.0,166.0,28.0,67.0
473.0,166.0,29.0,67.0
473.0,166.0,29.0,67.0
474.0,166.0,29.0,67.0
474.0,167.0,29.0,66.0
476.0,166.0,29.0,66.0
477.0,166.0,28.0,67.0
478.0,166.0,29.0,67.0
477.0,167.0,29.0,66.0
479.0,166.0,28.0,67.0
480.0,166.0,29.0,67.0
481.0,166.0,28.0,67.0
482.0,168.0,29.0,66.0
482.0,166.0,29.0,66.0
482.0,167.0,29.0,67.0
484.0,167.0,29.0,67.0
485.0,167.0,28.0,67.0
486.0,168.0,29.0,67.0
486.0,167.0,29.0,67.0
487.0,167.0,28.0,67.0
488.0,168.0,29.0,67.0
490.0,167.0,28.0,67.0
491.0,168.0,28.0,67.0
491.0,168.0,29.0,67.0
491.0,168.0,29.0,67.0
492.0,168.0,28.0,67.0
493.0,167.0,29.0,67.0
495.0,168.0,29.0,67.0
494.0,168.0,29.0,67.0
497.0,168.0,29.0,67.0
497.0,168.0,29.0,67.0
499.0,168.0,28.0,67.0
498.0,167.0,29.0,67.0
500.0,168.0,28.0,66.0
501.0,168.0,28.0,68.0
502.0,168.0,28.0,67.0
503.0,169.0,28.0,67.0
503.0,169.0,29.0,67.0
505.0,169.0,28.0,67.0
505.0,168.0,29.0,67.0
507.0,169.0,28.0,66.0
507.0,169.0,29.0,67.0
507.0,169.0,29.0,67.0
510.0,170.0,28.0,67.0
509.0,169.0,29.0,67.0
511.0,168.0,29.0,68.0
512.0,168.0,29.0,67.0
512.0,168.0,29.0,67.0
513.0,169.0,29.0,68.0
514.0,169.0,29.0,67.0
516.0,170.0,28.0,67.0
518.0,170.0,28.0,68.0
517.0,169.0,28.0,67.0
518.0,169.0,28.0,68.0
519.0,169.0,28.0,68.0
520.0,170.0,28.0,67.0
522.0,170.0,28.0,67.0
522.0,169.0,28.0,67.0
522.0,170.0,29.0,67.0
524.0,169.0,28.0,67.0
525.0,170.0,29.0,68.0
525.0,169.0,29.0,67.0
526.0,169.0,29.0,67.0
527.0,170.0,29.0,67.0
528.0,170.0,30.0,67.0
529.0,169.0,29.0,67.0
530.0,169.0,30.0,68.0
529.0,170.0,30.0,67.0
531.0,170.0,29.0,68.0
531.0,170.0,30.0,68.0
534.0,171.0,29.0,67.0
535.0,171.0,28.0,67.0
535.0,171.0,29.0,68.0
535.0,170.0,29.0,67.0
538.0,172.0,29.0,68.0
538.0,171.0,29.0,67.0
539.0,171.0,29.0,68.0
539.0,171.0,29.0,68.0
540.0,170.0,29.0,67.0
541.0,171.0,29.0,67.0
542.0,171.0,29.0,67.0
543.0,171.0,29.0,67.0
544.0,171.0,29.0,67.0
544.0,171.0,29.0,67.0
545.0,172.0,29.0,67.0
547.0,171.0,29.0,67.0
548.0,172.0,29.0,67.0
547.0,172.0,29.0,67.0
549.0,171.0,29.0,67.0
550.0,172.0,29.0,67.0
551.0,172.0,28.0,67.0
552.0,172.0,29.0,67.0
553.0,171.0,29.0,68.0
553.0,172.0,29.0,67.0
554.0,171.0,29.0,67.0
556.0,173.0,29.0,67.0
557.0,173.0,28.0,68.0
557.0,173.0,29.0,67.0
558.0,173.0,28.0,67.0
559.0,174.0,29.0,67.0
561.0,174.0,28.0,66.0
562.0,173.0,28.0,67.0
561.0,173.0,28.0,66.0
563.0,174.0,28.0,67.0
564.0,173.0,28.0,67.0
564.0,174.0,29.0,67.0
566.0,174.0,29.0,67.0
566.0,173.0,28.0,67.0
566.0,174.0,29.0,67.0
568.0,174.0,28.0,66.0
569.0,174.0,28.0,67.0
569.0,174.0,28.0,66.0
570.0,175.0,28.0,66.0
571.0,175.0,28.0,67.0
572.0,175.0,28.0,66.0
574.0,174.0,28.0,67.0
574.0,174.0,28.0,67.0
575.0,174.0,28.0,67.0
575.0,174.0,29.0,66.0
577.0,174.0,28.0,67.0
577.0,175.0,29.0,67.0
578.0,174.0,28.0,67.0
578.0,175.0,29.0,67.0
580.0,174.0,28.0,67.0
580.0,174.0,28.0,67.0
580.0,175.0,29.0,67.0
581.0,175.0,28.0,67.0
582.0,174.0,28.0,67.0
582.0,175.0,28.0,66.0
584.0,175.0,28.0,67.0
585.0,175.0,28.0,67.0
586.0,176.0,28.0,66.0
586.0,175.0,29.0,66.0
587.0,175.0,28.0,67.0
588.0,175.0,28.0,67.0
589.0,176.0,28.0,67.0
590.0,176.0,28.0,67.0
591.0,175.0,27.0,67.0
591.0,176.0,28.0,66.0
592.0,176.0,29.0,68.0
594.0,175.0,28.0,67.0
595.0,175.0,28.0,67.0
595.0,176.0,29.0,67.0
596.0,176.0,28.0,67.0
597.0,176.0,28.0,67.0
597.0,176.0,28.0,66.0
599.0,177.0,28.0,66.0
599.0,177.0,27.0,66.0
600.0,176.0,28.0,66.0
602.0,176.0,28.0,67.0
602.0,176.0,28.0,66.0
604.0,177.0,28.0,66.0
604.0,177.0,28.0,66.0
605.0,176.0,28.0,66.0
606.0,177.0,28.0,67.0
607.0,176.0,29.0,67.0
609.0,176.0,28.0,67.0
609.0,176.0,28.0,66.0
609.0,176.0,28.0,67.0
611.0,177.0,28.0,67.0
612.0,176.0,29.0,67.0
613.0,177.0,29.0,68.0
613.0,176.0,28.0,67.0
614.0,176.0,29.0,66.0
615.0,177.0,29.0,67.0
617.0,176.0,29.0,67.0
618.0,176.0,28.0,68.0
618.0,177.0,28.0,67.0
620.0,177.0,28.0,67.0
620.0,177.0,29.0,68.0
622.0,177.0,28.0,68.0
623.0,176.0,30.0,68.0
624.0,177.0,30.0,68.0
624.0,177.0,29.0,67.0
625.0,177.0,29.0,68.0
627.0,177.0,29.0,68.0
627.0,177.0,29.0,68.0
627.0,177.0,29.0,68.0
628.0,177.0,29.0,69.0
629.0,176.0,29.0,69.0
630.0,177.0,30.0,69.0
631.0,177.0,29.0,69.0
630.0,177.0,29.0,68.0
632.0,178.0,29.0,69.0
633.0,178.0,29.0,68.0
634.0,178.0,28.0,69.0
635.0,178.0,29.0,69.0
634.0,178.0,29.0,68.0
636.0,177.0,29.0,70.0
638.0,177.0,29.0,69.0
638.0,178.0,29.0,69.0
639.0,178.0,30.0,69.0
639.0,178.0,30.0,68.0
640.0,177.0,29.0,69.0
641.0,179.0,29.0,69.0
643.0,179.0,29.0,69.0
644.0,178.0,29.0,69.0
643.0,178.0,29.0,69.0
645.0,178.0,29.0,69.0
646.0,178.0,29.0,70.0
647.0,179.0,29.0,69.0
648.0,179.0,29.0,69.0
648.0,178.0,29.0,69.0
648.0,179.0,29.0,69.0
650.0,179.0,29.0,68.0
650.0,178.0,30.0,69.0
652.0,178.0,29.0,70.0
651.0,178.0,29.0,70.0
652.0,178.0,29.0,69.0
653.0,179.0,29.0,69.0
653.0,179.0,30.0,69.0
655.0,179.0,30.0,69.0
654.0,178.0,30.0,70.0
656.0,179.0,30.0,69.0
656.0,179.0,30.0,69.0
658.0,179.0,30.0,70.0
659.0,179.0,30.0,70.0
658.0,178.0,30.0,70.0
660.0,178.0,30.0,70.0
660.0,179.0,30.0,70.0
662.0,179.0,30.0,69.0
662.0,179.0,31.0,69.0
661.0,179.0,30.0,70.0
663.0,179.0,30.0,70.0
664.0,179.0,31.0,69.0
664.0,179.0,30.0,70.0
667.0,179.0,30.0,69.0
666.0,179.0,31.0,70.0
667.0,179.0,30.0,69.0
668.0,179.0,30.0,69.0
668.0,180.0,31.0,69.0
670.0,179.0,30.0,69.0
670.0,180.0,31.0,70.0
671.0,179.0,30.0,68.0
671.0,180.0,31.0,70.0
673.0,179.0,30.0,69.0
673.0,180.0,31.0,69.0
674.0,180.0,30.0,69.0
674.0,179.0,31.0,69.0
675.0,179.0,30.0,69.0
675.0,180.0,31.0,70.0
678.0,180.0,30.0,68.0
677.0,180.0,30.0,69.0
678.0,180.0,31.0,70.0
680.0,180.0,30.0,69.0
680.0,181.0,30.0,68.0
681.0,181.0,30.0,68.0
681.0,180.0,31.0,69.0
682.0,180.0,31.0,68.0
683.0,180.0,31.0,69.0
684.0,181.0,31.0,69.0
