636.0,278.0,46.0,38.0
634.0,276.0,46.0,39.0
635.0,277.0,46.0,38.0
635.0,277.0,46.0,38.0
635.0,278.0,46.0,38.0
634.0,278.0,46.0,39.0
634.0,278.0,46.0,39.0
634.0,278.0,46.0,39.0
634.0,279.0,46.0,39.0
634.0,280.0,46.0,38.0
634.0,280.0,46.0,39.0
634.0,280.0,46.0,39.0
634.0,280.0,46.0,39.0
634.0,280.0,46.0,39.0
634.0,281.0,46.0,38.0
634.0,281.0,46.0,39.0
633.0,281.0,46.0,39.0
633.0,281.0,46.0,39.0
633.0,281.0,47.0,39.0
632.0,282.0,46.0,39.0
632.0,282.0,46.0,39.0
632.0,282.0,46.0,39.0
632.0,282.0,46.0,39.0
632.0,282.0,46.0,38.0
632.0,283.0,46.0,38.0
632.0,283.0,46.0,39.0
632.0,283.0,46.0,38.0
632.0,283.0,46.0,38.0
632.0,283.0,47.0,38.0
632.0,284.0,46.0,38.0
632.0,284.0,46.0,38.0
632.0,284.0,46.0,38.0
632.0,285.0,46.0,38.0
632.0,285.0,46.0,38.0
632.0,285.0,46.0,38.0
632.0,285.0,46.0,39.0
631.0,285.0,46.0,39.0
632.0,285.0,47.0,39.0
632.0,285.0,46.0,39.0
632.0,286.0,47.0,39.0
632.0,285.0,46.0,39.0
633.0,286.0,46.0,39.0
632.0,285.0,46.0,39.0
633.0,286.0,46.0,39.0
633.0,286.0,47.0,39.0
633.0,286.0,47.0,39.0
633.0,286.0,46.0,39.0
633.0,286.0,47.0,39.0
633.0,286.0,46.0,39.0
634.0,286.0,46.0,38.0
634.0,286.0,46.0,38.0
634.0,286.0,46.0,38.0
633.0,286.0,46.0,39.0
634.0,287.0,46.0,38.0
634.0,286.0,47.0,38.0
634.0,286.0,46.0,39.0
634.0,286.0,46.0,38.0
635.0,286.0,46.0,38.0
634.0,286.0,46.0,39.0
635.0,287.0,46.0,39.0
634.0,286.0,46.0,38.0
635.0,286.0,46.0,38.0
635.0,287.0,46.0,38.0
635.0,287.0,46.0,38.0
636.0,286.0,46.0,38.0
635.0,287.0,46.0,38.0
636.0,286.0,46.0,38.0
635.0,286.0,46.0,39.0
635.0,286.0,46.0,38.0
635.0,287.0,46.0,38.0
635.0,287.0,46.0,38.0
635.0,286.0,46.0,38.0
635.0,286.0,46.0,38.0
635.0,287.0,47.0,38.0
635.0,287.0,47.0,38.0
635.0,287.0,46.0,38.0
635.0,287.0,46.0,38.0
635.0,287.0,46.0,38.0
635.0,286.0,47.0,39.0
635.0,286.0,46.0,39.0
636.0,286.0,46.0,39.0
635.0,286.0,46.0,39.0
635.0,287.0,46.0,38.0
635.0,286.0,46.0,38.0
635.0,286.0,47.0,38.0
634.0,285.0,46.0,39.0
634.0,285.0,47.0,39.0
633.0,286.0,47.0,39.0
633.0,285.0,47.0,39.0
632.0,286.0,47.0,39.0
632.0,285.0,47.0,39.0
632.0,285.0,47.0,39.0
633.0,286.0,47.0,39.0
632.0,285.0,48.0,39.0
632.0,286.0,47.0,39.0
631.0,286.0,46.0,39.0
632.0,285.0,46.0,39.0
631.0,286.0,46.0,39.0
630.0,285.0,47.0,39.0
630.0,285.0,47.0,39.0
630.0,285.0,47.0,39.0
630.0,285.0,47.0,39.0
629.0,285.0,47.0,39.0
628.0,285.0,48.0,39.0
628.0,285.0,47.0,39.0
628.0,285.0,47.0,39.0
627.0,285.0,48.0,39.0
627.0,286.0,48.0,39.0
626.0,286.0,48.0,39.0
626.0,286.0,48.0,39.0
626.0,286.0,48.0,39.0
626.0,286.0,46.0,39.0
626.0,286.0,47.0,39.0
626.0,286.0,47.0,39.0
626.0,287.0,47.0,39.0
626.0,287.0,47.0,39.0
626.0,287.0,47.0,38.0
626.0,286.0,47.0,39.0
626.0,287.0,47.0,39.0
626.0,286.0,47.0,39.0
626.0,287.0,47.0,39.0
626.0,287.0,46.0,39.0
626.0,287.0,47.0,39.0
626.0,287.0,47.0,39.0
626.0,288.0,47.0,39.0
625.0,287.0,47.0,39.0
625.0,287.0,47.0,39.0
625.0,288.0,47.0,39.0
625.0,288.0,46.0,39.0
625.0,287.0,47.0,39.0
625.0,288.0,47.0,39.0
625.0,288.0,47.0,39.0
625.0,288.0,47.0,39.0
625.0,288.0,47.0,39.0
625.0,288.0,47.0,39.0
625.0,287.0,47.0,39.0
624.0,288.0,47.0,39.0
624.0,288.0,48.0,40.0
624.0,287.0,47.0,40.0
624.0,288.0,48.0,40.0
624.0,288.0,47.0,40.0
624.0,288.0,47.0,40.0
625.0,287.0,47.0,39.0
625.0,287.0,47.0,40.0
625.0,287.0,48.0,40.0
625.0,287.0,47.0,40.0
624.0,288.0,47.0,40.0
624.0,288.0,48.0,40.0
625.0,288.0,47.0,39.0
625.0,287.0,47.0,39.0
625.0,287.0,47.0,39.0
625.0,288.0,47.0,39.0
624.0,287.0,47.0,39.0
624.0,287.0,47.0,39.0
625.0,288.0,47.0,39.0
625.0,288.0,47.0,39.0
625.0,287.0,47.0,39.0
625.0,287.0,48.0,39.0
625.0,287.0,48.0,39.0
624.0,287.0,48.0,39.0
625.0,287.0,48.0,39.0
625.0,286.0,48.0,39.0
625.0,287.0,47.0,38.0
625.0,287.0,48.0,39.0
626.0,286.0,47.0,39.0
626.0,286.0,47.0,39.0
626.0,285.0,47.0,39.0
626.0,285.0,46.0,39.0
626.0,284.0,46.0,39.0
625.0,285.0,47.0,39.0
626.0,285.0,47.0,39.0
626.0,285.0,47.0,39.0
626.0,284.0,46.0,39.0
626.0,284.0,47.0,39.0
626.0,284.0,47.0,39.0
626.0,284.0,47.0,39.0
625.0,284.0,47.0,39.0
625.0,284.0,48.0,39.0
625.0,283.0,47.0,39.0
625.0,284.0,47.0,39.0
624.0,283.0,48.0,39.0
624.0,283.0,48.0,39.0
623.0,282.0,48.0,39.0
623.0,282.0,48.0,39.0
623.0,282.0,48.0,40.0
622.0,282.0,49.0,40.0
622.0,282.0,48.0,39.0
623.0,282.0,48.0,40.0
622.0,282.0,48.0,40.0
622.0,282.0,48.0,40.0
622.0,281.0,47.0,39.0
622.0,281.0,48.0,40.0
622.0,281.0,48.0,40.0
622.0,281.0,48.0,40.0
621.0,281.0,47.0,40.0
621.0,281.0,47.0,40.0
621.0,281.0,47.0,40.0
621.0,281.0,46.0,39.0
621.0,280.0,47.0,39.0
621.0,281.0,47.0,39.0
621.0,281.0,47.0,39.0
620.0,280.0,47.0,39.0
619.0,280.0,48.0,40.0
619.0,280.0,47.0,40.0
619.0,279.0,47.0,39.0
619.0,279.0,47.0,39.0
620.0,279.0,47.0,40.0
619.0,279.0,47.0,40.0
620.0,278.0,47.0,39.0
619.0,277.0,46.0,40.0
619.0,278.0,47.0,39.0
619.0,277.0,46.0,39.0
619.0,277.0,46.0,39.0
619.0,277.0,47.0,39.0
619.0,276.0,47.0,39.0
618.0,276.0,46.0,39.0
618.0,275.0,47.0,39.0
618.0,276.0,48.0,39.0
618.0,276.0,47.0,39.0
618.0,275.0,48.0,39.0
617.0,275.0,48.0,39.0
618.0,274.0,47.0,39.0
618.0,274.0,47.0,39.0
617.0,273.0,47.0,39.0
618.0,273.0,47.0,39.0
617.0,273.0,49.0,39.0
618.0,272.0,48.0,39.0
618.0,272.0,48.0,39.0
617.0,272.0,48.0,39.0
618.0,272.0,47.0,39.0
618.0,271.0,47.0,39.0
618.0,271.0,47.0,39.0
618.0,270.0,47.0,39.0
618.0,271.0,47.0,38.0
618.0,271.0,48.0,39.0
619.0,270.0,46.0,38.0
619.0,270.0,46.0,38.0
619.0,269.0,46.0,39.0
619.0,270.0,46.0,38.0
619.0,270.0,47.0,38.0
618.0,269.0,46.0,39.0
618.0,269.0,47.0,39.0
619.0,268.0,47.0,39.0
619.0,268.0,46.0,39.0
619.0,269.0,47.0,39.0
620.0,268.0,46.0,39.0
620.0,268.0,46.0,39.0
621.0,267.0,45.0,38.0
620.0,267.0,45.0,38.0
621.0,267.0,45.0,38.0
621.0,267.0,46.0,38.0
620.0,267.0,46.0,39.0
620.0,266.0,45.0,38.0
621.0,266.0,45.0,38.0
621.0,266.0,45.0,38.0
621.0,266.0,45.0,38.0
621.0,266.0,45.0,38.0
620.0,265.0,45.0,38.0
620.0,265.0,46.0,38.0
621.0,265.0,46.0,38.0
620.0,264.0,46.0,38.0
620.0,265.0,46.0,38.0
620.0,265.0,46.0,38.0
620.0,264.0,47.0,38.0
619.0,264.0,46.0,37.0
620.0,264.0,46.0,37.0
620.0,265.0,46.0,38.0
620.0,264.0,46.0,38.0
620.0,264.0,45.0,38.0
620.0,264.0,46.0,38.0
620.0,263.0,46.0,38.0
620.0,264.0,46.0,38.0
620.0,263.0,46.0,37.0
621.0,263.0,46.0,37.0
620.0,263.0,46.0,37.0
620.0,262.0,46.0,38.0
620.0,262.0,46.0,38.0
620.0,261.0,45.0,38.0
621.0,261.0,45.0,38.0
620.0,261.0,46.0,38.0
621.0,261.0,45.0,38.0
621.0,261.0,45.0,38.0
621.0,261.0,45.0,37.0
621.0,260.0,45.0,38.0
620.0,260.0,46.0,38.0
620.0,259.0,45.0,38.0
621.0,260.0,45.0,37.0
620.0,259.0,46.0,38.0
619.0,259.0,46.0,37.0
621.0,259.0,45.0,37.0
620.0,258.0,45.0,37.0
620.0,258.0,46.0,37.0
619.0,258.0,45.0,37.0
620.0,257.0,45.0,37.0
620.0,257.0,45.0,37.0
620.0,257.0,45.0,36.0
620.0,256.0,45.0,37.0
619.0,257.0,45.0,36.0
620.0,256.0,45.0,36.0
619.0,256.0,44.0,37.0
619.0,255.0,45.0,37.0
619.0,255.0,45.0,37.0
619.0,255.0,44.0,36.0
619.0,255.0,44.0,36.0
619.0,255.0,44.0,36.0
619.0,254.0,44.0,36.0
619.0,254.0,44.0,36.0
618.0,254.0,45.0,36.0
618.0,253.0,44.0,36.0
618.0,253.0,45.0,36.0
617.0,253.0,45.0,36.0
617.0,253.0,45.0,36.0
617.0,253.0,45.0,36.0
616.0,253.0,46.0,36.0
617.0,253.0,46.0,35.0
616.0,253.0,45.0,36.0
615.0,253.0,46.0,35.0
615.0,253.0,46.0,36.0
615.0,253.0,46.0,36.0
616.0,253.0,46.0,36.0
616.0,253.0,45.0,36.0
615.0,252.0,46.0,36.0
615.0,252.0,46.0,36.0
615.0,252.0,46.0,36.0
614.0,252.0,46.0,36.0
615.0,252.0,46.0,36.0
614.0,252.0,45.0,36.0
615.0,252.0,45.0,36.0
615.0,251.0,44.0,36.0
615.0,251.0,43.0,36.0
615.0,252.0,44.0,36.0
615.0,251.0,44.0,36.0
616.0,251.0,43.0,36.0
615.0,252.0,43.0,36.0
615.0,251.0,44.0,36.0
614.0,251.0,44.0,36.0
614.0,250.0,44.0,36.0
614.0,250.0,43.0,36.0
614.0,250.0,44.0,36.0
614.0,250.0,43.0,36.0
613.0,250.0,44.0,36.0
613.0,250.0,44.0,36.0
612.0,250.0,45.0,36.0
612.0,249.0,45.0,35.0
612.0,249.0,45.0,35.0
613.0,249.0,44.0,35.0
613.0,249.0,44.0,36.0
613.0,249.0,44.0,35.0
614.0,249.0,44.0,35.0
613.0,249.0,44.0,35.0
613.0,248.0,43.0,35.0
613.0,248.0,44.0,35.0
612.0,248.0,44.0,35.0
612.0,248.0,46.0,35.0
612.0,248.0,45.0,35.0
613.0,248.0,45.0,35.0
612.0,247.0,45.0,35.0
613.0,247.0,45.0,35.0
612.0,247.0,45.0,35.0
612.0,247.0,45.0,36.0
613.0,246.0,44.0,35.0
614.0,247.0,44.0,35.0
614.0,245.0,44.0,35.0
614.0,245.0,43.0,35.0
614.0,245.0,43.0,35.0
613.0,245.0,43.0,35.0
613.0,245.0,43.0,35.0
614.0,245.0,43.0,35.0
615.0,245.0,43.0,35.0
615.0,244.0,43.0,34.0
615.0,243.0,42.0,35.0
615.0,244.0,43.0,35.0
615.0,243.0,42.0,35.0
615.0,243.0,43.0,35.0
616.0,242.0,42.0,35.0
615.0,242.0,42.0,35.0
615.0,242.0,42.0,35.0
616.0,243.0,42.0,34.0
616.0,242.0,41.0,34.0
616.0,241.0,42.0,34.0
616.0,241.0,42.0,34.0
616.0,241.0,42.0,34.0
615.0,241.0,42.0,34.0
616.0,241.0,42.0,34.0
616.0,241.0,42.0,34.0
615.0,241.0,43.0,34.0
615.0,241.0,43.0,34.0
616.0,240.0,42.0,34.0
616.0,240.0,42.0,34.0
616.0,240.0,42.0,34.0
616.0,239.0,42.0,34.0
616.0,240.0,42.0,34.0
617.0,239.0,43.0,34.0
616.0,240.0,43.0,33.0
616.0,240.0,43.0,33.0
617.0,240.0,42.0,33.0
617.0,239.0,42.0,33.0
618.0,239.0,42.0,34.0
618.0,239.0,42.0,33.0
618.0,239.0,42.0,33.0
619.0,238.0,42.0,34.0
619.0,238.0,42.0,34.0
618.0,238.0,42.0,34.0
619.0,238.0,42.0,34.0
619.0,238.0,42.0,34.0
619.0,238.0,41.0,34.0
620.0,237.0,42.0,34.0
620.0,238.0,41.0,34.0
620.0,238.0,42.0,33.0
620.0,238.0,41.0,33.0
621.0,237.0,41.0,33.0
621.0,236.0,41.0,34.0
620.0,237.0,42.0,33.0
622.0,237.0,41.0,34.0
622.0,236.0,41.0,34.0
621.0,236.0,41.0,33.0
622.0,236.0,41.0,33.0
622.0,236.0,41.0,33.0
622.0,235.0,41.0,33.0
622.0,235.0,41.0,33.0
623.0,234.0,41.0,33.0
623.0,234.0,41.0,33.0
623.0,234.0,41.0,33.0
623.0,234.0,41.0,32.0
623.0,233.0,40.0,32.0
623.0,233.0,41.0,32.0
624.0,233.0,41.0,32.0
624.0,232.0,41.0,32.0
623.0,232.0,41.0,32.0
624.0,231.0,41.0,32.0
625.0,232.0,41.0,32.0
624.0,231.0,40.0,32.0
625.0,230.0,41.0,32.0
624.0,230.0,41.0,32.0
625.0,230.0,40.0,32.0
626.0,230.0,40.0,32.0
625.0,230.0,41.0,32.0
625.0,230.0,41.0,31.0
626.0,229.0,40.0,32.0
626.0,228.0,40.0,32.0
626.0,228.0,41.0,33.0
625.0,228.0,40.0,33.0
626.0,228.0,40.0,32.0
626.0,228.0,40.0,32.0
626.0,227.0,40.0,32.0
626.0,227.0,40.0,32.0
626.0,227.0,40.0,32.0
626.0,227.0,41.0,32.0
626.0,227.0,40.0,33.0
625.0,226.0,40.0,33.0
625.0,226.0,40.0,32.0
625.0,227.0,41.0,32.0
626.0,226.0,40.0,32.0
625.0,226.0,40.0,32.0
625.0,226.0,40.0,32.0
625.0,226.0,40.0,32.0
625.0,226.0,40.0,32.0
625.0,225.0,40.0,32.0
625.0,225.0,40.0,32.0
625.0,225.0,40.0,32.0
625.0,224.0,40.0,32.0
625.0,224.0,40.0,32.0
624.0,223.0,41.0,32.0
624.0,223.0,40.0,31.0
625.0,224.0,40.0,31.0
624.0,223.0,40.0,32.0
625.0,223.0,40.0,31.0
625.0,224.0,40.0,31.0
625.0,223.0,40.0,32.0
625.0,223.0,39.0,31.0
625.0,223.0,40.0,31.0
625.0,223.0,40.0,31.0
625.0,224.0,39.0,31.0
625.0,223.0,40.0,31.0
625.0,223.0,39.0,30.0
625.0,222.0,39.0,31.0
625.0,222.0,40.0,31.0
625.0,222.0,40.0,31.0
624.0,223.0,39.0,31.0
625.0,222.0,39.0,31.0
626.0,221.0,39.0,31.0
625.0,222.0,40.0,31.0
625.0,221.0,39.0,31.0
626.0,222.0,39.0,30.0
625.0,221.0,39.0,31.0
625.0,222.0,39.0,30.0
625.0,221.0,39.0,31.0
625.0,221.0,39.0,31.0
625.0,221.0,39.0,31.0
625.0,222.0,39.0,30.0
625.0,222.0,39.0,30.0
625.0,222.0,39.0,31.0
625.0,221.0,39.0,30.0
626.0,222.0,39.0,30.0
626.0,221.0,39.0,31.0
625.0,222.0,39.0,30.0
625.0,222.0,39.0,30.0
625.0,222.0,39.0,31.0
626.0,222.0,39.0,31.0
625.0,222.0,39.0,31.0
625.0,222.0,39.0,30.0
626.0,222.0,40.0,30.0
626.0,222.0,39.0,31.0
626.0,222.0,40.0,30.0
625.0,222.0,40.0,31.0
625.0,222.0,39.0,31.0
625.0,222.0,39.0,31.0
625.0,222.0,39.0,31.0
625.0,222.0,39.0,31.0
625.0,222.0,39.0,32.0
625.0,222.0,39.0,31.0
625.0,222.0,40.0,31.0
625.0,222.0,39.0,31.0
625.0,222.0,40.0,31.0
625.0,222.0,39.0,31.0
625.0,223.0,40.0,31.0
625.0,222.0,39.0,31.0
626.0,223.0,39.0,31.0
625.0,223.0,39.0,31.0
625.0,223.0,39.0,31.0
624.0,223.0,39.0,31.0
625.0,223.0,39.0,30.0
625.0,223.0,39.0,31.0
625.0,223.0,39.0,31.0
624.0,223.0,39.0,31.0
625.0,223.0,40.0,31.0
626.0,222.0,39.0,31.0
625.0,223.0,39.0,31.0
624.0,222.0,39.0,31.0
624.0,222.0,40.0,31.0
625.0,223.0,40.0,31.0
625.0,222.0,39.0,31.0
624.0,222.0,39.0,31.0
624.0,222.0,40.0,31.0
624.0,223.0,39.0,31.0
625.0,222.0,39.0,31.0
624.0,222.0,40.0,31.0
624.0,222.0,40.0,31.0
623.0,222.0,40.0,31.0
624.0,223.0,40.0,31.0
624.0,223.0,39.0,31.0
623.0,223.0,39.0,31.0
623.0,223.0,40.0,31.0
622.0,223.0,40.0,31.0
622.0,223.0,40.0,31.0
622.0,223.0,40.0,31.0
622.0,223.0,40.0,31.0
623.0,224.0,40.0,31.0
622.0,223.0,40.0,31.0
622.0,223.0,40.0,31.0
622.0,223.0,40.0,31.0
622.0,223.0,40.0,31.0
621.0,223.0,40.0,31.0
621.0,223.0,40.0,31.0
621.0,223.0,40.0,32.0
621.0,223.0,40.0,31.0
621.0,223.0,40.0,32.0
621.0,223.0,39.0,32.0
621.0,223.0,40.0,31.0
621.0,223.0,40.0,32.0
621.0,222.0,39.0,32.0
621.0,223.0,40.0,32.0
621.0,223.0,40.0,32.0
620.0,223.0,39.0,32.0
621.0,222.0,39.0,32.0
620.0,222.0,39.0,33.0
619.0,222.0,39.0,33.0
620.0,222.0,40.0,33.0
620.0,222.0,40.0,33.0
619.0,222.0,40.0,33.0
619.0,222.0,40.0,32.0
619.0,223.0,40.0,32.0
619.0,222.0,40.0,33.0
620.0,222.0,40.0,32.0
620.0,222.0,40.0,33.0
619.0,222.0,40.0,32.0
618.0,222.0,40.0,32.0
619.0,222.0,40.0,32.0
619.0,222.0,40.0,32.0
619.0,222.0,40.0,32.0
619.0,221.0,40.0,32.0
619.0,221.0,40.0,32.0
618.0,222.0,41.0,33.0
619.0,221.0,41.0,33.0
619.0,221.0,41.0,32.0
619.0,221.0,41.0,32.0
619.0,221.0,41.0,33.0
619.0,221.0,41.0,32.0
618.0,221.0,41.0,32.0
618.0,221.0,41.0,32.0
619.0,221.0,42.0,33.0
619.0,220.0,41.0,33.0
618.0,220.0,41.0,33.0
619.0,220.0,42.0,32.0
619.0,220.0,42.0,32.0
619.0,220.0,42.0,32.0
619.0,220.0,42.0,32.0
619.0,219.0,42.0,32.0
618.0,220.0,42.0,32.0
619.0,219.0,42.0,32.0
619.0,219.0,41.0,33.0
618.0,219.0,42.0,33.0
619.0,218.0,41.0,33.0
619.0,219.0,42.0,33.0
619.0,218.0,42.0,33.0
619.0,218.0,42.0,33.0
619.0,218.0,42.0,33.0
619.0,217.0,42.0,33.0
619.0,217.0,42.0,34.0
619.0,217.0,42.0,34.0
620.0,217.0,43.0,33.0
619.0,216.0,42.0,34.0
619.0,216.0,42.0,34.0
620.0,216.0,42.0,34.0
619.0,216.0,42.0,34.0
620.0,217.0,42.0,33.0
620.0,216.0,42.0,34.0
620.0,216.0,42.0,34.0
619.0,216.0,43.0,33.0
621.0,215.0,42.0,33.0
621.0,215.0,42.0,34.0
621.0,215.0,42.0,34.0
621.0,215.0,42.0,33.0
620.0,215.0,42.0,34.0
621.0,215.0,42.0,34.0
622.0,214.0,42.0,34.0
621.0,214.0,42.0,33.0
622.0,213.0,42.0,34.0
621.0,214.0,42.0,34.0
622.0,213.0,42.0,33.0
622.0,214.0,42.0,33.0
622.0,214.0,42.0,34.0
622.0,213.0,41.0,34.0
622.0,214.0,41.0,34.0
621.0,213.0,42.0,34.0
621.0,213.0,42.0,34.0
622.0,213.0,42.0,34.0
622.0,213.0,42.0,34.0
622.0,213.0,42.0,34.0
622.0,213.0,42.0,34.0
622.0,212.0,42.0,34.0
622.0,212.0,43.0,34.0
621.0,212.0,43.0,34.0
620.0,212.0,44.0,34.0
621.0,212.0,43.0,34.0
620.0,212.0,43.0,34.0
620.0,213.0,43.0,34.0
621.0,213.0,43.0,34.0
620.0,212.0,43.0,35.0
620.0,212.0,43.0,34.0
620.0,213.0,43.0,34.0
619.0,212.0,43.0,35.0
620.0,213.0,43.0,34.0
620.0,212.0,43.0,34.0
619.0,213.0,43.0,34.0
619.0,213.0,43.0,34.0
619.0,213.0,43.0,34.0
619.0,214.0,43.0,34.0
618.0,214.0,43.0,34.0
618.0,214.0,44.0,35.0
618.0,214.0,43.0,35.0
618.0,214.0,43.0,34.0
617.0,215.0,43.0,34.0
617.0,215.0,43.0,35.0
617.0,215.0,44.0,35.0
617.0,217.0,43.0,35.0
616.0,217.0,44.0,35.0
616.0,217.0,43.0,35.0
616.0,218.0,43.0,35.0
616.0,220.0,43.0,34.0
616.0,219.0,43.0,35.0
615.0,221.0,45.0,35.0
616.0,221.0,44.0,35.0
615.0,222.0,43.0,35.0
615.0,222.0,44.0,35.0
616.0,223.0,43.0,34.0
615.0,224.0,44.0,35.0
616.0,225.0,44.0,35.0
615.0,226.0,44.0,35.0
615.0,226.0,44.0,35.0
615.0,227.0,44.0,35.0
615.0,229.0,44.0,35.0
615.0,229.0,44.0,35.0
615.0,230.0,44.0,35.0
615.0,231.0,45.0,35.0
615.0,232.0,44.0,35.0
615.0,233.0,44.0,35.0
615.0,234.0,44.0,35.0
614.0,234.0,44.0,35.0
615.0,235.0,44.0,35.0
614.0,237.0,44.0,35.0
613.0,238.0,44.0,35.0
613.0,238.0,44.0,36.0
614.0,239.0,44.0,35.0
613.0,240.0,45.0,35.0
613.0,241.0,45.0,35.0
613.0,242.0,45.0,35.0
613.0,243.0,44.0,35.0
613.0,243.0,45.0,35.0
613.0,244.0,45.0,36.0
612.0,245.0,45.0,36.0
612.0,245.0,46.0,36.0
612.0,246.0,45.0,36.0
612.0,247.0,45.0,35.0
612.0,247.0,45.0,35.0
613.0,248.0,44.0,36.0
613.0,249.0,44.0,36.0
613.0,250.0,44.0,36.0
613.0,250.0,44.0,36.0
613.0,250.0,44.0,36.0
612.0,251.0,44.0,36.0
613.0,251.0,44.0,36.0
612.0,251.0,44.0,36.0
613.0,252.0,44.0,36.0
613.0,252.0,44.0,36.0
612.0,253.0,44.0,36.0
612.0,253.0,44.0,36.0
612.0,253.0,44.0,36.0
612.0,254.0,44.0,36.0
613.0,254.0,44.0,36.0
612.0,255.0,44.0,36.0
613.0,256.0,44.0,36.0
612.0,256.0,44.0,36.0
612.0,256.0,44.0,36.0
612.0,256.0,44.0,36.0
612.0,256.0,44.0,36.0
612.0,257.0,44.0,36.0
611.0,258.0,44.0,36.0
612.0,258.0,44.0,36.0
612.0,259.0,44.0,36.0
612.0,259.0,44.0,36.0
611.0,260.0,44.0,36.0
612.0,260.0,45.0,36.0
611.0,260.0,45.0,36.0
612.0,261.0,44.0,36.0
612.0,261.0,44.0,36.0
612.0,262.0,45.0,36.0
612.0,262.0,45.0,36.0
613.0,263.0,45.0,36.0
612.0,263.0,44.0,36.0
612.0,264.0,46.0,36.0
612.0,263.0,45.0,36.0
613.0,263.0,44.0,36.0
612.0,264.0,44.0,36.0
612.0,264.0,45.0,36.0
612.0,264.0,44.0,37.0
613.0,265.0,44.0,37.0
612.0,265.0,45.0,37.0
613.0,266.0,43.0,37.0
613.0,266.0,44.0,37.0
614.0,267.0,43.0,36.0
614.0,268.0,44.0,37.0
614.0,267.0,43.0,36.0
615.0,268.0,44.0,36.0
614.0,268.0,44.0,36.0
615.0,270.0,44.0,36.0
616.0,270.0,43.0,36.0
615.0,271.0,44.0,36.0
616.0,272.0,43.0,36.0
615.0,272.0,44.0,36.0
617.0,273.0,44.0,36.0
618.0,274.0,44.0,36.0
617.0,275.0,44.0,36.0
618.0,275.0,43.0,35.0
618.0,275.0,44.0,36.0
618.0,276.0,44.0,35.0
618.0,277.0,44.0,35.0
619.0,278.0,44.0,35.0
620.0,278.0,43.0,35.0
620.0,278.0,44.0,36.0
620.0,279.0,43.0,36.0
621.0,280.0,43.0,35.0
620.0,280.0,43.0,35.0
621.0,281.0,43.0,35.0
622.0,281.0,43.0,36.0
621.0,282.0,43.0,35.0
621.0,283.0,44.0,35.0
622.0,283.0,44.0,35.0
622.0,284.0,44.0,35.0
623.0,285.0,43.0,35.0
622.0,285.0,43.0,36.0
623.0,286.0,44.0,36.0
623.0,287.0,43.0,36.0
624.0,288.0,43.0,36.0
624.0,288.0,43.0,36.0
624.0,289.0,43.0,36.0
624.0,289.0,43.0,36.0
624.0,290.0,44.0,36.0
625.0,291.0,44.0,36.0
625.0,292.0,44.0,36.0
625.0,293.0,43.0,36.0
625.0,294.0,43.0,36.0
624.0,293.0,44.0,36.0
625.0,295.0,44.0,36.0
626.0,296.0,43.0,36.0
627.0,296.0,43.0,36.0
626.0,297.0,43.0,36.0
626.0,297.0,43.0,36.0
626.0,298.0,43.0,36.0
626.0,299.0,44.0,36.0
627.0,300.0,43.0,36.0
627.0,300.0,43.0,36.0
627.0,301.0,43.0,36.0
627.0,301.0,43.0,36.0
627.0,302.0,42.0,36.0
627.0,302.0,42.0,36.0
627.0,303.0,43.0,36.0
628.0,304.0,43.0,36.0
628.0,304.0,43.0,36.0
627.0,305.0,43.0,36.0
627.0,305.0,43.0,36.0
628.0,305.0,43.0,36.0
628.0,306.0,43.0,36.0
629.0,306.0,42.0,36.0
628.0,307.0,43.0,36.0
628.0,307.0,43.0,36.0
629.0,307.0,43.0,36.0
628.0,308.0,43.0,36.0
628.0,308.0,42.0,36.0
629.0,308.0,42.0,36.0
628.0,309.0,43.0,36.0
628.0,309.0,43.0,36.0
628.0,309.0,43.0,36.0
628.0,310.0,42.0,36.0
628.0,310.0,43.0,36.0
627.0,310.0,42.0,36.0
628.0,311.0,43.0,35.0
628.0,312.0,43.0,36.0
627.0,312.0,42.0,36.0
627.0,312.0,42.0,36.0
627.0,312.0,42.0,36.0
627.0,313.0,42.0,35.0
626.0,313.0,43.0,35.0
626.0,313.0,43.0,35.0
626.0,313.0,43.0,35.0
626.0,314.0,43.0,35.0
626.0,314.0,42.0,35.0
626.0,314.0,42.0,35.0
626.0,315.0,42.0,35.0
625.0,315.0,42.0,35.0
626.0,315.0,42.0,35.0
626.0,315.0,41.0,35.0
626.0,316.0,41.0,35.0
626.0,316.0,41.0,35.0
626.0,316.0,41.0,35.0
625.0,317.0,41.0,35.0
626.0,317.0,40.0,35.0
625.0,317.0,40.0,35.0
625.0,317.0,41.0,35.0
626.0,318.0,40.0,35.0
626.0,318.0,40.0,35.0
625.0,318.0,40.0,35.0
626.0,319.0,41.0,35.0
625.0,320.0,40.0,34.0
625.0,318.0,40.0,35.0
626.0,320.0,40.0,35.0
625.0,320.0,40.0,35.0
625.0,320.0,40.0,35.0
625.0,321.0,40.0,35.0
625.0,321.0,40.0,35.0
626.0,321.0,39.0,34.0
626.0,322.0,39.0,34.0
627.0,322.0,39.0,34.0
625.0,323.0,40.0,34.0
626.0,324.0,39.0,33.0
626.0,323.0,39.0,33.0
626.0,324.0,39.0,32.0
626.0,324.0,40.0,33.0
626.0,325.0,40.0,33.0
627.0,325.0,39.0,33.0
627.0,326.0,39.0,32.0
627.0,326.0,39.0,32.0
626.0,326.0,40.0,32.0
626.0,326.0,39.0,32.0
626.0,326.0,40.0,32.0
627.0,327.0,39.0,32.0
627.0,327.0,39.0,32.0
627.0,327.0,39.0,32.0
627.0,327.0,39.0,32.0
627.0,327.0,39.0,33.0
627.0,328.0,40.0,33.0
627.0,327.0,40.0,34.0
627.0,327.0,39.0,34.0
627.0,328.0,39.0,33.0
627.0,328.0,39.0,34.0
627.0,329.0,39.0,34.0
627.0,328.0,39.0,34.0
627.0,329.0,39.0,34.0
627.0,329.0,39.0,34.0
627.0,330.0,40.0,34.0
628.0,329.0,39.0,34.0
628.0,329.0,39.0,34.0
627.0,329.0,39.0,34.0
627.0,330.0,40.0,34.0
627.0,330.0,40.0,35.0
627.0,330.0,40.0,35.0
628.0,331.0,40.0,34.0
627.0,330.0,40.0,35.0
628.0,331.0,39.0,34.0
627.0,331.0,40.0,35.0
627.0,330.0,39.0,35.0
628.0,331.0,39.0,35.0
627.0,331.0,39.0,36.0
627.0,331.0,39.0,35.0
626.0,331.0,40.0,36.0
626.0,331.0,40.0,35.0
625.0,331.0,41.0,35.0
627.0,333.0,39.0,35.0
627.0,333.0,40.0,35.0
627.0,333.0,39.0,35.0
625.0,333.0,42.0,35.0
626.0,333.0,41.0,35.0
627.0,333.0,40.0,35.0
628.0,334.0,39.0,35.0
627.0,333.0,40.0,35.0
627.0,334.0,39.0,34.0
627.0,335.0,39.0,35.0
626.0,335.0,41.0,35.0
626.0,335.0,41.0,35.0
627.0,335.0,41.0,35.0
627.0,336.0,41.0,35.0
626.0,337.0,42.0,36.0
626.0,337.0,42.0,36.0
627.0,338.0,42.0,35.0
626.0,337.0,43.0,35.0
626.0,339.0,43.0,35.0
626.0,338.0,43.0,35.0
625.0,339.0,44.0,35.0
626.0,340.0,44.0,35.0
626.0,340.0,42.0,35.0
627.0,341.0,43.0,35.0
627.0,341.0,43.0,35.0
627.0,341.0,44.0,35.0
627.0,342.0,43.0,35.0
628.0,343.0,43.0,35.0
628.0,343.0,43.0,35.0
628.0,343.0,42.0,36.0
629.0,344.0,42.0,35.0
628.0,343.0,42.0,35.0
629.0,345.0,43.0,35.0
629.0,344.0,43.0,36.0
629.0,345.0,42.0,35.0
629.0,345.0,42.0,35.0
630.0,345.0,43.0,35.0
629.0,346.0,42.0,35.0
630.0,345.0,42.0,36.0
630.0,345.0,42.0,36.0
631.0,346.0,43.0,35.0
630.0,346.0,41.0,36.0
631.0,347.0,42.0,35.0
631.0,346.0,41.0,36.0
631.0,347.0,42.0,35.0
631.0,346.0,42.0,36.0
632.0,347.0,42.0,35.0
632.0,348.0,41.0,35.0
632.0,348.0,41.0,36.0
632.0,348.0,42.0,35.0
632.0,348.0,41.0,35.0
633.0,349.0,41.0,35.0
633.0,349.0,40.0,35.0
633.0,349.0,41.0,35.0
633.0,349.0,41.0,35.0
634.0,349.0,41.0,35.0
634.0,350.0,41.0,35.0
635.0,350.0,40.0,35.0
635.0,350.0,41.0,35.0
635.0,350.0,40.0,35.0
635.0,350.0,40.0,35.0
635.0,351.0,40.0,35.0
635.0,351.0,41.0,35.0
635.0,350.0,41.0,36.0
636.0,351.0,41.0,35.0
636.0,351.0,41.0,36.0
636.0,351.0,41.0,36.0
635.0,351.0,42.0,36.0
637.0,352.0,40.0,35.0
637.0,351.0,40.0,35.0
636.0,352.0,41.0,35.0
637.0,352.0,42.0,35.0
637.0,352.0,41.0,35.0
637.0,352.0,42.0,35.0
636.0,352.0,42.0,35.0
638.0,353.0,41.0,35.0
637.0,352.0,41.0,35.0
637.0,353.0,41.0,35.0
637.0,352.0,41.0,35.0
637.0,352.0,41.0,36.0
637.0,353.0,41.0,36.0
637.0,352.0,41.0,36.0
638.0,353.0,41.0,35.0
637.0,352.0,41.0,35.0
637.0,353.0,42.0,35.0
637.0,353.0,41.0,35.0
637.0,353.0,42.0,35.0
638.0,354.0,41.0,35.0
637.0,354.0,41.0,35.0
637.0,354.0,42.0,34.0
637.0,354.0,41.0,35.0
637.0,354.0,41.0,35.0
637.0,354.0,41.0,35.0
637.0,355.0,41.0,35.0
637.0,354.0,40.0,35.0
637.0,355.0,40.0,35.0
637.0,354.0,41.0,35.0
636.0,355.0,40.0,35.0
636.0,355.0,41.0,35.0
636.0,355.0,41.0,36.0
636.0,355.0,40.0,35.0
637.0,355.0,40.0,35.0
636.0,355.0,40.0,36.0
636.0,355.0,40.0,35.0
636.0,356.0,40.0,35.0
635.0,355.0,40.0,36.0
636.0,355.0,40.0,36.0
635.0,355.0,40.0,36.0
635.0,356.0,40.0,36.0
635.0,356.0,40.0,35.0
635.0,356.0,39.0,36.0
634.0,356.0,40.0,35.0
634.0,356.0,40.0,35.0
634.0,357.0,39.0,35.0
634.0,357.0,39.0,36.0
633.0,357.0,40.0,36.0
634.0,357.0,40.0,35.0
633.0,358.0,40.0,35.0
633.0,358.0,40.0,36.0
633.0,358.0,40.0,35.0
632.0,359.0,41.0,35.0
632.0,359.0,40.0,35.0
632.0,360.0,41.0,35.0
632.0,359.0,41.0,36.0
632.0,359.0,41.0,36.0
632.0,359.0,41.0,36.0
631.0,360.0,42.0,36.0
631.0,360.0,41.0,36.0
630.0,359.0,42.0,36.0
630.0,360.0,41.0,36.0
630.0,360.0,41.0,36.0
631.0,361.0,41.0,35.0
630.0,360.0,41.0,36.0
630.0,361.0,42.0,35.0
629.0,360.0,42.0,36.0
629.0,360.0,41.0,36.0
629.0,360.0,41.0,35.0
629.0,360.0,41.0,35.0
629.0,360.0,41.0,35.0
628.0,360.0,40.0,36.0
628.0,361.0,41.0,35.0
628.0,361.0,41.0,35.0
628.0,361.0,40.0,35.0
627.0,361.0,41.0,35.0
628.0,361.0,41.0,35.0
627.0,360.0,40.0,36.0
627.0,360.0,41.0,35.0
626.0,360.0,40.0,36.0
626.0,361.0,41.0,35.0
627.0,359.0,40.0,36.0
626.0,361.0,39.0,35.0
626.0,359.0,40.0,36.0
625.0,360.0,40.0,35.0
626.0,360.0,40.0,35.0
625.0,359.0,39.0,36.0
624.0,360.0,40.0,36.0
625.0,360.0,40.0,35.0
624.0,361.0,40.0,35.0
624.0,361.0,40.0,35.0
623.0,360.0,40.0,36.0
623.0,361.0,40.0,36.0
623.0,360.0,40.0,35.0
623.0,361.0,40.0,36.0
623.0,361.0,39.0,35.0
623.0,360.0,40.0,36.0
622.0,360.0,39.0,35.0
623.0,359.0,40.0,35.0
622.0,358.0,40.0,36.0
622.0,358.0,40.0,36.0
621.0,357.0,40.0,36.0
621.0,356.0,39.0,36.0
621.0,356.0,40.0,36.0
621.0,354.0,39.0,36.0
621.0,354.0,40.0,36.0
620.0,354.0,40.0,36.0
620.0,353.0,40.0,36.0
620.0,353.0,40.0,36.0
620.0,352.0,40.0,36.0
619.0,351.0,40.0,36.0
619.0,352.0,40.0,36.0
619.0,350.0,39.0,36.0
619.0,351.0,40.0,36.0
619.0,350.0,40.0,36.0
619.0,350.0,40.0,36.0
618.0,350.0,40.0,36.0
618.0,350.0,39.0,36.0
618.0,350.0,40.0,36.0
618.0,350.0,40.0,36.0
618.0,350.0,40.0,36.0
618.0,350.0,40.0,36.0
617.0,351.0,40.0,36.0
617.0,350.0,40.0,36.0
618.0,351.0,40.0,36.0
616.0,351.0,40.0,36.0
616.0,352.0,40.0,36.0
615.0,352.0,40.0,36.0
616.0,353.0,40.0,36.0
615.0,353.0,40.0,36.0
616.0,354.0,40.0,35.0
615.0,353.0,40.0,36.0
615.0,354.0,40.0,36.0
615.0,353.0,40.0,36.0
614.0,353.0,41.0,36.0
615.0,354.0,41.0,36.0
614.0,354.0,41.0,36.0
614.0,354.0,41.0,36.0
614.0,353.0,41.0,37.0
614.0,354.0,41.0,37.0
614.0,355.0,41.0,36.0
613.0,354.0,41.0,37.0
614.0,355.0,40.0,36.0
613.0,355.0,41.0,37.0
613.0,355.0,40.0,36.0
613.0,355.0,40.0,36.0
612.0,355.0,41.0,36.0
612.0,356.0,41.0,37.0
612.0,357.0,41.0,36.0
612.0,356.0,41.0,36.0
612.0,356.0,41.0,36.0
612.0,355.0,41.0,37.0
611.0,357.0,41.0,36.0
612.0,357.0,41.0,36.0
611.0,356.0,42.0,37.0
611.0,357.0,41.0,36.0
612.0,357.0,42.0,36.0
611.0,357.0,42.0,36.0
612.0,358.0,41.0,36.0
611.0,357.0,41.0,37.0
611.0,358.0,42.0,36.0
611.0,357.0,42.0,37.0
610.0,358.0,42.0,37.0
611.0,358.0,42.0,36.0
611.0,358.0,42.0,37.0
611.0,358.0,42.0,37.0
611.0,359.0,42.0,37.0
611.0,358.0,42.0,37.0
612.0,360.0,42.0,36.0
612.0,359.0,41.0,37.0
615.0,359.0,41.0,37.0
616.0,360.0,41.0,36.0
618.0,359.0,41.0,37.0
619.0,359.0,41.0,36.0
621.0,359.0,41.0,37.0
624.0,359.0,41.0,37.0
625.0,360.0,42.0,36.0
627.0,360.0,42.0,36.0
629.0,359.0,42.0,36.0
631.0,359.0,42.0,37.0
633.0,359.0,42.0,37.0
634.0,360.0,42.0,37.0
635.0,360.0,42.0,37.0
637.0,360.0,42.0,37.0
638.0,359.0,43.0,38.0
638.0,359.0,43.0,38.0
639.0,360.0,42.0,38.0
640.0,360.0,43.0,38.0
639.0,360.0,43.0,38.0
640.0,360.0,43.0,38.0
640.0,360.0,43.0,38.0
640.0,360.0,43.0,38.0
640.0,361.0,42.0,37.0
640.0,360.0,42.0,38.0
641.0,361.0,42.0,38.0
641.0,361.0,42.0,38.0
640.0,361.0,43.0,38.0
640.0,361.0,43.0,38.0
641.0,361.0,43.0,38.0
640.0,361.0,43.0,38.0
640.0,361.0,43.0,37.0
641.0,361.0,43.0,37.0
640.0,362.0,43.0,38.0
640.0,361.0,44.0,38.0
641.0,362.0,44.0,37.0
642.0,361.0,43.0,38.0
642.0,362.0,43.0,38.0
642.0,363.0,42.0,38.0
642.0,362.0,43.0,38.0
642.0,362.0,43.0,38.0
642.0,363.0,43.0,38.0
641.0,362.0,43.0,38.0
641.0,363.0,44.0,38.0
641.0,362.0,44.0,38.0
642.0,363.0,43.0,38.0
642.0,362.0,44.0,38.0
642.0,362.0,43.0,38.0
642.0,363.0,44.0,38.0
643.0,363.0,43.0,37.0
642.0,362.0,43.0,37.0
643.0,363.0,43.0,37.0
643.0,363.0,43.0,37.0
643.0,362.0,43.0,37.0
643.0,362.0,43.0,38.0
643.0,362.0,43.0,37.0
643.0,362.0,43.0,37.0
643.0,362.0,43.0,38.0
643.0,362.0,43.0,37.0
643.0,362.0,43.0,38.0
643.0,362.0,43.0,38.0
642.0,362.0,44.0,38.0
643.0,362.0,43.0,37.0
644.0,362.0,43.0,38.0
643.0,362.0,44.0,38.0
644.0,362.0,43.0,38.0
644.0,362.0,43.0,38.0
644.0,362.0,43.0,38.0
643.0,361.0,44.0,38.0
644.0,362.0,43.0,38.0
644.0,361.0,43.0,38.0
643.0,361.0,43.0,38.0
644.0,362.0,43.0,38.0
643.0,361.0,44.0,39.0
644.0,361.0,44.0,38.0
643.0,360.0,45.0,39.0
644.0,362.0,44.0,38.0
644.0,361.0,44.0,39.0
643.0,360.0,44.0,39.0
643.0,361.0,44.0,38.0
643.0,361.0,44.0,38.0
643.0,361.0,44.0,38.0
642.0,361.0,45.0,38.0
643.0,361.0,44.0,38.0
643.0,360.0,44.0,39.0
644.0,360.0,43.0,39.0
644.0,360.0,43.0,39.0
644.0,360.0,43.0,39.0
644.0,360.0,43.0,39.0
644.0,361.0,43.0,39.0
643.0,360.0,43.0,39.0
644.0,360.0,43.0,39.0
643.0,360.0,43.0,38.0
643.0,360.0,43.0,38.0
643.0,360.0,43.0,39.0
644.0,361.0,43.0,38.0
642.0,360.0,44.0,38.0
643.0,361.0,44.0,38.0
643.0,360.0,44.0,38.0
643.0,361.0,44.0,38.0
642.0,361.0,44.0,38.0
643.0,361.0,43.0,38.0
642.0,361.0,43.0,38.0
642.0,360.0,44.0,39.0
641.0,360.0,44.0,38.0
641.0,361.0,44.0,38.0
640.0,360.0,45.0,39.0
640.0,361.0,45.0,38.0
641.0,360.0,45.0,38.0
640.0,360.0,46.0,38.0
641.0,361.0,45.0,38.0
641.0,361.0,45.0,38.0
640.0,361.0,45.0,38.0
639.0,359.0,45.0,39.0
640.0,360.0,46.0,38.0
640.0,361.0,45.0,38.0
640.0,361.0,45.0,38.0
640.0,360.0,45.0,39.0
640.0,361.0,45.0,38.0
639.0,361.0,45.0,39.0
639.0,361.0,46.0,38.0
638.0,361.0,45.0,39.0
638.0,361.0,46.0,39.0
639.0,361.0,45.0,38.0
638.0,362.0,45.0,38.0
638.0,360.0,45.0,39.0
639.0,362.0,45.0,38.0
638.0,362.0,45.0,39.0
638.0,362.0,45.0,39.0
639.0,362.0,45.0,38.0
638.0,361.0,45.0,39.0
639.0,362.0,44.0,38.0
638.0,361.0,45.0,39.0
638.0,362.0,45.0,38.0
638.0,363.0,44.0,38.0
638.0,362.0,44.0,39.0
639.0,362.0,44.0,39.0
638.0,362.0,44.0,38.0
639.0,362.0,43.0,38.0
639.0,362.0,43.0,38.0
639.0,363.0,43.0,38.0
640.0,363.0,43.0,38.0
639.0,362.0,43.0,38.0
640.0,363.0,43.0,38.0
639.0,362.0,43.0,38.0
639.0,362.0,43.0,38.0
638.0,362.0,44.0,38.0
640.0,363.0,42.0,38.0
639.0,362.0,44.0,38.0
639.0,363.0,43.0,38.0
638.0,363.0,44.0,38.0
639.0,362.0,44.0,38.0
638.0,362.0,44.0,38.0
639.0,362.0,44.0,38.0
639.0,362.0,44.0,38.0
639.0,362.0,45.0,38.0
639.0,363.0,45.0,38.0
639.0,363.0,44.0,38.0
638.0,362.0,45.0,39.0
638.0,363.0,45.0,38.0
639.0,363.0,45.0,38.0
639.0,363.0,45.0,38.0
640.0,363.0,45.0,38.0
639.0,363.0,45.0,38.0
639.0,364.0,46.0,38.0
638.0,363.0,45.0,39.0
639.0,364.0,45.0,38.0
638.0,363.0,46.0,39.0
638.0,363.0,46.0,39.0
638.0,363.0,46.0,39.0
637.0,364.0,46.0,39.0
637.0,364.0,47.0,38.0
636.0,364.0,47.0,39.0
636.0,363.0,47.0,39.0
638.0,364.0,46.0,38.0
637.0,363.0,47.0,39.0
637.0,365.0,45.0,39.0
638.0,364.0,45.0,40.0
639.0,364.0,44.0,40.0
639.0,364.0,44.0,40.0
639.0,364.0,44.0,40.0
638.0,364.0,44.0,40.0
639.0,364.0,43.0,39.0
639.0,364.0,44.0,39.0
639.0,365.0,43.0,39.0
639.0,365.0,44.0,39.0
640.0,365.0,43.0,39.0
640.0,364.0,43.0,39.0
640.0,365.0,43.0,39.0
640.0,364.0,43.0,38.0
639.0,365.0,43.0,38.0
640.0,365.0,43.0,38.0
639.0,365.0,43.0,38.0
639.0,365.0,44.0,38.0
639.0,365.0,44.0,39.0
639.0,365.0,44.0,39.0
639.0,365.0,45.0,38.0
640.0,365.0,44.0,38.0
638.0,364.0,45.0,39.0
639.0,365.0,45.0,38.0
639.0,365.0,45.0,38.0
639.0,366.0,45.0,38.0
639.0,365.0,45.0,39.0
639.0,365.0,45.0,38.0
639.0,366.0,44.0,38.0
639.0,365.0,44.0,39.0
638.0,367.0,46.0,38.0
638.0,366.0,46.0,38.0
638.0,367.0,45.0,38.0
639.0,367.0,45.0,38.0
639.0,367.0,45.0,38.0
638.0,367.0,45.0,38.0
638.0,367.0,46.0,38.0
638.0,367.0,46.0,38.0
639.0,368.0,45.0,38.0
639.0,367.0,44.0,39.0
638.0,368.0,45.0,39.0
639.0,367.0,45.0,39.0
639.0,368.0,45.0,39.0
638.0,369.0,45.0,39.0
638.0,369.0,45.0,39.0
638.0,369.0,45.0,39.0
638.0,369.0,46.0,39.0
638.0,370.0,45.0,39.0
639.0,369.0,44.0,39.0
640.0,370.0,44.0,39.0
640.0,370.0,44.0,39.0
640.0,370.0,44.0,38.0
640.0,371.0,44.0,38.0
640.0,371.0,44.0,38.0
641.0,372.0,44.0,38.0
641.0,371.0,43.0,38.0
641.0,372.0,43.0,38.0
641.0,372.0,43.0,38.0
641.0,373.0,43.0,39.0
641.0,373.0,43.0,39.0
640.0,373.0,43.0,39.0
640.0,373.0,44.0,39.0
640.0,373.0,44.0,39.0
640.0,373.0,44.0,39.0
641.0,373.0,44.0,38.0
639.0,374.0,45.0,39.0
640.0,374.0,45.0,39.0
640.0,375.0,45.0,39.0
639.0,375.0,45.0,39.0
639.0,375.0,45.0,39.0
640.0,376.0,45.0,39.0
640.0,376.0,44.0,39.0
639.0,376.0,46.0,39.0
639.0,376.0,46.0,39.0
639.0,377.0,45.0,39.0
640.0,377.0,45.0,38.0
639.0,377.0,45.0,39.0
639.0,377.0,46.0,39.0
639.0,378.0,45.0,38.0
638.0,378.0,46.0,38.0
640.0,379.0,44.0,38.0
638.0,379.0,47.0,38.0
637.0,379.0,48.0,38.0
637.0,380.0,48.0,38.0
637.0,379.0,48.0,38.0
