376.0,280.0,18.0,11.0
385.0,285.0,18.0,10.0
386.0,285.0,18.0,10.0
386.0,285.0,18.0,10.0
386.0,285.0,18.0,10.0
386.0,285.0,18.0,10.0
386.0,285.0,18.0,10.0
387.0,286.0,18.0,10.0
387.0,285.0,18.0,10.0
387.0,286.0,18.0,10.0
387.0,285.0,18.0,11.0
386.0,286.0,19.0,10.0
387.0,286.0,18.0,11.0
387.0,287.0,18.0,10.0
387.0,287.0,18.0,10.0
387.0,287.0,18.0,10.0
387.0,286.0,18.0,10.0
387.0,287.0,18.0,10.0
387.0,287.0,17.0,10.0
387.0,287.0,17.0,10.0
387.0,287.0,17.0,11.0
388.0,287.0,17.0,11.0
387.0,288.0,17.0,11.0
388.0,287.0,17.0,11.0
387.0,288.0,17.0,11.0
386.0,289.0,18.0,10.0
387.0,289.0,17.0,10.0
386.0,288.0,17.0,10.0
388.0,288.0,17.0,11.0
388.0,288.0,17.0,11.0
386.0,289.0,18.0,11.0
387.0,289.0,18.0,11.0
386.0,290.0,19.0,11.0
387.0,289.0,18.0,11.0
386.0,289.0,18.0,11.0
386.0,290.0,18.0,11.0
386.0,291.0,18.0,10.0
385.0,290.0,19.0,11.0
385.0,290.0,19.0,11.0
385.0,290.0,19.0,11.0
384.0,290.0,19.0,11.0
385.0,290.0,20.0,12.0
384.0,290.0,20.0,12.0
384.0,291.0,19.0,11.0
384.0,292.0,19.0,11.0
384.0,292.0,19.0,11.0
383.0,291.0,19.0,12.0
383.0,291.0,18.0,13.0
384.0,292.0,19.0,13.0
383.0,292.0,19.0,12.0
383.0,293.0,19.0,12.0
381.0,294.0,19.0,12.0
382.0,293.0,19.0,12.0
381.0,293.0,19.0,13.0
381.0,293.0,20.0,12.0
381.0,293.0,20.0,13.0
380.0,293.0,21.0,13.0
379.0,294.0,21.0,12.0
380.0,294.0,20.0,13.0
379.0,294.0,21.0,12.0
378.0,294.0,21.0,13.0
378.0,295.0,21.0,13.0
377.0,295.0,22.0,12.0
377.0,296.0,22.0,12.0
377.0,296.0,21.0,12.0
377.0,296.0,22.0,13.0
376.0,296.0,22.0,13.0
374.0,296.0,21.0,13.0
375.0,296.0,21.0,13.0
374.0,296.0,21.0,13.0
373.0,297.0,22.0,14.0
373.0,297.0,21.0,13.0
373.0,296.0,21.0,14.0
373.0,296.0,21.0,14.0
372.0,297.0,21.0,14.0
372.0,297.0,21.0,14.0
372.0,297.0,21.0,14.0
370.0,297.0,22.0,14.0
370.0,298.0,21.0,14.0
369.0,298.0,22.0,14.0
370.0,298.0,22.0,14.0
368.0,298.0,22.0,14.0
369.0,298.0,22.0,14.0
368.0,299.0,22.0,14.0
368.0,300.0,22.0,13.0
368.0,301.0,23.0,14.0
367.0,300.0,22.0,14.0
368.0,299.0,22.0,15.0
367.0,299.0,22.0,16.0
367.0,299.0,22.0,16.0
367.0,299.0,23.0,16.0
366.0,299.0,21.0,16.0
367.0,299.0,21.0,16.0
367.0,300.0,22.0,16.0
367.0,300.0,26.0,15.0
367.0,301.0,23.0,16.0
367.0,299.0,23.0,17.0
367.0,300.0,25.0,17.0
368.0,300.0,26.0,16.0
367.0,301.0,27.0,15.0
368.0,302.0,29.0,15.0
368.0,301.0,29.0,16.0
368.0,301.0,28.0,16.0
369.0,301.0,28.0,17.0
370.0,301.0,30.0,17.0
373.0,301.0,27.0,16.0
377.0,302.0,24.0,16.0
378.0,302.0,26.0,16.0
377.0,302.0,28.0,17.0
381.0,301.0,26.0,17.0
381.0,301.0,27.0,16.0
383.0,302.0,27.0,16.0
385.0,302.0,27.0,16.0
386.0,302.0,29.0,16.0
385.0,301.0,30.0,17.0
386.0,302.0,35.0,16.0
387.0,301.0,35.0,17.0
388.0,301.0,37.0,17.0
390.0,301.0,39.0,17.0
391.0,300.0,39.0,17.0
394.0,301.0,39.0,17.0
396.0,301.0,41.0,16.0
399.0,301.0,40.0,17.0
401.0,300.0,42.0,17.0
404.0,300.0,41.0,17.0
408.0,299.0,41.0,18.0
411.0,300.0,42.0,17.0
413.0,300.0,42.0,17.0
416.0,300.0,43.0,17.0
419.0,300.0,43.0,17.0
423.0,300.0,43.0,17.0
425.0,300.0,45.0,17.0
430.0,300.0,44.0,17.0
433.0,301.0,45.0,17.0
435.0,300.0,45.0,18.0
440.0,300.0,45.0,18.0
442.0,300.0,46.0,17.0
447.0,300.0,46.0,18.0
450.0,300.0,46.0,17.0
453.0,300.0,47.0,18.0
457.0,300.0,48.0,18.0
461.0,301.0,47.0,17.0
464.0,301.0,48.0,18.0
468.0,300.0,48.0,18.0
472.0,300.0,48.0,18.0
478.0,300.0,48.0,17.0
480.0,301.0,49.0,18.0
483.0,301.0,50.0,17.0
488.0,301.0,49.0,18.0
490.0,300.0,51.0,18.0
496.0,301.0,50.0,18.0
499.0,301.0,51.0,18.0
504.0,301.0,50.0,19.0
508.0,300.0,50.0,19.0
511.0,301.0,50.0,19.0
515.0,302.0,51.0,19.0
518.0,302.0,51.0,19.0
522.0,301.0,50.0,19.0
526.0,301.0,50.0,19.0
530.0,302.0,50.0,19.0
535.0,302.0,49.0,19.0
537.0,302.0,50.0,20.0
540.0,302.0,52.0,20.0
544.0,302.0,50.0,21.0
546.0,302.0,50.0,22.0
550.0,303.0,48.0,22.0
552.0,303.0,47.0,22.0
554.0,303.0,47.0,22.0
557.0,304.0,48.0,22.0
559.0,305.0,46.0,22.0
561.0,304.0,46.0,23.0
563.0,305.0,45.0,23.0
564.0,306.0,45.0,22.0
566.0,306.0,45.0,22.0
568.0,306.0,44.0,22.0
569.0,307.0,44.0,23.0
570.0,308.0,43.0,23.0
571.0,309.0,42.0,23.0
571.0,309.0,43.0,23.0
570.0,310.0,44.0,23.0
569.0,309.0,45.0,24.0
574.0,309.0,40.0,24.0
574.0,310.0,41.0,24.0
575.0,311.0,41.0,24.0
574.0,311.0,40.0,24.0
574.0,310.0,39.0,25.0
574.0,310.0,38.0,26.0
573.0,312.0,38.0,26.0
574.0,312.0,36.0,26.0
573.0,313.0,36.0,26.0
572.0,313.0,36.0,26.0
573.0,313.0,35.0,28.0
572.0,314.0,35.0,27.0
570.0,315.0,34.0,27.0
568.0,316.0,34.0,27.0
565.0,316.0,34.0,27.0
563.0,317.0,34.0,28.0
560.0,317.0,34.0,28.0
557.0,317.0,35.0,29.0
554.0,318.0,36.0,30.0
550.0,318.0,37.0,30.0
546.0,319.0,37.0,30.0
543.0,320.0,38.0,31.0
539.0,321.0,38.0,30.0
535.0,321.0,39.0,31.0
528.0,323.0,41.0,31.0
525.0,323.0,42.0,31.0
521.0,323.0,42.0,32.0
515.0,325.0,43.0,32.0
512.0,326.0,43.0,32.0
505.0,327.0,44.0,32.0
501.0,328.0,44.0,32.0
497.0,329.0,44.0,32.0
492.0,329.0,45.0,33.0
488.0,330.0,45.0,34.0
483.0,331.0,45.0,34.0
479.0,332.0,46.0,34.0
476.0,334.0,46.0,34.0
473.0,335.0,46.0,34.0
471.0,335.0,46.0,35.0
466.0,336.0,47.0,36.0
463.0,337.0,47.0,36.0
460.0,338.0,47.0,36.0
458.0,338.0,47.0,37.0
457.0,340.0,47.0,37.0
453.0,341.0,47.0,38.0
452.0,342.0,47.0,39.0
451.0,343.0,46.0,39.0
449.0,344.0,46.0,39.0
448.0,345.0,45.0,39.0
448.0,346.0,45.0,40.0
446.0,347.0,45.0,41.0
444.0,348.0,48.0,41.0
442.0,349.0,50.0,41.0
439.0,350.0,54.0,41.0
435.0,351.0,56.0,42.0
434.0,352.0,56.0,43.0
430.0,353.0,55.0,43.0
427.0,353.0,57.0,44.0
426.0,354.0,59.0,45.0
421.0,356.0,63.0,44.0
418.0,357.0,65.0,45.0
416.0,358.0,67.0,45.0
414.0,359.0,70.0,45.0
412.0,360.0,72.0,46.0
411.0,362.0,75.0,45.0
409.0,363.0,77.0,45.0
408.0,364.0,79.0,45.0
407.0,364.0,82.0,46.0
407.0,367.0,84.0,45.0
406.0,368.0,87.0,46.0
406.0,368.0,89.0,46.0
407.0,370.0,92.0,46.0
409.0,371.0,94.0,46.0
410.0,372.0,96.0,47.0
412.0,374.0,99.0,46.0
414.0,373.0,101.0,48.0
415.0,373.0,105.0,48.0
412.0,371.0,113.0,50.0
407.0,371.0,123.0,51.0
420.0,375.0,119.0,48.0
424.0,376.0,116.0,47.0
430.0,377.0,115.0,46.0
432.0,377.0,117.0,47.0
434.0,377.0,117.0,47.0
437.0,378.0,120.0,47.0
439.0,377.0,121.0,47.0
442.0,378.0,122.0,48.0
444.0,377.0,125.0,49.0
448.0,377.0,126.0,50.0
453.0,376.0,128.0,49.0
456.0,377.0,129.0,50.0
459.0,376.0,130.0,50.0
464.0,376.0,131.0,50.0
468.0,375.0,131.0,51.0
473.0,374.0,133.0,51.0
477.0,374.0,135.0,52.0
483.0,374.0,136.0,52.0
486.0,374.0,137.0,52.0
491.0,373.0,138.0,51.0
498.0,373.0,139.0,52.0
501.0,373.0,142.0,53.0
507.0,372.0,141.0,53.0
511.0,373.0,143.0,53.0
515.0,373.0,145.0,53.0
522.0,373.0,145.0,54.0
524.0,372.0,148.0,54.0
530.0,372.0,147.0,54.0
535.0,372.0,148.0,54.0
539.0,372.0,150.0,54.0
545.0,371.0,152.0,55.0
549.0,370.0,150.0,56.0
552.0,370.0,150.0,55.0
554.0,369.0,151.0,55.0
557.0,369.0,151.0,54.0
561.0,368.0,153.0,54.0
562.0,367.0,153.0,54.0
565.0,366.0,153.0,54.0
567.0,365.0,153.0,54.0
571.0,366.0,152.0,54.0
572.0,364.0,154.0,54.0
574.0,364.0,153.0,53.0
576.0,363.0,153.0,54.0
578.0,364.0,154.0,54.0
580.0,364.0,154.0,54.0
581.0,364.0,155.0,53.0
582.0,363.0,159.0,54.0
584.0,362.0,159.0,54.0
586.0,362.0,160.0,58.0
588.0,362.0,153.0,58.0
590.0,362.0,155.0,58.0
592.0,360.0,167.0,58.0
592.0,359.0,171.0,60.0
594.0,359.0,159.0,59.0
594.0,359.0,154.0,59.0
597.0,361.0,152.0,57.0
597.0,361.0,154.0,58.0
598.0,364.0,152.0,56.0
585.0,364.0,164.0,57.0
585.0,363.0,164.0,55.0
593.0,363.0,158.0,57.0
592.0,362.0,153.0,59.0
592.0,364.0,152.0,59.0
588.0,364.0,154.0,58.0
581.0,368.0,160.0,56.0
583.0,368.0,154.0,57.0
580.0,369.0,155.0,58.0
579.0,368.0,154.0,61.0
575.0,370.0,154.0,60.0
571.0,370.0,156.0,61.0
566.0,371.0,157.0,63.0
563.0,372.0,155.0,63.0
559.0,374.0,155.0,63.0
556.0,376.0,158.0,65.0
551.0,379.0,161.0,63.0
546.0,381.0,161.0,66.0
541.0,383.0,162.0,65.0
540.0,385.0,163.0,66.0
539.0,386.0,163.0,67.0
535.0,388.0,166.0,67.0
533.0,389.0,167.0,70.0
530.0,390.0,167.0,70.0
527.0,392.0,169.0,72.0
524.0,393.0,171.0,72.0
521.0,394.0,173.0,74.0
520.0,398.0,174.0,74.0
515.0,400.0,177.0,75.0
513.0,402.0,178.0,76.0
510.0,404.0,181.0,77.0
506.0,404.0,183.0,80.0
502.0,405.0,185.0,81.0
502.0,409.0,184.0,80.0
497.0,410.0,188.0,83.0
494.0,413.0,189.0,83.0
489.0,415.0,192.0,84.0
486.0,418.0,191.0,82.0
481.0,419.0,194.0,82.0
477.0,423.0,194.0,81.0
470.0,423.0,197.0,82.0
466.0,423.0,196.0,82.0
455.0,425.0,198.0,81.0
447.0,426.0,198.0,81.0
438.0,426.0,200.0,81.0
429.0,426.0,200.0,82.0
418.0,428.0,202.0,82.0
401.0,430.0,207.0,81.0
391.0,429.0,206.0,82.0
379.0,430.0,207.0,82.0
368.0,432.0,208.0,83.0
355.0,433.0,211.0,83.0
338.0,433.0,213.0,83.0
328.0,436.0,212.0,82.0
316.0,435.0,214.0,83.0
304.0,436.0,216.0,84.0
292.0,438.0,218.0,83.0
279.0,437.0,222.0,85.0
271.0,440.0,225.0,84.0
264.0,438.0,224.0,85.0
259.0,438.0,222.0,86.0
257.0,438.0,224.0,88.0
258.0,435.0,259.0,90.0
257.0,433.0,246.0,88.0
259.0,433.0,228.0,88.0
261.0,431.0,222.0,89.0
266.0,433.0,220.0,89.0
267.0,431.0,220.0,89.0
273.0,430.0,216.0,90.0
274.0,429.0,216.0,91.0
277.0,430.0,213.0,89.0
277.0,429.0,214.0,89.0
280.0,427.0,212.0,89.0
259.0,425.0,232.0,90.0
246.0,421.0,248.0,91.0
243.0,420.0,250.0,89.0
253.0,419.0,237.0,89.0
273.0,417.0,213.0,89.0
270.0,415.0,210.0,91.0
268.0,416.0,207.0,88.0
260.0,413.0,209.0,90.0
253.0,410.0,209.0,90.0
245.0,408.0,210.0,90.0
241.0,407.0,207.0,88.0
235.0,406.0,206.0,89.0
230.0,403.0,206.0,89.0
225.0,403.0,206.0,88.0
216.0,401.0,207.0,87.0
211.0,401.0,205.0,85.0
204.0,399.0,206.0,82.0
199.0,398.0,206.0,84.0
193.0,397.0,206.0,82.0
187.0,396.0,205.0,79.0
186.0,396.0,203.0,79.0
182.0,395.0,201.0,79.0
178.0,394.0,199.0,79.0
172.0,393.0,201.0,78.0
169.0,391.0,199.0,78.0
166.0,391.0,199.0,77.0
162.0,389.0,199.0,77.0
156.0,389.0,219.0,77.0
152.0,390.0,206.0,78.0
146.0,389.0,200.0,81.0
144.0,389.0,199.0,83.0
137.0,390.0,201.0,81.0
134.0,390.0,199.0,82.0
127.0,390.0,201.0,82.0
124.0,393.0,199.0,83.0
119.0,393.0,197.0,85.0
108.0,394.0,207.0,83.0
85.0,395.0,228.0,80.0
94.0,398.0,213.0,76.0
98.0,403.0,202.0,78.0
90.0,405.0,206.0,81.0
86.0,406.0,207.0,82.0
82.0,409.0,208.0,82.0
79.0,414.0,208.0,82.0
73.0,420.0,209.0,83.0
70.0,424.0,209.0,83.0
68.0,427.0,210.0,84.0
64.0,432.0,212.0,85.0
64.0,435.0,211.0,85.0
59.0,442.0,216.0,86.0
57.0,445.0,214.0,86.0
61.0,449.0,217.0,86.0
59.0,452.0,218.0,86.0
66.0,456.0,214.0,86.0
70.0,464.0,215.0,82.0
70.0,467.0,218.0,84.0
78.0,469.0,214.0,85.0
85.0,471.0,213.0,85.0
88.0,477.0,213.0,83.0
98.0,480.0,213.0,82.0
102.0,482.0,213.0,84.0
107.0,484.0,213.0,84.0
112.0,487.0,218.0,83.0
120.0,488.0,215.0,82.0
128.0,487.0,242.0,82.0
135.0,490.0,223.0,80.0
140.0,491.0,204.0,80.0
144.0,491.0,206.0,80.0
150.0,490.0,202.0,80.0
155.0,490.0,202.0,79.0
161.0,490.0,199.0,79.0
165.0,489.0,197.0,79.0
170.0,487.0,196.0,79.0
173.0,486.0,197.0,78.0
177.0,485.0,196.0,78.0
167.0,484.0,206.0,78.0
166.0,481.0,209.0,78.0
151.0,483.0,224.0,76.0
167.0,483.0,207.0,76.0
176.0,480.0,191.0,77.0
173.0,480.0,192.0,78.0
171.0,479.0,192.0,77.0
171.0,478.0,189.0,77.0
168.0,475.0,190.0,77.0
165.0,471.0,191.0,75.0
168.0,469.0,186.0,75.0
166.0,465.0,188.0,74.0
166.0,463.0,186.0,75.0
165.0,461.0,185.0,73.0
165.0,458.0,182.0,72.0
164.0,456.0,185.0,73.0
164.0,453.0,182.0,73.0
163.0,452.0,182.0,72.0
166.0,450.0,180.0,72.0
165.0,450.0,180.0,71.0
166.0,450.0,178.0,71.0
166.0,448.0,180.0,71.0
169.0,446.0,177.0,70.0
171.0,443.0,178.0,70.0
176.0,442.0,181.0,74.0
176.0,440.0,173.0,78.0
177.0,438.0,172.0,84.0
179.0,437.0,175.0,84.0
183.0,438.0,170.0,82.0
187.0,437.0,169.0,78.0
190.0,441.0,168.0,80.0
195.0,440.0,166.0,80.0
198.0,441.0,165.0,79.0
193.0,442.0,172.0,79.0
196.0,446.0,176.0,77.0
191.0,446.0,181.0,79.0
210.0,447.0,163.0,80.0
213.0,448.0,161.0,83.0
213.0,449.0,162.0,83.0
216.0,450.0,162.0,85.0
217.0,450.0,161.0,85.0
218.0,450.0,161.0,86.0
221.0,451.0,161.0,86.0
221.0,450.0,163.0,89.0
225.0,450.0,162.0,89.0
225.0,450.0,163.0,91.0
226.0,451.0,163.0,90.0
228.0,453.0,163.0,91.0
228.0,454.0,164.0,92.0
230.0,457.0,165.0,93.0
232.0,456.0,165.0,93.0
233.0,457.0,166.0,92.0
233.0,456.0,167.0,94.0
233.0,457.0,169.0,92.0
235.0,456.0,168.0,92.0
237.0,454.0,167.0,90.0
236.0,454.0,170.0,90.0
236.0,451.0,172.0,89.0
240.0,451.0,171.0,87.0
246.0,444.0,167.0,86.0
248.0,438.0,168.0,87.0
250.0,434.0,170.0,85.0
254.0,429.0,171.0,84.0
254.0,422.0,175.0,85.0
262.0,416.0,173.0,81.0
266.0,408.0,172.0,82.0
269.0,405.0,173.0,81.0
274.0,396.0,183.0,80.0
276.0,391.0,196.0,77.0
281.0,385.0,178.0,77.0
282.0,382.0,172.0,75.0
285.0,379.0,171.0,74.0
287.0,375.0,171.0,72.0
289.0,372.0,170.0,73.0
293.0,370.0,168.0,71.0
293.0,367.0,167.0,73.0
292.0,365.0,169.0,71.0
293.0,364.0,168.0,72.0
293.0,361.0,167.0,70.0
285.0,360.0,180.0,70.0
272.0,356.0,193.0,69.0
288.0,357.0,181.0,71.0
295.0,355.0,169.0,69.0
299.0,354.0,168.0,69.0
301.0,352.0,165.0,67.0
301.0,350.0,163.0,69.0
303.0,349.0,161.0,67.0
303.0,346.0,163.0,68.0
304.0,344.0,162.0,68.0
303.0,341.0,163.0,69.0
300.0,339.0,165.0,69.0
303.0,336.0,164.0,68.0
302.0,334.0,163.0,70.0
309.0,334.0,156.0,69.0
308.0,331.0,156.0,72.0
308.0,330.0,154.0,73.0
307.0,329.0,156.0,74.0
307.0,328.0,154.0,76.0
307.0,326.0,154.0,85.0
306.0,327.0,155.0,91.0
304.0,326.0,157.0,89.0
304.0,326.0,155.0,85.0
305.0,326.0,153.0,83.0
305.0,325.0,151.0,85.0
303.0,325.0,152.0,86.0
297.0,325.0,156.0,84.0
277.0,325.0,174.0,86.0
289.0,328.0,159.0,85.0
293.0,325.0,152.0,88.0
292.0,326.0,150.0,90.0
289.0,328.0,151.0,90.0
286.0,330.0,150.0,89.0
282.0,331.0,151.0,90.0
284.0,333.0,145.0,92.0
279.0,335.0,144.0,91.0
275.0,337.0,144.0,93.0
272.0,338.0,144.0,95.0
268.0,340.0,142.0,96.0
266.0,344.0,142.0,96.0
261.0,347.0,142.0,96.0
259.0,349.0,142.0,98.0
254.0,351.0,143.0,98.0
251.0,354.0,143.0,99.0
244.0,356.0,146.0,101.0
238.0,359.0,148.0,102.0
234.0,363.0,149.0,102.0
229.0,366.0,151.0,103.0
223.0,369.0,155.0,103.0
219.0,372.0,157.0,103.0
214.0,377.0,160.0,103.0
209.0,380.0,165.0,103.0
205.0,381.0,171.0,104.0
201.0,386.0,187.0,102.0
199.0,391.0,179.0,99.0
196.0,392.0,169.0,99.0
193.0,395.0,172.0,99.0
190.0,397.0,173.0,97.0
188.0,399.0,176.0,96.0
186.0,401.0,176.0,94.0
183.0,402.0,178.0,93.0
181.0,401.0,180.0,95.0
180.0,401.0,180.0,96.0
179.0,402.0,180.0,96.0
179.0,402.0,181.0,93.0
176.0,406.0,185.0,89.0
176.0,408.0,185.0,84.0
174.0,409.0,187.0,82.0
176.0,409.0,184.0,81.0
178.0,410.0,182.0,81.0
180.0,409.0,182.0,79.0
179.0,408.0,184.0,78.0
182.0,408.0,184.0,77.0
183.0,406.0,183.0,77.0
185.0,406.0,183.0,75.0
186.0,404.0,183.0,74.0
188.0,404.0,183.0,73.0
190.0,402.0,183.0,73.0
192.0,399.0,181.0,73.0
193.0,396.0,182.0,74.0
197.0,393.0,180.0,73.0
200.0,391.0,179.0,74.0
203.0,386.0,177.0,74.0
206.0,385.0,176.0,74.0
207.0,378.0,176.0,76.0
211.0,375.0,176.0,76.0
213.0,371.0,176.0,75.0
216.0,368.0,173.0,74.0
220.0,364.0,171.0,74.0
221.0,361.0,171.0,74.0
223.0,356.0,169.0,71.0
225.0,353.0,169.0,70.0
226.0,350.0,169.0,70.0
230.0,345.0,166.0,69.0
232.0,343.0,165.0,69.0
235.0,338.0,163.0,68.0
235.0,336.0,164.0,68.0
236.0,332.0,162.0,67.0
238.0,329.0,162.0,69.0
241.0,326.0,160.0,69.0
244.0,322.0,159.0,70.0
246.0,319.0,158.0,69.0
247.0,317.0,157.0,70.0
250.0,314.0,156.0,70.0
252.0,312.0,155.0,72.0
253.0,309.0,153.0,72.0
255.0,307.0,154.0,73.0
258.0,306.0,153.0,73.0
259.0,304.0,153.0,76.0
259.0,302.0,154.0,78.0
259.0,300.0,157.0,90.0
261.0,299.0,163.0,89.0
264.0,299.0,159.0,83.0
266.0,295.0,151.0,80.0
268.0,295.0,147.0,80.0
271.0,290.0,146.0,83.0
272.0,286.0,146.0,87.0
264.0,287.0,157.0,86.0
244.0,280.0,177.0,93.0
250.0,282.0,174.0,90.0
287.0,283.0,138.0,91.0
288.0,287.0,140.0,88.0
290.0,290.0,140.0,86.0
292.0,290.0,139.0,88.0
295.0,291.0,140.0,89.0
297.0,290.0,137.0,88.0
300.0,291.0,136.0,88.0
303.0,293.0,134.0,88.0
304.0,292.0,132.0,90.0
305.0,293.0,132.0,91.0
307.0,294.0,129.0,91.0
308.0,297.0,127.0,90.0
308.0,299.0,124.0,90.0
307.0,300.0,122.0,91.0
307.0,300.0,121.0,93.0
305.0,302.0,119.0,93.0
304.0,303.0,118.0,94.0
302.0,306.0,116.0,95.0
300.0,305.0,114.0,96.0
298.0,309.0,112.0,96.0
294.0,307.0,110.0,99.0
292.0,312.0,108.0,98.0
288.0,310.0,105.0,103.0
285.0,314.0,103.0,102.0
280.0,315.0,104.0,104.0
275.0,317.0,103.0,106.0
270.0,319.0,103.0,107.0
267.0,321.0,102.0,107.0
263.0,323.0,101.0,109.0
258.0,323.0,102.0,112.0
253.0,327.0,103.0,111.0
252.0,329.0,104.0,111.0
249.0,332.0,105.0,111.0
249.0,333.0,105.0,110.0
251.0,334.0,104.0,110.0
256.0,335.0,104.0,110.0
258.0,336.0,105.0,110.0
262.0,334.0,106.0,112.0
266.0,335.0,106.0,111.0
273.0,334.0,108.0,111.0
283.0,333.0,107.0,113.0
293.0,332.0,107.0,112.0
303.0,332.0,108.0,114.0
315.0,331.0,108.0,112.0
325.0,329.0,110.0,112.0
340.0,328.0,112.0,112.0
350.0,326.0,124.0,111.0
362.0,325.0,122.0,109.0
371.0,325.0,117.0,106.0
379.0,322.0,116.0,106.0
385.0,323.0,116.0,102.0
384.0,323.0,119.0,101.0
386.0,322.0,117.0,100.0
384.0,320.0,119.0,101.0
384.0,318.0,118.0,102.0
381.0,316.0,122.0,103.0
380.0,317.0,123.0,100.0
379.0,314.0,124.0,102.0
380.0,315.0,124.0,98.0
379.0,313.0,127.0,99.0
381.0,311.0,127.0,97.0
383.0,311.0,127.0,96.0
385.0,309.0,127.0,96.0
387.0,308.0,127.0,94.0
390.0,304.0,128.0,94.0
395.0,302.0,128.0,94.0
398.0,299.0,129.0,92.0
403.0,298.0,128.0,91.0
408.0,296.0,127.0,90.0
414.0,293.0,128.0,89.0
423.0,291.0,126.0,87.0
428.0,289.0,126.0,86.0
435.0,286.0,125.0,85.0
441.0,285.0,126.0,84.0
446.0,282.0,127.0,84.0
453.0,278.0,126.0,83.0
459.0,276.0,126.0,82.0
464.0,274.0,124.0,81.0
467.0,272.0,124.0,81.0
471.0,269.0,124.0,80.0
474.0,267.0,123.0,79.0
477.0,264.0,124.0,78.0
482.0,262.0,123.0,79.0
483.0,260.0,124.0,76.0
488.0,257.0,123.0,78.0
493.0,254.0,122.0,76.0
496.0,252.0,121.0,76.0
499.0,250.0,121.0,74.0
504.0,249.0,121.0,75.0
506.0,247.0,121.0,74.0
511.0,243.0,121.0,73.0
514.0,241.0,119.0,73.0
516.0,239.0,121.0,73.0
519.0,237.0,120.0,73.0
523.0,235.0,120.0,71.0
527.0,234.0,119.0,69.0
530.0,232.0,119.0,69.0
533.0,229.0,119.0,69.0
536.0,226.0,118.0,69.0
539.0,225.0,119.0,68.0
543.0,221.0,119.0,68.0
547.0,220.0,117.0,67.0
550.0,218.0,117.0,67.0
553.0,216.0,116.0,67.0
556.0,215.0,116.0,68.0
560.0,212.0,116.0,67.0
564.0,211.0,114.0,67.0
566.0,209.0,115.0,67.0
569.0,208.0,113.0,66.0
573.0,206.0,111.0,65.0
576.0,204.0,110.0,65.0
578.0,203.0,110.0,66.0
580.0,201.0,109.0,65.0
582.0,201.0,108.0,65.0
584.0,199.0,107.0,66.0
586.0,196.0,103.0,66.0
587.0,195.0,104.0,80.0
589.0,194.0,102.0,74.0
591.0,193.0,100.0,70.0
592.0,191.0,101.0,66.0
593.0,191.0,105.0,64.0
594.0,190.0,100.0,63.0
591.0,188.0,99.0,64.0
583.0,186.0,105.0,65.0
579.0,183.0,109.0,67.0
590.0,181.0,98.0,68.0
592.0,178.0,93.0,70.0
593.0,173.0,88.0,74.0
591.0,169.0,88.0,77.0
590.0,175.0,86.0,71.0
588.0,182.0,84.0,65.0
586.0,180.0,84.0,66.0
583.0,183.0,83.0,64.0
581.0,183.0,84.0,64.0
579.0,183.0,83.0,64.0
575.0,182.0,82.0,64.0
573.0,184.0,81.0,64.0
570.0,182.0,81.0,65.0
567.0,184.0,81.0,65.0
565.0,184.0,81.0,65.0
562.0,186.0,80.0,65.0
561.0,190.0,80.0,64.0
556.0,193.0,81.0,64.0
554.0,196.0,82.0,64.0
551.0,201.0,83.0,65.0
548.0,206.0,83.0,65.0
546.0,211.0,84.0,64.0
544.0,216.0,85.0,64.0
541.0,220.0,86.0,66.0
540.0,226.0,86.0,65.0
537.0,233.0,88.0,65.0
535.0,238.0,88.0,64.0
533.0,242.0,89.0,65.0
532.0,246.0,90.0,66.0
530.0,249.0,91.0,66.0
529.0,255.0,93.0,66.0
528.0,257.0,94.0,67.0
527.0,259.0,95.0,67.0
526.0,261.0,97.0,67.0
525.0,262.0,98.0,67.0
524.0,264.0,100.0,67.0
523.0,264.0,101.0,66.0
523.0,264.0,104.0,66.0
522.0,265.0,104.0,67.0
521.0,265.0,105.0,67.0
519.0,266.0,107.0,66.0
519.0,268.0,108.0,65.0
518.0,268.0,109.0,65.0
517.0,269.0,109.0,65.0
518.0,270.0,110.0,65.0
519.0,271.0,126.0,64.0
519.0,270.0,118.0,66.0
518.0,272.0,111.0,65.0
518.0,272.0,111.0,66.0
519.0,272.0,111.0,66.0
519.0,271.0,113.0,67.0
520.0,272.0,113.0,66.0
520.0,271.0,113.0,67.0
521.0,269.0,113.0,69.0
521.0,267.0,114.0,71.0
521.0,271.0,116.0,68.0
524.0,273.0,115.0,66.0
525.0,274.0,113.0,66.0
527.0,273.0,113.0,67.0
528.0,272.0,114.0,67.0
528.0,271.0,114.0,69.0
530.0,272.0,114.0,69.0
530.0,272.0,114.0,68.0
532.0,272.0,115.0,70.0
533.0,274.0,116.0,70.0
534.0,273.0,116.0,70.0
535.0,275.0,116.0,70.0
535.0,275.0,117.0,70.0
537.0,276.0,117.0,70.0
538.0,277.0,118.0,70.0
539.0,277.0,119.0,71.0
540.0,278.0,119.0,71.0
540.0,278.0,121.0,71.0
541.0,280.0,121.0,71.0
543.0,280.0,121.0,72.0
544.0,282.0,122.0,70.0
545.0,282.0,122.0,71.0
545.0,283.0,123.0,71.0
547.0,283.0,124.0,71.0
548.0,285.0,125.0,70.0
550.0,284.0,126.0,72.0
552.0,286.0,126.0,72.0
554.0,286.0,127.0,73.0
555.0,288.0,127.0,72.0
556.0,287.0,128.0,73.0
557.0,288.0,130.0,73.0
559.0,290.0,129.0,74.0
560.0,290.0,130.0,75.0
560.0,289.0,130.0,76.0
560.0,291.0,131.0,75.0
560.0,293.0,131.0,76.0
560.0,293.0,133.0,76.0
561.0,294.0,133.0,76.0
560.0,294.0,134.0,77.0
560.0,295.0,134.0,77.0
560.0,296.0,135.0,75.0
558.0,297.0,136.0,76.0
557.0,298.0,136.0,75.0
557.0,297.0,135.0,76.0
556.0,299.0,137.0,75.0
555.0,300.0,137.0,76.0
554.0,301.0,137.0,76.0
553.0,301.0,137.0,74.0
552.0,302.0,136.0,74.0
550.0,304.0,137.0,73.0
548.0,304.0,138.0,74.0
547.0,304.0,138.0,73.0
544.0,305.0,138.0,73.0
540.0,306.0,139.0,73.0
538.0,307.0,138.0,73.0
533.0,308.0,140.0,73.0
530.0,308.0,140.0,74.0
526.0,309.0,141.0,74.0
524.0,309.0,141.0,74.0
520.0,310.0,141.0,73.0
514.0,310.0,144.0,73.0
511.0,310.0,141.0,73.0
507.0,311.0,144.0,73.0
503.0,312.0,142.0,71.0
500.0,312.0,143.0,72.0
492.0,313.0,145.0,72.0
489.0,313.0,144.0,72.0
484.0,313.0,145.0,72.0
481.0,313.0,145.0,73.0
475.0,313.0,146.0,72.0
468.0,314.0,146.0,70.0
465.0,315.0,145.0,70.0
461.0,315.0,146.0,71.0
456.0,315.0,146.0,71.0
452.0,315.0,147.0,71.0
446.0,317.0,147.0,69.0
443.0,317.0,147.0,70.0
439.0,317.0,147.0,69.0
435.0,317.0,146.0,70.0
431.0,317.0,147.0,70.0
423.0,319.0,148.0,69.0
421.0,319.0,147.0,68.0
416.0,320.0,148.0,68.0
409.0,320.0,150.0,69.0
405.0,322.0,149.0,69.0
396.0,322.0,150.0,69.0
390.0,323.0,150.0,69.0
384.0,323.0,150.0,69.0
376.0,325.0,150.0,69.0
371.0,325.0,150.0,69.0
359.0,327.0,150.0,68.0
355.0,328.0,150.0,68.0
345.0,328.0,151.0,68.0
339.0,328.0,152.0,68.0
332.0,331.0,153.0,67.0
321.0,332.0,153.0,68.0
313.0,334.0,153.0,67.0
304.0,334.0,155.0,67.0
296.0,335.0,155.0,68.0
287.0,337.0,157.0,68.0
277.0,340.0,157.0,67.0
269.0,341.0,159.0,67.0
259.0,343.0,158.0,67.0
250.0,345.0,159.0,67.0
242.0,347.0,160.0,66.0
232.0,349.0,161.0,67.0
225.0,350.0,162.0,66.0
218.0,353.0,162.0,65.0
214.0,352.0,162.0,66.0
208.0,353.0,164.0,67.0
203.0,355.0,164.0,66.0
201.0,355.0,164.0,68.0
197.0,355.0,164.0,68.0
194.0,357.0,165.0,67.0
192.0,359.0,165.0,67.0
187.0,359.0,166.0,69.0
185.0,359.0,166.0,68.0
182.0,360.0,166.0,69.0
178.0,361.0,167.0,69.0
175.0,362.0,167.0,70.0
171.0,363.0,168.0,69.0
167.0,365.0,168.0,69.0
163.0,364.0,168.0,70.0
162.0,366.0,167.0,68.0
158.0,366.0,168.0,70.0
152.0,367.0,172.0,70.0
150.0,369.0,171.0,70.0
144.0,369.0,173.0,71.0
141.0,371.0,172.0,70.0
135.0,371.0,173.0,71.0
132.0,373.0,173.0,70.0
126.0,373.0,175.0,71.0
121.0,375.0,175.0,71.0
115.0,374.0,175.0,72.0
113.0,377.0,174.0,71.0
104.0,377.0,178.0,72.0
101.0,379.0,177.0,72.0
97.0,378.0,177.0,73.0
93.0,380.0,178.0,72.0
89.0,381.0,179.0,73.0
84.0,380.0,180.0,75.0
82.0,381.0,179.0,75.0
76.0,380.0,182.0,76.0
76.0,383.0,181.0,75.0
75.0,382.0,180.0,76.0
73.0,383.0,182.0,76.0
73.0,382.0,182.0,77.0
71.0,384.0,182.0,76.0
71.0,383.0,180.0,78.0
66.0,384.0,183.0,77.0
63.0,385.0,184.0,79.0
62.0,385.0,183.0,79.0
58.0,386.0,184.0,80.0
55.0,387.0,185.0,80.0
54.0,389.0,184.0,80.0
51.0,389.0,184.0,83.0
51.0,390.0,183.0,82.0
53.0,390.0,184.0,84.0
56.0,391.0,182.0,84.0
54.0,392.0,182.0,86.0
59.0,393.0,180.0,85.0
57.0,394.0,185.0,86.0
57.0,395.0,185.0,87.0
58.0,396.0,184.0,86.0
55.0,398.0,186.0,86.0
56.0,400.0,184.0,89.0
59.0,401.0,183.0,90.0
59.0,401.0,182.0,92.0
60.0,403.0,181.0,93.0
61.0,404.0,181.0,95.0
65.0,405.0,180.0,97.0
64.0,407.0,182.0,98.0
61.0,407.0,187.0,98.0
62.0,410.0,187.0,98.0
66.0,411.0,183.0,101.0
76.0,413.0,176.0,101.0
79.0,414.0,173.0,103.0
80.0,415.0,173.0,105.0
83.0,417.0,171.0,106.0
87.0,418.0,170.0,108.0
93.0,419.0,167.0,108.0
97.0,420.0,165.0,111.0
101.0,421.0,164.0,114.0
105.0,421.0,164.0,116.0
109.0,422.0,163.0,117.0
115.0,426.0,159.0,117.0
121.0,428.0,157.0,118.0
123.0,429.0,156.0,121.0
126.0,431.0,155.0,123.0
131.0,432.0,152.0,126.0
136.0,434.0,150.0,128.0
139.0,437.0,150.0,129.0
143.0,437.0,150.0,132.0
146.0,440.0,148.0,133.0
149.0,442.0,147.0,135.0
152.0,446.0,143.0,136.0
150.0,449.0,143.0,139.0
149.0,452.0,142.0,140.0
145.0,456.0,139.0,142.0
144.0,459.0,140.0,143.0
138.0,463.0,137.0,148.0
134.0,469.0,138.0,148.0
131.0,472.0,138.0,149.0
128.0,475.0,136.0,154.0
124.0,478.0,135.0,156.0
117.0,483.0,136.0,158.0
112.0,487.0,136.0,161.0
107.0,492.0,136.0,160.0
103.0,496.0,134.0,165.0
98.0,499.0,135.0,166.0
96.0,504.0,133.0,168.0
93.0,505.0,135.0,170.0
