246.0,278.0,131.0,59.0
242.0,278.0,136.0,55.0
243.0,278.0,135.0,56.0
242.0,278.0,136.0,56.0
241.0,278.0,136.0,56.0
239.0,279.0,136.0,55.0
239.0,278.0,136.0,55.0
238.0,278.0,136.0,56.0
236.0,278.0,136.0,56.0
235.0,279.0,136.0,55.0
233.0,279.0,136.0,55.0
234.0,280.0,135.0,55.0
232.0,279.0,135.0,56.0
230.0,279.0,136.0,56.0
229.0,279.0,136.0,56.0
228.0,280.0,136.0,56.0
228.0,280.0,135.0,55.0
228.0,281.0,135.0,55.0
228.0,280.0,135.0,56.0
228.0,281.0,135.0,56.0
229.0,282.0,135.0,55.0
229.0,281.0,135.0,56.0
229.0,283.0,135.0,56.0
230.0,283.0,134.0,55.0
231.0,283.0,134.0,56.0
232.0,284.0,134.0,56.0
234.0,283.0,134.0,57.0
235.0,284.0,135.0,57.0
237.0,285.0,135.0,56.0
239.0,285.0,134.0,56.0
241.0,286.0,134.0,57.0
242.0,285.0,135.0,58.0
245.0,286.0,135.0,58.0
247.0,286.0,135.0,58.0
248.0,287.0,135.0,59.0
252.0,288.0,134.0,58.0
255.0,289.0,134.0,57.0
258.0,289.0,133.0,58.0
260.0,289.0,134.0,59.0
263.0,292.0,133.0,58.0
265.0,293.0,134.0,59.0
267.0,295.0,133.0,58.0
269.0,295.0,134.0,59.0
269.0,296.0,134.0,60.0
272.0,297.0,134.0,60.0
272.0,300.0,135.0,60.0
275.0,301.0,134.0,61.0
276.0,302.0,135.0,62.0
278.0,304.0,135.0,62.0
280.0,304.0,135.0,63.0
283.0,307.0,135.0,63.0
286.0,308.0,135.0,65.0
289.0,311.0,135.0,65.0
291.0,311.0,136.0,68.0
294.0,312.0,137.0,68.0
297.0,314.0,138.0,70.0
300.0,316.0,138.0,71.0
302.0,319.0,138.0,72.0
305.0,320.0,138.0,74.0
307.0,322.0,139.0,75.0
309.0,326.0,139.0,75.0
308.0,328.0,141.0,77.0
311.0,329.0,142.0,79.0
311.0,331.0,144.0,80.0
313.0,332.0,144.0,82.0
315.0,333.0,146.0,83.0
314.0,335.0,147.0,84.0
315.0,335.0,149.0,87.0
315.0,337.0,150.0,88.0
316.0,339.0,152.0,90.0
316.0,341.0,154.0,93.0
318.0,343.0,157.0,96.0
319.0,345.0,158.0,96.0
320.0,346.0,161.0,99.0
321.0,348.0,165.0,100.0
323.0,349.0,170.0,104.0
323.0,348.0,173.0,107.0
326.0,349.0,177.0,109.0
327.0,349.0,181.0,112.0
330.0,350.0,184.0,116.0
334.0,349.0,190.0,120.0
335.0,349.0,193.0,123.0
339.0,349.0,198.0,127.0
341.0,350.0,203.0,131.0
344.0,350.0,208.0,135.0
348.0,350.0,215.0,140.0
352.0,351.0,219.0,144.0
354.0,352.0,225.0,147.0
358.0,355.0,233.0,148.0
360.0,355.0,239.0,152.0
365.0,358.0,248.0,158.0
367.0,354.0,256.0,166.0
371.0,359.0,261.0,168.0
371.0,357.0,271.0,175.0
374.0,359.0,277.0,180.0
374.0,361.0,291.0,187.0
376.0,363.0,298.0,191.0
378.0,368.0,308.0,194.0
379.0,370.0,316.0,199.0
384.0,378.0,322.0,199.0
388.0,391.0,336.0,198.0
391.0,392.0,348.0,207.0
394.0,406.0,359.0,203.0
395.0,413.0,368.0,206.0
400.0,423.0,377.0,208.0
406.0,436.0,392.0,202.0
409.0,443.0,401.0,196.0
417.0,453.0,409.0,197.0
425.0,459.0,415.0,188.0
434.0,463.0,424.0,186.0
449.0,469.0,433.0,182.0
464.0,470.0,433.0,185.0
477.0,473.0,438.0,182.0
492.0,464.0,434.0,187.0
503.0,462.0,429.0,193.0
533.0,454.0,420.0,195.0
541.0,440.0,418.0,203.0
556.0,429.0,410.0,206.0
567.0,415.0,395.0,208.0
579.0,402.0,384.0,210.0
596.0,377.0,360.0,216.0
601.0,355.0,352.0,217.0
605.0,342.0,340.0,214.0
610.0,312.0,327.0,221.0
610.0,285.0,312.0,230.0
611.0,269.0,289.0,225.0
608.0,269.0,276.0,204.0
604.0,259.0,266.0,194.0
600.0,247.0,255.0,191.0
599.0,237.0,243.0,186.0
597.0,223.0,231.0,181.0
601.0,215.0,217.0,176.0
605.0,208.0,209.0,172.0
610.0,202.0,198.0,165.0
610.0,195.0,194.0,160.0
612.0,188.0,189.0,153.0
630.0,184.0,168.0,149.0
637.0,182.0,160.0,144.0
647.0,178.0,153.0,142.0
656.0,179.0,146.0,137.0
665.0,179.0,138.0,132.0
672.0,183.0,131.0,126.0
679.0,185.0,124.0,124.0
685.0,192.0,118.0,120.0
690.0,195.0,115.0,118.0
695.0,205.0,109.0,114.0
698.0,210.0,106.0,111.0
700.0,218.0,103.0,108.0
701.0,226.0,100.0,105.0
702.0,232.0,97.0,102.0
701.0,240.0,96.0,99.0
700.0,240.0,93.0,97.0
699.0,241.0,91.0,95.0
696.0,242.0,89.0,93.0
692.0,243.0,88.0,91.0
688.0,242.0,86.0,88.0
684.0,241.0,85.0,86.0
679.0,241.0,84.0,84.0
674.0,241.0,82.0,82.0
670.0,239.0,81.0,81.0
664.0,241.0,80.0,77.0
659.0,241.0,79.0,76.0
654.0,239.0,77.0,74.0
648.0,237.0,77.0,74.0
643.0,234.0,76.0,73.0
636.0,232.0,75.0,71.0
630.0,231.0,74.0,69.0
624.0,228.0,73.0,69.0
618.0,227.0,73.0,67.0
612.0,224.0,72.0,66.0
604.0,222.0,72.0,65.0
598.0,220.0,71.0,64.0
593.0,218.0,70.0,64.0
587.0,217.0,69.0,62.0
582.0,216.0,68.0,62.0
574.0,214.0,68.0,61.0
568.0,214.0,67.0,61.0
562.0,213.0,67.0,60.0
556.0,213.0,66.0,60.0
551.0,211.0,65.0,59.0
542.0,210.0,65.0,58.0
538.0,210.0,64.0,58.0
533.0,208.0,64.0,57.0
528.0,206.0,64.0,57.0
523.0,206.0,65.0,56.0
517.0,204.0,66.0,56.0
515.0,204.0,66.0,55.0
511.0,202.0,67.0,54.0
507.0,200.0,68.0,54.0
506.0,200.0,69.0,53.0
502.0,199.0,72.0,52.0
499.0,199.0,74.0,52.0
499.0,198.0,75.0,52.0
497.0,197.0,78.0,51.0
496.0,197.0,79.0,51.0
494.0,197.0,82.0,51.0
494.0,196.0,85.0,51.0
494.0,196.0,88.0,52.0
493.0,196.0,92.0,51.0
493.0,196.0,92.0,50.0
494.0,194.0,91.0,50.0
494.0,194.0,91.0,50.0
494.0,193.0,93.0,49.0
493.0,193.0,94.0,49.0
496.0,192.0,95.0,49.0
496.0,191.0,97.0,52.0
497.0,189.0,98.0,56.0
497.0,188.0,100.0,57.0
498.0,187.0,101.0,54.0
500.0,187.0,102.0,49.0
500.0,186.0,104.0,46.0
502.0,185.0,103.0,46.0
505.0,184.0,103.0,46.0
505.0,183.0,104.0,46.0
508.0,182.0,104.0,45.0
510.0,181.0,106.0,46.0
512.0,179.0,107.0,45.0
514.0,178.0,107.0,45.0
517.0,178.0,107.0,44.0
518.0,176.0,108.0,45.0
522.0,174.0,109.0,45.0
524.0,173.0,110.0,45.0
527.0,172.0,112.0,46.0
530.0,171.0,112.0,45.0
533.0,171.0,113.0,45.0
538.0,170.0,113.0,45.0
541.0,169.0,114.0,45.0
545.0,168.0,114.0,45.0
549.0,169.0,114.0,44.0
553.0,168.0,116.0,45.0
560.0,169.0,117.0,44.0
564.0,169.0,119.0,44.0
569.0,169.0,120.0,44.0
575.0,169.0,120.0,43.0
580.0,170.0,119.0,43.0
588.0,171.0,120.0,44.0
593.0,172.0,121.0,44.0
598.0,173.0,122.0,44.0
603.0,173.0,124.0,45.0
609.0,175.0,124.0,44.0
616.0,176.0,125.0,45.0
621.0,177.0,126.0,46.0
626.0,178.0,127.0,46.0
630.0,180.0,126.0,46.0
635.0,183.0,126.0,45.0
642.0,184.0,126.0,47.0
646.0,186.0,128.0,46.0
651.0,187.0,128.0,47.0
655.0,189.0,128.0,47.0
660.0,191.0,129.0,47.0
667.0,194.0,128.0,48.0
671.0,196.0,128.0,48.0
677.0,197.0,128.0,49.0
683.0,198.0,126.0,49.0
688.0,200.0,125.0,49.0
696.0,203.0,125.0,48.0
701.0,205.0,125.0,49.0
707.0,205.0,125.0,50.0
710.0,207.0,123.0,51.0
718.0,208.0,122.0,50.0
725.0,212.0,120.0,51.0
731.0,213.0,119.0,51.0
736.0,215.0,118.0,51.0
741.0,216.0,116.0,52.0
747.0,218.0,113.0,52.0
753.0,220.0,111.0,53.0
758.0,220.0,109.0,54.0
763.0,222.0,107.0,54.0
768.0,223.0,105.0,54.0
772.0,225.0,103.0,55.0
776.0,227.0,101.0,55.0
780.0,228.0,101.0,55.0
778.0,230.0,104.0,54.0
784.0,230.0,99.0,56.0
788.0,231.0,95.0,56.0
793.0,233.0,91.0,56.0
795.0,235.0,89.0,56.0
797.0,236.0,87.0,56.0
799.0,237.0,84.0,56.0
800.0,238.0,82.0,56.0
802.0,239.0,80.0,57.0
803.0,240.0,78.0,57.0
803.0,242.0,76.0,58.0
804.0,242.0,74.0,57.0
804.0,244.0,73.0,57.0
803.0,244.0,71.0,58.0
803.0,245.0,70.0,57.0
802.0,245.0,68.0,57.0
801.0,245.0,67.0,57.0
801.0,248.0,66.0,57.0
798.0,248.0,65.0,57.0
796.0,249.0,65.0,57.0
794.0,250.0,65.0,57.0
791.0,250.0,64.0,57.0
788.0,251.0,64.0,57.0
785.0,250.0,62.0,57.0
782.0,252.0,62.0,56.0
777.0,252.0,63.0,55.0
772.0,251.0,63.0,55.0
769.0,251.0,63.0,55.0
762.0,252.0,63.0,55.0
757.0,252.0,63.0,55.0
752.0,252.0,63.0,55.0
748.0,252.0,63.0,54.0
744.0,252.0,63.0,54.0
737.0,251.0,63.0,55.0
735.0,251.0,62.0,56.0
730.0,251.0,63.0,55.0
725.0,252.0,63.0,54.0
721.0,252.0,62.0,53.0
715.0,252.0,62.0,53.0
711.0,253.0,61.0,53.0
706.0,253.0,62.0,52.0
701.0,254.0,62.0,52.0
696.0,255.0,62.0,51.0
688.0,256.0,62.0,51.0
684.0,257.0,60.0,51.0
677.0,258.0,60.0,51.0
671.0,258.0,62.0,51.0
665.0,259.0,61.0,51.0
658.0,260.0,61.0,51.0
653.0,262.0,61.0,50.0
647.0,262.0,61.0,51.0
641.0,263.0,61.0,50.0
635.0,265.0,61.0,50.0
628.0,266.0,62.0,49.0
622.0,267.0,62.0,50.0
618.0,268.0,62.0,49.0
612.0,269.0,63.0,49.0
607.0,270.0,64.0,49.0
598.0,272.0,67.0,49.0
593.0,272.0,68.0,49.0
588.0,274.0,71.0,49.0
582.0,275.0,74.0,48.0
577.0,276.0,75.0,48.0
571.0,278.0,78.0,48.0
567.0,279.0,79.0,48.0
564.0,281.0,80.0,48.0
561.0,282.0,82.0,48.0
558.0,285.0,83.0,47.0
556.0,287.0,87.0,47.0
553.0,288.0,93.0,48.0
551.0,291.0,91.0,47.0
549.0,292.0,91.0,47.0
548.0,292.0,92.0,47.0
547.0,294.0,95.0,47.0
545.0,295.0,96.0,47.0
545.0,296.0,98.0,47.0
545.0,297.0,98.0,47.0
546.0,297.0,99.0,49.0
547.0,300.0,100.0,52.0
548.0,299.0,102.0,55.0
549.0,300.0,105.0,53.0
551.0,301.0,106.0,48.0
554.0,302.0,105.0,48.0
557.0,302.0,106.0,46.0
560.0,302.0,108.0,47.0
563.0,302.0,108.0,47.0
566.0,302.0,109.0,46.0
571.0,301.0,109.0,47.0
575.0,304.0,109.0,46.0
579.0,304.0,110.0,46.0
584.0,304.0,109.0,46.0
587.0,306.0,111.0,46.0
591.0,306.0,110.0,46.0
596.0,307.0,112.0,45.0
600.0,307.0,112.0,46.0
606.0,307.0,112.0,46.0
609.0,308.0,113.0,45.0
615.0,307.0,113.0,45.0
620.0,307.0,115.0,45.0
625.0,307.0,116.0,47.0
629.0,306.0,117.0,48.0
633.0,306.0,117.0,47.0
637.0,305.0,116.0,47.0
644.0,304.0,114.0,47.0
647.0,303.0,114.0,47.0
653.0,303.0,113.0,47.0
658.0,301.0,112.0,48.0
662.0,300.0,111.0,48.0
667.0,297.0,111.0,49.0
670.0,296.0,110.0,48.0
674.0,295.0,110.0,49.0
678.0,293.0,109.0,49.0
681.0,292.0,108.0,49.0
686.0,290.0,107.0,50.0
688.0,287.0,107.0,50.0
692.0,287.0,106.0,49.0
693.0,285.0,106.0,50.0
696.0,283.0,105.0,49.0
697.0,281.0,105.0,50.0
700.0,280.0,104.0,50.0
701.0,278.0,104.0,50.0
702.0,276.0,103.0,50.0
702.0,275.0,104.0,50.0
704.0,274.0,103.0,50.0
704.0,271.0,103.0,50.0
704.0,270.0,103.0,50.0
705.0,268.0,102.0,50.0
705.0,267.0,102.0,51.0
704.0,265.0,101.0,51.0
703.0,263.0,100.0,51.0
703.0,263.0,99.0,51.0
703.0,261.0,98.0,51.0
703.0,261.0,98.0,51.0
704.0,261.0,96.0,50.0
702.0,260.0,96.0,51.0
703.0,260.0,95.0,51.0
702.0,260.0,94.0,52.0
701.0,258.0,94.0,53.0
700.0,255.0,93.0,56.0
699.0,256.0,93.0,55.0
697.0,256.0,92.0,54.0
697.0,256.0,92.0,53.0
696.0,257.0,91.0,54.0
695.0,257.0,89.0,54.0
694.0,258.0,88.0,54.0
694.0,258.0,88.0,55.0
692.0,260.0,86.0,54.0
689.0,260.0,87.0,55.0
680.0,260.0,92.0,54.0
683.0,261.0,87.0,55.0
683.0,261.0,82.0,55.0
682.0,261.0,81.0,55.0
679.0,263.0,81.0,54.0
675.0,262.0,81.0,55.0
672.0,263.0,80.0,55.0
669.0,262.0,80.0,55.0
665.0,264.0,80.0,54.0
661.0,263.0,80.0,55.0
656.0,264.0,79.0,55.0
652.0,263.0,79.0,55.0
648.0,264.0,79.0,55.0
643.0,262.0,80.0,55.0
639.0,263.0,80.0,55.0
633.0,262.0,81.0,55.0
629.0,262.0,82.0,54.0
625.0,262.0,81.0,55.0
620.0,260.0,82.0,55.0
616.0,261.0,83.0,54.0
611.0,259.0,84.0,54.0
607.0,258.0,85.0,55.0
604.0,258.0,86.0,55.0
599.0,257.0,87.0,54.0
595.0,256.0,89.0,54.0
590.0,257.0,91.0,54.0
587.0,257.0,94.0,53.0
584.0,257.0,95.0,52.0
581.0,257.0,95.0,53.0
578.0,258.0,96.0,52.0
576.0,258.0,102.0,52.0
573.0,259.0,101.0,53.0
571.0,259.0,101.0,53.0
569.0,260.0,102.0,52.0
568.0,260.0,104.0,52.0
566.0,262.0,106.0,53.0
566.0,261.0,107.0,56.0
565.0,263.0,109.0,59.0
563.0,265.0,110.0,59.0
562.0,264.0,112.0,55.0
562.0,267.0,112.0,52.0
563.0,268.0,112.0,52.0
562.0,270.0,113.0,51.0
562.0,271.0,114.0,51.0
563.0,271.0,115.0,51.0
562.0,273.0,116.0,52.0
563.0,274.0,116.0,52.0
564.0,276.0,117.0,52.0
563.0,278.0,119.0,52.0
565.0,278.0,119.0,52.0
565.0,280.0,121.0,53.0
565.0,282.0,122.0,53.0
566.0,283.0,121.0,53.0
567.0,286.0,122.0,53.0
567.0,287.0,121.0,54.0
567.0,289.0,122.0,54.0
567.0,292.0,121.0,54.0
567.0,293.0,121.0,56.0
568.0,295.0,120.0,56.0
568.0,297.0,121.0,57.0
568.0,299.0,122.0,57.0
568.0,301.0,121.0,57.0
568.0,303.0,119.0,58.0
566.0,303.0,119.0,61.0
567.0,303.0,119.0,62.0
566.0,307.0,120.0,61.0
564.0,309.0,118.0,62.0
565.0,309.0,118.0,63.0
564.0,312.0,118.0,63.0
565.0,311.0,117.0,64.0
563.0,312.0,115.0,65.0
563.0,312.0,114.0,65.0
563.0,312.0,114.0,65.0
561.0,312.0,113.0,66.0
552.0,312.0,122.0,66.0
560.0,314.0,113.0,65.0
562.0,313.0,110.0,65.0
561.0,313.0,108.0,66.0
560.0,313.0,108.0,66.0
560.0,313.0,107.0,66.0
557.0,311.0,106.0,67.0
557.0,312.0,106.0,67.0
554.0,311.0,106.0,67.0
556.0,311.0,105.0,67.0
553.0,310.0,105.0,67.0
551.0,310.0,105.0,67.0
548.0,309.0,105.0,67.0
547.0,308.0,106.0,67.0
544.0,307.0,106.0,67.0
542.0,307.0,108.0,67.0
539.0,306.0,109.0,66.0
535.0,305.0,112.0,66.0
535.0,304.0,112.0,65.0
532.0,303.0,114.0,64.0
531.0,302.0,116.0,64.0
529.0,301.0,117.0,63.0
527.0,301.0,119.0,63.0
526.0,301.0,119.0,62.0
526.0,301.0,120.0,61.0
525.0,300.0,121.0,60.0
523.0,299.0,122.0,61.0
523.0,299.0,124.0,60.0
523.0,299.0,123.0,59.0
524.0,299.0,126.0,58.0
523.0,299.0,127.0,59.0
525.0,299.0,127.0,58.0
525.0,300.0,127.0,57.0
525.0,299.0,128.0,59.0
526.0,300.0,130.0,62.0
526.0,299.0,132.0,66.0
528.0,300.0,133.0,60.0
528.0,300.0,133.0,59.0
528.0,301.0,134.0,57.0
530.0,303.0,133.0,55.0
531.0,303.0,134.0,55.0
532.0,305.0,135.0,55.0
534.0,306.0,136.0,55.0
535.0,307.0,135.0,54.0
537.0,309.0,136.0,55.0
538.0,310.0,137.0,55.0
540.0,312.0,138.0,56.0
542.0,313.0,139.0,55.0
544.0,315.0,138.0,56.0
546.0,316.0,138.0,57.0
547.0,318.0,138.0,56.0
549.0,320.0,140.0,56.0
551.0,322.0,139.0,57.0
552.0,323.0,140.0,58.0
553.0,325.0,139.0,58.0
554.0,326.0,140.0,59.0
555.0,329.0,140.0,59.0
556.0,331.0,142.0,59.0
558.0,331.0,141.0,60.0
558.0,333.0,141.0,60.0
559.0,333.0,141.0,61.0
561.0,335.0,141.0,62.0
562.0,336.0,140.0,63.0
562.0,337.0,141.0,65.0
563.0,338.0,141.0,64.0
566.0,339.0,140.0,64.0
568.0,340.0,139.0,64.0
570.0,340.0,139.0,65.0
570.0,340.0,138.0,65.0
572.0,339.0,137.0,67.0
573.0,340.0,137.0,66.0
575.0,341.0,137.0,65.0
576.0,341.0,136.0,65.0
577.0,341.0,135.0,66.0
579.0,341.0,134.0,67.0
579.0,340.0,133.0,67.0
581.0,340.0,131.0,67.0
578.0,339.0,131.0,67.0
574.0,338.0,138.0,66.0
582.0,338.0,128.0,66.0
583.0,336.0,125.0,67.0
582.0,335.0,125.0,67.0
582.0,335.0,125.0,67.0
581.0,333.0,124.0,67.0
581.0,332.0,124.0,67.0
581.0,331.0,122.0,67.0
580.0,329.0,121.0,67.0
577.0,327.0,121.0,66.0
577.0,326.0,121.0,67.0
575.0,325.0,121.0,67.0
574.0,324.0,120.0,66.0
572.0,322.0,120.0,65.0
570.0,320.0,121.0,64.0
568.0,319.0,121.0,64.0
567.0,318.0,121.0,64.0
565.0,316.0,122.0,63.0
562.0,314.0,125.0,63.0
560.0,313.0,126.0,63.0
560.0,311.0,127.0,61.0
558.0,311.0,128.0,60.0
558.0,310.0,127.0,59.0
557.0,309.0,133.0,58.0
556.0,307.0,131.0,58.0
556.0,307.0,132.0,57.0
556.0,306.0,132.0,59.0
556.0,305.0,134.0,59.0
556.0,304.0,136.0,62.0
554.0,303.0,137.0,63.0
554.0,302.0,138.0,62.0
554.0,302.0,138.0,58.0
553.0,302.0,139.0,55.0
553.0,302.0,138.0,53.0
553.0,302.0,139.0,52.0
552.0,302.0,140.0,53.0
552.0,302.0,140.0,54.0
552.0,302.0,142.0,53.0
551.0,302.0,142.0,53.0
553.0,303.0,142.0,52.0
552.0,303.0,143.0,52.0
553.0,303.0,144.0,53.0
552.0,304.0,145.0,53.0
552.0,306.0,146.0,52.0
553.0,307.0,146.0,53.0
552.0,309.0,147.0,53.0
552.0,309.0,148.0,53.0
552.0,311.0,149.0,55.0
550.0,312.0,150.0,55.0
550.0,313.0,150.0,56.0
549.0,316.0,152.0,56.0
550.0,317.0,151.0,57.0
549.0,319.0,151.0,57.0
548.0,321.0,152.0,58.0
547.0,323.0,153.0,59.0
547.0,324.0,154.0,60.0
547.0,324.0,153.0,61.0
545.0,325.0,154.0,62.0
545.0,328.0,153.0,63.0
543.0,329.0,153.0,63.0
542.0,330.0,153.0,64.0
542.0,329.0,151.0,66.0
541.0,330.0,151.0,67.0
539.0,331.0,150.0,69.0
536.0,332.0,151.0,68.0
530.0,331.0,156.0,69.0
529.0,332.0,152.0,70.0
531.0,332.0,149.0,71.0
529.0,332.0,146.0,73.0
527.0,332.0,144.0,73.0
525.0,331.0,145.0,75.0
522.0,331.0,143.0,76.0
520.0,329.0,143.0,75.0
516.0,330.0,140.0,75.0
513.0,330.0,141.0,76.0
510.0,329.0,139.0,75.0
507.0,329.0,140.0,75.0
505.0,329.0,138.0,74.0
501.0,328.0,136.0,74.0
498.0,327.0,136.0,75.0
495.0,326.0,135.0,75.0
492.0,325.0,135.0,75.0
488.0,324.0,133.0,75.0
484.0,324.0,133.0,75.0
481.0,322.0,133.0,75.0
476.0,320.0,133.0,76.0
473.0,319.0,131.0,75.0
470.0,320.0,132.0,74.0
464.0,320.0,131.0,73.0
461.0,319.0,133.0,72.0
456.0,318.0,131.0,72.0
452.0,318.0,133.0,71.0
448.0,318.0,132.0,71.0
443.0,318.0,132.0,70.0
439.0,318.0,133.0,69.0
436.0,317.0,132.0,70.0
432.0,317.0,133.0,69.0
429.0,318.0,134.0,68.0
425.0,318.0,131.0,67.0
422.0,317.0,135.0,65.0
418.0,317.0,134.0,65.0
417.0,316.0,134.0,65.0
414.0,317.0,133.0,64.0
411.0,315.0,135.0,64.0
409.0,315.0,134.0,63.0
407.0,314.0,136.0,62.0
405.0,315.0,136.0,60.0
403.0,315.0,136.0,60.0
402.0,315.0,136.0,59.0
398.0,313.0,137.0,58.0
397.0,313.0,136.0,59.0
395.0,312.0,136.0,59.0
394.0,309.0,138.0,60.0
392.0,309.0,141.0,60.0
391.0,308.0,142.0,60.0
391.0,309.0,138.0,60.0
389.0,310.0,141.0,59.0
389.0,310.0,143.0,57.0
388.0,310.0,145.0,59.0
381.0,310.0,151.0,61.0
383.0,311.0,148.0,60.0
387.0,311.0,145.0,56.0
386.0,312.0,144.0,55.0
386.0,311.0,144.0,54.0
385.0,312.0,145.0,54.0
386.0,313.0,145.0,53.0
385.0,313.0,146.0,53.0
386.0,313.0,145.0,53.0
385.0,315.0,147.0,53.0
385.0,316.0,147.0,52.0
384.0,316.0,148.0,51.0
384.0,317.0,148.0,51.0
385.0,319.0,148.0,51.0
384.0,319.0,150.0,51.0
385.0,322.0,148.0,51.0
385.0,323.0,150.0,51.0
384.0,324.0,149.0,52.0
383.0,325.0,151.0,53.0
382.0,328.0,152.0,53.0
383.0,329.0,151.0,52.0
381.0,331.0,153.0,53.0
381.0,333.0,154.0,54.0
380.0,335.0,154.0,54.0
379.0,338.0,154.0,56.0
379.0,341.0,155.0,56.0
378.0,344.0,157.0,56.0
376.0,347.0,160.0,57.0
377.0,349.0,160.0,57.0
376.0,353.0,160.0,59.0
376.0,357.0,163.0,58.0
376.0,360.0,164.0,59.0
376.0,363.0,164.0,60.0
376.0,366.0,164.0,61.0
376.0,370.0,166.0,62.0
376.0,372.0,169.0,63.0
375.0,375.0,171.0,63.0
375.0,378.0,171.0,64.0
375.0,380.0,173.0,63.0
375.0,384.0,172.0,66.0
377.0,386.0,174.0,65.0
376.0,388.0,175.0,66.0
375.0,391.0,176.0,67.0
378.0,392.0,176.0,67.0
380.0,394.0,177.0,68.0
380.0,397.0,177.0,69.0
381.0,397.0,178.0,70.0
383.0,399.0,179.0,71.0
385.0,399.0,180.0,73.0
385.0,402.0,179.0,73.0
387.0,403.0,179.0,74.0
388.0,403.0,179.0,76.0
389.0,404.0,179.0,76.0
390.0,403.0,180.0,78.0
391.0,403.0,180.0,80.0
393.0,404.0,180.0,81.0
392.0,405.0,182.0,81.0
383.0,405.0,190.0,82.0
393.0,405.0,179.0,83.0
395.0,404.0,178.0,83.0
396.0,404.0,178.0,84.0
395.0,403.0,178.0,84.0
395.0,403.0,177.0,85.0
395.0,401.0,176.0,86.0
395.0,400.0,175.0,86.0
395.0,400.0,175.0,87.0
395.0,398.0,174.0,87.0
393.0,396.0,172.0,87.0
394.0,395.0,171.0,86.0
392.0,393.0,170.0,87.0
391.0,392.0,170.0,87.0
391.0,390.0,168.0,86.0
390.0,388.0,167.0,86.0
389.0,387.0,167.0,86.0
388.0,385.0,166.0,85.0
388.0,382.0,164.0,85.0
389.0,380.0,162.0,84.0
391.0,377.0,160.0,83.0
390.0,375.0,160.0,83.0
391.0,372.0,158.0,82.0
390.0,370.0,157.0,81.0
391.0,367.0,156.0,81.0
390.0,365.0,154.0,80.0
390.0,362.0,153.0,79.0
391.0,360.0,151.0,77.0
390.0,357.0,150.0,77.0
390.0,354.0,151.0,75.0
390.0,351.0,149.0,75.0
388.0,349.0,147.0,74.0
388.0,345.0,147.0,72.0
388.0,342.0,147.0,71.0
387.0,339.0,145.0,71.0
386.0,336.0,147.0,70.0
386.0,333.0,146.0,69.0
386.0,329.0,145.0,68.0
384.0,327.0,144.0,67.0
384.0,323.0,145.0,66.0
383.0,321.0,144.0,65.0
382.0,317.0,144.0,65.0
381.0,313.0,144.0,64.0
380.0,312.0,144.0,62.0
380.0,308.0,144.0,62.0
379.0,307.0,144.0,60.0
378.0,304.0,145.0,60.0
378.0,300.0,144.0,59.0
377.0,298.0,143.0,59.0
377.0,296.0,143.0,58.0
377.0,293.0,144.0,57.0
377.0,292.0,143.0,57.0
376.0,290.0,143.0,56.0
377.0,288.0,142.0,55.0
376.0,288.0,142.0,55.0
377.0,285.0,140.0,54.0
377.0,286.0,141.0,53.0
375.0,282.0,142.0,54.0
375.0,283.0,143.0,52.0
371.0,281.0,142.0,52.0
370.0,281.0,144.0,51.0
366.0,279.0,149.0,52.0
369.0,280.0,142.0,52.0
365.0,280.0,143.0,53.0
364.0,278.0,145.0,53.0
363.0,278.0,145.0,53.0
364.0,277.0,144.0,55.0
352.0,278.0,154.0,52.0
359.0,278.0,145.0,50.0
360.0,277.0,142.0,49.0
358.0,277.0,141.0,49.0
358.0,277.0,141.0,49.0
357.0,278.0,142.0,49.0
355.0,279.0,143.0,48.0
353.0,278.0,144.0,48.0
353.0,278.0,144.0,48.0
352.0,278.0,145.0,48.0
352.0,279.0,145.0,49.0
350.0,279.0,145.0,49.0
351.0,280.0,143.0,49.0
349.0,280.0,145.0,49.0
349.0,279.0,146.0,49.0
349.0,280.0,146.0,49.0
347.0,279.0,146.0,49.0
346.0,279.0,146.0,50.0
346.0,281.0,146.0,49.0
345.0,280.0,147.0,50.0
344.0,280.0,147.0,50.0
345.0,280.0,149.0,50.0
344.0,281.0,149.0,49.0
345.0,280.0,149.0,50.0
348.0,281.0,148.0,50.0
348.0,281.0,147.0,51.0
349.0,282.0,149.0,50.0
349.0,282.0,148.0,51.0
349.0,283.0,149.0,51.0
351.0,283.0,150.0,50.0
351.0,284.0,150.0,50.0
352.0,283.0,150.0,51.0
351.0,284.0,150.0,51.0
351.0,283.0,151.0,52.0
352.0,284.0,151.0,52.0
351.0,284.0,151.0,52.0
351.0,285.0,152.0,52.0
350.0,285.0,153.0,53.0
349.0,286.0,152.0,52.0
348.0,286.0,154.0,54.0
347.0,287.0,153.0,53.0
346.0,287.0,154.0,54.0
345.0,289.0,153.0,53.0
343.0,290.0,152.0,53.0
342.0,292.0,153.0,53.0
340.0,293.0,152.0,53.0
338.0,294.0,153.0,53.0
336.0,296.0,155.0,52.0
335.0,298.0,153.0,53.0
334.0,300.0,153.0,53.0
331.0,302.0,152.0,52.0
330.0,304.0,153.0,52.0
326.0,307.0,150.0,52.0
323.0,308.0,156.0,53.0
322.0,311.0,154.0,52.0
319.0,314.0,153.0,53.0
311.0,316.0,160.0,51.0
311.0,319.0,158.0,52.0
310.0,319.0,156.0,53.0
307.0,322.0,153.0,52.0
303.0,323.0,154.0,53.0
300.0,324.0,155.0,52.0
296.0,323.0,156.0,53.0
292.0,324.0,156.0,53.0
288.0,323.0,158.0,53.0
283.0,324.0,157.0,53.0
279.0,324.0,158.0,54.0
274.0,323.0,157.0,54.0
272.0,323.0,158.0,54.0
267.0,323.0,159.0,54.0
262.0,323.0,159.0,54.0
260.0,322.0,160.0,54.0
258.0,323.0,158.0,54.0
256.0,323.0,159.0,54.0
254.0,323.0,161.0,54.0
252.0,322.0,161.0,54.0
251.0,322.0,160.0,54.0
250.0,322.0,161.0,54.0
250.0,323.0,160.0,54.0
250.0,323.0,161.0,54.0
249.0,322.0,161.0,54.0
249.0,324.0,160.0,53.0
248.0,323.0,161.0,54.0
249.0,324.0,161.0,54.0
249.0,323.0,163.0,54.0
251.0,324.0,160.0,53.0
253.0,323.0,161.0,54.0
253.0,325.0,161.0,53.0
253.0,325.0,159.0,53.0
254.0,325.0,160.0,53.0
255.0,325.0,161.0,53.0
255.0,325.0,160.0,53.0
255.0,326.0,160.0,52.0
255.0,326.0,161.0,53.0
255.0,326.0,160.0,53.0
254.0,327.0,160.0,53.0
255.0,327.0,161.0,53.0
254.0,327.0,161.0,53.0
253.0,326.0,162.0,53.0
254.0,328.0,161.0,51.0
252.0,327.0,163.0,52.0
252.0,328.0,162.0,52.0
251.0,328.0,162.0,52.0
252.0,327.0,161.0,52.0
252.0,328.0,160.0,52.0
252.0,328.0,161.0,52.0
254.0,329.0,159.0,51.0
258.0,330.0,160.0,50.0
262.0,329.0,158.0,51.0
266.0,330.0,158.0,50.0
271.0,329.0,158.0,50.0
277.0,330.0,155.0,49.0
280.0,329.0,157.0,50.0
286.0,330.0,154.0,49.0
290.0,330.0,156.0,49.0
299.0,328.0,157.0,49.0
308.0,329.0,155.0,49.0
315.0,329.0,153.0,49.0
323.0,330.0,153.0,48.0
333.0,329.0,153.0,49.0
346.0,328.0,152.0,48.0
356.0,329.0,149.0,48.0
366.0,329.0,148.0,47.0
375.0,330.0,148.0,47.0
384.0,329.0,146.0,47.0
395.0,327.0,148.0,49.0
405.0,329.0,145.0,47.0
415.0,329.0,144.0,46.0
425.0,330.0,143.0,47.0
433.0,329.0,142.0,47.0
446.0,329.0,143.0,47.0
454.0,330.0,141.0,46.0
463.0,329.0,140.0,46.0
472.0,330.0,139.0,47.0
478.0,330.0,138.0,47.0
485.0,330.0,137.0,46.0
491.0,331.0,136.0,46.0
496.0,331.0,136.0,47.0
500.0,332.0,135.0,47.0
505.0,330.0,135.0,47.0
508.0,331.0,133.0,47.0
507.0,331.0,134.0,46.0
504.0,331.0,135.0,47.0
504.0,331.0,133.0,46.0
502.0,331.0,133.0,46.0
500.0,331.0,132.0,46.0
499.0,330.0,131.0,46.0
497.0,331.0,131.0,47.0
495.0,331.0,131.0,46.0
493.0,331.0,132.0,48.0
491.0,331.0,131.0,47.0
490.0,332.0,130.0,46.0
487.0,331.0,129.0,47.0
487.0,331.0,127.0,47.0
485.0,332.0,127.0,47.0
484.0,332.0,126.0,46.0
482.0,332.0,126.0,47.0
483.0,333.0,124.0,46.0
482.0,333.0,124.0,45.0
483.0,334.0,123.0,45.0
483.0,334.0,123.0,44.0
486.0,334.0,122.0,43.0
487.0,334.0,121.0,44.0
489.0,335.0,120.0,43.0
489.0,335.0,120.0,42.0
494.0,335.0,118.0,42.0
496.0,335.0,118.0,43.0
498.0,335.0,118.0,43.0
499.0,334.0,118.0,43.0
502.0,335.0,116.0,43.0
504.0,335.0,116.0,43.0
506.0,334.0,116.0,43.0
507.0,334.0,116.0,43.0
509.0,334.0,115.0,42.0
511.0,335.0,114.0,42.0
514.0,334.0,114.0,42.0
517.0,335.0,112.0,42.0
518.0,333.0,112.0,43.0
519.0,334.0,111.0,42.0
520.0,333.0,110.0,43.0
519.0,334.0,110.0,42.0
519.0,333.0,110.0,42.0
519.0,334.0,109.0,42.0
518.0,333.0,110.0,42.0
516.0,333.0,110.0,41.0
516.0,335.0,109.0,41.0
513.0,333.0,109.0,42.0
510.0,333.0,108.0,41.0
508.0,333.0,108.0,41.0
507.0,334.0,107.0,41.0
504.0,335.0,107.0,40.0
501.0,333.0,106.0,41.0
499.0,334.0,105.0,40.0
497.0,333.0,105.0,41.0
496.0,334.0,105.0,40.0
497.0,335.0,103.0,40.0
498.0,334.0,102.0,41.0
500.0,336.0,102.0,39.0
500.0,336.0,102.0,40.0
503.0,335.0,101.0,40.0
509.0,337.0,100.0,38.0
512.0,336.0,99.0,40.0
515.0,337.0,99.0,39.0
518.0,336.0,99.0,39.0
523.0,338.0,98.0,38.0
528.0,337.0,98.0,39.0
532.0,338.0,97.0,39.0
535.0,338.0,98.0,40.0
540.0,339.0,96.0,39.0
544.0,338.0,96.0,40.0
549.0,340.0,96.0,38.0
553.0,340.0,95.0,39.0
557.0,341.0,95.0,38.0
561.0,341.0,95.0,39.0
565.0,342.0,95.0,39.0
571.0,342.0,94.0,39.0
575.0,344.0,93.0,38.0
578.0,344.0,93.0,38.0
583.0,345.0,93.0,39.0
587.0,346.0,92.0,38.0
592.0,345.0,92.0,39.0
596.0,347.0,92.0,39.0
600.0,347.0,92.0,39.0
604.0,348.0,91.0,39.0
608.0,348.0,91.0,39.0
613.0,350.0,91.0,39.0
617.0,350.0,90.0,40.0
620.0,351.0,90.0,39.0
624.0,352.0,89.0,39.0
628.0,352.0,89.0,39.0
634.0,355.0,89.0,38.0
637.0,353.0,90.0,41.0
640.0,355.0,89.0,40.0
643.0,356.0,89.0,40.0
646.0,356.0,89.0,41.0
649.0,359.0,89.0,39.0
652.0,358.0,89.0,41.0
655.0,360.0,89.0,40.0
656.0,361.0,89.0,40.0
658.0,361.0,89.0,40.0
661.0,362.0,88.0,40.0
663.0,363.0,88.0,40.0
664.0,363.0,88.0,41.0
665.0,363.0,89.0,41.0
666.0,366.0,89.0,40.0
667.0,365.0,89.0,42.0
668.0,366.0,89.0,41.0
669.0,367.0,88.0,41.0
670.0,366.0,88.0,42.0
670.0,369.0,88.0,40.0
671.0,368.0,88.0,42.0
673.0,369.0,88.0,42.0
673.0,369.0,87.0,41.0
674.0,370.0,87.0,41.0
674.0,370.0,88.0,42.0
675.0,371.0,87.0,42.0
676.0,370.0,88.0,42.0
677.0,371.0,87.0,43.0
677.0,370.0,87.0,43.0
676.0,372.0,87.0,43.0
675.0,371.0,87.0,43.0
675.0,372.0,87.0,43.0
674.0,372.0,87.0,43.0
674.0,373.0,87.0,43.0
673.0,373.0,87.0,43.0
672.0,374.0,87.0,42.0
672.0,375.0,87.0,42.0
671.0,375.0,87.0,43.0
671.0,376.0,87.0,43.0
670.0,375.0,88.0,44.0
669.0,376.0,88.0,43.0
669.0,377.0,87.0,43.0
668.0,376.0,88.0,45.0
669.0,378.0,87.0,43.0
668.0,379.0,87.0,43.0
667.0,379.0,88.0,45.0
668.0,380.0,87.0,45.0
667.0,380.0,88.0,44.0
668.0,381.0,87.0,45.0
668.0,382.0,87.0,45.0
667.0,383.0,88.0,45.0
668.0,384.0,87.0,46.0
668.0,384.0,88.0,45.0
669.0,385.0,88.0,46.0
669.0,386.0,87.0,45.0
670.0,386.0,88.0,46.0
670.0,388.0,87.0,45.0
670.0,388.0,89.0,47.0
671.0,389.0,88.0,46.0
670.0,390.0,89.0,46.0
671.0,391.0,89.0,46.0
671.0,390.0,89.0,48.0
672.0,392.0,88.0,47.0
671.0,393.0,89.0,47.0
672.0,392.0,90.0,48.0
672.0,393.0,90.0,47.0
672.0,393.0,90.0,49.0
673.0,393.0,91.0,49.0
673.0,394.0,90.0,48.0
674.0,393.0,91.0,49.0
674.0,394.0,91.0,49.0
674.0,394.0,92.0,50.0
674.0,395.0,92.0,50.0
675.0,396.0,92.0,50.0
675.0,397.0,92.0,49.0
676.0,398.0,93.0,50.0
676.0,399.0,93.0,50.0
676.0,399.0,93.0,50.0
677.0,399.0,93.0,51.0
678.0,400.0,93.0,51.0
677.0,400.0,94.0,52.0
678.0,401.0,94.0,51.0
679.0,401.0,95.0,52.0
679.0,403.0,94.0,52.0
680.0,405.0,95.0,52.0
682.0,406.0,96.0,53.0
682.0,406.0,97.0,54.0
682.0,407.0,97.0,54.0
684.0,409.0,97.0,53.0
685.0,410.0,97.0,54.0
687.0,412.0,98.0,54.0
688.0,413.0,99.0,55.0
689.0,413.0,99.0,56.0
691.0,415.0,99.0,56.0
691.0,416.0,100.0,56.0
694.0,416.0,101.0,58.0
696.0,418.0,101.0,56.0
698.0,418.0,102.0,58.0
700.0,420.0,101.0,57.0
702.0,419.0,103.0,59.0
705.0,420.0,102.0,59.0
706.0,421.0,104.0,60.0
708.0,422.0,104.0,60.0
710.0,423.0,105.0,61.0
713.0,424.0,105.0,61.0
717.0,425.0,106.0,61.0
718.0,426.0,108.0,62.0
719.0,424.0,110.0,64.0
724.0,427.0,108.0,63.0
726.0,427.0,111.0,64.0
731.0,428.0,110.0,64.0
734.0,429.0,111.0,65.0
737.0,430.0,112.0,65.0
741.0,431.0,113.0,65.0
743.0,433.0,113.0,65.0
748.0,433.0,114.0,67.0
752.0,435.0,115.0,67.0
755.0,437.0,117.0,67.0
759.0,437.0,117.0,68.0
764.0,438.0,117.0,69.0
769.0,440.0,118.0,70.0
773.0,443.0,120.0,69.0
777.0,444.0,120.0,70.0
781.0,444.0,123.0,72.0
786.0,447.0,121.0,72.0
792.0,449.0,123.0,73.0
796.0,451.0,125.0,73.0
800.0,453.0,126.0,74.0
805.0,456.0,126.0,73.0
809.0,456.0,129.0,77.0
817.0,458.0,128.0,78.0
820.0,459.0,131.0,79.0
827.0,462.0,131.0,78.0
831.0,464.0,132.0,80.0
836.0,466.0,134.0,80.0
842.0,468.0,135.0,82.0
845.0,470.0,137.0,83.0
849.0,472.0,138.0,83.0
853.0,474.0,138.0,83.0
856.0,476.0,141.0,84.0
860.0,478.0,142.0,86.0
860.0,480.0,144.0,87.0
860.0,481.0,145.0,88.0
864.0,484.0,145.0,88.0
864.0,485.0,147.0,89.0
862.0,487.0,148.0,90.0
860.0,488.0,151.0,91.0
860.0,490.0,151.0,92.0
858.0,491.0,153.0,92.0
857.0,493.0,154.0,93.0
855.0,495.0,154.0,91.0
854.0,497.0,155.0,93.0
852.0,498.0,156.0,93.0
850.0,501.0,158.0,92.0
849.0,500.0,158.0,95.0
848.0,503.0,158.0,96.0
846.0,504.0,159.0,95.0
844.0,505.0,161.0,95.0
843.0,508.0,161.0,95.0
842.0,510.0,162.0,96.0
841.0,511.0,165.0,97.0
840.0,513.0,166.0,97.0
