403.0,503.0,16.0,41.0
401.0,503.0,18.0,38.0
401.0,504.0,18.0,38.0
401.0,503.0,18.0,38.0
401.0,503.0,18.0,39.0
400.0,502.0,18.0,38.0
401.0,502.0,18.0,38.0
401.0,502.0,18.0,39.0
400.0,502.0,18.0,39.0
401.0,503.0,18.0,38.0
401.0,503.0,17.0,37.0
401.0,503.0,18.0,37.0
401.0,502.0,17.0,37.0
401.0,501.0,18.0,37.0
400.0,502.0,18.0,37.0
400.0,500.0,18.0,39.0
400.0,500.0,18.0,38.0
400.0,499.0,18.0,38.0
400.0,499.0,18.0,38.0
400.0,498.0,18.0,39.0
400.0,495.0,19.0,39.0
400.0,494.0,19.0,39.0
399.0,492.0,19.0,40.0
400.0,491.0,19.0,39.0
400.0,490.0,19.0,39.0
399.0,487.0,19.0,39.0
400.0,486.0,19.0,39.0
400.0,484.0,19.0,39.0
400.0,483.0,19.0,39.0
400.0,482.0,19.0,40.0
400.0,479.0,19.0,39.0
401.0,479.0,19.0,39.0
401.0,476.0,19.0,39.0
401.0,476.0,19.0,38.0
401.0,474.0,19.0,39.0
402.0,473.0,18.0,38.0
402.0,472.0,18.0,38.0
402.0,470.0,18.0,39.0
403.0,469.0,18.0,38.0
402.0,469.0,17.0,38.0
403.0,467.0,18.0,39.0
402.0,467.0,18.0,38.0
403.0,466.0,18.0,38.0
403.0,466.0,17.0,38.0
403.0,464.0,17.0,38.0
403.0,463.0,18.0,39.0
402.0,462.0,18.0,39.0
402.0,462.0,18.0,39.0
402.0,461.0,18.0,39.0
403.0,461.0,18.0,39.0
403.0,460.0,18.0,39.0
403.0,460.0,18.0,38.0
403.0,460.0,17.0,38.0
403.0,459.0,18.0,38.0
403.0,459.0,17.0,37.0
403.0,457.0,18.0,38.0
403.0,457.0,17.0,38.0
403.0,456.0,17.0,38.0
402.0,455.0,18.0,39.0
402.0,455.0,18.0,39.0
402.0,454.0,18.0,39.0
402.0,454.0,19.0,39.0
402.0,453.0,18.0,39.0
402.0,453.0,19.0,39.0
401.0,452.0,19.0,39.0
401.0,451.0,20.0,40.0
401.0,451.0,19.0,39.0
401.0,451.0,19.0,39.0
402.0,450.0,19.0,39.0
402.0,450.0,18.0,39.0
403.0,448.0,18.0,38.0
402.0,448.0,18.0,38.0
402.0,447.0,18.0,38.0
402.0,446.0,18.0,38.0
402.0,446.0,18.0,38.0
402.0,445.0,18.0,37.0
402.0,444.0,18.0,37.0
402.0,443.0,18.0,38.0
402.0,442.0,18.0,38.0
403.0,441.0,18.0,38.0
402.0,441.0,18.0,38.0
402.0,440.0,18.0,38.0
402.0,439.0,18.0,39.0
402.0,439.0,18.0,39.0
402.0,437.0,19.0,39.0
401.0,436.0,19.0,39.0
402.0,435.0,18.0,39.0
402.0,435.0,19.0,39.0
402.0,434.0,19.0,39.0
402.0,433.0,19.0,39.0
402.0,433.0,18.0,38.0
402.0,431.0,19.0,39.0
401.0,431.0,19.0,39.0
401.0,431.0,19.0,38.0
402.0,430.0,18.0,38.0
402.0,429.0,19.0,39.0
402.0,428.0,18.0,38.0
402.0,426.0,19.0,39.0
401.0,425.0,18.0,39.0
401.0,424.0,19.0,39.0
400.0,424.0,19.0,39.0
400.0,423.0,19.0,39.0
400.0,422.0,19.0,39.0
401.0,421.0,19.0,38.0
401.0,421.0,20.0,39.0
401.0,419.0,19.0,38.0
401.0,418.0,19.0,39.0
402.0,417.0,19.0,38.0
402.0,417.0,19.0,39.0
402.0,416.0,18.0,39.0
402.0,415.0,19.0,37.0
402.0,415.0,18.0,37.0
402.0,414.0,18.0,37.0
402.0,413.0,18.0,36.0
402.0,412.0,18.0,37.0
402.0,412.0,18.0,36.0
402.0,410.0,18.0,36.0
403.0,409.0,18.0,36.0
402.0,408.0,18.0,37.0
403.0,407.0,18.0,37.0
402.0,405.0,18.0,38.0
403.0,404.0,19.0,38.0
402.0,403.0,18.0,38.0
403.0,402.0,18.0,38.0
403.0,401.0,18.0,39.0
402.0,399.0,18.0,39.0
402.0,398.0,18.0,38.0
402.0,397.0,18.0,39.0
403.0,397.0,18.0,38.0
402.0,395.0,18.0,39.0
402.0,395.0,18.0,38.0
402.0,395.0,18.0,38.0
403.0,394.0,18.0,38.0
403.0,392.0,18.0,38.0
402.0,392.0,19.0,39.0
402.0,390.0,19.0,39.0
401.0,390.0,19.0,39.0
401.0,389.0,19.0,38.0
402.0,388.0,19.0,39.0
401.0,387.0,19.0,39.0
400.0,386.0,20.0,39.0
400.0,385.0,20.0,39.0
400.0,386.0,19.0,38.0
400.0,385.0,19.0,38.0
400.0,385.0,19.0,38.0
400.0,385.0,19.0,38.0
401.0,384.0,18.0,39.0
400.0,385.0,18.0,38.0
401.0,384.0,18.0,38.0
401.0,384.0,18.0,38.0
401.0,383.0,18.0,38.0
401.0,383.0,18.0,38.0
400.0,382.0,18.0,38.0
400.0,382.0,18.0,38.0
400.0,383.0,18.0,37.0
401.0,382.0,18.0,38.0
401.0,382.0,18.0,38.0
401.0,381.0,18.0,38.0
401.0,381.0,18.0,38.0
401.0,381.0,18.0,38.0
401.0,380.0,18.0,38.0
400.0,380.0,18.0,38.0
400.0,380.0,18.0,38.0
400.0,378.0,18.0,39.0
400.0,378.0,18.0,39.0
400.0,378.0,18.0,38.0
399.0,378.0,18.0,38.0
400.0,378.0,19.0,38.0
400.0,378.0,18.0,38.0
399.0,377.0,18.0,38.0
399.0,377.0,19.0,38.0
399.0,376.0,18.0,38.0
399.0,375.0,18.0,39.0
399.0,375.0,18.0,39.0
399.0,375.0,18.0,39.0
399.0,375.0,19.0,39.0
398.0,374.0,19.0,39.0
398.0,373.0,19.0,39.0
398.0,374.0,19.0,39.0
398.0,373.0,19.0,39.0
397.0,373.0,19.0,39.0
397.0,373.0,20.0,39.0
398.0,373.0,20.0,39.0
398.0,373.0,19.0,39.0
397.0,372.0,19.0,39.0
397.0,371.0,19.0,40.0
398.0,371.0,19.0,40.0
398.0,370.0,19.0,39.0
398.0,370.0,18.0,38.0
399.0,370.0,18.0,38.0
399.0,370.0,17.0,38.0
398.0,369.0,18.0,38.0
398.0,369.0,17.0,39.0
399.0,368.0,18.0,38.0
398.0,368.0,17.0,38.0
398.0,368.0,18.0,38.0
398.0,367.0,18.0,38.0
398.0,366.0,18.0,38.0
397.0,366.0,18.0,38.0
397.0,366.0,18.0,38.0
397.0,365.0,18.0,38.0
398.0,365.0,18.0,38.0
398.0,364.0,18.0,39.0
398.0,363.0,18.0,39.0
398.0,363.0,18.0,38.0
397.0,363.0,18.0,38.0
397.0,363.0,18.0,38.0
397.0,363.0,18.0,38.0
397.0,362.0,18.0,38.0
398.0,362.0,18.0,38.0
397.0,362.0,18.0,38.0
397.0,360.0,18.0,39.0
397.0,360.0,18.0,39.0
398.0,360.0,18.0,38.0
398.0,360.0,18.0,38.0
397.0,359.0,18.0,39.0
398.0,358.0,18.0,38.0
397.0,358.0,18.0,38.0
397.0,358.0,19.0,38.0
397.0,358.0,18.0,38.0
396.0,358.0,18.0,38.0
396.0,357.0,18.0,38.0
396.0,356.0,19.0,39.0
396.0,356.0,19.0,39.0
396.0,356.0,18.0,38.0
396.0,356.0,18.0,38.0
397.0,355.0,18.0,38.0
397.0,354.0,19.0,39.0
397.0,354.0,18.0,38.0
397.0,354.0,18.0,38.0
397.0,353.0,18.0,38.0
396.0,353.0,18.0,37.0
397.0,353.0,18.0,38.0
396.0,353.0,18.0,38.0
396.0,352.0,18.0,37.0
396.0,352.0,18.0,37.0
396.0,351.0,18.0,38.0
397.0,350.0,18.0,38.0
396.0,350.0,18.0,38.0
396.0,349.0,19.0,38.0
396.0,349.0,19.0,39.0
396.0,349.0,19.0,38.0
396.0,350.0,18.0,37.0
397.0,349.0,18.0,37.0
396.0,349.0,19.0,37.0
396.0,349.0,18.0,37.0
396.0,348.0,18.0,37.0
395.0,348.0,18.0,36.0
395.0,348.0,18.0,36.0
396.0,347.0,18.0,36.0
395.0,346.0,18.0,37.0
395.0,346.0,18.0,37.0
395.0,344.0,19.0,38.0
395.0,344.0,19.0,38.0
395.0,343.0,20.0,39.0
395.0,342.0,19.0,39.0
395.0,342.0,19.0,39.0
394.0,342.0,19.0,39.0
394.0,342.0,19.0,38.0
394.0,342.0,18.0,38.0
394.0,341.0,18.0,38.0
395.0,341.0,17.0,37.0
394.0,341.0,18.0,37.0
394.0,340.0,17.0,37.0
394.0,340.0,18.0,38.0
393.0,340.0,18.0,37.0
393.0,339.0,18.0,37.0
393.0,338.0,19.0,38.0
393.0,338.0,19.0,37.0
393.0,338.0,19.0,37.0
394.0,338.0,18.0,37.0
394.0,336.0,18.0,38.0
393.0,336.0,18.0,38.0
393.0,336.0,18.0,37.0
393.0,335.0,18.0,38.0
394.0,334.0,18.0,37.0
393.0,333.0,18.0,37.0
393.0,333.0,18.0,37.0
394.0,332.0,18.0,37.0
393.0,332.0,18.0,38.0
394.0,331.0,18.0,38.0
394.0,330.0,19.0,38.0
394.0,329.0,18.0,38.0
394.0,329.0,18.0,38.0
394.0,328.0,19.0,38.0
393.0,328.0,18.0,38.0
394.0,328.0,19.0,39.0
394.0,327.0,18.0,39.0
394.0,327.0,18.0,39.0
394.0,327.0,19.0,39.0
393.0,326.0,18.0,38.0
393.0,325.0,19.0,39.0
393.0,325.0,19.0,38.0
392.0,325.0,18.0,38.0
393.0,324.0,19.0,39.0
392.0,323.0,18.0,39.0
392.0,323.0,19.0,39.0
392.0,323.0,20.0,39.0
391.0,322.0,19.0,38.0
391.0,322.0,19.0,39.0
392.0,322.0,19.0,38.0
392.0,321.0,19.0,39.0
392.0,320.0,19.0,39.0
392.0,320.0,19.0,39.0
392.0,319.0,19.0,39.0
392.0,319.0,18.0,38.0
392.0,320.0,19.0,38.0
392.0,319.0,19.0,38.0
392.0,318.0,19.0,38.0
392.0,318.0,19.0,38.0
392.0,317.0,18.0,38.0
392.0,318.0,18.0,37.0
392.0,318.0,18.0,37.0
392.0,317.0,18.0,37.0
391.0,317.0,18.0,38.0
392.0,317.0,19.0,37.0
391.0,316.0,19.0,38.0
391.0,315.0,18.0,37.0
391.0,315.0,19.0,37.0
391.0,314.0,18.0,38.0
391.0,314.0,19.0,37.0
391.0,314.0,18.0,37.0
391.0,313.0,18.0,37.0
390.0,313.0,18.0,37.0
390.0,312.0,19.0,38.0
390.0,312.0,19.0,37.0
390.0,312.0,19.0,37.0
390.0,311.0,18.0,38.0
390.0,311.0,18.0,38.0
390.0,310.0,18.0,37.0
391.0,310.0,18.0,37.0
391.0,309.0,18.0,37.0
391.0,309.0,17.0,36.0
391.0,309.0,17.0,36.0
391.0,308.0,17.0,37.0
391.0,308.0,17.0,37.0
391.0,307.0,18.0,37.0
391.0,306.0,18.0,36.0
391.0,306.0,18.0,37.0
391.0,305.0,18.0,37.0
390.0,304.0,18.0,36.0
390.0,302.0,19.0,36.0
390.0,304.0,18.0,35.0
390.0,303.0,18.0,38.0
390.0,302.0,18.0,37.0
390.0,301.0,19.0,35.0
390.0,301.0,19.0,36.0
390.0,301.0,18.0,36.0
390.0,302.0,19.0,37.0
389.0,302.0,19.0,36.0
390.0,301.0,19.0,37.0
390.0,301.0,19.0,36.0
390.0,301.0,18.0,37.0
390.0,301.0,19.0,36.0
390.0,300.0,18.0,37.0
389.0,299.0,19.0,38.0
389.0,299.0,19.0,38.0
390.0,298.0,19.0,37.0
389.0,298.0,19.0,37.0
390.0,298.0,19.0,37.0
389.0,298.0,18.0,38.0
389.0,297.0,19.0,38.0
389.0,297.0,19.0,37.0
389.0,297.0,19.0,37.0
388.0,296.0,18.0,37.0
387.0,296.0,19.0,37.0
387.0,295.0,19.0,37.0
388.0,295.0,18.0,38.0
388.0,295.0,18.0,37.0
387.0,295.0,18.0,37.0
386.0,294.0,18.0,38.0
388.0,294.0,18.0,37.0
387.0,294.0,18.0,37.0
387.0,293.0,18.0,37.0
387.0,293.0,18.0,37.0
387.0,293.0,18.0,36.0
386.0,291.0,18.0,37.0
387.0,291.0,19.0,37.0
386.0,291.0,19.0,37.0
386.0,291.0,19.0,37.0
386.0,290.0,18.0,37.0
386.0,290.0,18.0,36.0
386.0,289.0,19.0,36.0
385.0,289.0,18.0,36.0
385.0,288.0,18.0,36.0
385.0,288.0,19.0,37.0
385.0,287.0,18.0,37.0
384.0,287.0,18.0,37.0
385.0,285.0,19.0,37.0
385.0,285.0,18.0,38.0
382.0,284.0,19.0,38.0
382.0,284.0,19.0,39.0
383.0,284.0,18.0,39.0
383.0,283.0,18.0,38.0
382.0,283.0,18.0,37.0
382.0,283.0,17.0,37.0
382.0,282.0,18.0,38.0
382.0,282.0,18.0,37.0
382.0,282.0,18.0,37.0
382.0,281.0,18.0,38.0
382.0,280.0,17.0,37.0
382.0,281.0,18.0,36.0
382.0,280.0,18.0,37.0
381.0,279.0,18.0,37.0
381.0,278.0,19.0,38.0
381.0,277.0,19.0,37.0
381.0,276.0,19.0,37.0
380.0,276.0,20.0,37.0
381.0,277.0,19.0,37.0
380.0,276.0,18.0,37.0
380.0,276.0,19.0,37.0
381.0,276.0,19.0,37.0
380.0,275.0,19.0,37.0
379.0,274.0,19.0,37.0
380.0,274.0,18.0,37.0
380.0,274.0,19.0,37.0
380.0,273.0,18.0,37.0
379.0,273.0,19.0,37.0
378.0,271.0,19.0,37.0
378.0,271.0,20.0,39.0
378.0,270.0,19.0,37.0
378.0,271.0,19.0,37.0
378.0,270.0,19.0,38.0
378.0,269.0,20.0,39.0
378.0,268.0,19.0,38.0
377.0,268.0,19.0,39.0
377.0,267.0,19.0,38.0
377.0,266.0,19.0,38.0
377.0,265.0,19.0,38.0
377.0,265.0,19.0,38.0
377.0,264.0,19.0,38.0
377.0,263.0,19.0,38.0
377.0,263.0,19.0,37.0
377.0,262.0,19.0,38.0
377.0,262.0,19.0,38.0
377.0,260.0,19.0,38.0
377.0,260.0,19.0,38.0
377.0,260.0,19.0,38.0
377.0,259.0,18.0,38.0
377.0,259.0,19.0,37.0
376.0,259.0,19.0,37.0
377.0,258.0,18.0,37.0
377.0,257.0,19.0,38.0
376.0,256.0,19.0,38.0
376.0,256.0,19.0,38.0
377.0,255.0,18.0,37.0
375.0,255.0,19.0,37.0
375.0,255.0,19.0,37.0
376.0,254.0,19.0,37.0
376.0,253.0,20.0,38.0
376.0,252.0,19.0,37.0
376.0,251.0,21.0,38.0
375.0,250.0,21.0,37.0
375.0,250.0,20.0,37.0
376.0,249.0,20.0,36.0
375.0,249.0,20.0,37.0
376.0,247.0,20.0,38.0
374.0,247.0,21.0,39.0
375.0,246.0,20.0,37.0
374.0,246.0,19.0,38.0
375.0,246.0,18.0,37.0
375.0,245.0,19.0,36.0
374.0,245.0,19.0,37.0
374.0,244.0,19.0,38.0
374.0,243.0,19.0,37.0
373.0,242.0,19.0,38.0
374.0,241.0,18.0,37.0
374.0,241.0,19.0,37.0
374.0,240.0,18.0,37.0
373.0,240.0,18.0,36.0
373.0,239.0,19.0,37.0
373.0,238.0,18.0,38.0
373.0,237.0,18.0,38.0
373.0,237.0,18.0,38.0
373.0,236.0,18.0,37.0
372.0,235.0,18.0,38.0
372.0,234.0,18.0,38.0
372.0,234.0,18.0,38.0
372.0,233.0,19.0,38.0
371.0,233.0,19.0,38.0
371.0,232.0,18.0,38.0
372.0,231.0,19.0,38.0
372.0,231.0,18.0,38.0
371.0,230.0,19.0,38.0
371.0,230.0,18.0,37.0
371.0,229.0,18.0,37.0
371.0,228.0,19.0,38.0
371.0,228.0,19.0,38.0
370.0,227.0,19.0,38.0
371.0,227.0,19.0,38.0
370.0,225.0,19.0,38.0
370.0,225.0,18.0,37.0
371.0,225.0,19.0,37.0
371.0,224.0,19.0,37.0
370.0,223.0,19.0,37.0
371.0,223.0,19.0,37.0
370.0,222.0,19.0,37.0
369.0,221.0,19.0,38.0
369.0,220.0,20.0,38.0
368.0,219.0,19.0,38.0
368.0,219.0,20.0,38.0
368.0,218.0,19.0,37.0
368.0,218.0,19.0,37.0
369.0,217.0,18.0,37.0
368.0,217.0,19.0,37.0
368.0,216.0,19.0,36.0
368.0,215.0,19.0,36.0
369.0,215.0,18.0,36.0
368.0,213.0,18.0,36.0
368.0,213.0,17.0,35.0
368.0,212.0,18.0,36.0
368.0,211.0,18.0,36.0
368.0,210.0,19.0,37.0
368.0,211.0,18.0,36.0
368.0,210.0,18.0,36.0
368.0,209.0,18.0,36.0
368.0,209.0,18.0,35.0
367.0,207.0,17.0,36.0
367.0,207.0,17.0,36.0
367.0,206.0,18.0,35.0
367.0,205.0,17.0,35.0
366.0,204.0,18.0,35.0
366.0,203.0,18.0,37.0
366.0,202.0,18.0,36.0
365.0,202.0,18.0,37.0
366.0,201.0,19.0,37.0
366.0,200.0,19.0,37.0
365.0,199.0,19.0,37.0
366.0,198.0,18.0,38.0
365.0,198.0,18.0,38.0
365.0,196.0,18.0,37.0
365.0,197.0,18.0,37.0
364.0,196.0,18.0,37.0
364.0,195.0,18.0,37.0
364.0,195.0,18.0,37.0
363.0,193.0,19.0,37.0
363.0,192.0,19.0,37.0
363.0,191.0,20.0,38.0
363.0,190.0,19.0,37.0
362.0,190.0,19.0,38.0
363.0,189.0,20.0,37.0
363.0,188.0,20.0,38.0
363.0,187.0,19.0,37.0
362.0,187.0,19.0,37.0
363.0,186.0,19.0,37.0
363.0,185.0,18.0,36.0
362.0,185.0,18.0,37.0
363.0,183.0,18.0,37.0
363.0,183.0,18.0,37.0
362.0,182.0,18.0,37.0
362.0,181.0,18.0,37.0
362.0,180.0,18.0,37.0
362.0,180.0,18.0,36.0
362.0,178.0,18.0,37.0
362.0,177.0,18.0,37.0
361.0,176.0,18.0,37.0
361.0,175.0,18.0,37.0
361.0,174.0,18.0,37.0
361.0,173.0,18.0,37.0
361.0,173.0,19.0,38.0
360.0,173.0,19.0,38.0
361.0,173.0,19.0,37.0
361.0,174.0,19.0,37.0
360.0,175.0,19.0,37.0
360.0,175.0,18.0,37.0
360.0,176.0,18.0,37.0
360.0,178.0,18.0,37.0
360.0,179.0,19.0,38.0
360.0,181.0,19.0,38.0
360.0,182.0,19.0,38.0
360.0,185.0,19.0,38.0
360.0,186.0,20.0,38.0
359.0,188.0,21.0,38.0
359.0,190.0,20.0,37.0
359.0,193.0,20.0,38.0
359.0,195.0,20.0,37.0
359.0,197.0,21.0,37.0
360.0,199.0,20.0,37.0
359.0,201.0,20.0,37.0
360.0,205.0,21.0,36.0
360.0,208.0,20.0,37.0
360.0,209.0,19.0,37.0
360.0,210.0,19.0,37.0
361.0,213.0,19.0,36.0
361.0,215.0,19.0,36.0
361.0,216.0,19.0,36.0
361.0,218.0,19.0,36.0
361.0,219.0,19.0,36.0
361.0,221.0,18.0,36.0
361.0,222.0,18.0,36.0
361.0,224.0,18.0,36.0
361.0,225.0,18.0,36.0
360.0,227.0,18.0,36.0
361.0,229.0,18.0,36.0
361.0,230.0,18.0,36.0
361.0,232.0,18.0,36.0
361.0,234.0,18.0,36.0
361.0,236.0,18.0,36.0
360.0,237.0,18.0,36.0
360.0,239.0,18.0,36.0
361.0,241.0,18.0,36.0
360.0,242.0,19.0,36.0
360.0,243.0,18.0,36.0
360.0,245.0,18.0,36.0
360.0,245.0,18.0,36.0
360.0,248.0,19.0,36.0
360.0,249.0,19.0,36.0
360.0,251.0,19.0,36.0
360.0,252.0,19.0,36.0
359.0,253.0,19.0,36.0
358.0,256.0,20.0,36.0
358.0,256.0,20.0,37.0
359.0,258.0,20.0,36.0
358.0,260.0,20.0,36.0
358.0,262.0,20.0,36.0
359.0,264.0,19.0,36.0
358.0,265.0,20.0,36.0
360.0,267.0,19.0,35.0
360.0,268.0,18.0,35.0
361.0,271.0,18.0,34.0
361.0,272.0,18.0,35.0
360.0,273.0,18.0,35.0
361.0,275.0,18.0,35.0
360.0,276.0,18.0,35.0
360.0,278.0,18.0,35.0
360.0,280.0,18.0,35.0
361.0,282.0,18.0,35.0
360.0,283.0,18.0,36.0
361.0,284.0,18.0,35.0
361.0,286.0,18.0,34.0
360.0,288.0,18.0,35.0
360.0,289.0,18.0,35.0
361.0,290.0,18.0,35.0
361.0,293.0,18.0,35.0
361.0,294.0,17.0,34.0
360.0,296.0,18.0,34.0
361.0,297.0,17.0,34.0
361.0,299.0,17.0,34.0
361.0,301.0,17.0,33.0
360.0,302.0,18.0,34.0
360.0,304.0,18.0,34.0
360.0,304.0,19.0,35.0
361.0,308.0,17.0,33.0
360.0,308.0,17.0,34.0
360.0,310.0,17.0,34.0
360.0,312.0,17.0,33.0
360.0,314.0,18.0,33.0
360.0,315.0,18.0,34.0
359.0,316.0,18.0,34.0
359.0,317.0,19.0,34.0
359.0,319.0,19.0,34.0
360.0,321.0,19.0,34.0
360.0,322.0,18.0,34.0
360.0,324.0,18.0,34.0
360.0,325.0,18.0,34.0
361.0,328.0,17.0,33.0
360.0,329.0,17.0,34.0
360.0,331.0,17.0,33.0
360.0,333.0,17.0,33.0
360.0,334.0,17.0,33.0
360.0,336.0,17.0,33.0
360.0,337.0,17.0,34.0
360.0,339.0,17.0,34.0
360.0,340.0,18.0,34.0
359.0,342.0,18.0,34.0
360.0,344.0,18.0,33.0
360.0,345.0,18.0,34.0
359.0,347.0,18.0,34.0
360.0,349.0,17.0,33.0
359.0,350.0,17.0,33.0
359.0,353.0,18.0,33.0
359.0,354.0,18.0,33.0
359.0,356.0,18.0,33.0
359.0,358.0,17.0,33.0
359.0,358.0,17.0,33.0
359.0,360.0,17.0,33.0
359.0,362.0,17.0,33.0
359.0,363.0,17.0,33.0
359.0,364.0,17.0,34.0
358.0,366.0,18.0,34.0
359.0,367.0,18.0,33.0
358.0,369.0,18.0,34.0
357.0,370.0,18.0,34.0
358.0,372.0,18.0,35.0
358.0,373.0,18.0,34.0
357.0,375.0,18.0,34.0
357.0,377.0,18.0,34.0
358.0,378.0,19.0,35.0
358.0,380.0,18.0,34.0
358.0,382.0,18.0,34.0
359.0,384.0,17.0,33.0
359.0,385.0,17.0,33.0
358.0,386.0,17.0,33.0
358.0,387.0,17.0,34.0
358.0,389.0,17.0,33.0
358.0,391.0,17.0,32.0
358.0,391.0,17.0,33.0
358.0,392.0,17.0,32.0
358.0,391.0,17.0,32.0
359.0,391.0,16.0,32.0
358.0,390.0,17.0,33.0
358.0,389.0,17.0,32.0
358.0,388.0,17.0,32.0
359.0,387.0,17.0,32.0
359.0,386.0,18.0,32.0
360.0,385.0,17.0,31.0
361.0,384.0,18.0,31.0
364.0,382.0,18.0,32.0
365.0,381.0,18.0,32.0
367.0,380.0,18.0,31.0
370.0,376.0,18.0,32.0
372.0,375.0,19.0,32.0
375.0,373.0,18.0,32.0
377.0,372.0,18.0,32.0
379.0,369.0,18.0,32.0
383.0,368.0,18.0,32.0
383.0,365.0,19.0,34.0
386.0,363.0,19.0,33.0
387.0,362.0,19.0,33.0
390.0,361.0,19.0,32.0
394.0,360.0,18.0,31.0
395.0,358.0,19.0,32.0
398.0,356.0,19.0,32.0
401.0,355.0,18.0,32.0
403.0,354.0,19.0,32.0
408.0,352.0,17.0,31.0
410.0,350.0,17.0,31.0
411.0,348.0,17.0,31.0
413.0,347.0,18.0,32.0
414.0,346.0,17.0,31.0
417.0,345.0,17.0,30.0
417.0,343.0,17.0,31.0
418.0,342.0,17.0,31.0
419.0,342.0,17.0,31.0
420.0,340.0,17.0,30.0
420.0,340.0,17.0,30.0
420.0,337.0,17.0,31.0
420.0,337.0,17.0,32.0
420.0,336.0,17.0,31.0
420.0,336.0,17.0,31.0
420.0,336.0,17.0,30.0
420.0,334.0,17.0,30.0
419.0,334.0,18.0,30.0
419.0,333.0,19.0,30.0
420.0,332.0,18.0,30.0
420.0,331.0,17.0,30.0
419.0,331.0,18.0,30.0
419.0,330.0,18.0,30.0
419.0,328.0,18.0,31.0
419.0,328.0,20.0,31.0
419.0,326.0,19.0,31.0
419.0,327.0,19.0,31.0
419.0,325.0,19.0,31.0
419.0,325.0,19.0,30.0
418.0,324.0,19.0,31.0
419.0,323.0,20.0,30.0
418.0,322.0,19.0,30.0
418.0,322.0,19.0,30.0
418.0,321.0,20.0,30.0
418.0,321.0,19.0,30.0
419.0,319.0,18.0,30.0
420.0,319.0,18.0,30.0
420.0,318.0,18.0,30.0
421.0,317.0,17.0,30.0
421.0,317.0,17.0,30.0
421.0,316.0,17.0,29.0
421.0,315.0,17.0,30.0
421.0,315.0,16.0,29.0
421.0,314.0,16.0,29.0
421.0,313.0,15.0,29.0
421.0,313.0,16.0,29.0
421.0,313.0,16.0,28.0
421.0,311.0,16.0,28.0
421.0,310.0,17.0,29.0
421.0,309.0,17.0,30.0
421.0,308.0,18.0,30.0
421.0,307.0,17.0,30.0
421.0,307.0,17.0,29.0
421.0,306.0,17.0,29.0
421.0,306.0,17.0,29.0
421.0,304.0,17.0,30.0
421.0,304.0,16.0,29.0
421.0,304.0,15.0,29.0
421.0,303.0,17.0,29.0
421.0,302.0,17.0,29.0
421.0,301.0,17.0,29.0
421.0,300.0,17.0,29.0
421.0,299.0,18.0,29.0
420.0,298.0,18.0,30.0
420.0,297.0,19.0,30.0
420.0,297.0,19.0,30.0
419.0,296.0,20.0,30.0
418.0,295.0,20.0,30.0
419.0,295.0,20.0,30.0
419.0,294.0,19.0,30.0
419.0,294.0,19.0,30.0
419.0,293.0,19.0,30.0
420.0,292.0,18.0,29.0
420.0,292.0,17.0,29.0
421.0,291.0,17.0,29.0
421.0,290.0,16.0,28.0
421.0,290.0,17.0,29.0
422.0,289.0,16.0,29.0
421.0,288.0,17.0,29.0
421.0,288.0,17.0,29.0
421.0,287.0,17.0,29.0
422.0,286.0,16.0,29.0
421.0,286.0,17.0,29.0
422.0,284.0,16.0,28.0
421.0,284.0,16.0,29.0
421.0,283.0,17.0,30.0
421.0,283.0,17.0,30.0
421.0,282.0,16.0,29.0
421.0,282.0,17.0,29.0
421.0,282.0,17.0,30.0
421.0,282.0,17.0,29.0
421.0,282.0,17.0,30.0
421.0,282.0,18.0,29.0
420.0,282.0,17.0,29.0
421.0,282.0,18.0,30.0
420.0,282.0,18.0,29.0
421.0,282.0,18.0,30.0
420.0,283.0,18.0,29.0
420.0,282.0,19.0,30.0
419.0,282.0,20.0,31.0
419.0,282.0,20.0,30.0
419.0,282.0,20.0,30.0
418.0,282.0,20.0,30.0
417.0,282.0,21.0,30.0
418.0,283.0,20.0,30.0
418.0,282.0,20.0,30.0
418.0,283.0,20.0,30.0
418.0,283.0,20.0,29.0
418.0,284.0,20.0,29.0
418.0,283.0,21.0,30.0
419.0,285.0,20.0,29.0
419.0,284.0,18.0,29.0
419.0,284.0,17.0,28.0
420.0,285.0,18.0,28.0
421.0,285.0,17.0,28.0
421.0,286.0,16.0,28.0
420.0,286.0,16.0,28.0
420.0,286.0,17.0,28.0
420.0,287.0,16.0,28.0
421.0,287.0,16.0,28.0
421.0,287.0,17.0,28.0
420.0,288.0,16.0,28.0
421.0,288.0,17.0,29.0
421.0,288.0,16.0,28.0
421.0,288.0,17.0,29.0
421.0,288.0,16.0,28.0
421.0,288.0,16.0,28.0
421.0,289.0,16.0,28.0
421.0,290.0,17.0,29.0
421.0,290.0,17.0,28.0
421.0,290.0,17.0,29.0
421.0,291.0,17.0,28.0
421.0,291.0,17.0,28.0
421.0,292.0,17.0,28.0
421.0,291.0,17.0,28.0
420.0,291.0,18.0,28.0
421.0,291.0,18.0,28.0
421.0,290.0,18.0,28.0
421.0,291.0,18.0,28.0
421.0,289.0,18.0,28.0
420.0,288.0,19.0,29.0
420.0,288.0,19.0,29.0
419.0,288.0,20.0,29.0
420.0,287.0,20.0,29.0
419.0,287.0,20.0,29.0
419.0,286.0,20.0,29.0
420.0,286.0,19.0,28.0
420.0,285.0,20.0,28.0
420.0,286.0,19.0,27.0
421.0,285.0,18.0,28.0
421.0,284.0,18.0,28.0
422.0,284.0,17.0,27.0
422.0,283.0,17.0,28.0
423.0,282.0,16.0,27.0
422.0,282.0,16.0,27.0
422.0,283.0,16.0,26.0
422.0,281.0,16.0,27.0
423.0,281.0,16.0,26.0
422.0,281.0,16.0,26.0
423.0,280.0,16.0,27.0
423.0,279.0,16.0,26.0
423.0,278.0,16.0,26.0
422.0,278.0,16.0,27.0
422.0,277.0,16.0,27.0
422.0,277.0,16.0,27.0
422.0,276.0,16.0,27.0
422.0,277.0,16.0,27.0
422.0,277.0,16.0,27.0
422.0,279.0,16.0,27.0
421.0,279.0,17.0,27.0
421.0,281.0,16.0,27.0
421.0,282.0,17.0,28.0
421.0,284.0,17.0,28.0
422.0,286.0,16.0,27.0
422.0,289.0,17.0,27.0
421.0,292.0,16.0,26.0
421.0,294.0,17.0,27.0
421.0,296.0,17.0,27.0
422.0,299.0,16.0,26.0
421.0,300.0,17.0,27.0
420.0,304.0,17.0,26.0
420.0,305.0,17.0,27.0
419.0,308.0,18.0,28.0
419.0,310.0,18.0,27.0
419.0,313.0,18.0,27.0
419.0,315.0,18.0,27.0
419.0,316.0,19.0,27.0
417.0,316.0,20.0,27.0
417.0,318.0,21.0,27.0
418.0,319.0,21.0,27.0
417.0,319.0,20.0,29.0
418.0,321.0,19.0,28.0
419.0,321.0,18.0,29.0
420.0,322.0,17.0,28.0
420.0,324.0,17.0,27.0
420.0,325.0,17.0,27.0
420.0,326.0,17.0,27.0
420.0,326.0,17.0,27.0
420.0,326.0,17.0,27.0
420.0,328.0,17.0,27.0
421.0,327.0,16.0,26.0
421.0,327.0,16.0,26.0
419.0,328.0,17.0,26.0
420.0,327.0,17.0,26.0
420.0,326.0,16.0,26.0
420.0,326.0,16.0,26.0
419.0,326.0,17.0,27.0
420.0,326.0,17.0,26.0
420.0,325.0,17.0,27.0
419.0,324.0,17.0,27.0
419.0,324.0,17.0,27.0
419.0,324.0,17.0,26.0
419.0,324.0,17.0,27.0
419.0,323.0,17.0,27.0
419.0,322.0,17.0,27.0
418.0,323.0,17.0,28.0
418.0,323.0,18.0,27.0
419.0,325.0,17.0,27.0
418.0,326.0,17.0,27.0
418.0,327.0,18.0,28.0
417.0,328.0,18.0,28.0
418.0,329.0,18.0,28.0
417.0,329.0,20.0,29.0
417.0,331.0,20.0,28.0
416.0,332.0,20.0,28.0
417.0,333.0,19.0,28.0
417.0,335.0,19.0,27.0
416.0,335.0,20.0,28.0
417.0,336.0,19.0,27.0
416.0,338.0,19.0,28.0
416.0,338.0,19.0,28.0
416.0,340.0,19.0,28.0
417.0,340.0,19.0,27.0
418.0,342.0,18.0,27.0
418.0,343.0,17.0,27.0
418.0,344.0,17.0,27.0
419.0,346.0,17.0,26.0
419.0,346.0,17.0,26.0
419.0,347.0,17.0,27.0
419.0,347.0,16.0,27.0
418.0,349.0,17.0,27.0
419.0,349.0,17.0,27.0
419.0,351.0,17.0,26.0
418.0,351.0,17.0,26.0
418.0,352.0,17.0,26.0
419.0,353.0,17.0,26.0
418.0,353.0,17.0,27.0
419.0,354.0,17.0,27.0
419.0,354.0,17.0,26.0
418.0,355.0,17.0,26.0
418.0,356.0,18.0,26.0
418.0,357.0,17.0,26.0
419.0,358.0,17.0,26.0
418.0,359.0,17.0,26.0
418.0,359.0,18.0,27.0
418.0,359.0,16.0,26.0
418.0,360.0,17.0,27.0
418.0,362.0,17.0,26.0
418.0,362.0,16.0,26.0
418.0,362.0,17.0,27.0
418.0,362.0,18.0,27.0
417.0,363.0,18.0,27.0
417.0,363.0,18.0,27.0
417.0,364.0,18.0,27.0
417.0,364.0,19.0,27.0
417.0,367.0,18.0,27.0
417.0,366.0,18.0,27.0
417.0,368.0,18.0,27.0
416.0,367.0,18.0,27.0
417.0,368.0,19.0,27.0
416.0,370.0,20.0,27.0
416.0,370.0,19.0,27.0
417.0,370.0,19.0,27.0
417.0,372.0,18.0,27.0
418.0,372.0,17.0,27.0
419.0,374.0,17.0,27.0
419.0,374.0,16.0,26.0
419.0,375.0,16.0,26.0
418.0,376.0,17.0,26.0
419.0,376.0,17.0,27.0
418.0,378.0,17.0,26.0
419.0,378.0,17.0,26.0
419.0,378.0,17.0,26.0
419.0,380.0,17.0,26.0
419.0,380.0,16.0,26.0
419.0,381.0,17.0,26.0
419.0,382.0,16.0,25.0
419.0,383.0,16.0,26.0
419.0,383.0,16.0,25.0
420.0,383.0,16.0,26.0
419.0,384.0,17.0,26.0
419.0,385.0,17.0,26.0
419.0,385.0,18.0,27.0
419.0,386.0,18.0,27.0
420.0,387.0,18.0,26.0
419.0,387.0,18.0,26.0
420.0,388.0,19.0,25.0
420.0,388.0,18.0,26.0
420.0,390.0,17.0,26.0
421.0,390.0,17.0,25.0
420.0,391.0,17.0,26.0
420.0,391.0,17.0,25.0
421.0,391.0,17.0,26.0
421.0,392.0,16.0,25.0
421.0,392.0,16.0,26.0
420.0,392.0,17.0,25.0
421.0,393.0,16.0,25.0
421.0,393.0,16.0,26.0
421.0,393.0,16.0,26.0
421.0,393.0,16.0,26.0
421.0,393.0,17.0,27.0
420.0,392.0,18.0,26.0
421.0,393.0,18.0,27.0
421.0,394.0,18.0,26.0
421.0,395.0,17.0,26.0
421.0,394.0,16.0,26.0
422.0,395.0,16.0,26.0
421.0,395.0,16.0,25.0
421.0,396.0,16.0,25.0
421.0,396.0,16.0,26.0
420.0,397.0,17.0,26.0
421.0,397.0,16.0,25.0
421.0,398.0,16.0,25.0
420.0,399.0,17.0,25.0
420.0,399.0,16.0,25.0
420.0,400.0,17.0,25.0
420.0,400.0,17.0,25.0
420.0,401.0,17.0,25.0
419.0,401.0,17.0,25.0
419.0,403.0,17.0,25.0
419.0,404.0,16.0,25.0
420.0,404.0,16.0,25.0
419.0,403.0,15.0,26.0
419.0,403.0,16.0,26.0
419.0,404.0,16.0,25.0
419.0,404.0,17.0,26.0
418.0,404.0,17.0,26.0
418.0,405.0,17.0,26.0
418.0,405.0,19.0,27.0
417.0,404.0,18.0,27.0
418.0,408.0,17.0,25.0
418.0,407.0,18.0,26.0
418.0,407.0,18.0,25.0
417.0,407.0,19.0,25.0
417.0,408.0,20.0,26.0
417.0,409.0,20.0,26.0
417.0,409.0,18.0,26.0
417.0,409.0,17.0,25.0
417.0,409.0,17.0,25.0
417.0,410.0,16.0,26.0
417.0,410.0,17.0,25.0
417.0,411.0,16.0,25.0
418.0,411.0,16.0,24.0
418.0,411.0,16.0,24.0
418.0,412.0,16.0,25.0
418.0,412.0,15.0,25.0
418.0,413.0,16.0,25.0
417.0,412.0,15.0,25.0
418.0,413.0,17.0,26.0
418.0,413.0,16.0,26.0
418.0,413.0,16.0,26.0
418.0,413.0,17.0,26.0
417.0,413.0,17.0,25.0
418.0,414.0,16.0,25.0
418.0,415.0,17.0,26.0
418.0,415.0,18.0,26.0
418.0,415.0,17.0,26.0
417.0,415.0,18.0,26.0
417.0,416.0,18.0,26.0
418.0,416.0,18.0,26.0
418.0,417.0,18.0,26.0
418.0,417.0,17.0,26.0
419.0,418.0,17.0,26.0
419.0,418.0,17.0,26.0
419.0,419.0,18.0,26.0
418.0,419.0,17.0,26.0
418.0,419.0,18.0,25.0
418.0,420.0,18.0,26.0
419.0,420.0,17.0,26.0
418.0,421.0,17.0,26.0
418.0,421.0,17.0,26.0
419.0,421.0,17.0,26.0
419.0,421.0,17.0,26.0
418.0,422.0,17.0,26.0
418.0,422.0,18.0,26.0
419.0,422.0,18.0,26.0
419.0,422.0,17.0,26.0
418.0,422.0,18.0,26.0
417.0,421.0,18.0,27.0
417.0,422.0,19.0,26.0
417.0,422.0,20.0,27.0
418.0,422.0,19.0,26.0
417.0,422.0,19.0,26.0
418.0,422.0,18.0,26.0
418.0,421.0,17.0,26.0
418.0,422.0,17.0,25.0
418.0,422.0,17.0,26.0
418.0,422.0,18.0,27.0
418.0,421.0,18.0,26.0
418.0,421.0,17.0,26.0
418.0,420.0,17.0,26.0
418.0,421.0,17.0,26.0
418.0,421.0,17.0,26.0
418.0,421.0,17.0,26.0
419.0,420.0,17.0,27.0
418.0,420.0,17.0,26.0
418.0,419.0,17.0,26.0
418.0,420.0,18.0,26.0
418.0,420.0,18.0,26.0
418.0,419.0,17.0,26.0
418.0,420.0,17.0,26.0
418.0,419.0,17.0,26.0
417.0,419.0,17.0,26.0
417.0,419.0,17.0,26.0
417.0,419.0,17.0,26.0
418.0,419.0,17.0,26.0
418.0,419.0,17.0,26.0
417.0,419.0,17.0,25.0
417.0,420.0,17.0,25.0
416.0,419.0,17.0,25.0
417.0,419.0,17.0,26.0
416.0,419.0,17.0,26.0
416.0,418.0,16.0,26.0
416.0,418.0,16.0,26.0
416.0,418.0,17.0,26.0
416.0,417.0,16.0,26.0
415.0,417.0,17.0,27.0
415.0,417.0,17.0,26.0
415.0,417.0,17.0,26.0
415.0,417.0,17.0,26.0
414.0,418.0,19.0,26.0
414.0,417.0,17.0,26.0
414.0,417.0,17.0,26.0
413.0,417.0,18.0,26.0
412.0,416.0,19.0,27.0
411.0,416.0,22.0,27.0
412.0,416.0,21.0,27.0
412.0,417.0,21.0,26.0
413.0,416.0,19.0,26.0
414.0,417.0,17.0,26.0
414.0,416.0,15.0,25.0
414.0,416.0,16.0,26.0
414.0,416.0,16.0,25.0
414.0,416.0,16.0,25.0
414.0,416.0,15.0,25.0
415.0,416.0,15.0,25.0
414.0,416.0,16.0,25.0
414.0,416.0,16.0,25.0
413.0,416.0,16.0,25.0
414.0,416.0,15.0,24.0
414.0,415.0,15.0,25.0
413.0,415.0,16.0,26.0
413.0,415.0,16.0,26.0
413.0,416.0,16.0,26.0
413.0,415.0,16.0,25.0
413.0,416.0,17.0,25.0
412.0,415.0,18.0,25.0
413.0,414.0,17.0,25.0
413.0,415.0,17.0,26.0
412.0,415.0,17.0,26.0
412.0,415.0,17.0,26.0
412.0,415.0,17.0,25.0
412.0,416.0,17.0,26.0
412.0,415.0,16.0,25.0
412.0,415.0,17.0,25.0
412.0,415.0,17.0,25.0
412.0,415.0,18.0,25.0
411.0,414.0,19.0,26.0
411.0,414.0,19.0,27.0
412.0,414.0,19.0,27.0
412.0,414.0,18.0,26.0
412.0,415.0,19.0,26.0
412.0,414.0,18.0,27.0
412.0,413.0,18.0,27.0
412.0,414.0,18.0,27.0
411.0,413.0,19.0,28.0
411.0,413.0,20.0,27.0
411.0,413.0,19.0,27.0
411.0,414.0,21.0,26.0
411.0,413.0,19.0,26.0
410.0,414.0,20.0,26.0
410.0,413.0,20.0,27.0
411.0,414.0,20.0,27.0
412.0,414.0,17.0,26.0
413.0,414.0,16.0,26.0
413.0,414.0,16.0,26.0
413.0,414.0,16.0,26.0
413.0,413.0,16.0,25.0
412.0,414.0,16.0,26.0
412.0,414.0,17.0,26.0
412.0,414.0,17.0,26.0
411.0,413.0,17.0,27.0
412.0,413.0,17.0,26.0
412.0,413.0,17.0,26.0
411.0,414.0,18.0,27.0
411.0,414.0,17.0,27.0
411.0,414.0,17.0,26.0
410.0,414.0,18.0,27.0
410.0,414.0,18.0,27.0
410.0,414.0,18.0,28.0
409.0,414.0,19.0,27.0
409.0,415.0,19.0,27.0
409.0,414.0,18.0,27.0
408.0,414.0,19.0,27.0
409.0,414.0,19.0,27.0
408.0,414.0,19.0,27.0
407.0,415.0,19.0,27.0
407.0,415.0,19.0,27.0
407.0,415.0,19.0,27.0
407.0,415.0,19.0,27.0
407.0,415.0,19.0,27.0
406.0,415.0,19.0,27.0
406.0,415.0,19.0,28.0
406.0,414.0,19.0,28.0
406.0,414.0,20.0,29.0
405.0,414.0,21.0,29.0
405.0,414.0,21.0,29.0
404.0,415.0,22.0,29.0
405.0,414.0,21.0,28.0
405.0,415.0,21.0,28.0
404.0,415.0,21.0,27.0
403.0,415.0,22.0,28.0
403.0,416.0,22.0,27.0
403.0,416.0,20.0,27.0
403.0,416.0,21.0,27.0
404.0,417.0,19.0,27.0
405.0,417.0,19.0,27.0
405.0,416.0,18.0,27.0
406.0,416.0,17.0,27.0
405.0,416.0,18.0,27.0
405.0,416.0,17.0,27.0
405.0,415.0,18.0,27.0
406.0,416.0,17.0,27.0
405.0,416.0,18.0,27.0
406.0,416.0,19.0,27.0
406.0,416.0,20.0,27.0
406.0,416.0,19.0,27.0
406.0,417.0,18.0,26.0
406.0,417.0,17.0,26.0
405.0,417.0,17.0,25.0
406.0,417.0,17.0,26.0
404.0,416.0,18.0,26.0
405.0,417.0,18.0,26.0
404.0,417.0,18.0,26.0
404.0,416.0,18.0,27.0
404.0,417.0,18.0,26.0
403.0,418.0,18.0,26.0
404.0,417.0,18.0,26.0
403.0,418.0,18.0,26.0
402.0,417.0,18.0,27.0
402.0,418.0,19.0,27.0
402.0,418.0,19.0,27.0
402.0,418.0,19.0,27.0
401.0,418.0,19.0,28.0
401.0,418.0,20.0,29.0
401.0,418.0,20.0,29.0
400.0,418.0,20.0,29.0
400.0,417.0,19.0,29.0
399.0,418.0,20.0,29.0
399.0,418.0,20.0,29.0
399.0,418.0,19.0,29.0
399.0,418.0,19.0,29.0
399.0,419.0,19.0,29.0
398.0,418.0,19.0,28.0
398.0,419.0,19.0,28.0
398.0,419.0,18.0,28.0
399.0,419.0,18.0,28.0
398.0,419.0,19.0,28.0
398.0,420.0,18.0,28.0
398.0,420.0,19.0,28.0
397.0,420.0,20.0,28.0
397.0,420.0,19.0,28.0
396.0,419.0,20.0,28.0
396.0,420.0,20.0,28.0
396.0,420.0,19.0,28.0
397.0,420.0,20.0,28.0
396.0,420.0,19.0,28.0
396.0,420.0,19.0,29.0
395.0,420.0,20.0,29.0
395.0,420.0,19.0,28.0
395.0,420.0,19.0,27.0
394.0,420.0,20.0,28.0
393.0,421.0,20.0,29.0
394.0,421.0,20.0,29.0
393.0,421.0,20.0,29.0
393.0,422.0,20.0,29.0
392.0,422.0,20.0,29.0
393.0,422.0,20.0,29.0
392.0,421.0,20.0,29.0
393.0,422.0,19.0,29.0
392.0,421.0,19.0,30.0
392.0,423.0,19.0,29.0
392.0,423.0,19.0,29.0
392.0,423.0,21.0,29.0
392.0,423.0,20.0,29.0
391.0,423.0,19.0,29.0
391.0,422.0,19.0,30.0
390.0,423.0,20.0,29.0
391.0,422.0,19.0,29.0
391.0,424.0,19.0,28.0
390.0,424.0,19.0,28.0
389.0,425.0,19.0,28.0
389.0,424.0,20.0,29.0
388.0,425.0,21.0,29.0
388.0,425.0,21.0,29.0
388.0,424.0,20.0,29.0
388.0,424.0,21.0,30.0
387.0,425.0,21.0,30.0
387.0,425.0,21.0,30.0
388.0,425.0,20.0,30.0
387.0,427.0,20.0,29.0
386.0,427.0,20.0,30.0
387.0,427.0,20.0,30.0
386.0,427.0,20.0,30.0
385.0,426.0,20.0,30.0
386.0,426.0,20.0,30.0
385.0,427.0,20.0,29.0
385.0,427.0,20.0,29.0
384.0,428.0,20.0,29.0
385.0,428.0,19.0,28.0
383.0,428.0,20.0,29.0
383.0,428.0,20.0,29.0
383.0,428.0,20.0,29.0
383.0,428.0,19.0,29.0
383.0,428.0,19.0,29.0
383.0,428.0,19.0,30.0
382.0,428.0,20.0,30.0
381.0,429.0,20.0,30.0
382.0,429.0,21.0,30.0
381.0,429.0,21.0,30.0
380.0,429.0,22.0,30.0
379.0,429.0,21.0,30.0
380.0,430.0,21.0,30.0
379.0,430.0,20.0,30.0
378.0,430.0,20.0,30.0
378.0,431.0,20.0,30.0
378.0,431.0,20.0,30.0
377.0,431.0,21.0,30.0
377.0,431.0,21.0,30.0
377.0,432.0,21.0,30.0
376.0,432.0,20.0,30.0
376.0,432.0,20.0,30.0
376.0,433.0,20.0,31.0
375.0,433.0,20.0,30.0
376.0,432.0,20.0,31.0
374.0,434.0,20.0,31.0
374.0,434.0,20.0,30.0
374.0,434.0,20.0,30.0
374.0,435.0,20.0,31.0
374.0,434.0,20.0,31.0
373.0,434.0,20.0,31.0
372.0,434.0,21.0,31.0
372.0,433.0,21.0,31.0
372.0,434.0,21.0,31.0
371.0,434.0,21.0,31.0
371.0,434.0,21.0,30.0
371.0,434.0,21.0,31.0
370.0,434.0,21.0,30.0
369.0,434.0,21.0,31.0
369.0,434.0,21.0,31.0
368.0,434.0,21.0,31.0
369.0,433.0,21.0,31.0
368.0,433.0,22.0,31.0
367.0,433.0,22.0,31.0
367.0,432.0,21.0,32.0
366.0,433.0,21.0,32.0
366.0,432.0,21.0,31.0
365.0,432.0,21.0,31.0
365.0,432.0,21.0,32.0
365.0,432.0,21.0,32.0
364.0,431.0,21.0,32.0
364.0,431.0,20.0,31.0
363.0,430.0,20.0,32.0
363.0,430.0,21.0,32.0
362.0,429.0,21.0,32.0
361.0,429.0,21.0,32.0
360.0,428.0,22.0,32.0
360.0,428.0,22.0,33.0
359.0,427.0,22.0,34.0
359.0,427.0,21.0,33.0
359.0,427.0,22.0,32.0
359.0,426.0,21.0,32.0
358.0,425.0,22.0,32.0
357.0,425.0,22.0,32.0
357.0,425.0,21.0,32.0
357.0,424.0,21.0,32.0
357.0,425.0,21.0,32.0
356.0,425.0,21.0,32.0
356.0,425.0,20.0,32.0
355.0,425.0,21.0,31.0
355.0,426.0,21.0,31.0
355.0,425.0,21.0,31.0
354.0,425.0,21.0,32.0
353.0,425.0,20.0,32.0
353.0,426.0,21.0,33.0
352.0,425.0,20.0,32.0
351.0,426.0,20.0,33.0
351.0,428.0,20.0,30.0
351.0,428.0,20.0,30.0
349.0,429.0,20.0,31.0
349.0,430.0,19.0,29.0
348.0,431.0,19.0,30.0
347.0,430.0,19.0,30.0
346.0,431.0,20.0,31.0
346.0,432.0,19.0,30.0
345.0,432.0,21.0,31.0
345.0,433.0,23.0,31.0
343.0,432.0,22.0,32.0
344.0,433.0,22.0,32.0
343.0,434.0,22.0,32.0
343.0,436.0,21.0,32.0
342.0,437.0,22.0,32.0
341.0,437.0,22.0,31.0
341.0,438.0,22.0,31.0
340.0,438.0,21.0,32.0
339.0,440.0,23.0,33.0
339.0,441.0,22.0,32.0
338.0,440.0,23.0,33.0
337.0,442.0,22.0,32.0
338.0,442.0,21.0,32.0
336.0,444.0,21.0,32.0
336.0,443.0,21.0,33.0
335.0,445.0,21.0,33.0
334.0,445.0,23.0,34.0
333.0,446.0,22.0,35.0
332.0,446.0,22.0,36.0
333.0,448.0,21.0,35.0
333.0,448.0,20.0,34.0
332.0,450.0,20.0,33.0
331.0,451.0,21.0,32.0
331.0,454.0,20.0,31.0
330.0,456.0,20.0,32.0
328.0,457.0,20.0,33.0
328.0,457.0,20.0,33.0
327.0,457.0,21.0,35.0
326.0,459.0,22.0,35.0
326.0,459.0,22.0,34.0
326.0,460.0,21.0,34.0
323.0,461.0,22.0,35.0
323.0,463.0,22.0,34.0
323.0,463.0,23.0,35.0
321.0,465.0,22.0,35.0
321.0,467.0,21.0,35.0
320.0,467.0,21.0,37.0
319.0,466.0,23.0,38.0
319.0,468.0,25.0,37.0
318.0,468.0,25.0,37.0
317.0,471.0,23.0,36.0
317.0,471.0,22.0,36.0
317.0,473.0,22.0,36.0
315.0,475.0,22.0,34.0
315.0,476.0,21.0,34.0
315.0,478.0,23.0,33.0
313.0,476.0,24.0,35.0
313.0,478.0,24.0,36.0
313.0,478.0,24.0,37.0
312.0,480.0,24.0,37.0
311.0,480.0,24.0,38.0
311.0,482.0,24.0,38.0
311.0,483.0,25.0,37.0
311.0,484.0,24.0,37.0
310.0,485.0,24.0,38.0
310.0,486.0,24.0,38.0
310.0,488.0,23.0,38.0
310.0,489.0,23.0,38.0
310.0,489.0,24.0,39.0
311.0,491.0,24.0,38.0
314.0,490.0,24.0,39.0
315.0,491.0,24.0,40.0
317.0,491.0,25.0,40.0
320.0,492.0,25.0,40.0
323.0,492.0,25.0,40.0
325.0,492.0,26.0,41.0
328.0,494.0,25.0,40.0
330.0,495.0,25.0,40.0
333.0,496.0,24.0,39.0
334.0,496.0,24.0,38.0
336.0,497.0,23.0,39.0
338.0,499.0,24.0,39.0
338.0,499.0,24.0,39.0
339.0,500.0,24.0,40.0
339.0,502.0,24.0,40.0
339.0,504.0,26.0,39.0
339.0,506.0,26.0,38.0
338.0,509.0,25.0,37.0
339.0,511.0,24.0,37.0
337.0,515.0,26.0,35.0
337.0,517.0,24.0,35.0
337.0,520.0,23.0,33.0
337.0,519.0,22.0,35.0
336.0,518.0,25.0,38.0
336.0,523.0,23.0,34.0
336.0,518.0,27.0,41.0
337.0,519.0,26.0,40.0
338.0,521.0,27.0,38.0
339.0,521.0,29.0,40.0
340.0,522.0,29.0,39.0
341.0,522.0,30.0,40.0
343.0,523.0,29.0,39.0
345.0,524.0,28.0,39.0
348.0,522.0,28.0,40.0
348.0,522.0,28.0,41.0
351.0,522.0,30.0,42.0
355.0,523.0,28.0,40.0
358.0,525.0,27.0,39.0
362.0,524.0,27.0,41.0
366.0,526.0,25.0,40.0
369.0,525.0,27.0,42.0
372.0,525.0,27.0,42.0
375.0,525.0,29.0,43.0
380.0,525.0,28.0,43.0
384.0,525.0,27.0,42.0
388.0,526.0,27.0,42.0
392.0,526.0,27.0,42.0
396.0,528.0,26.0,41.0
400.0,527.0,28.0,41.0
403.0,527.0,28.0,42.0
406.0,527.0,28.0,43.0
409.0,528.0,29.0,43.0
411.0,529.0,29.0,43.0
413.0,530.0,29.0,44.0
414.0,530.0,29.0,44.0
415.0,531.0,30.0,44.0
417.0,533.0,29.0,43.0
416.0,534.0,30.0,43.0
417.0,535.0,30.0,44.0
416.0,536.0,30.0,44.0
417.0,538.0,31.0,44.0
415.0,539.0,32.0,45.0
415.0,539.0,32.0,46.0
414.0,542.0,31.0,45.0
413.0,543.0,33.0,46.0
411.0,546.0,33.0,46.0
411.0,546.0,34.0,47.0
409.0,549.0,34.0,46.0
408.0,551.0,33.0,46.0
408.0,553.0,33.0,45.0
406.0,555.0,32.0,44.0
406.0,557.0,32.0,44.0
404.0,557.0,34.0,44.0
403.0,560.0,32.0,43.0
402.0,561.0,31.0,44.0
402.0,564.0,31.0,43.0
400.0,565.0,32.0,45.0
399.0,565.0,32.0,46.0
398.0,568.0,33.0,46.0
396.0,568.0,34.0,47.0
397.0,572.0,32.0,46.0
396.0,571.0,32.0,47.0
394.0,571.0,34.0,49.0
395.0,573.0,33.0,49.0
393.0,575.0,35.0,48.0
393.0,576.0,37.0,49.0
390.0,579.0,38.0,49.0
392.0,581.0,37.0,49.0
392.0,583.0,34.0,48.0
389.0,585.0,35.0,49.0
389.0,587.0,35.0,48.0
388.0,588.0,33.0,49.0
388.0,588.0,34.0,50.0
387.0,592.0,32.0,48.0
386.0,593.0,32.0,49.0
386.0,594.0,33.0,50.0
385.0,597.0,33.0,49.0
385.0,599.0,32.0,49.0
383.0,602.0,32.0,48.0
383.0,603.0,31.0,48.0
382.0,605.0,30.0,47.0
382.0,606.0,29.0,48.0
382.0,608.0,28.0,48.0
380.0,609.0,30.0,50.0
378.0,608.0,32.0,52.0
378.0,608.0,33.0,52.0
378.0,611.0,29.0,50.0
377.0,613.0,28.0,50.0
375.0,618.0,29.0,47.0
375.0,617.0,31.0,49.0
374.0,623.0,28.0,45.0
372.0,626.0,28.0,43.0
372.0,627.0,26.0,44.0
371.0,625.0,31.0,48.0
370.0,626.0,32.0,47.0
371.0,623.0,33.0,50.0
372.0,623.0,34.0,49.0
370.0,623.0,35.0,50.0
369.0,623.0,37.0,54.0
367.0,623.0,39.0,54.0
366.0,624.0,39.0,54.0
365.0,624.0,41.0,55.0
361.0,625.0,42.0,54.0
363.0,627.0,40.0,51.0
367.0,627.0,36.0,49.0
369.0,628.0,34.0,49.0
369.0,627.0,33.0,49.0
369.0,628.0,33.0,50.0
366.0,629.0,33.0,52.0
366.0,630.0,34.0,53.0
365.0,631.0,33.0,51.0
364.0,631.0,34.0,53.0
363.0,632.0,34.0,53.0
361.0,632.0,34.0,53.0
360.0,632.0,34.0,54.0
360.0,632.0,34.0,53.0
360.0,633.0,34.0,54.0
358.0,634.0,34.0,53.0
357.0,633.0,35.0,55.0
357.0,632.0,36.0,55.0
356.0,633.0,36.0,55.0
356.0,634.0,36.0,55.0
354.0,636.0,37.0,53.0
353.0,637.0,36.0,52.0
354.0,636.0,36.0,53.0
353.0,636.0,37.0,53.0
353.0,636.0,36.0,54.0
352.0,634.0,36.0,54.0
352.0,632.0,37.0,56.0
351.0,630.0,39.0,56.0
350.0,631.0,37.0,55.0
349.0,631.0,38.0,54.0
350.0,631.0,37.0,53.0
349.0,630.0,37.0,53.0
348.0,629.0,37.0,52.0
348.0,627.0,36.0,53.0
348.0,625.0,38.0,55.0
347.0,622.0,38.0,55.0
347.0,618.0,38.0,57.0
346.0,616.0,37.0,58.0
346.0,615.0,37.0,57.0
347.0,613.0,36.0,54.0
347.0,612.0,37.0,53.0
348.0,613.0,35.0,53.0
347.0,611.0,34.0,54.0
345.0,608.0,37.0,54.0
347.0,607.0,36.0,54.0
347.0,605.0,36.0,54.0
349.0,603.0,34.0,53.0
350.0,601.0,33.0,51.0
349.0,600.0,33.0,53.0
348.0,599.0,34.0,53.0
349.0,597.0,33.0,53.0
348.0,595.0,33.0,55.0
349.0,594.0,32.0,55.0
349.0,593.0,32.0,55.0
349.0,592.0,33.0,55.0
348.0,590.0,34.0,55.0
349.0,590.0,33.0,56.0
347.0,587.0,34.0,56.0
347.0,586.0,34.0,55.0
347.0,585.0,36.0,57.0
347.0,583.0,36.0,56.0
346.0,582.0,36.0,56.0
346.0,580.0,36.0,56.0
346.0,578.0,37.0,58.0
345.0,578.0,36.0,57.0
346.0,576.0,37.0,56.0
347.0,574.0,37.0,56.0
346.0,574.0,38.0,56.0
347.0,571.0,39.0,56.0
347.0,570.0,38.0,56.0
347.0,568.0,39.0,56.0
347.0,567.0,40.0,54.0
347.0,567.0,40.0,52.0
347.0,566.0,40.0,51.0
346.0,564.0,41.0,50.0
347.0,561.0,42.0,51.0
348.0,558.0,38.0,51.0
348.0,550.0,39.0,56.0
347.0,545.0,42.0,60.0
347.0,540.0,43.0,62.0
348.0,538.0,49.0,61.0
347.0,537.0,49.0,58.0
348.0,537.0,43.0,56.0
350.0,534.0,40.0,57.0
349.0,532.0,42.0,57.0
351.0,531.0,39.0,57.0
350.0,530.0,41.0,56.0
351.0,528.0,39.0,56.0
352.0,525.0,37.0,55.0
354.0,524.0,37.0,52.0
356.0,523.0,34.0,51.0
356.0,519.0,32.0,50.0
357.0,516.0,33.0,52.0
357.0,517.0,33.0,51.0
358.0,513.0,31.0,51.0
357.0,511.0,32.0,52.0
357.0,508.0,34.0,52.0
356.0,506.0,37.0,52.0
357.0,503.0,35.0,53.0
357.0,501.0,37.0,54.0
357.0,499.0,36.0,53.0
358.0,497.0,36.0,53.0
357.0,495.0,35.0,53.0
