795.0,489.0,25.0,45.0
793.0,488.0,25.0,44.0
793.0,489.0,25.0,44.0
794.0,489.0,25.0,44.0
793.0,489.0,25.0,45.0
794.0,489.0,26.0,45.0
794.0,489.0,26.0,45.0
794.0,490.0,25.0,44.0
794.0,490.0,25.0,44.0
795.0,490.0,26.0,43.0
795.0,491.0,26.0,43.0
795.0,491.0,26.0,43.0
795.0,491.0,26.0,43.0
795.0,491.0,26.0,44.0
795.0,491.0,27.0,44.0
795.0,491.0,26.0,45.0
796.0,492.0,26.0,44.0
796.0,492.0,26.0,43.0
797.0,492.0,26.0,44.0
795.0,491.0,26.0,45.0
797.0,491.0,26.0,45.0
797.0,490.0,26.0,46.0
797.0,491.0,26.0,45.0
797.0,492.0,25.0,45.0
797.0,492.0,26.0,45.0
798.0,492.0,26.0,45.0
798.0,493.0,26.0,44.0
798.0,492.0,26.0,45.0
798.0,492.0,26.0,45.0
798.0,492.0,25.0,45.0
799.0,492.0,26.0,44.0
798.0,492.0,25.0,45.0
799.0,492.0,26.0,45.0
800.0,493.0,25.0,45.0
799.0,493.0,25.0,45.0
800.0,494.0,26.0,45.0
800.0,494.0,25.0,44.0
800.0,494.0,26.0,44.0
800.0,493.0,26.0,45.0
800.0,493.0,26.0,44.0
800.0,494.0,26.0,45.0
801.0,493.0,26.0,45.0
801.0,494.0,26.0,45.0
801.0,494.0,26.0,44.0
801.0,495.0,26.0,44.0
801.0,494.0,26.0,44.0
801.0,494.0,26.0,45.0
802.0,494.0,26.0,45.0
802.0,494.0,26.0,44.0
802.0,494.0,26.0,44.0
803.0,494.0,26.0,44.0
802.0,494.0,26.0,45.0
802.0,495.0,26.0,44.0
803.0,495.0,26.0,45.0
802.0,494.0,26.0,45.0
803.0,494.0,27.0,45.0
803.0,495.0,27.0,45.0
803.0,495.0,27.0,45.0
803.0,495.0,27.0,45.0
804.0,496.0,27.0,45.0
804.0,495.0,27.0,46.0
803.0,495.0,27.0,45.0
804.0,494.0,27.0,46.0
804.0,495.0,26.0,45.0
805.0,495.0,27.0,44.0
805.0,495.0,27.0,45.0
804.0,494.0,27.0,46.0
805.0,495.0,27.0,46.0
805.0,495.0,27.0,46.0
805.0,495.0,27.0,46.0
806.0,495.0,27.0,44.0
806.0,496.0,27.0,44.0
807.0,495.0,26.0,44.0
806.0,496.0,26.0,44.0
807.0,495.0,27.0,45.0
807.0,495.0,27.0,45.0
807.0,495.0,27.0,46.0
808.0,495.0,27.0,45.0
807.0,495.0,26.0,45.0
807.0,495.0,26.0,45.0
808.0,496.0,26.0,45.0
808.0,495.0,26.0,45.0
808.0,495.0,27.0,46.0
809.0,495.0,26.0,46.0
808.0,495.0,26.0,46.0
809.0,495.0,27.0,45.0
809.0,495.0,26.0,45.0
809.0,495.0,27.0,45.0
809.0,495.0,26.0,45.0
809.0,495.0,27.0,45.0
809.0,495.0,27.0,46.0
809.0,495.0,27.0,45.0
809.0,495.0,26.0,45.0
810.0,496.0,27.0,45.0
809.0,496.0,27.0,45.0
810.0,496.0,27.0,45.0
810.0,495.0,26.0,44.0
810.0,496.0,27.0,45.0
810.0,496.0,27.0,45.0
810.0,496.0,27.0,45.0
809.0,495.0,27.0,46.0
810.0,494.0,27.0,46.0
810.0,494.0,27.0,46.0
810.0,494.0,27.0,46.0
810.0,495.0,27.0,46.0
810.0,494.0,27.0,45.0
810.0,494.0,27.0,45.0
810.0,495.0,27.0,45.0
810.0,495.0,27.0,45.0
811.0,494.0,27.0,45.0
811.0,495.0,27.0,45.0
810.0,495.0,27.0,45.0
811.0,494.0,27.0,45.0
811.0,494.0,27.0,45.0
811.0,495.0,27.0,45.0
811.0,495.0,27.0,45.0
810.0,494.0,27.0,45.0
811.0,494.0,27.0,45.0
811.0,494.0,27.0,45.0
811.0,493.0,27.0,45.0
811.0,493.0,27.0,45.0
811.0,494.0,27.0,44.0
810.0,494.0,27.0,45.0
811.0,494.0,26.0,45.0
811.0,495.0,26.0,45.0
811.0,495.0,26.0,44.0
811.0,494.0,26.0,45.0
811.0,494.0,27.0,45.0
811.0,493.0,27.0,45.0
810.0,495.0,27.0,45.0
810.0,494.0,28.0,46.0
810.0,494.0,27.0,45.0
811.0,495.0,27.0,45.0
811.0,495.0,27.0,45.0
811.0,495.0,27.0,45.0
810.0,495.0,27.0,45.0
810.0,495.0,27.0,45.0
810.0,495.0,28.0,45.0
810.0,496.0,27.0,45.0
810.0,495.0,27.0,45.0
810.0,495.0,27.0,45.0
810.0,494.0,27.0,46.0
810.0,495.0,27.0,45.0
810.0,495.0,27.0,45.0
810.0,495.0,27.0,45.0
810.0,496.0,26.0,45.0
810.0,496.0,27.0,45.0
811.0,495.0,26.0,45.0
810.0,495.0,27.0,45.0
811.0,496.0,27.0,45.0
811.0,496.0,26.0,45.0
811.0,495.0,26.0,45.0
810.0,495.0,26.0,46.0
810.0,496.0,26.0,45.0
810.0,495.0,26.0,45.0
810.0,496.0,26.0,45.0
810.0,496.0,26.0,44.0
810.0,496.0,27.0,45.0
810.0,496.0,26.0,45.0
809.0,496.0,26.0,45.0
810.0,496.0,27.0,45.0
809.0,497.0,27.0,45.0
809.0,497.0,27.0,45.0
810.0,497.0,27.0,45.0
810.0,498.0,26.0,45.0
810.0,497.0,27.0,44.0
810.0,497.0,27.0,45.0
809.0,497.0,27.0,45.0
809.0,498.0,27.0,45.0
809.0,497.0,27.0,45.0
809.0,498.0,27.0,46.0
809.0,498.0,27.0,46.0
809.0,498.0,27.0,46.0
809.0,498.0,27.0,46.0
809.0,498.0,27.0,46.0
808.0,498.0,28.0,47.0
809.0,499.0,27.0,46.0
808.0,499.0,27.0,46.0
808.0,499.0,27.0,46.0
809.0,499.0,27.0,46.0
808.0,500.0,27.0,46.0
808.0,500.0,28.0,46.0
809.0,500.0,28.0,47.0
809.0,499.0,27.0,47.0
808.0,499.0,27.0,47.0
808.0,500.0,27.0,47.0
808.0,500.0,27.0,46.0
808.0,501.0,27.0,46.0
808.0,501.0,27.0,46.0
807.0,501.0,27.0,46.0
807.0,501.0,27.0,47.0
808.0,502.0,27.0,46.0
808.0,501.0,27.0,46.0
807.0,502.0,27.0,46.0
808.0,501.0,28.0,46.0
807.0,502.0,27.0,46.0
807.0,503.0,27.0,46.0
808.0,502.0,27.0,45.0
808.0,503.0,27.0,45.0
807.0,503.0,27.0,46.0
807.0,502.0,27.0,45.0
807.0,503.0,27.0,45.0
807.0,503.0,27.0,46.0
807.0,503.0,27.0,46.0
807.0,502.0,27.0,45.0
807.0,503.0,28.0,45.0
807.0,504.0,27.0,45.0
807.0,505.0,27.0,45.0
806.0,505.0,26.0,46.0
807.0,504.0,27.0,46.0
806.0,505.0,27.0,45.0
806.0,504.0,27.0,46.0
805.0,505.0,27.0,45.0
805.0,505.0,27.0,45.0
806.0,505.0,27.0,45.0
806.0,506.0,27.0,46.0
805.0,505.0,27.0,46.0
805.0,506.0,27.0,45.0
805.0,506.0,27.0,45.0
805.0,506.0,27.0,45.0
805.0,507.0,27.0,45.0
805.0,508.0,26.0,45.0
805.0,506.0,27.0,46.0
805.0,508.0,25.0,45.0
804.0,507.0,26.0,46.0
804.0,507.0,28.0,46.0
805.0,508.0,26.0,46.0
804.0,508.0,27.0,46.0
803.0,509.0,27.0,45.0
804.0,508.0,27.0,46.0
803.0,508.0,27.0,46.0
803.0,508.0,28.0,46.0
803.0,508.0,28.0,46.0
804.0,507.0,28.0,47.0
803.0,509.0,27.0,46.0
803.0,509.0,27.0,46.0
802.0,507.0,27.0,47.0
802.0,507.0,28.0,47.0
803.0,506.0,28.0,47.0
802.0,505.0,27.0,47.0
802.0,503.0,27.0,46.0
803.0,500.0,28.0,47.0
802.0,497.0,27.0,46.0
802.0,495.0,27.0,46.0
801.0,492.0,27.0,46.0
800.0,487.0,28.0,47.0
800.0,484.0,27.0,47.0
801.0,481.0,27.0,47.0
799.0,479.0,27.0,45.0
800.0,475.0,27.0,46.0
800.0,472.0,27.0,46.0
799.0,467.0,28.0,47.0
799.0,465.0,26.0,46.0
799.0,462.0,26.0,45.0
799.0,459.0,26.0,45.0
798.0,454.0,27.0,46.0
798.0,451.0,27.0,45.0
798.0,449.0,27.0,46.0
797.0,445.0,26.0,45.0
797.0,443.0,27.0,46.0
796.0,439.0,27.0,46.0
797.0,436.0,26.0,46.0
796.0,433.0,27.0,45.0
796.0,431.0,26.0,46.0
796.0,428.0,27.0,46.0
795.0,425.0,26.0,46.0
795.0,422.0,26.0,47.0
795.0,420.0,26.0,47.0
795.0,418.0,26.0,46.0
794.0,417.0,26.0,45.0
794.0,414.0,26.0,46.0
794.0,411.0,26.0,46.0
794.0,410.0,26.0,45.0
793.0,408.0,26.0,46.0
793.0,406.0,27.0,46.0
792.0,403.0,27.0,47.0
792.0,402.0,27.0,47.0
792.0,401.0,27.0,46.0
791.0,400.0,27.0,47.0
791.0,398.0,27.0,46.0
791.0,398.0,27.0,46.0
791.0,396.0,27.0,47.0
790.0,396.0,27.0,46.0
790.0,394.0,27.0,47.0
790.0,393.0,27.0,47.0
789.0,393.0,27.0,47.0
789.0,393.0,27.0,47.0
789.0,393.0,26.0,47.0
789.0,394.0,27.0,47.0
788.0,394.0,27.0,47.0
788.0,395.0,27.0,47.0
788.0,394.0,27.0,46.0
787.0,396.0,27.0,47.0
787.0,395.0,27.0,47.0
786.0,396.0,27.0,47.0
787.0,397.0,27.0,47.0
786.0,397.0,27.0,48.0
786.0,397.0,27.0,47.0
786.0,398.0,27.0,48.0
785.0,398.0,27.0,48.0
785.0,398.0,27.0,48.0
786.0,399.0,27.0,48.0
785.0,400.0,27.0,47.0
785.0,400.0,27.0,47.0
785.0,400.0,27.0,47.0
785.0,401.0,27.0,47.0
784.0,401.0,27.0,46.0
784.0,401.0,27.0,47.0
784.0,400.0,27.0,46.0
784.0,397.0,27.0,47.0
784.0,394.0,27.0,47.0
784.0,392.0,27.0,47.0
783.0,390.0,27.0,47.0
782.0,387.0,27.0,48.0
782.0,386.0,27.0,48.0
782.0,383.0,27.0,47.0
782.0,382.0,27.0,47.0
781.0,380.0,28.0,48.0
781.0,380.0,27.0,48.0
781.0,379.0,28.0,49.0
781.0,378.0,28.0,49.0
780.0,378.0,27.0,49.0
781.0,380.0,27.0,48.0
780.0,379.0,27.0,49.0
780.0,380.0,27.0,49.0
780.0,381.0,27.0,49.0
780.0,381.0,28.0,49.0
779.0,381.0,27.0,48.0
779.0,382.0,27.0,48.0
779.0,383.0,27.0,48.0
779.0,383.0,27.0,48.0
778.0,383.0,27.0,48.0
779.0,383.0,27.0,48.0
778.0,385.0,28.0,48.0
778.0,384.0,28.0,49.0
778.0,386.0,27.0,48.0
778.0,386.0,27.0,48.0
778.0,387.0,27.0,49.0
777.0,387.0,27.0,49.0
777.0,387.0,27.0,49.0
777.0,388.0,28.0,49.0
776.0,389.0,27.0,49.0
776.0,390.0,28.0,49.0
776.0,390.0,28.0,49.0
776.0,391.0,27.0,49.0
776.0,391.0,27.0,49.0
775.0,392.0,27.0,50.0
775.0,392.0,28.0,49.0
775.0,393.0,28.0,49.0
776.0,392.0,28.0,50.0
775.0,394.0,28.0,50.0
774.0,394.0,28.0,50.0
774.0,395.0,28.0,50.0
774.0,395.0,28.0,50.0
774.0,397.0,28.0,50.0
774.0,398.0,28.0,49.0
774.0,398.0,28.0,49.0
773.0,398.0,27.0,49.0
773.0,399.0,28.0,50.0
772.0,399.0,28.0,50.0
773.0,401.0,28.0,49.0
773.0,402.0,28.0,49.0
773.0,402.0,28.0,50.0
773.0,402.0,28.0,49.0
772.0,404.0,28.0,49.0
771.0,405.0,29.0,49.0
772.0,406.0,28.0,49.0
771.0,407.0,28.0,50.0
772.0,407.0,28.0,50.0
772.0,408.0,27.0,50.0
771.0,409.0,27.0,49.0
771.0,409.0,28.0,49.0
772.0,409.0,27.0,49.0
771.0,410.0,28.0,50.0
771.0,410.0,28.0,51.0
770.0,410.0,28.0,51.0
770.0,411.0,28.0,50.0
770.0,414.0,28.0,49.0
770.0,414.0,28.0,48.0
770.0,416.0,28.0,48.0
770.0,415.0,28.0,49.0
770.0,418.0,28.0,47.0
770.0,420.0,28.0,46.0
770.0,422.0,28.0,46.0
770.0,424.0,27.0,44.0
770.0,430.0,26.0,41.0
771.0,432.0,26.0,39.0
771.0,435.0,25.0,37.0
770.0,437.0,26.0,35.0
770.0,441.0,26.0,31.0
768.0,446.0,27.0,28.0
769.0,449.0,27.0,27.0
768.0,450.0,27.0,25.0
768.0,452.0,26.0,26.0
767.0,455.0,27.0,23.0
767.0,456.0,26.0,23.0
768.0,460.0,25.0,26.0
774.0,471.0,18.0,40.0
777.0,476.0,14.0,39.0
779.0,481.0,12.0,38.0
778.0,486.0,13.0,37.0
779.0,488.0,12.0,38.0
778.0,491.0,14.0,37.0
778.0,495.0,12.0,38.0
778.0,499.0,13.0,37.0
779.0,504.0,13.0,36.0
777.0,507.0,12.0,37.0
779.0,511.0,12.0,37.0
778.0,515.0,13.0,36.0
779.0,519.0,12.0,36.0
778.0,523.0,12.0,36.0
777.0,526.0,13.0,36.0
778.0,530.0,12.0,35.0
778.0,534.0,12.0,35.0
778.0,537.0,13.0,35.0
777.0,542.0,12.0,37.0
778.0,544.0,12.0,38.0
776.0,549.0,14.0,37.0
777.0,553.0,12.0,37.0
778.0,557.0,12.0,36.0
776.0,562.0,12.0,35.0
778.0,566.0,11.0,35.0
777.0,569.0,13.0,35.0
777.0,572.0,12.0,35.0
778.0,575.0,13.0,34.0
777.0,583.0,13.0,34.0
776.0,586.0,13.0,35.0
777.0,589.0,13.0,35.0
778.0,595.0,13.0,34.0
777.0,599.0,12.0,34.0
776.0,606.0,14.0,33.0
777.0,611.0,13.0,34.0
776.0,615.0,14.0,33.0
776.0,619.0,13.0,33.0
777.0,623.0,13.0,33.0
776.0,629.0,13.0,33.0
778.0,633.0,12.0,33.0
777.0,636.0,14.0,34.0
776.0,643.0,15.0,34.0
776.0,647.0,14.0,32.0
776.0,652.0,13.0,34.0
776.0,656.0,14.0,36.0
777.0,661.0,14.0,33.0
776.0,667.0,16.0,32.0
774.0,672.0,19.0,33.0
776.0,679.0,19.0,32.0
776.0,684.0,22.0,31.0
774.0,686.0,17.0,33.0
777.0,693.0,24.0,27.0
780.0,698.0,27.0,22.0
776.0,698.0,28.0,20.0
766.0,691.0,30.0,20.0
764.0,692.0,28.0,22.0
764.0,693.0,28.0,22.0
770.0,666.0,18.0,33.0
773.0,671.0,18.0,32.0
775.0,677.0,22.0,32.0
772.0,681.0,24.0,33.0
770.0,686.0,19.0,34.0
769.0,691.0,23.0,29.0
769.0,694.0,25.0,26.0
759.0,696.0,26.0,24.0
746.0,701.0,31.0,20.0
736.0,703.0,34.0,18.0
727.0,700.0,32.0,22.0
721.0,691.0,31.0,26.0
708.0,684.0,34.0,28.0
675.0,675.0,23.0,35.0
673.0,675.0,17.0,34.0
669.0,684.0,19.0,31.0
670.0,689.0,19.0,27.0
666.0,696.0,18.0,23.0
668.0,698.0,17.0,21.0
660.0,701.0,19.0,18.0
657.0,702.0,21.0,17.0
659.0,700.0,20.0,19.0
660.0,699.0,20.0,20.0
662.0,697.0,17.0,23.0
662.0,696.0,18.0,23.0
663.0,692.0,18.0,25.0
657.0,689.0,19.0,26.0
656.0,691.0,21.0,25.0
656.0,692.0,22.0,25.0
656.0,694.0,21.0,26.0
658.0,690.0,21.0,27.0
660.0,680.0,21.0,32.0
653.0,669.0,21.0,34.0
657.0,672.0,23.0,39.0
643.0,666.0,29.0,36.0
641.0,668.0,32.0,39.0
641.0,671.0,33.0,41.0
643.0,674.0,34.0,44.0
648.0,675.0,31.0,47.0
650.0,677.0,31.0,45.0
657.0,676.0,29.0,45.0
657.0,674.0,30.0,40.0
657.0,661.0,31.0,36.0
652.0,668.0,33.0,37.0
651.0,675.0,35.0,34.0
652.0,681.0,32.0,36.0
654.0,678.0,29.0,36.0
658.0,681.0,29.0,34.0
651.0,690.0,30.0,31.0
657.0,692.0,28.0,28.0
660.0,692.0,25.0,29.0
651.0,686.0,26.0,27.0
646.0,677.0,25.0,31.0
636.0,680.0,29.0,30.0
633.0,683.0,31.0,30.0
624.0,688.0,34.0,30.0
624.0,692.0,36.0,29.0
627.0,672.0,32.0,40.0
631.0,661.0,30.0,43.0
626.0,664.0,31.0,44.0
629.0,670.0,32.0,42.0
628.0,678.0,31.0,36.0
630.0,687.0,27.0,34.0
626.0,691.0,30.0,29.0
630.0,696.0,27.0,24.0
631.0,702.0,26.0,19.0
631.0,705.0,27.0,15.0
640.0,697.0,17.0,23.0
638.0,696.0,16.0,23.0
640.0,698.0,20.0,21.0
641.0,691.0,18.0,26.0
634.0,681.0,19.0,29.0
624.0,677.0,22.0,28.0
624.0,665.0,22.0,32.0
634.0,665.0,23.0,33.0
638.0,666.0,22.0,36.0
640.0,665.0,19.0,38.0
637.0,672.0,19.0,39.0
639.0,674.0,20.0,38.0
637.0,681.0,19.0,39.0
636.0,686.0,23.0,34.0
634.0,693.0,20.0,30.0
635.0,698.0,19.0,25.0
634.0,700.0,18.0,21.0
633.0,705.0,20.0,16.0
633.0,703.0,18.0,16.0
634.0,699.0,18.0,19.0
634.0,692.0,16.0,22.0
630.0,697.0,20.0,20.0
629.0,698.0,20.0,20.0
625.0,703.0,21.0,18.0
627.0,703.0,21.0,17.0
630.0,701.0,19.0,19.0
627.0,700.0,19.0,21.0
624.0,701.0,20.0,20.0
626.0,694.0,20.0,23.0
625.0,690.0,22.0,25.0
624.0,685.0,23.0,28.0
626.0,689.0,29.0,27.0
642.0,691.0,28.0,29.0
638.0,690.0,28.0,30.0
631.0,683.0,29.0,32.0
599.0,672.0,29.0,35.0
598.0,675.0,29.0,35.0
596.0,680.0,30.0,35.0
597.0,683.0,30.0,33.0
594.0,687.0,31.0,31.0
594.0,690.0,30.0,30.0
586.0,693.0,33.0,28.0
577.0,696.0,35.0,27.0
570.0,695.0,35.0,28.0
563.0,674.0,28.0,32.0
564.0,671.0,24.0,31.0
559.0,670.0,22.0,29.0
562.0,675.0,21.0,32.0
562.0,680.0,21.0,29.0
557.0,684.0,22.0,30.0
550.0,689.0,25.0,27.0
552.0,692.0,26.0,28.0
543.0,695.0,30.0,26.0
545.0,694.0,29.0,26.0
535.0,696.0,31.0,26.0
522.0,698.0,32.0,24.0
522.0,700.0,32.0,23.0
524.0,700.0,31.0,23.0
525.0,700.0,31.0,23.0
515.0,700.0,31.0,24.0
505.0,699.0,32.0,25.0
484.0,690.0,31.0,29.0
474.0,692.0,31.0,28.0
469.0,695.0,29.0,26.0
473.0,696.0,27.0,25.0
466.0,699.0,26.0,24.0
461.0,699.0,25.0,24.0
456.0,691.0,23.0,27.0
449.0,691.0,23.0,27.0
448.0,691.0,24.0,28.0
448.0,684.0,24.0,32.0
448.0,686.0,26.0,32.0
442.0,688.0,25.0,34.0
444.0,689.0,28.0,32.0
447.0,681.0,27.0,37.0
448.0,683.0,30.0,37.0
447.0,686.0,34.0,35.0
444.0,680.0,32.0,39.0
439.0,674.0,35.0,38.0
439.0,674.0,32.0,41.0
434.0,667.0,35.0,41.0
434.0,673.0,36.0,42.0
427.0,665.0,38.0,44.0
404.0,644.0,35.0,49.0
396.0,635.0,31.0,51.0
398.0,633.0,32.0,51.0
391.0,640.0,31.0,51.0
397.0,637.0,26.0,58.0
397.0,640.0,29.0,54.0
391.0,646.0,30.0,51.0
396.0,641.0,26.0,53.0
396.0,638.0,29.0,49.0
393.0,643.0,27.0,50.0
394.0,637.0,26.0,49.0
394.0,632.0,23.0,49.0
396.0,626.0,21.0,49.0
396.0,623.0,19.0,50.0
397.0,624.0,18.0,48.0
396.0,620.0,16.0,50.0
396.0,617.0,18.0,47.0
396.0,616.0,17.0,47.0
395.0,619.0,18.0,46.0
396.0,611.0,17.0,48.0
394.0,614.0,19.0,48.0
393.0,612.0,19.0,48.0
392.0,613.0,20.0,47.0
392.0,617.0,20.0,47.0
391.0,613.0,19.0,49.0
391.0,615.0,20.0,50.0
391.0,612.0,19.0,50.0
390.0,612.0,19.0,52.0
389.0,614.0,20.0,51.0
387.0,614.0,21.0,51.0
388.0,616.0,23.0,48.0
385.0,617.0,25.0,46.0
387.0,620.0,22.0,51.0
382.0,625.0,26.0,48.0
381.0,619.0,26.0,48.0
385.0,624.0,22.0,52.0
380.0,632.0,21.0,54.0
382.0,627.0,20.0,54.0
379.0,633.0,28.0,48.0
380.0,632.0,25.0,52.0
375.0,635.0,32.0,47.0
378.0,637.0,26.0,55.0
373.0,641.0,24.0,58.0
372.0,647.0,28.0,55.0
376.0,640.0,23.0,58.0
376.0,644.0,26.0,54.0
372.0,647.0,30.0,51.0
374.0,649.0,30.0,51.0
373.0,647.0,30.0,51.0
370.0,652.0,34.0,48.0
370.0,653.0,34.0,49.0
368.0,654.0,37.0,49.0
367.0,657.0,28.0,56.0
368.0,658.0,30.0,52.0
367.0,660.0,34.0,48.0
364.0,664.0,28.0,53.0
368.0,664.0,30.0,51.0
365.0,667.0,34.0,47.0
365.0,668.0,34.0,47.0
365.0,668.0,35.0,47.0
365.0,674.0,24.0,52.0
366.0,675.0,25.0,47.0
366.0,676.0,24.0,45.0
365.0,678.0,24.0,42.0
366.0,681.0,19.0,44.0
365.0,683.0,22.0,37.0
366.0,685.0,18.0,36.0
366.0,688.0,18.0,33.0
366.0,689.0,17.0,31.0
365.0,692.0,16.0,29.0
365.0,693.0,14.0,27.0
366.0,696.0,13.0,25.0
366.0,697.0,11.0,23.0
366.0,698.0,10.0,22.0
366.0,700.0,10.0,20.0
365.0,703.0,10.0,18.0
365.0,704.0,10.0,16.0
365.0,707.0,10.0,14.0
364.0,708.0,10.0,12.0
365.0,710.0,10.0,10.0
363.0,712.0,10.0,10.0
363.0,712.0,10.0,10.0
363.0,713.0,10.0,10.0
362.0,710.0,10.0,10.0
362.0,706.0,10.0,11.0
359.0,703.0,11.0,12.0
355.0,703.0,12.0,13.0
351.0,697.0,13.0,15.0
352.0,696.0,13.0,18.0
349.0,697.0,15.0,18.0
347.0,697.0,15.0,20.0
349.0,697.0,16.0,20.0
344.0,697.0,19.0,20.0
342.0,691.0,21.0,23.0
346.0,680.0,21.0,29.0
347.0,672.0,23.0,32.0
337.0,669.0,29.0,32.0
326.0,661.0,30.0,36.0
314.0,655.0,34.0,40.0
301.0,658.0,35.0,44.0
287.0,663.0,37.0,47.0
272.0,665.0,43.0,42.0
216.0,669.0,51.0,39.0
214.0,671.0,44.0,40.0
215.0,679.0,46.0,35.0
219.0,682.0,40.0,37.0
216.0,688.0,41.0,30.0
220.0,689.0,37.0,33.0
218.0,693.0,38.0,28.0
218.0,697.0,38.0,24.0
209.0,670.0,26.0,33.0
206.0,671.0,25.0,29.0
210.0,676.0,22.0,26.0
209.0,679.0,21.0,26.0
211.0,682.0,19.0,27.0
211.0,684.0,18.0,29.0
209.0,688.0,18.0,28.0
208.0,693.0,20.0,25.0
205.0,698.0,21.0,22.0
206.0,699.0,22.0,20.0
207.0,700.0,24.0,20.0
205.0,703.0,24.0,17.0
201.0,704.0,25.0,17.0
192.0,704.0,27.0,17.0
181.0,704.0,28.0,18.0
166.0,698.0,24.0,24.0
159.0,700.0,24.0,22.0
162.0,701.0,20.0,20.0
161.0,702.0,18.0,16.0
160.0,704.0,13.0,17.0
161.0,707.0,12.0,14.0
157.0,707.0,11.0,13.0
155.0,708.0,12.0,13.0
151.0,702.0,13.0,15.0
151.0,698.0,15.0,16.0
145.0,693.0,16.0,17.0
145.0,688.0,17.0,20.0
139.0,684.0,20.0,21.0
133.0,685.0,21.0,25.0
125.0,680.0,24.0,27.0
118.0,672.0,26.0,29.0
115.0,665.0,28.0,32.0
96.0,641.0,30.0,36.0
106.0,616.0,41.0,32.0
111.0,615.0,40.0,27.0
110.0,618.0,38.0,27.0
113.0,620.0,35.0,26.0
107.0,623.0,37.0,26.0
110.0,628.0,35.0,26.0
108.0,630.0,34.0,25.0
108.0,632.0,33.0,25.0
107.0,639.0,34.0,25.0
107.0,640.0,32.0,22.0
107.0,643.0,32.0,26.0
107.0,645.0,31.0,28.0
108.0,649.0,33.0,27.0
106.0,652.0,31.0,28.0
98.0,655.0,33.0,30.0
89.0,659.0,37.0,31.0
92.0,662.0,39.0,31.0
91.0,664.0,41.0,33.0
88.0,666.0,43.0,35.0
84.0,669.0,45.0,33.0
83.0,671.0,46.0,36.0
77.0,675.0,52.0,32.0
71.0,679.0,55.0,33.0
71.0,683.0,54.0,33.0
67.0,688.0,56.0,31.0
66.0,688.0,53.0,33.0
62.0,678.0,47.0,37.0
56.0,675.0,44.0,37.0
43.0,675.0,44.0,34.0
43.0,674.0,40.0,37.0
43.0,680.0,37.0,36.0
38.0,681.0,37.0,35.0
10.0,682.0,42.0,34.0
-1.0,670.0,20.0,45.0
0.0,677.0,17.0,38.0
-1.0,685.0,16.0,32.0
0.0,683.0,14.0,31.0
0.0,686.0,15.0,27.0
-1.0,690.0,15.0,27.0
-2.0,691.0,13.0,27.0
-1.0,691.0,12.0,27.0
0.0,692.0,12.0,26.0
0.0,692.0,13.0,26.0
-2.0,691.0,12.0,27.0
-1.0,690.0,12.0,27.0
-2.0,689.0,10.0,28.0
-1.0,688.0,11.0,28.0
0.0,687.0,11.0,29.0
0.0,687.0,11.0,29.0
0.0,691.0,12.0,27.0
-1.0,691.0,13.0,26.0
0.0,689.0,12.0,27.0
0.0,694.0,14.0,24.0
0.0,698.0,14.0,22.0
0.0,701.0,15.0,19.0
1.0,701.0,13.0,19.0
1.0,698.0,11.0,21.0
0.0,695.0,10.0,23.0
0.0,689.0,11.0,24.0
0.0,690.0,11.0,25.0
0.0,690.0,12.0,25.0
-1.0,692.0,13.0,25.0
0.0,689.0,10.0,27.0
-1.0,691.0,10.0,26.0
-1.0,691.0,10.0,25.0
-1.0,693.0,10.0,25.0
-1.0,694.0,10.0,25.0
-1.0,693.0,10.0,25.0
0.0,692.0,11.0,25.0
0.0,691.0,11.0,24.0
0.0,691.0,11.0,25.0
-1.0,689.0,12.0,24.0
0.0,690.0,11.0,25.0
-1.0,689.0,12.0,26.0
0.0,687.0,11.0,26.0
0.0,687.0,10.0,28.0
0.0,687.0,11.0,29.0
0.0,688.0,11.0,31.0
0.0,687.0,10.0,32.0
0.0,687.0,11.0,32.0
0.0,676.0,11.0,34.0
0.0,676.0,10.0,36.0
0.0,681.0,11.0,35.0
0.0,668.0,10.0,37.0
-1.0,657.0,12.0,37.0
-1.0,648.0,15.0,34.0
0.0,644.0,15.0,33.0
0.0,649.0,14.0,32.0
0.0,655.0,13.0,31.0
0.0,656.0,12.0,30.0
0.0,661.0,12.0,28.0
0.0,662.0,10.0,29.0
-1.0,665.0,10.0,27.0
-1.0,667.0,10.0,27.0
-1.0,667.0,10.0,27.0
-1.0,670.0,10.0,27.0
-1.0,666.0,10.0,27.0
-1.0,668.0,10.0,26.0
-1.0,669.0,10.0,25.0
-1.0,672.0,10.0,24.0
-1.0,676.0,10.0,24.0
-1.0,671.0,10.0,24.0
-1.0,671.0,10.0,24.0
-1.0,673.0,10.0,25.0
-1.0,675.0,10.0,26.0
-1.0,674.0,10.0,28.0
-1.0,671.0,11.0,29.0
-1.0,666.0,10.0,31.0
0.0,659.0,10.0,33.0
0.0,659.0,10.0,35.0
0.0,651.0,11.0,36.0
0.0,642.0,12.0,34.0
0.0,645.0,11.0,34.0
0.0,640.0,12.0,34.0
0.0,639.0,14.0,32.0
0.0,633.0,14.0,33.0
-2.0,635.0,11.0,36.0
-1.0,638.0,10.0,37.0
-1.0,638.0,10.0,38.0
-1.0,641.0,11.0,38.0
-1.0,645.0,11.0,38.0
-1.0,648.0,12.0,38.0
0.0,653.0,11.0,40.0
-4.0,651.0,12.0,43.0
-3.0,648.0,14.0,41.0
-1.0,645.0,12.0,45.0
0.0,644.0,13.0,47.0
0.0,620.0,13.0,48.0
2.0,596.0,15.0,49.0
1.0,585.0,15.0,45.0
0.0,593.0,12.0,43.0
0.0,596.0,13.0,41.0
-1.0,595.0,15.0,39.0
0.0,581.0,14.0,40.0
0.0,572.0,15.0,38.0
1.0,576.0,18.0,36.0
1.0,577.0,20.0,35.0
0.0,580.0,20.0,37.0
0.0,582.0,15.0,39.0
0.0,588.0,14.0,36.0
0.0,593.0,11.0,36.0
0.0,595.0,10.0,34.0
-1.0,598.0,11.0,31.0
-1.0,601.0,11.0,27.0
-1.0,603.0,10.0,25.0
0.0,604.0,10.0,26.0
-1.0,607.0,10.0,27.0
-1.0,612.0,10.0,29.0
0.0,607.0,10.0,30.0
0.0,607.0,10.0,31.0
0.0,606.0,10.0,29.0
0.0,607.0,10.0,32.0
0.0,610.0,10.0,31.0
0.0,607.0,10.0,31.0
0.0,605.0,10.0,32.0
0.0,600.0,10.0,32.0
0.0,600.0,10.0,33.0
0.0,595.0,10.0,35.0
0.0,593.0,10.0,36.0
0.0,584.0,11.0,38.0
0.0,584.0,11.0,39.0
1.0,577.0,12.0,38.0
1.0,575.0,11.0,38.0
0.0,580.0,13.0,36.0
0.0,576.0,11.0,35.0
-2.0,581.0,11.0,33.0
-1.0,585.0,10.0,34.0
-1.0,584.0,10.0,34.0
-1.0,579.0,11.0,33.0
0.0,578.0,10.0,34.0
0.0,572.0,10.0,35.0
0.0,567.0,12.0,37.0
1.0,554.0,15.0,38.0
0.0,556.0,16.0,39.0
1.0,546.0,16.0,37.0
0.0,553.0,17.0,38.0
0.0,545.0,16.0,36.0
-1.0,551.0,14.0,35.0
0.0,550.0,11.0,38.0
0.0,548.0,10.0,41.0
0.0,533.0,13.0,40.0
1.0,533.0,13.0,37.0
0.0,539.0,13.0,33.0
0.0,540.0,12.0,31.0
0.0,540.0,10.0,32.0
0.0,543.0,10.0,31.0
0.0,538.0,10.0,31.0
0.0,540.0,10.0,32.0
0.0,543.0,10.0,34.0
0.0,543.0,10.0,33.0
0.0,539.0,10.0,33.0
0.0,540.0,10.0,31.0
0.0,542.0,10.0,29.0
0.0,542.0,10.0,27.0
0.0,543.0,10.0,27.0
-1.0,545.0,12.0,27.0
-1.0,547.0,11.0,28.0
-1.0,549.0,10.0,31.0
-1.0,550.0,10.0,33.0
-1.0,552.0,10.0,35.0
-1.0,552.0,11.0,34.0
-1.0,555.0,10.0,34.0
0.0,557.0,10.0,35.0
0.0,551.0,10.0,37.0
0.0,556.0,10.0,40.0
0.0,555.0,10.0,40.0
-1.0,546.0,10.0,38.0
-1.0,544.0,10.0,40.0
0.0,536.0,11.0,41.0
0.0,535.0,11.0,44.0
-1.0,532.0,11.0,46.0
-1.0,526.0,12.0,46.0
0.0,521.0,12.0,43.0
0.0,520.0,10.0,45.0
0.0,518.0,11.0,48.0
0.0,514.0,13.0,49.0
2.0,497.0,18.0,51.0
2.0,493.0,21.0,48.0
1.0,498.0,19.0,45.0
1.0,500.0,18.0,45.0
0.0,494.0,18.0,45.0
0.0,501.0,17.0,41.0
0.0,497.0,14.0,42.0
0.0,505.0,15.0,38.0
0.0,506.0,12.0,39.0
0.0,508.0,11.0,37.0
0.0,511.0,10.0,35.0
0.0,515.0,10.0,33.0
0.0,521.0,11.0,30.0
-1.0,516.0,12.0,29.0
0.0,506.0,11.0,32.0
0.0,486.0,10.0,36.0
0.0,485.0,10.0,33.0
-1.0,489.0,10.0,35.0
-1.0,492.0,10.0,35.0
-1.0,496.0,10.0,36.0
0.0,505.0,14.0,35.0
0.0,509.0,16.0,35.0
0.0,519.0,19.0,31.0
0.0,526.0,18.0,31.0
0.0,531.0,17.0,30.0
0.0,533.0,17.0,27.0
1.0,538.0,15.0,28.0
0.0,540.0,13.0,33.0
1.0,542.0,11.0,32.0
1.0,544.0,10.0,33.0
0.0,549.0,10.0,29.0
0.0,551.0,10.0,28.0
-1.0,557.0,10.0,29.0
-3.0,558.0,10.0,30.0
-3.0,561.0,14.0,28.0
-2.0,561.0,13.0,30.0
-1.0,560.0,13.0,33.0
0.0,546.0,13.0,33.0
0.0,538.0,12.0,33.0
0.0,533.0,13.0,37.0
0.0,541.0,13.0,40.0
0.0,540.0,12.0,41.0
0.0,539.0,10.0,43.0
0.0,548.0,11.0,42.0
-1.0,544.0,12.0,44.0
0.0,530.0,14.0,45.0
0.0,524.0,18.0,45.0
0.0,528.0,16.0,50.0
0.0,534.0,16.0,51.0
1.0,537.0,17.0,51.0
1.0,532.0,21.0,50.0
0.0,530.0,19.0,53.0
1.0,536.0,17.0,51.0
0.0,530.0,17.0,50.0
0.0,536.0,15.0,51.0
1.0,535.0,12.0,54.0
2.0,528.0,10.0,58.0
1.0,530.0,10.0,60.0
1.0,534.0,11.0,60.0
0.0,536.0,10.0,58.0
0.0,531.0,11.0,58.0
0.0,533.0,13.0,58.0
0.0,518.0,15.0,61.0
0.0,522.0,15.0,65.0
0.0,507.0,19.0,63.0
0.0,505.0,19.0,62.0
0.0,505.0,20.0,58.0
1.0,513.0,17.0,56.0
0.0,513.0,16.0,49.0
1.0,519.0,14.0,53.0
0.0,522.0,17.0,52.0
0.0,516.0,20.0,52.0
0.0,523.0,23.0,52.0
0.0,528.0,29.0,51.0
-1.0,530.0,28.0,49.0
-1.0,530.0,28.0,48.0
-1.0,531.0,24.0,49.0
0.0,531.0,21.0,52.0
-1.0,534.0,26.0,48.0
-2.0,537.0,26.0,46.0
-1.0,539.0,25.0,49.0
-2.0,543.0,26.0,47.0
-1.0,544.0,24.0,48.0
-1.0,548.0,25.0,47.0
-1.0,550.0,26.0,45.0
-2.0,548.0,31.0,40.0
-1.0,549.0,32.0,41.0
-1.0,548.0,33.0,40.0
32.0,547.0,42.0,29.0
37.0,550.0,37.0,26.0
36.0,552.0,35.0,27.0
37.0,555.0,34.0,26.0
33.0,559.0,36.0,24.0
33.0,561.0,34.0,25.0
32.0,563.0,33.0,25.0
29.0,568.0,35.0,23.0
31.0,568.0,33.0,23.0
28.0,570.0,34.0,25.0
25.0,575.0,37.0,23.0
26.0,572.0,34.0,27.0
23.0,578.0,36.0,25.0
23.0,578.0,34.0,25.0
22.0,581.0,35.0,26.0
18.0,581.0,36.0,30.0
19.0,582.0,35.0,28.0
16.0,585.0,36.0,30.0
13.0,586.0,37.0,35.0
9.0,588.0,41.0,35.0
2.0,589.0,47.0,40.0
3.0,589.0,46.0,39.0
1.0,587.0,46.0,43.0
1.0,589.0,44.0,46.0
1.0,591.0,43.0,47.0
1.0,592.0,42.0,49.0
2.0,592.0,39.0,51.0
3.0,593.0,37.0,48.0
1.0,600.0,38.0,43.0
1.0,598.0,36.0,44.0
2.0,602.0,33.0,45.0
2.0,606.0,31.0,42.0
2.0,611.0,30.0,38.0
0.0,617.0,29.0,37.0
1.0,617.0,27.0,39.0
0.0,619.0,26.0,37.0
0.0,617.0,24.0,41.0
0.0,616.0,23.0,42.0
0.0,624.0,21.0,40.0
0.0,624.0,19.0,42.0
0.0,625.0,17.0,41.0
1.0,631.0,16.0,40.0
0.0,635.0,15.0,39.0
0.0,640.0,13.0,36.0
0.0,649.0,12.0,33.0
0.0,651.0,10.0,33.0
0.0,656.0,10.0,31.0
0.0,657.0,10.0,34.0
0.0,654.0,10.0,37.0
0.0,649.0,13.0,39.0
0.0,651.0,14.0,39.0
0.0,652.0,15.0,40.0
5.0,666.0,23.0,35.0
39.0,671.0,27.0,42.0
40.0,676.0,31.0,41.0
36.0,676.0,36.0,40.0
39.0,662.0,37.0,42.0
37.0,659.0,40.0,38.0
34.0,662.0,41.0,38.0
35.0,663.0,42.0,38.0
34.0,667.0,42.0,36.0
32.0,666.0,39.0,36.0
26.0,672.0,41.0,36.0
28.0,674.0,40.0,37.0
24.0,678.0,41.0,35.0
25.0,676.0,37.0,38.0
22.0,679.0,38.0,36.0
18.0,683.0,39.0,34.0
19.0,682.0,37.0,35.0
15.0,685.0,37.0,31.0
16.0,687.0,33.0,31.0
13.0,690.0,34.0,27.0
15.0,691.0,31.0,28.0
9.0,696.0,33.0,23.0
8.0,697.0,31.0,22.0
8.0,701.0,30.0,19.0
6.0,702.0,29.0,17.0
8.0,702.0,24.0,18.0
7.0,702.0,20.0,18.0
4.0,703.0,17.0,19.0
2.0,705.0,14.0,17.0
1.0,705.0,14.0,17.0
1.0,701.0,13.0,18.0
1.0,702.0,12.0,18.0
0.0,695.0,10.0,20.0
0.0,697.0,11.0,20.0
0.0,699.0,11.0,19.0
-1.0,697.0,10.0,21.0
0.0,693.0,10.0,22.0
0.0,696.0,11.0,21.0
0.0,688.0,11.0,24.0
0.0,682.0,13.0,26.0
0.0,677.0,14.0,26.0
-2.0,676.0,12.0,30.0
-1.0,671.0,12.0,31.0
-1.0,666.0,13.0,31.0
-4.0,658.0,12.0,34.0
-3.0,650.0,14.0,34.0
-1.0,643.0,13.0,37.0
-1.0,636.0,15.0,37.0
0.0,636.0,15.0,39.0
-3.0,629.0,15.0,41.0
-1.0,627.0,15.0,43.0
-1.0,629.0,16.0,44.0
-1.0,631.0,18.0,44.0
-6.0,630.0,17.0,46.0
-5.0,632.0,19.0,46.0
-9.0,620.0,18.0,48.0
-6.0,612.0,19.0,48.0
-5.0,599.0,23.0,48.0
-2.0,574.0,21.0,53.0
1.0,542.0,16.0,56.0
0.0,527.0,17.0,59.0
1.0,516.0,15.0,62.0
0.0,470.0,16.0,66.0
0.0,465.0,16.0,57.0
0.0,467.0,13.0,51.0
0.0,469.0,11.0,46.0
-1.0,475.0,12.0,38.0
-1.0,477.0,13.0,35.0
-5.0,477.0,10.0,36.0
-4.0,478.0,13.0,34.0
11.0,468.0,18.0,33.0
8.0,471.0,21.0,33.0
6.0,472.0,18.0,37.0
1.0,473.0,20.0,36.0
2.0,476.0,18.0,36.0
0.0,476.0,15.0,38.0
0.0,475.0,14.0,39.0
1.0,480.0,11.0,40.0
-1.0,481.0,11.0,39.0
-1.0,485.0,10.0,38.0
-5.0,487.0,11.0,37.0
-3.0,493.0,12.0,36.0
-3.0,493.0,15.0,32.0
-2.0,493.0,15.0,34.0
-1.0,488.0,14.0,35.0
0.0,485.0,13.0,35.0
-1.0,488.0,13.0,31.0
0.0,490.0,11.0,30.0
0.0,492.0,10.0,28.0
-1.0,493.0,10.0,28.0
-1.0,491.0,10.0,30.0
-1.0,497.0,10.0,31.0
-1.0,496.0,10.0,32.0
-2.0,495.0,11.0,32.0
-1.0,491.0,10.0,30.0
0.0,488.0,10.0,29.0
0.0,489.0,10.0,27.0
1.0,487.0,12.0,25.0
0.0,481.0,11.0,28.0
1.0,484.0,11.0,28.0
0.0,489.0,11.0,25.0
0.0,491.0,10.0,26.0
0.0,490.0,10.0,24.0
0.0,491.0,10.0,24.0
0.0,491.0,10.0,25.0
-1.0,494.0,11.0,24.0
-1.0,495.0,11.0,25.0
0.0,499.0,10.0,30.0
1.0,502.0,12.0,30.0
2.0,500.0,15.0,27.0
1.0,502.0,12.0,30.0
1.0,501.0,15.0,24.0
0.0,503.0,12.0,23.0
0.0,505.0,11.0,23.0
0.0,503.0,10.0,24.0
0.0,505.0,10.0,29.0
0.0,505.0,10.0,32.0
0.0,506.0,10.0,33.0
0.0,511.0,11.0,33.0
0.0,514.0,10.0,35.0
0.0,520.0,12.0,34.0
0.0,523.0,12.0,35.0
-3.0,524.0,11.0,35.0
-2.0,518.0,13.0,33.0
0.0,515.0,12.0,34.0
0.0,510.0,12.0,33.0
0.0,517.0,13.0,28.0
-1.0,520.0,11.0,29.0
0.0,518.0,10.0,32.0
0.0,514.0,11.0,31.0
-2.0,517.0,11.0,31.0
0.0,512.0,11.0,32.0
1.0,508.0,10.0,34.0
0.0,507.0,12.0,31.0
-1.0,510.0,10.0,31.0
0.0,515.0,11.0,34.0
1.0,518.0,12.0,36.0
0.0,510.0,12.0,39.0
0.0,504.0,12.0,40.0
0.0,495.0,13.0,38.0
0.0,494.0,21.0,33.0
26.0,460.0,22.0,20.0
26.0,459.0,21.0,19.0
24.0,457.0,22.0,19.0
23.0,455.0,23.0,19.0
22.0,453.0,22.0,19.0
21.0,451.0,22.0,19.0
20.0,448.0,22.0,19.0
19.0,445.0,22.0,19.0
18.0,443.0,22.0,19.0
17.0,440.0,23.0,20.0
16.0,437.0,23.0,20.0
14.0,434.0,23.0,20.0
9.0,432.0,27.0,19.0
9.0,431.0,27.0,19.0
3.0,431.0,30.0,20.0
2.0,432.0,30.0,21.0
2.0,432.0,28.0,21.0
2.0,433.0,27.0,21.0
2.0,434.0,26.0,21.0
2.0,435.0,25.0,21.0
1.0,436.0,25.0,21.0
1.0,436.0,24.0,22.0
0.0,438.0,23.0,22.0
0.0,440.0,22.0,21.0
1.0,443.0,21.0,21.0
0.0,446.0,20.0,20.0
0.0,449.0,19.0,21.0
0.0,451.0,17.0,22.0
0.0,454.0,15.0,21.0
1.0,456.0,15.0,21.0
1.0,459.0,15.0,20.0
0.0,464.0,13.0,20.0
0.0,466.0,12.0,20.0
0.0,469.0,12.0,19.0
0.0,471.0,10.0,19.0
0.0,474.0,10.0,19.0
0.0,478.0,10.0,18.0
0.0,480.0,10.0,18.0
-1.0,482.0,10.0,17.0
-1.0,485.0,10.0,21.0
-2.0,486.0,10.0,23.0
-2.0,487.0,10.0,26.0
-1.0,488.0,10.0,28.0
-1.0,490.0,12.0,29.0
-3.0,488.0,11.0,33.0
-2.0,488.0,13.0,33.0
-1.0,489.0,12.0,37.0
-5.0,488.0,12.0,39.0
-3.0,489.0,13.0,39.0
-7.0,489.0,14.0,42.0
-4.0,490.0,15.0,43.0
-3.0,494.0,18.0,43.0
-6.0,495.0,16.0,48.0
-3.0,491.0,18.0,46.0
-1.0,494.0,19.0,50.0
-6.0,496.0,17.0,52.0
-3.0,500.0,21.0,53.0
-1.0,520.0,20.0,58.0
16.0,573.0,40.0,36.0
19.0,580.0,33.0,28.0
24.0,589.0,25.0,20.0
24.0,589.0,21.0,18.0
24.0,588.0,20.0,17.0
24.0,588.0,19.0,17.0
25.0,587.0,19.0,17.0
23.0,588.0,19.0,16.0
23.0,587.0,19.0,16.0
22.0,586.0,20.0,17.0
21.0,586.0,20.0,17.0
21.0,585.0,19.0,17.0
19.0,585.0,20.0,16.0
19.0,584.0,19.0,16.0
19.0,583.0,20.0,16.0
17.0,583.0,20.0,17.0
17.0,583.0,20.0,16.0
16.0,582.0,19.0,17.0
15.0,582.0,20.0,17.0
14.0,581.0,19.0,16.0
13.0,581.0,18.0,17.0
12.0,580.0,19.0,17.0
9.0,580.0,21.0,17.0
5.0,579.0,22.0,19.0
2.0,578.0,25.0,20.0
3.0,577.0,23.0,21.0
1.0,576.0,24.0,22.0
1.0,577.0,22.0,22.0
1.0,577.0,19.0,23.0
1.0,576.0,18.0,23.0
0.0,576.0,17.0,23.0
0.0,574.0,15.0,24.0
0.0,573.0,14.0,24.0
0.0,576.0,11.0,22.0
0.0,577.0,10.0,21.0
0.0,577.0,10.0,20.0
-1.0,577.0,10.0,20.0
-1.0,573.0,10.0,26.0
0.0,563.0,10.0,28.0
-1.0,558.0,13.0,25.0
-1.0,552.0,15.0,25.0
19.0,535.0,15.0,27.0
22.0,535.0,12.0,24.0
