627.0,317.0,22.0,63.0
624.0,316.0,23.0,61.0
622.0,316.0,23.0,63.0
620.0,315.0,22.0,64.0
616.0,315.0,23.0,64.0
613.0,315.0,23.0,63.0
612.0,314.0,23.0,64.0
609.0,314.0,23.0,66.0
605.0,314.0,24.0,65.0
603.0,314.0,24.0,64.0
600.0,315.0,26.0,62.0
598.0,316.0,27.0,61.0
596.0,316.0,27.0,61.0
592.0,316.0,30.0,60.0
588.0,315.0,32.0,62.0
583.0,315.0,31.0,63.0
582.0,315.0,26.0,63.0
578.0,316.0,25.0,63.0
576.0,316.0,26.0,62.0
575.0,318.0,24.0,59.0
571.0,317.0,25.0,63.0
566.0,315.0,28.0,64.0
564.0,316.0,28.0,62.0
559.0,315.0,32.0,62.0
555.0,315.0,35.0,63.0
552.0,315.0,36.0,62.0
549.0,315.0,32.0,62.0
545.0,314.0,29.0,64.0
541.0,316.0,25.0,64.0
537.0,317.0,24.0,62.0
533.0,318.0,26.0,61.0
527.0,318.0,31.0,61.0
523.0,317.0,34.0,62.0
519.0,316.0,36.0,62.0
518.0,316.0,34.0,63.0
514.0,314.0,36.0,64.0
510.0,314.0,38.0,64.0
506.0,315.0,39.0,64.0
503.0,315.0,37.0,64.0
500.0,316.0,33.0,64.0
495.0,317.0,28.0,63.0
491.0,318.0,26.0,62.0
486.0,318.0,28.0,61.0
482.0,318.0,30.0,61.0
478.0,317.0,33.0,63.0
472.0,315.0,38.0,63.0
468.0,314.0,39.0,63.0
464.0,313.0,41.0,63.0
460.0,315.0,40.0,62.0
458.0,314.0,34.0,63.0
453.0,316.0,24.0,62.0
449.0,316.0,24.0,62.0
445.0,317.0,26.0,62.0
442.0,317.0,28.0,62.0
438.0,317.0,31.0,61.0
438.0,314.0,30.0,63.0
437.0,313.0,34.0,63.0
436.0,313.0,38.0,62.0
435.0,312.0,36.0,64.0
435.0,311.0,37.0,64.0
436.0,311.0,31.0,63.0
437.0,311.0,28.0,64.0
439.0,312.0,28.0,63.0
441.0,311.0,25.0,62.0
444.0,310.0,24.0,64.0
447.0,308.0,26.0,62.0
449.0,306.0,27.0,63.0
452.0,306.0,30.0,62.0
454.0,304.0,27.0,64.0
458.0,302.0,26.0,62.0
460.0,301.0,26.0,61.0
461.0,301.0,24.0,63.0
463.0,300.0,25.0,63.0
465.0,300.0,26.0,63.0
466.0,300.0,27.0,63.0
471.0,298.0,26.0,64.0
474.0,296.0,26.0,64.0
476.0,295.0,29.0,64.0
479.0,294.0,29.0,64.0
480.0,293.0,29.0,63.0
483.0,290.0,29.0,64.0
486.0,290.0,25.0,64.0
487.0,290.0,26.0,63.0
489.0,290.0,26.0,64.0
490.0,288.0,26.0,65.0
494.0,288.0,24.0,63.0
495.0,289.0,25.0,61.0
491.0,284.0,33.0,64.0
492.0,284.0,34.0,61.0
498.0,281.0,29.0,62.0
503.0,280.0,26.0,62.0
507.0,281.0,25.0,57.0
510.0,284.0,23.0,52.0
512.0,288.0,31.0,48.0
514.0,288.0,29.0,47.0
520.0,290.0,20.0,43.0
525.0,292.0,20.0,43.0
530.0,295.0,22.0,40.0
532.0,299.0,26.0,33.0
535.0,306.0,24.0,33.0
544.0,311.0,22.0,31.0
552.0,312.0,17.0,34.0
558.0,312.0,15.0,33.0
560.0,308.0,15.0,34.0
567.0,311.0,15.0,38.0
573.0,317.0,17.0,37.0
569.0,319.0,22.0,36.0
553.0,314.0,28.0,34.0
552.0,315.0,21.0,42.0
556.0,315.0,23.0,44.0
567.0,323.0,30.0,48.0
565.0,339.0,44.0,41.0
573.0,343.0,46.0,36.0
583.0,327.0,35.0,47.0
588.0,332.0,42.0,43.0
597.0,326.0,43.0,44.0
615.0,311.0,51.0,36.0
639.0,308.0,51.0,34.0
646.0,311.0,48.0,38.0
648.0,323.0,41.0,45.0
633.0,324.0,38.0,53.0
639.0,333.0,43.0,48.0
640.0,322.0,39.0,57.0
650.0,336.0,46.0,46.0
656.0,337.0,47.0,45.0
663.0,340.0,49.0,43.0
671.0,329.0,44.0,53.0
672.0,332.0,46.0,52.0
676.0,340.0,47.0,45.0
689.0,339.0,46.0,48.0
698.0,330.0,43.0,54.0
703.0,328.0,39.0,56.0
710.0,339.0,44.0,49.0
718.0,324.0,35.0,59.0
719.0,324.0,38.0,61.0
725.0,313.0,29.0,56.0
730.0,314.0,25.0,46.0
744.0,326.0,27.0,55.0
744.0,334.0,38.0,54.0
749.0,338.0,44.0,52.0
758.0,334.0,40.0,57.0
762.0,333.0,41.0,60.0
765.0,333.0,44.0,59.0
770.0,328.0,43.0,60.0
776.0,336.0,43.0,61.0
783.0,344.0,45.0,56.0
788.0,348.0,42.0,52.0
792.0,350.0,42.0,49.0
796.0,352.0,43.0,48.0
800.0,350.0,44.0,51.0
805.0,358.0,48.0,45.0
818.0,356.0,42.0,48.0
825.0,348.0,37.0,57.0
829.0,358.0,40.0,51.0
832.0,346.0,36.0,58.0
838.0,339.0,38.0,53.0
843.0,348.0,36.0,57.0
847.0,347.0,38.0,55.0
853.0,351.0,36.0,61.0
862.0,356.0,39.0,59.0
863.0,356.0,41.0,54.0
867.0,356.0,41.0,57.0
875.0,352.0,35.0,58.0
879.0,350.0,31.0,58.0
882.0,360.0,37.0,59.0
885.0,368.0,39.0,53.0
887.0,359.0,36.0,58.0
892.0,357.0,33.0,60.0
894.0,357.0,33.0,59.0
898.0,354.0,31.0,56.0
898.0,366.0,33.0,58.0
898.0,367.0,35.0,58.0
902.0,375.0,38.0,52.0
907.0,364.0,34.0,61.0
905.0,360.0,36.0,55.0
913.0,370.0,30.0,58.0
915.0,372.0,32.0,55.0
911.0,376.0,34.0,51.0
916.0,368.0,30.0,55.0
917.0,367.0,30.0,61.0
919.0,366.0,32.0,62.0
921.0,369.0,32.0,62.0
924.0,368.0,31.0,58.0
928.0,368.0,28.0,51.0
929.0,377.0,26.0,56.0
929.0,384.0,29.0,57.0
931.0,377.0,31.0,58.0
932.0,377.0,30.0,64.0
934.0,376.0,30.0,62.0
937.0,376.0,30.0,60.0
939.0,381.0,26.0,54.0
939.0,383.0,28.0,55.0
941.0,384.0,29.0,55.0
943.0,384.0,28.0,56.0
944.0,390.0,30.0,61.0
947.0,397.0,30.0,60.0
947.0,399.0,29.0,61.0
950.0,398.0,28.0,61.0
951.0,407.0,31.0,56.0
951.0,409.0,28.0,56.0
955.0,410.0,27.0,53.0
959.0,418.0,23.0,52.0
956.0,427.0,20.0,45.0
961.0,424.0,19.0,48.0
961.0,420.0,23.0,45.0
964.0,428.0,22.0,48.0
964.0,435.0,22.0,39.0
965.0,443.0,17.0,36.0
965.0,443.0,21.0,32.0
967.0,440.0,22.0,34.0
973.0,452.0,16.0,37.0
971.0,445.0,22.0,34.0
975.0,450.0,21.0,37.0
976.0,452.0,23.0,33.0
980.0,457.0,19.0,37.0
979.0,456.0,24.0,34.0
989.0,450.0,22.0,42.0
1002.0,441.0,21.0,44.0
1005.0,442.0,21.0,42.0
1007.0,445.0,20.0,41.0
1010.0,448.0,20.0,39.0
1015.0,452.0,18.0,39.0
1018.0,453.0,18.0,37.0
1023.0,456.0,15.0,36.0
1023.0,458.0,18.0,32.0
1022.0,461.0,21.0,32.0
1033.0,466.0,15.0,37.0
1033.0,466.0,17.0,34.0
1030.0,469.0,21.0,34.0
1035.0,475.0,18.0,36.0
1037.0,476.0,21.0,35.0
1043.0,485.0,17.0,38.0
1044.0,487.0,19.0,35.0
1049.0,489.0,17.0,38.0
1052.0,495.0,17.0,38.0
1055.0,496.0,18.0,38.0
1059.0,502.0,17.0,37.0
1064.0,508.0,15.0,35.0
1068.0,509.0,14.0,35.0
1072.0,515.0,14.0,36.0
1075.0,519.0,15.0,35.0
1078.0,523.0,15.0,36.0
1080.0,528.0,16.0,35.0
1085.0,533.0,14.0,36.0
1087.0,534.0,16.0,36.0
1092.0,543.0,16.0,39.0
1098.0,548.0,16.0,39.0
1103.0,552.0,15.0,40.0
1107.0,553.0,16.0,40.0
1112.0,563.0,15.0,42.0
1118.0,571.0,16.0,40.0
1123.0,577.0,15.0,36.0
1129.0,585.0,16.0,37.0
1135.0,590.0,15.0,34.0
1138.0,596.0,16.0,32.0
1145.0,605.0,15.0,33.0
1150.0,610.0,14.0,31.0
1154.0,613.0,16.0,31.0
1158.0,620.0,16.0,35.0
1163.0,628.0,16.0,32.0
1170.0,634.0,16.0,36.0
1174.0,641.0,16.0,34.0
1179.0,648.0,17.0,34.0
1184.0,655.0,16.0,34.0
1188.0,663.0,16.0,34.0
1195.0,675.0,18.0,33.0
1199.0,680.0,18.0,34.0
1204.0,686.0,19.0,33.0
1210.0,693.0,21.0,28.0
1216.0,697.0,19.0,25.0
1219.0,700.0,22.0,22.0
1220.0,702.0,20.0,19.0
1216.0,702.0,20.0,19.0
1215.0,704.0,21.0,18.0
1208.0,705.0,20.0,18.0
1194.0,705.0,21.0,17.0
1188.0,704.0,18.0,18.0
1182.0,705.0,18.0,17.0
1172.0,704.0,17.0,17.0
1167.0,698.0,16.0,19.0
1161.0,692.0,17.0,20.0
1156.0,685.0,16.0,24.0
1150.0,685.0,17.0,26.0
1150.0,687.0,19.0,26.0
1151.0,681.0,19.0,28.0
1146.0,673.0,20.0,28.0
1145.0,666.0,23.0,28.0
1155.0,658.0,22.0,29.0
1155.0,660.0,24.0,28.0
1154.0,661.0,25.0,30.0
1155.0,663.0,25.0,31.0
1154.0,666.0,27.0,31.0
1147.0,667.0,26.0,34.0
1139.0,660.0,26.0,35.0
1131.0,651.0,26.0,34.0
1129.0,651.0,28.0,34.0
1130.0,653.0,27.0,35.0
1121.0,654.0,28.0,35.0
1113.0,654.0,28.0,37.0
1125.0,654.0,24.0,37.0
1134.0,664.0,25.0,34.0
1136.0,670.0,25.0,36.0
1138.0,675.0,26.0,35.0
1130.0,666.0,25.0,35.0
1132.0,660.0,24.0,35.0
1132.0,654.0,25.0,34.0
1133.0,646.0,26.0,33.0
1135.0,640.0,26.0,33.0
1126.0,630.0,26.0,36.0
1108.0,612.0,25.0,38.0
1089.0,601.0,25.0,39.0
1081.0,593.0,28.0,38.0
1071.0,585.0,30.0,37.0
1053.0,583.0,25.0,36.0
1054.0,584.0,23.0,36.0
1045.0,565.0,24.0,36.0
1047.0,553.0,23.0,36.0
1047.0,556.0,24.0,35.0
1047.0,557.0,26.0,35.0
1057.0,572.0,23.0,35.0
1066.0,578.0,21.0,33.0
1067.0,585.0,21.0,34.0
1069.0,588.0,23.0,34.0
1068.0,587.0,25.0,34.0
1079.0,598.0,23.0,37.0
1086.0,614.0,21.0,35.0
1089.0,620.0,22.0,36.0
1097.0,632.0,21.0,34.0
1097.0,637.0,21.0,34.0
1104.0,643.0,21.0,34.0
1112.0,658.0,21.0,33.0
1112.0,664.0,21.0,35.0
1118.0,671.0,22.0,36.0
1119.0,678.0,25.0,37.0
1124.0,687.0,27.0,32.0
1125.0,677.0,27.0,33.0
1116.0,668.0,27.0,35.0
1094.0,662.0,26.0,36.0
1089.0,660.0,24.0,38.0
1101.0,673.0,22.0,35.0
1105.0,677.0,22.0,36.0
1117.0,691.0,21.0,30.0
1126.0,703.0,20.0,19.0
1129.0,700.0,18.0,21.0
1131.0,691.0,17.0,23.0
1138.0,694.0,18.0,23.0
1138.0,689.0,19.0,24.0
1132.0,683.0,19.0,26.0
1125.0,684.0,21.0,25.0
1118.0,677.0,21.0,27.0
1117.0,670.0,21.0,31.0
1107.0,664.0,24.0,31.0
1090.0,663.0,21.0,35.0
1091.0,674.0,23.0,32.0
1103.0,672.0,18.0,31.0
1103.0,678.0,20.0,32.0
1105.0,680.0,21.0,32.0
1106.0,687.0,22.0,30.0
1097.0,679.0,24.0,31.0
1087.0,672.0,22.0,32.0
1089.0,670.0,20.0,32.0
1090.0,665.0,19.0,33.0
1090.0,670.0,23.0,32.0
1077.0,672.0,26.0,32.0
1069.0,678.0,26.0,35.0
1063.0,671.0,26.0,37.0
1057.0,673.0,22.0,38.0
1061.0,677.0,22.0,34.0
1059.0,670.0,24.0,32.0
1053.0,665.0,23.0,31.0
1054.0,669.0,21.0,33.0
1044.0,674.0,26.0,31.0
1037.0,675.0,25.0,34.0
1021.0,675.0,21.0,35.0
1012.0,673.0,25.0,34.0
983.0,679.0,24.0,34.0
985.0,689.0,21.0,31.0
991.0,697.0,18.0,25.0
994.0,705.0,16.0,18.0
987.0,700.0,17.0,18.0
984.0,698.0,16.0,20.0
979.0,691.0,17.0,21.0
958.0,683.0,18.0,20.0
962.0,694.0,16.0,21.0
967.0,703.0,16.0,18.0
963.0,687.0,14.0,22.0
963.0,689.0,14.0,21.0
958.0,692.0,17.0,21.0
939.0,679.0,16.0,28.0
937.0,686.0,16.0,27.0
941.0,695.0,17.0,23.0
946.0,707.0,17.0,17.0
941.0,698.0,16.0,19.0
936.0,692.0,17.0,21.0
936.0,685.0,16.0,25.0
910.0,689.0,15.0,26.0
913.0,698.0,13.0,21.0
915.0,707.0,16.0,16.0
910.0,703.0,13.0,17.0
906.0,701.0,13.0,17.0
909.0,684.0,12.0,22.0
897.0,683.0,13.0,22.0
901.0,695.0,14.0,23.0
894.0,690.0,16.0,23.0
872.0,701.0,19.0,20.0
878.0,689.0,15.0,24.0
879.0,691.0,18.0,23.0
881.0,683.0,17.0,25.0
881.0,684.0,19.0,24.0
876.0,668.0,19.0,28.0
876.0,670.0,21.0,28.0
879.0,669.0,19.0,32.0
871.0,664.0,21.0,32.0
867.0,640.0,18.0,35.0
879.0,632.0,18.0,31.0
891.0,640.0,17.0,36.0
901.0,654.0,18.0,36.0
912.0,671.0,18.0,36.0
921.0,681.0,19.0,36.0
919.0,673.0,23.0,32.0
904.0,650.0,20.0,35.0
909.0,661.0,19.0,30.0
918.0,676.0,17.0,28.0
926.0,691.0,16.0,24.0
931.0,704.0,15.0,20.0
926.0,696.0,16.0,20.0
920.0,691.0,17.0,21.0
908.0,667.0,13.0,22.0
912.0,682.0,12.0,19.0
916.0,694.0,13.0,19.0
916.0,694.0,15.0,19.0
912.0,690.0,15.0,20.0
907.0,683.0,16.0,23.0
898.0,669.0,15.0,21.0
901.0,678.0,14.0,24.0
902.0,681.0,16.0,27.0
895.0,681.0,19.0,25.0
889.0,675.0,20.0,27.0
875.0,665.0,18.0,28.0
875.0,670.0,17.0,26.0
876.0,673.0,18.0,30.0
873.0,671.0,19.0,29.0
867.0,661.0,19.0,31.0
858.0,652.0,20.0,30.0
860.0,666.0,16.0,29.0
863.0,678.0,17.0,31.0
862.0,681.0,21.0,29.0
860.0,675.0,22.0,28.0
852.0,668.0,22.0,31.0
841.0,661.0,24.0,27.0
843.0,660.0,21.0,31.0
836.0,654.0,22.0,31.0
827.0,647.0,22.0,32.0
822.0,636.0,21.0,30.0
823.0,638.0,20.0,30.0
823.0,634.0,21.0,31.0
808.0,611.0,17.0,32.0
809.0,620.0,18.0,29.0
815.0,641.0,16.0,26.0
819.0,653.0,16.0,25.0
820.0,654.0,17.0,25.0
815.0,648.0,18.0,26.0
815.0,628.0,17.0,30.0
818.0,631.0,17.0,25.0
824.0,640.0,16.0,25.0
828.0,665.0,16.0,23.0
836.0,685.0,14.0,21.0
838.0,702.0,14.0,18.0
838.0,695.0,15.0,18.0
834.0,689.0,15.0,20.0
829.0,682.0,16.0,22.0
826.0,676.0,13.0,21.0
829.0,686.0,12.0,24.0
828.0,689.0,15.0,23.0
823.0,684.0,17.0,23.0
810.0,675.0,16.0,26.0
812.0,665.0,17.0,28.0
820.0,669.0,16.0,27.0
828.0,680.0,16.0,27.0
829.0,692.0,18.0,25.0
829.0,685.0,19.0,25.0
832.0,676.0,18.0,27.0
812.0,655.0,17.0,29.0
813.0,666.0,16.0,23.0
817.0,681.0,15.0,23.0
821.0,700.0,14.0,20.0
815.0,695.0,16.0,20.0
802.0,696.0,16.0,20.0
802.0,696.0,16.0,20.0
803.0,688.0,16.0,22.0
813.0,679.0,15.0,22.0
820.0,689.0,12.0,24.0
814.0,691.0,16.0,21.0
807.0,684.0,17.0,22.0
801.0,684.0,18.0,23.0
795.0,677.0,18.0,25.0
791.0,663.0,17.0,29.0
795.0,668.0,17.0,29.0
798.0,680.0,16.0,29.0
799.0,692.0,18.0,27.0
793.0,683.0,20.0,27.0
794.0,677.0,19.0,28.0
794.0,671.0,20.0,29.0
789.0,664.0,18.0,26.0
791.0,669.0,17.0,27.0
791.0,670.0,18.0,28.0
784.0,663.0,20.0,28.0
777.0,645.0,20.0,30.0
777.0,642.0,18.0,28.0
777.0,645.0,19.0,29.0
778.0,647.0,20.0,30.0
771.0,649.0,20.0,32.0
764.0,651.0,22.0,32.0
758.0,652.0,23.0,33.0
758.0,644.0,23.0,33.0
759.0,637.0,24.0,32.0
758.0,631.0,25.0,33.0
749.0,624.0,28.0,33.0
749.0,614.0,27.0,35.0
739.0,613.0,28.0,36.0
730.0,603.0,27.0,40.0
729.0,596.0,27.0,39.0
722.0,589.0,26.0,40.0
726.0,550.0,24.0,43.0
734.0,500.0,16.0,53.0
724.0,482.0,25.0,59.0
721.0,467.0,28.0,67.0
702.0,464.0,32.0,59.0
698.0,464.0,29.0,61.0
720.0,463.0,32.0,61.0
719.0,463.0,32.0,62.0
718.0,460.0,33.0,50.0
719.0,453.0,32.0,49.0
721.0,451.0,29.0,47.0
719.0,453.0,32.0,49.0
719.0,449.0,30.0,53.0
719.0,450.0,33.0,57.0
717.0,450.0,35.0,62.0
714.0,452.0,35.0,65.0
696.0,448.0,31.0,67.0
697.0,447.0,27.0,63.0
699.0,443.0,26.0,59.0
700.0,437.0,27.0,57.0
719.0,439.0,28.0,73.0
724.0,442.0,28.0,81.0
726.0,443.0,26.0,73.0
708.0,437.0,29.0,62.0
703.0,437.0,25.0,55.0
703.0,437.0,25.0,50.0
720.0,433.0,35.0,50.0
722.0,430.0,32.0,59.0
721.0,430.0,35.0,59.0
722.0,428.0,33.0,61.0
717.0,427.0,37.0,56.0
717.0,425.0,38.0,56.0
718.0,423.0,39.0,55.0
720.0,422.0,37.0,57.0
716.0,423.0,38.0,59.0
714.0,428.0,41.0,64.0
713.0,424.0,41.0,61.0
712.0,426.0,34.0,64.0
715.0,424.0,30.0,72.0
710.0,423.0,31.0,72.0
713.0,423.0,30.0,77.0
712.0,422.0,29.0,83.0
711.0,421.0,28.0,80.0
695.0,423.0,36.0,75.0
695.0,422.0,35.0,73.0
695.0,426.0,34.0,67.0
693.0,426.0,36.0,60.0
696.0,424.0,36.0,59.0
694.0,425.0,37.0,61.0
700.0,424.0,33.0,66.0
703.0,421.0,31.0,67.0
694.0,423.0,35.0,59.0
703.0,418.0,30.0,61.0
698.0,421.0,34.0,56.0
695.0,423.0,31.0,63.0
698.0,424.0,34.0,72.0
689.0,430.0,39.0,74.0
691.0,431.0,40.0,72.0
680.0,433.0,43.0,66.0
685.0,434.0,41.0,64.0
676.0,435.0,31.0,60.0
677.0,437.0,31.0,63.0
673.0,437.0,28.0,53.0
673.0,437.0,25.0,51.0
672.0,438.0,29.0,49.0
692.0,438.0,24.0,64.0
683.0,439.0,29.0,64.0
690.0,443.0,27.0,74.0
687.0,448.0,32.0,73.0
687.0,454.0,31.0,72.0
684.0,452.0,34.0,71.0
681.0,453.0,35.0,71.0
667.0,454.0,42.0,63.0
668.0,455.0,41.0,60.0
669.0,457.0,41.0,63.0
667.0,456.0,41.0,59.0
663.0,456.0,43.0,62.0
665.0,457.0,41.0,64.0
664.0,457.0,43.0,66.0
664.0,459.0,42.0,67.0
662.0,461.0,43.0,67.0
665.0,463.0,41.0,65.0
661.0,469.0,43.0,69.0
667.0,468.0,36.0,71.0
663.0,475.0,37.0,71.0
661.0,475.0,36.0,64.0
651.0,476.0,30.0,64.0
650.0,476.0,30.0,65.0
651.0,477.0,30.0,63.0
658.0,478.0,28.0,70.0
662.0,481.0,27.0,72.0
649.0,480.0,31.0,67.0
654.0,486.0,31.0,69.0
647.0,485.0,35.0,64.0
657.0,492.0,31.0,70.0
643.0,488.0,40.0,73.0
644.0,489.0,42.0,73.0
642.0,490.0,40.0,67.0
639.0,493.0,43.0,64.0
636.0,491.0,44.0,65.0
635.0,493.0,43.0,72.0
634.0,493.0,43.0,76.0
632.0,495.0,43.0,83.0
627.0,497.0,46.0,83.0
626.0,499.0,45.0,83.0
625.0,500.0,46.0,82.0
626.0,502.0,44.0,80.0
625.0,507.0,46.0,75.0
626.0,508.0,44.0,67.0
626.0,511.0,40.0,67.0
623.0,510.0,42.0,68.0
624.0,514.0,38.0,73.0
626.0,514.0,35.0,71.0
626.0,514.0,36.0,71.0
628.0,515.0,33.0,69.0
632.0,515.0,33.0,69.0
633.0,516.0,35.0,69.0
638.0,518.0,32.0,72.0
642.0,521.0,37.0,76.0
643.0,522.0,41.0,78.0
646.0,524.0,43.0,77.0
648.0,525.0,42.0,75.0
650.0,527.0,43.0,73.0
653.0,528.0,43.0,72.0
654.0,528.0,43.0,77.0
655.0,529.0,45.0,75.0
656.0,530.0,45.0,79.0
657.0,533.0,47.0,84.0
660.0,532.0,46.0,86.0
661.0,533.0,47.0,84.0
664.0,538.0,44.0,85.0
666.0,537.0,44.0,80.0
668.0,539.0,42.0,76.0
670.0,539.0,39.0,73.0
670.0,537.0,36.0,68.0
670.0,537.0,34.0,69.0
671.0,540.0,32.0,76.0
668.0,538.0,34.0,72.0
666.0,538.0,35.0,74.0
664.0,538.0,37.0,75.0
665.0,542.0,37.0,79.0
661.0,539.0,40.0,80.0
662.0,541.0,40.0,73.0
659.0,540.0,41.0,71.0
660.0,538.0,39.0,71.0
660.0,538.0,38.0,74.0
661.0,537.0,38.0,76.0
659.0,530.0,39.0,81.0
659.0,530.0,40.0,84.0
661.0,533.0,38.0,84.0
661.0,532.0,39.0,89.0
662.0,534.0,40.0,89.0
665.0,535.0,38.0,90.0
668.0,539.0,37.0,87.0
672.0,538.0,36.0,86.0
675.0,541.0,37.0,78.0
679.0,539.0,32.0,67.0
691.0,545.0,25.0,58.0
699.0,550.0,21.0,50.0
705.0,563.0,18.0,40.0
707.0,564.0,20.0,37.0
712.0,561.0,20.0,38.0
719.0,563.0,24.0,40.0
727.0,561.0,23.0,44.0
736.0,563.0,23.0,44.0
749.0,563.0,20.0,45.0
757.0,566.0,20.0,44.0
764.0,565.0,20.0,38.0
768.0,566.0,22.0,32.0
769.0,569.0,26.0,26.0
775.0,566.0,23.0,30.0
774.0,564.0,15.0,41.0
786.0,575.0,14.0,45.0
793.0,574.0,15.0,47.0
798.0,574.0,14.0,53.0
802.0,568.0,17.0,53.0
808.0,570.0,16.0,60.0
808.0,535.0,19.0,59.0
808.0,515.0,22.0,57.0
812.0,517.0,22.0,52.0
816.0,518.0,21.0,52.0
820.0,520.0,20.0,57.0
822.0,523.0,22.0,59.0
823.0,524.0,23.0,66.0
826.0,523.0,24.0,71.0
828.0,520.0,24.0,71.0
829.0,519.0,25.0,67.0
832.0,518.0,25.0,65.0
833.0,516.0,26.0,63.0
833.0,515.0,28.0,60.0
833.0,516.0,30.0,60.0
835.0,516.0,29.0,59.0
837.0,518.0,30.0,63.0
838.0,519.0,32.0,66.0
838.0,520.0,33.0,66.0
838.0,519.0,34.0,65.0
839.0,520.0,35.0,66.0
842.0,518.0,34.0,69.0
845.0,518.0,34.0,71.0
849.0,517.0,34.0,73.0
850.0,517.0,36.0,74.0
852.0,518.0,36.0,75.0
858.0,519.0,35.0,76.0
862.0,522.0,36.0,76.0
865.0,519.0,37.0,82.0
870.0,520.0,35.0,81.0
875.0,519.0,35.0,81.0
882.0,524.0,33.0,83.0
887.0,523.0,32.0,81.0
890.0,523.0,31.0,73.0
893.0,523.0,30.0,69.0
895.0,525.0,28.0,68.0
900.0,525.0,28.0,67.0
903.0,526.0,27.0,67.0
904.0,528.0,29.0,67.0
907.0,529.0,30.0,68.0
910.0,529.0,31.0,69.0
914.0,530.0,31.0,71.0
917.0,531.0,32.0,71.0
920.0,531.0,32.0,72.0
922.0,533.0,35.0,72.0
926.0,533.0,36.0,73.0
929.0,535.0,37.0,70.0
929.0,534.0,32.0,66.0
931.0,532.0,31.0,66.0
930.0,532.0,32.0,66.0
932.0,533.0,33.0,64.0
932.0,533.0,33.0,68.0
931.0,534.0,34.0,70.0
931.0,530.0,34.0,74.0
932.0,533.0,36.0,73.0
931.0,533.0,38.0,75.0
930.0,535.0,41.0,72.0
931.0,531.0,41.0,75.0
931.0,533.0,41.0,71.0
932.0,531.0,38.0,70.0
932.0,532.0,36.0,68.0
934.0,534.0,30.0,68.0
934.0,533.0,28.0,69.0
933.0,532.0,29.0,68.0
933.0,531.0,30.0,68.0
930.0,529.0,34.0,70.0
927.0,528.0,40.0,70.0
925.0,528.0,44.0,68.0
924.0,530.0,46.0,67.0
925.0,529.0,45.0,66.0
927.0,529.0,44.0,66.0
928.0,532.0,43.0,64.0
926.0,533.0,37.0,60.0
928.0,532.0,33.0,61.0
927.0,533.0,33.0,62.0
927.0,533.0,35.0,63.0
926.0,530.0,38.0,69.0
926.0,529.0,36.0,72.0
926.0,528.0,38.0,72.0
923.0,526.0,40.0,76.0
921.0,526.0,42.0,74.0
921.0,527.0,44.0,75.0
923.0,533.0,43.0,69.0
924.0,527.0,40.0,68.0
926.0,524.0,38.0,68.0
926.0,523.0,33.0,64.0
926.0,522.0,31.0,64.0
925.0,521.0,28.0,62.0
924.0,522.0,28.0,63.0
922.0,520.0,29.0,64.0
922.0,519.0,29.0,65.0
920.0,517.0,35.0,67.0
918.0,517.0,39.0,67.0
917.0,516.0,40.0,67.0
919.0,515.0,40.0,66.0
920.0,515.0,38.0,61.0
921.0,513.0,36.0,60.0
921.0,515.0,33.0,59.0
923.0,515.0,32.0,58.0
923.0,515.0,34.0,57.0
919.0,518.0,39.0,55.0
920.0,515.0,37.0,58.0
919.0,518.0,36.0,58.0
915.0,523.0,34.0,54.0
915.0,513.0,37.0,64.0
912.0,516.0,41.0,61.0
914.0,515.0,42.0,62.0
916.0,516.0,39.0,60.0
916.0,513.0,36.0,59.0
916.0,512.0,32.0,61.0
914.0,512.0,29.0,60.0
912.0,512.0,27.0,60.0
912.0,511.0,28.0,54.0
909.0,512.0,30.0,57.0
909.0,509.0,35.0,59.0
907.0,511.0,38.0,59.0
904.0,509.0,44.0,61.0
904.0,509.0,43.0,62.0
906.0,509.0,40.0,57.0
906.0,508.0,36.0,57.0
907.0,508.0,29.0,57.0
903.0,509.0,31.0,55.0
902.0,509.0,36.0,54.0
899.0,508.0,30.0,57.0
897.0,506.0,35.0,59.0
894.0,505.0,39.0,61.0
890.0,506.0,53.0,63.0
891.0,509.0,50.0,63.0
894.0,506.0,44.0,60.0
894.0,505.0,39.0,53.0
892.0,505.0,34.0,55.0
890.0,504.0,32.0,55.0
886.0,503.0,31.0,56.0
884.0,504.0,36.0,53.0
881.0,503.0,36.0,53.0
880.0,503.0,46.0,55.0
877.0,502.0,51.0,59.0
878.0,502.0,51.0,61.0
879.0,504.0,49.0,53.0
884.0,503.0,39.0,52.0
880.0,502.0,40.0,53.0
881.0,501.0,38.0,54.0
877.0,499.0,31.0,57.0
874.0,496.0,33.0,59.0
872.0,494.0,32.0,60.0
872.0,494.0,30.0,59.0
871.0,492.0,35.0,61.0
871.0,495.0,41.0,62.0
871.0,493.0,41.0,64.0
874.0,493.0,43.0,63.0
876.0,494.0,42.0,62.0
880.0,496.0,38.0,57.0
873.0,491.0,35.0,59.0
872.0,491.0,32.0,59.0
871.0,487.0,28.0,62.0
869.0,486.0,29.0,63.0
869.0,484.0,29.0,63.0
867.0,483.0,33.0,64.0
866.0,483.0,39.0,64.0
867.0,484.0,49.0,65.0
867.0,489.0,64.0,61.0
869.0,484.0,37.0,60.0
871.0,483.0,27.0,57.0
872.0,483.0,25.0,58.0
875.0,483.0,23.0,58.0
875.0,484.0,24.0,58.0
874.0,482.0,27.0,59.0
874.0,482.0,30.0,61.0
873.0,483.0,34.0,61.0
872.0,483.0,36.0,62.0
870.0,482.0,39.0,65.0
871.0,481.0,38.0,65.0
872.0,480.0,35.0,61.0
874.0,480.0,31.0,60.0
876.0,481.0,29.0,61.0
876.0,482.0,26.0,61.0
877.0,480.0,25.0,61.0
875.0,478.0,25.0,62.0
874.0,475.0,28.0,63.0
872.0,474.0,32.0,63.0
871.0,474.0,35.0,66.0
870.0,473.0,43.0,68.0
870.0,473.0,44.0,67.0
873.0,477.0,55.0,63.0
873.0,473.0,39.0,60.0
874.0,472.0,24.0,60.0
877.0,472.0,24.0,61.0
875.0,473.0,27.0,62.0
872.0,470.0,29.0,63.0
873.0,469.0,29.0,61.0
872.0,471.0,31.0,63.0
869.0,468.0,33.0,64.0
866.0,468.0,38.0,65.0
865.0,465.0,39.0,68.0
865.0,465.0,40.0,68.0
867.0,467.0,41.0,67.0
866.0,460.0,26.0,67.0
866.0,460.0,23.0,68.0
864.0,459.0,23.0,68.0
862.0,456.0,23.0,68.0
859.0,453.0,26.0,71.0
855.0,451.0,28.0,71.0
853.0,449.0,33.0,74.0
850.0,449.0,34.0,75.0
849.0,450.0,39.0,71.0
848.0,448.0,30.0,66.0
847.0,447.0,24.0,60.0
845.0,444.0,26.0,63.0
843.0,445.0,25.0,63.0
840.0,443.0,27.0,67.0
837.0,444.0,28.0,66.0
833.0,437.0,29.0,71.0
831.0,445.0,32.0,64.0
827.0,440.0,33.0,68.0
825.0,438.0,35.0,69.0
822.0,435.0,36.0,71.0
820.0,429.0,31.0,69.0
818.0,424.0,27.0,63.0
816.0,424.0,26.0,64.0
813.0,424.0,26.0,66.0
809.0,422.0,25.0,66.0
804.0,419.0,25.0,67.0
804.0,416.0,24.0,67.0
802.0,413.0,24.0,67.0
799.0,410.0,26.0,68.0
796.0,409.0,29.0,70.0
795.0,410.0,30.0,70.0
795.0,409.0,29.0,68.0
794.0,408.0,27.0,66.0
794.0,412.0,29.0,61.0
794.0,409.0,30.0,61.0
793.0,412.0,25.0,56.0
792.0,402.0,26.0,67.0
791.0,401.0,27.0,66.0
791.0,398.0,28.0,67.0
791.0,397.0,29.0,71.0
793.0,396.0,28.0,72.0
795.0,395.0,27.0,68.0
797.0,391.0,27.0,66.0
799.0,389.0,25.0,65.0
801.0,389.0,25.0,64.0
801.0,387.0,25.0,64.0
803.0,386.0,24.0,65.0
804.0,383.0,24.0,66.0
807.0,381.0,23.0,66.0
808.0,378.0,24.0,65.0
810.0,377.0,27.0,69.0
811.0,378.0,30.0,70.0
814.0,380.0,31.0,68.0
815.0,376.0,27.0,67.0
818.0,376.0,27.0,66.0
821.0,378.0,29.0,63.0
823.0,386.0,29.0,54.0
823.0,375.0,26.0,63.0
824.0,376.0,27.0,63.0
824.0,371.0,28.0,66.0
823.0,370.0,29.0,68.0
824.0,371.0,29.0,69.0
824.0,374.0,28.0,68.0
826.0,377.0,26.0,61.0
825.0,373.0,26.0,61.0
824.0,364.0,24.0,60.0
824.0,363.0,25.0,60.0
821.0,363.0,25.0,63.0
820.0,363.0,24.0,62.0
817.0,366.0,23.0,60.0
815.0,359.0,22.0,64.0
813.0,358.0,22.0,65.0
810.0,355.0,23.0,66.0
808.0,355.0,24.0,66.0
805.0,353.0,24.0,67.0
803.0,353.0,24.0,66.0
800.0,351.0,25.0,66.0
798.0,355.0,27.0,62.0
796.0,351.0,26.0,66.0
793.0,353.0,26.0,61.0
787.0,349.0,25.0,63.0
784.0,347.0,28.0,63.0
781.0,351.0,28.0,61.0
780.0,347.0,25.0,64.0
777.0,347.0,24.0,65.0
774.0,351.0,25.0,61.0
773.0,349.0,25.0,62.0
771.0,346.0,25.0,62.0
768.0,342.0,26.0,65.0
766.0,340.0,25.0,65.0
762.0,338.0,24.0,64.0
759.0,337.0,21.0,63.0
756.0,335.0,21.0,65.0
753.0,334.0,22.0,64.0
751.0,333.0,22.0,66.0
749.0,332.0,24.0,66.0
747.0,330.0,23.0,66.0
746.0,330.0,25.0,65.0
745.0,330.0,25.0,65.0
745.0,331.0,24.0,64.0
744.0,330.0,25.0,63.0
742.0,332.0,26.0,61.0
742.0,336.0,26.0,57.0
740.0,330.0,25.0,62.0
739.0,330.0,28.0,63.0
738.0,328.0,29.0,64.0
739.0,328.0,28.0,66.0
739.0,327.0,28.0,67.0
740.0,328.0,26.0,67.0
740.0,327.0,26.0,67.0
741.0,327.0,26.0,65.0
740.0,324.0,25.0,65.0
741.0,326.0,25.0,62.0
740.0,323.0,24.0,63.0
739.0,324.0,23.0,63.0
740.0,321.0,22.0,64.0
739.0,320.0,22.0,66.0
738.0,320.0,22.0,66.0
737.0,319.0,24.0,65.0
736.0,318.0,24.0,64.0
735.0,319.0,25.0,64.0
734.0,317.0,25.0,63.0
733.0,319.0,25.0,61.0
730.0,319.0,27.0,61.0
729.0,320.0,27.0,59.0
727.0,317.0,26.0,63.0
724.0,316.0,26.0,64.0
725.0,315.0,26.0,61.0
723.0,312.0,24.0,66.0
724.0,314.0,23.0,65.0
720.0,311.0,22.0,67.0
721.0,314.0,23.0,64.0
719.0,312.0,23.0,64.0
717.0,312.0,24.0,62.0
716.0,312.0,24.0,63.0
714.0,311.0,23.0,60.0
712.0,312.0,23.0,60.0
711.0,311.0,22.0,62.0
710.0,310.0,21.0,62.0
709.0,310.0,22.0,63.0
707.0,310.0,23.0,63.0
712.0,309.0,21.0,63.0
705.0,308.0,21.0,63.0
713.0,313.0,23.0,58.0
701.0,308.0,24.0,61.0
635.0,248.0,30.0,61.0
629.0,249.0,20.0,57.0
628.0,247.0,22.0,58.0
629.0,246.0,21.0,61.0
629.0,246.0,21.0,62.0
628.0,245.0,22.0,63.0
628.0,244.0,22.0,65.0
627.0,243.0,23.0,66.0
628.0,244.0,23.0,63.0
628.0,245.0,23.0,61.0
630.0,245.0,23.0,58.0
633.0,246.0,21.0,57.0
635.0,246.0,20.0,58.0
637.0,245.0,20.0,60.0
640.0,244.0,19.0,61.0
641.0,243.0,20.0,62.0
644.0,242.0,20.0,64.0
645.0,242.0,20.0,63.0
646.0,242.0,21.0,63.0
647.0,242.0,21.0,62.0
649.0,243.0,21.0,61.0
649.0,244.0,21.0,60.0
651.0,244.0,21.0,59.0
653.0,245.0,20.0,57.0
654.0,244.0,21.0,58.0
654.0,243.0,22.0,61.0
655.0,241.0,23.0,62.0
655.0,240.0,24.0,63.0
656.0,240.0,26.0,64.0
656.0,240.0,26.0,65.0
656.0,240.0,27.0,63.0
656.0,241.0,28.0,61.0
656.0,242.0,26.0,60.0
656.0,242.0,27.0,58.0
656.0,241.0,27.0,58.0
658.0,241.0,26.0,59.0
658.0,240.0,25.0,61.0
657.0,240.0,25.0,61.0
657.0,239.0,26.0,62.0
657.0,238.0,25.0,64.0
656.0,238.0,26.0,64.0
655.0,238.0,26.0,65.0
656.0,239.0,25.0,63.0
655.0,240.0,25.0,61.0
655.0,240.0,23.0,59.0
656.0,240.0,22.0,58.0
655.0,240.0,22.0,58.0
656.0,241.0,21.0,59.0
656.0,239.0,22.0,61.0
655.0,239.0,23.0,62.0
655.0,238.0,23.0,63.0
655.0,236.0,24.0,65.0
655.0,238.0,25.0,64.0
654.0,239.0,23.0,62.0
654.0,238.0,23.0,61.0
654.0,241.0,22.0,57.0
654.0,241.0,20.0,56.0
654.0,241.0,20.0,57.0
654.0,241.0,19.0,58.0
655.0,240.0,19.0,59.0
654.0,239.0,19.0,61.0
654.0,239.0,19.0,61.0
653.0,238.0,20.0,62.0
652.0,239.0,21.0,61.0
651.0,239.0,23.0,61.0
651.0,240.0,22.0,60.0
650.0,242.0,22.0,58.0
652.0,242.0,21.0,58.0
651.0,243.0,22.0,55.0
652.0,242.0,21.0,56.0
651.0,242.0,21.0,59.0
651.0,240.0,21.0,62.0
652.0,240.0,21.0,63.0
651.0,240.0,22.0,64.0
652.0,240.0,22.0,65.0
653.0,240.0,21.0,65.0
652.0,240.0,22.0,64.0
651.0,242.0,21.0,63.0
651.0,244.0,20.0,63.0
652.0,243.0,20.0,61.0
652.0,244.0,19.0,59.0
654.0,244.0,19.0,59.0
654.0,244.0,19.0,60.0
653.0,243.0,20.0,61.0
653.0,244.0,20.0,60.0
653.0,243.0,21.0,60.0
650.0,244.0,23.0,60.0
651.0,245.0,24.0,59.0
651.0,246.0,23.0,59.0
653.0,248.0,21.0,58.0
653.0,250.0,22.0,57.0
653.0,251.0,21.0,56.0
652.0,251.0,22.0,56.0
653.0,252.0,22.0,56.0
655.0,251.0,21.0,58.0
653.0,251.0,22.0,60.0
653.0,250.0,23.0,62.0
652.0,250.0,23.0,62.0
650.0,250.0,24.0,64.0
649.0,251.0,24.0,64.0
648.0,254.0,25.0,61.0
647.0,256.0,23.0,61.0
647.0,257.0,23.0,61.0
647.0,260.0,22.0,58.0
648.0,261.0,20.0,58.0
647.0,262.0,20.0,57.0
647.0,263.0,20.0,57.0
645.0,265.0,20.0,57.0
643.0,267.0,22.0,56.0
640.0,270.0,23.0,57.0
638.0,269.0,25.0,58.0
637.0,272.0,25.0,57.0
636.0,275.0,25.0,55.0
636.0,277.0,25.0,54.0
634.0,279.0,24.0,54.0
635.0,282.0,23.0,52.0
636.0,284.0,22.0,51.0
637.0,283.0,21.0,52.0
639.0,282.0,22.0,56.0
639.0,285.0,22.0,55.0
638.0,288.0,23.0,55.0
637.0,288.0,26.0,57.0
641.0,289.0,25.0,57.0
642.0,292.0,27.0,56.0
642.0,293.0,27.0,57.0
646.0,297.0,25.0,57.0
647.0,300.0,24.0,56.0
651.0,302.0,22.0,56.0
654.0,304.0,20.0,56.0
654.0,305.0,21.0,56.0
655.0,307.0,20.0,52.0
655.0,308.0,20.0,56.0
653.0,309.0,20.0,57.0
653.0,309.0,20.0,58.0
651.0,311.0,21.0,59.0
649.0,312.0,22.0,60.0
648.0,314.0,23.0,60.0
646.0,316.0,22.0,59.0
644.0,317.0,24.0,60.0
642.0,319.0,25.0,62.0
639.0,321.0,30.0,63.0
637.0,323.0,31.0,66.0
634.0,324.0,30.0,66.0
631.0,326.0,29.0,71.0
627.0,328.0,29.0,65.0
623.0,331.0,29.0,65.0
618.0,333.0,32.0,61.0
614.0,332.0,34.0,67.0
618.0,334.0,30.0,58.0
618.0,335.0,28.0,61.0
619.0,338.0,26.0,63.0
620.0,337.0,26.0,65.0
620.0,341.0,27.0,62.0
621.0,344.0,27.0,63.0
622.0,346.0,27.0,61.0
625.0,349.0,26.0,59.0
630.0,351.0,25.0,58.0
634.0,352.0,24.0,59.0
639.0,354.0,22.0,57.0
644.0,355.0,22.0,57.0
649.0,358.0,24.0,56.0
657.0,359.0,23.0,55.0
660.0,361.0,25.0,57.0
666.0,364.0,28.0,58.0
672.0,367.0,29.0,58.0
680.0,371.0,32.0,57.0
689.0,374.0,31.0,56.0
700.0,377.0,29.0,56.0
713.0,381.0,24.0,57.0
725.0,383.0,22.0,58.0
738.0,388.0,21.0,59.0
746.0,390.0,20.0,58.0
753.0,393.0,21.0,60.0
761.0,397.0,22.0,58.0
767.0,399.0,22.0,59.0
777.0,402.0,23.0,58.0
782.0,405.0,24.0,60.0
788.0,409.0,25.0,60.0
792.0,411.0,28.0,60.0
796.0,416.0,28.0,61.0
799.0,419.0,31.0,63.0
800.0,424.0,33.0,61.0
800.0,427.0,35.0,62.0
801.0,430.0,36.0,62.0
802.0,433.0,36.0,63.0
811.0,437.0,29.0,65.0
818.0,440.0,24.0,63.0
818.0,442.0,24.0,64.0
818.0,445.0,25.0,64.0
816.0,447.0,26.0,65.0
816.0,451.0,27.0,61.0
814.0,454.0,28.0,64.0
813.0,457.0,31.0,62.0
810.0,460.0,33.0,66.0
807.0,463.0,36.0,65.0
803.0,468.0,38.0,67.0
799.0,470.0,39.0,66.0
795.0,474.0,42.0,64.0
792.0,477.0,43.0,64.0
788.0,481.0,44.0,64.0
789.0,484.0,40.0,65.0
792.0,488.0,35.0,64.0
794.0,490.0,30.0,63.0
793.0,493.0,29.0,65.0
791.0,495.0,29.0,67.0
789.0,499.0,27.0,64.0
789.0,500.0,27.0,64.0
789.0,502.0,27.0,66.0
788.0,505.0,28.0,68.0
788.0,508.0,29.0,65.0
788.0,510.0,30.0,66.0
788.0,512.0,31.0,68.0
789.0,516.0,32.0,67.0
789.0,519.0,35.0,68.0
790.0,522.0,38.0,67.0
790.0,527.0,40.0,70.0
792.0,530.0,41.0,68.0
796.0,534.0,40.0,67.0
803.0,537.0,36.0,67.0
813.0,540.0,28.0,67.0
820.0,544.0,25.0,68.0
824.0,546.0,25.0,70.0
826.0,549.0,28.0,65.0
827.0,552.0,30.0,64.0
827.0,554.0,32.0,64.0
827.0,558.0,35.0,64.0
828.0,561.0,38.0,63.0
828.0,563.0,39.0,63.0
828.0,566.0,39.0,70.0
828.0,569.0,39.0,70.0
827.0,573.0,40.0,72.0
826.0,575.0,42.0,74.0
822.0,579.0,44.0,74.0
821.0,581.0,45.0,74.0
820.0,585.0,45.0,74.0
820.0,590.0,42.0,72.0
820.0,591.0,40.0,72.0
818.0,592.0,38.0,72.0
820.0,594.0,34.0,73.0
818.0,595.0,31.0,74.0
817.0,596.0,29.0,76.0
813.0,597.0,31.0,77.0
810.0,598.0,31.0,75.0
806.0,598.0,31.0,76.0
800.0,598.0,34.0,76.0
795.0,599.0,35.0,75.0
791.0,600.0,35.0,77.0
785.0,600.0,37.0,79.0
782.0,601.0,37.0,80.0
777.0,602.0,39.0,81.0
770.0,603.0,41.0,86.0
765.0,603.0,42.0,85.0
761.0,603.0,41.0,86.0
758.0,603.0,40.0,86.0
759.0,603.0,35.0,85.0
755.0,603.0,33.0,86.0
753.0,603.0,29.0,83.0
749.0,602.0,28.0,83.0
746.0,601.0,27.0,79.0
744.0,602.0,25.0,76.0
738.0,600.0,26.0,79.0
734.0,600.0,27.0,81.0
729.0,599.0,27.0,80.0
724.0,598.0,27.0,84.0
720.0,597.0,27.0,84.0
714.0,596.0,29.0,85.0
710.0,594.0,30.0,87.0
705.0,594.0,30.0,88.0
700.0,593.0,30.0,88.0
696.0,591.0,30.0,89.0
690.0,590.0,30.0,87.0
685.0,588.0,30.0,83.0
680.0,587.0,29.0,81.0
675.0,586.0,29.0,80.0
668.0,583.0,29.0,80.0
659.0,580.0,30.0,80.0
654.0,578.0,31.0,83.0
647.0,576.0,32.0,86.0
640.0,575.0,32.0,86.0
633.0,573.0,33.0,88.0
627.0,568.0,31.0,91.0
621.0,567.0,31.0,90.0
616.0,564.0,31.0,93.0
611.0,563.0,31.0,93.0
605.0,562.0,29.0,94.0
599.0,559.0,29.0,93.0
594.0,558.0,29.0,92.0
587.0,556.0,29.0,88.0
582.0,556.0,29.0,82.0
575.0,553.0,30.0,82.0
567.0,550.0,30.0,79.0
562.0,548.0,31.0,84.0
556.0,546.0,31.0,83.0
550.0,543.0,31.0,82.0
546.0,539.0,31.0,83.0
539.0,536.0,31.0,84.0
534.0,533.0,32.0,92.0
529.0,531.0,34.0,90.0
524.0,528.0,35.0,90.0
520.0,526.0,34.0,88.0
515.0,523.0,34.0,82.0
511.0,519.0,34.0,76.0
506.0,514.0,34.0,74.0
503.0,510.0,35.0,82.0
499.0,507.0,35.0,85.0
493.0,501.0,37.0,84.0
489.0,497.0,37.0,81.0
487.0,493.0,38.0,87.0
484.0,488.0,36.0,87.0
481.0,486.0,34.0,78.0
478.0,482.0,31.0,75.0
476.0,482.0,31.0,69.0
473.0,475.0,27.0,69.0
469.0,473.0,29.0,70.0
464.0,468.0,30.0,73.0
460.0,461.0,31.0,73.0
456.0,456.0,30.0,75.0
453.0,452.0,30.0,81.0
450.0,448.0,30.0,85.0
447.0,442.0,28.0,86.0
444.0,437.0,27.0,84.0
442.0,434.0,27.0,83.0
440.0,431.0,27.0,78.0
438.0,428.0,27.0,76.0
438.0,426.0,28.0,76.0
436.0,421.0,26.0,71.0
433.0,417.0,28.0,70.0
432.0,413.0,27.0,69.0
431.0,410.0,27.0,70.0
429.0,405.0,25.0,69.0
426.0,398.0,25.0,71.0
423.0,396.0,26.0,70.0
421.0,391.0,26.0,70.0
417.0,389.0,26.0,70.0
415.0,385.0,26.0,69.0
412.0,383.0,26.0,67.0
409.0,380.0,26.0,64.0
407.0,378.0,27.0,63.0
406.0,374.0,26.0,61.0
405.0,371.0,26.0,63.0
403.0,367.0,26.0,62.0
403.0,363.0,24.0,64.0
401.0,358.0,24.0,65.0
400.0,354.0,24.0,65.0
397.0,351.0,24.0,65.0
396.0,347.0,22.0,65.0
395.0,345.0,24.0,65.0
395.0,343.0,23.0,65.0
395.0,342.0,22.0,62.0
392.0,339.0,24.0,61.0
392.0,335.0,24.0,60.0
390.0,333.0,24.0,59.0
391.0,329.0,23.0,62.0
390.0,325.0,24.0,62.0
392.0,322.0,23.0,61.0
393.0,316.0,23.0,63.0
393.0,314.0,22.0,64.0
393.0,312.0,23.0,60.0
394.0,309.0,22.0,59.0
395.0,307.0,22.0,58.0
399.0,304.0,22.0,57.0
401.0,302.0,22.0,57.0
404.0,301.0,20.0,56.0
405.0,297.0,19.0,53.0
408.0,295.0,18.0,52.0
411.0,291.0,18.0,57.0
413.0,288.0,19.0,55.0
414.0,285.0,21.0,54.0
416.0,282.0,20.0,46.0
417.0,281.0,21.0,44.0
421.0,278.0,20.0,40.0
426.0,277.0,17.0,37.0
429.0,276.0,16.0,38.0
429.0,274.0,16.0,35.0
429.0,272.0,17.0,31.0
429.0,268.0,20.0,27.0
429.0,266.0,20.0,28.0
430.0,263.0,20.0,29.0
429.0,261.0,19.0,30.0
431.0,258.0,18.0,31.0
434.0,256.0,18.0,31.0
435.0,254.0,19.0,29.0
438.0,253.0,17.0,32.0
440.0,253.0,18.0,28.0
443.0,252.0,16.0,30.0
445.0,249.0,14.0,30.0
446.0,250.0,13.0,29.0
445.0,247.0,16.0,28.0
445.0,245.0,15.0,29.0
445.0,244.0,15.0,30.0
444.0,241.0,16.0,33.0
442.0,240.0,17.0,39.0
441.0,239.0,17.0,37.0
441.0,238.0,16.0,39.0
440.0,237.0,17.0,42.0
440.0,236.0,17.0,43.0
440.0,236.0,16.0,47.0
441.0,235.0,15.0,46.0
440.0,235.0,14.0,44.0
440.0,234.0,15.0,44.0
440.0,232.0,17.0,45.0
439.0,230.0,18.0,48.0
437.0,228.0,19.0,49.0
435.0,225.0,22.0,50.0
436.0,224.0,24.0,50.0
434.0,222.0,26.0,50.0
438.0,222.0,22.0,49.0
444.0,221.0,16.0,48.0
444.0,221.0,16.0,47.0
445.0,219.0,17.0,48.0
448.0,218.0,16.0,46.0
449.0,216.0,16.0,45.0
451.0,215.0,18.0,45.0
453.0,213.0,20.0,46.0
456.0,211.0,21.0,47.0
459.0,208.0,25.0,48.0
463.0,207.0,27.0,48.0
470.0,206.0,23.0,46.0
475.0,205.0,21.0,45.0
482.0,206.0,19.0,45.0
490.0,204.0,18.0,44.0
497.0,201.0,16.0,45.0
505.0,200.0,15.0,44.0
508.0,198.0,17.0,44.0
512.0,196.0,18.0,44.0
515.0,194.0,24.0,44.0
519.0,191.0,26.0,46.0
522.0,190.0,29.0,45.0
528.0,190.0,29.0,45.0
537.0,190.0,23.0,43.0
545.0,188.0,21.0,43.0
553.0,189.0,16.0,43.0
557.0,187.0,15.0,43.0
560.0,185.0,16.0,42.0
562.0,184.0,16.0,43.0
561.0,181.0,17.0,43.0
561.0,180.0,20.0,44.0
559.0,179.0,23.0,44.0
556.0,177.0,27.0,45.0
557.0,179.0,26.0,44.0
560.0,178.0,23.0,44.0
562.0,178.0,19.0,43.0
564.0,177.0,16.0,42.0
566.0,177.0,14.0,42.0
566.0,177.0,14.0,41.0
567.0,175.0,15.0,42.0
567.0,174.0,15.0,41.0
565.0,173.0,17.0,41.0
563.0,172.0,19.0,41.0
561.0,171.0,23.0,43.0
561.0,171.0,25.0,44.0
564.0,170.0,22.0,43.0
567.0,170.0,18.0,43.0
569.0,170.0,17.0,42.0
574.0,170.0,14.0,41.0
577.0,169.0,15.0,40.0
580.0,167.0,16.0,40.0
584.0,167.0,16.0,40.0
590.0,165.0,17.0,41.0
595.0,164.0,17.0,43.0
603.0,164.0,19.0,42.0
609.0,163.0,21.0,43.0
616.0,162.0,20.0,43.0
624.0,163.0,18.0,42.0
633.0,163.0,18.0,41.0
647.0,163.0,15.0,40.0
656.0,162.0,14.0,39.0
666.0,161.0,14.0,39.0
674.0,160.0,14.0,40.0
684.0,160.0,14.0,40.0
695.0,159.0,15.0,40.0
705.0,159.0,16.0,42.0
714.0,159.0,17.0,42.0
721.0,159.0,19.0,42.0
730.0,159.0,20.0,43.0
744.0,160.0,17.0,41.0
755.0,160.0,15.0,41.0
765.0,162.0,15.0,39.0
772.0,161.0,16.0,39.0
782.0,161.0,15.0,39.0
792.0,160.0,16.0,39.0
800.0,161.0,16.0,40.0
808.0,161.0,16.0,42.0
815.0,160.0,16.0,43.0
821.0,161.0,16.0,42.0
830.0,162.0,15.0,43.0
835.0,163.0,15.0,42.0
840.0,163.0,15.0,41.0
844.0,164.0,15.0,40.0
849.0,165.0,14.0,38.0
853.0,163.0,14.0,39.0
857.0,164.0,14.0,38.0
859.0,163.0,15.0,39.0
861.0,161.0,15.0,40.0
862.0,162.0,15.0,42.0
864.0,160.0,15.0,43.0
863.0,161.0,16.0,42.0
861.0,161.0,19.0,42.0
863.0,161.0,18.0,41.0
866.0,161.0,16.0,40.0
867.0,161.0,16.0,39.0
867.0,161.0,17.0,38.0
866.0,160.0,16.0,37.0
865.0,159.0,17.0,37.0
866.0,158.0,16.0,39.0
865.0,156.0,15.0,39.0
866.0,156.0,16.0,41.0
865.0,155.0,15.0,42.0
864.0,155.0,15.0,42.0
864.0,154.0,16.0,42.0
863.0,155.0,16.0,40.0
863.0,154.0,16.0,38.0
864.0,154.0,15.0,39.0
865.0,154.0,15.0,38.0
867.0,153.0,15.0,39.0
871.0,152.0,15.0,38.0
875.0,151.0,14.0,40.0
879.0,152.0,15.0,42.0
884.0,152.0,16.0,42.0
889.0,152.0,16.0,42.0
898.0,153.0,15.0,42.0
905.0,154.0,16.0,41.0
912.0,155.0,15.0,40.0
920.0,156.0,15.0,39.0
927.0,156.0,16.0,37.0
936.0,156.0,15.0,38.0
945.0,156.0,15.0,39.0
952.0,155.0,15.0,41.0
959.0,156.0,16.0,41.0
966.0,157.0,16.0,40.0
974.0,158.0,16.0,41.0
981.0,159.0,16.0,40.0
988.0,160.0,16.0,39.0
994.0,160.0,16.0,40.0
999.0,161.0,16.0,39.0
1005.0,161.0,15.0,40.0
1008.0,161.0,16.0,39.0
1011.0,162.0,16.0,41.0
1012.0,161.0,16.0,41.0
1012.0,161.0,16.0,43.0
1009.0,162.0,16.0,43.0
1007.0,162.0,16.0,43.0
1003.0,161.0,16.0,43.0
998.0,162.0,17.0,44.0
994.0,163.0,16.0,43.0
985.0,162.0,17.0,41.0
978.0,162.0,17.0,38.0
973.0,160.0,15.0,39.0
965.0,159.0,16.0,39.0
959.0,159.0,15.0,40.0
950.0,157.0,15.0,40.0
944.0,157.0,16.0,40.0
937.0,156.0,15.0,40.0
930.0,156.0,15.0,39.0
924.0,156.0,15.0,40.0
915.0,156.0,14.0,39.0
908.0,156.0,15.0,38.0
901.0,157.0,15.0,39.0
896.0,155.0,14.0,38.0
888.0,155.0,15.0,38.0
881.0,154.0,15.0,40.0
875.0,153.0,15.0,43.0
872.0,154.0,15.0,42.0
870.0,155.0,15.0,42.0
867.0,155.0,16.0,41.0
868.0,156.0,16.0,42.0
869.0,158.0,15.0,41.0
872.0,158.0,14.0,40.0
874.0,160.0,15.0,39.0
878.0,161.0,15.0,38.0
882.0,161.0,16.0,39.0
887.0,162.0,16.0,40.0
893.0,162.0,16.0,40.0
897.0,164.0,16.0,40.0
903.0,165.0,16.0,39.0
911.0,167.0,17.0,41.0
916.0,169.0,17.0,40.0
922.0,172.0,18.0,41.0
929.0,174.0,17.0,38.0
936.0,175.0,17.0,38.0
943.0,178.0,17.0,39.0
950.0,179.0,17.0,40.0
955.0,179.0,17.0,42.0
960.0,180.0,16.0,43.0
964.0,182.0,17.0,44.0
968.0,183.0,18.0,43.0
971.0,185.0,18.0,43.0
973.0,188.0,18.0,41.0
974.0,190.0,19.0,41.0
973.0,191.0,20.0,40.0
972.0,193.0,22.0,39.0
972.0,195.0,21.0,39.0
971.0,195.0,21.0,39.0
970.0,196.0,21.0,39.0
968.0,196.0,21.0,39.0
966.0,197.0,22.0,40.0
963.0,198.0,23.0,40.0
959.0,198.0,22.0,41.0
956.0,200.0,23.0,41.0
953.0,202.0,22.0,41.0
949.0,202.0,23.0,39.0
946.0,204.0,23.0,38.0
944.0,205.0,23.0,39.0
941.0,204.0,23.0,39.0
939.0,206.0,21.0,40.0
937.0,205.0,21.0,43.0
934.0,206.0,22.0,45.0
931.0,207.0,21.0,46.0
928.0,207.0,23.0,45.0
927.0,209.0,23.0,46.0
924.0,211.0,21.0,45.0
923.0,213.0,21.0,44.0
919.0,214.0,21.0,42.0
916.0,215.0,20.0,40.0
914.0,216.0,19.0,41.0
909.0,217.0,20.0,41.0
905.0,217.0,20.0,41.0
902.0,218.0,20.0,43.0
900.0,219.0,18.0,42.0
898.0,220.0,19.0,44.0
894.0,221.0,18.0,45.0
891.0,224.0,18.0,46.0
890.0,226.0,19.0,43.0
889.0,228.0,18.0,42.0
887.0,230.0,19.0,40.0
886.0,232.0,18.0,39.0
886.0,232.0,17.0,40.0
884.0,233.0,17.0,43.0
883.0,234.0,18.0,45.0
882.0,236.0,19.0,44.0
881.0,237.0,19.0,47.0
880.0,239.0,19.0,46.0
880.0,242.0,19.0,47.0
879.0,244.0,19.0,45.0
879.0,246.0,19.0,44.0
878.0,249.0,19.0,44.0
877.0,251.0,19.0,42.0
877.0,252.0,18.0,41.0
875.0,253.0,18.0,42.0
875.0,255.0,18.0,41.0
874.0,256.0,18.0,43.0
873.0,257.0,17.0,43.0
873.0,258.0,18.0,43.0
872.0,260.0,18.0,44.0
870.0,262.0,18.0,43.0
868.0,265.0,18.0,43.0
866.0,267.0,20.0,43.0
864.0,269.0,18.0,42.0
863.0,271.0,19.0,40.0
860.0,273.0,20.0,40.0
859.0,275.0,19.0,43.0
857.0,275.0,20.0,43.0
854.0,277.0,21.0,47.0
850.0,277.0,21.0,49.0
847.0,278.0,22.0,49.0
843.0,280.0,21.0,50.0
838.0,281.0,24.0,51.0
836.0,284.0,22.0,48.0
833.0,287.0,20.0,46.0
829.0,288.0,21.0,46.0
822.0,291.0,23.0,42.0
818.0,294.0,23.0,43.0
813.0,294.0,24.0,42.0
812.0,296.0,20.0,40.0
809.0,297.0,19.0,41.0
804.0,297.0,19.0,42.0
799.0,299.0,19.0,41.0
794.0,300.0,20.0,40.0
787.0,301.0,22.0,40.0
780.0,303.0,25.0,48.0
772.0,305.0,26.0,52.0
765.0,308.0,28.0,56.0
761.0,310.0,27.0,57.0
757.0,311.0,28.0,59.0
752.0,312.0,29.0,58.0
745.0,314.0,29.0,52.0
740.0,316.0,24.0,46.0
736.0,318.0,24.0,40.0
730.0,319.0,26.0,45.0
726.0,322.0,25.0,45.0
721.0,324.0,24.0,46.0
719.0,327.0,22.0,44.0
716.0,329.0,20.0,44.0
712.0,332.0,20.0,40.0
709.0,334.0,20.0,38.0
705.0,336.0,19.0,38.0
702.0,336.0,21.0,40.0
700.0,338.0,20.0,43.0
697.0,339.0,22.0,45.0
695.0,340.0,24.0,48.0
691.0,344.0,25.0,48.0
689.0,345.0,25.0,46.0
687.0,347.0,26.0,44.0
683.0,349.0,27.0,42.0
681.0,352.0,27.0,39.0
679.0,353.0,27.0,37.0
680.0,354.0,25.0,41.0
675.0,355.0,25.0,43.0
674.0,357.0,27.0,46.0
672.0,359.0,28.0,48.0
670.0,361.0,27.0,48.0
667.0,363.0,27.0,45.0
666.0,366.0,26.0,42.0
664.0,367.0,26.0,39.0
662.0,369.0,22.0,38.0
657.0,369.0,20.0,37.0
655.0,371.0,22.0,39.0
652.0,371.0,26.0,44.0
648.0,373.0,26.0,46.0
646.0,374.0,26.0,47.0
642.0,376.0,27.0,46.0
639.0,377.0,24.0,43.0
637.0,379.0,22.0,42.0
632.0,380.0,25.0,37.0
630.0,380.0,25.0,38.0
629.0,382.0,24.0,39.0
627.0,382.0,23.0,44.0
626.0,382.0,22.0,47.0
624.0,381.0,22.0,49.0
622.0,383.0,21.0,51.0
619.0,383.0,22.0,51.0
617.0,385.0,21.0,48.0
615.0,386.0,21.0,46.0
613.0,387.0,21.0,42.0
610.0,388.0,20.0,42.0
607.0,388.0,21.0,41.0
605.0,388.0,21.0,44.0
604.0,389.0,21.0,47.0
602.0,389.0,23.0,51.0
601.0,389.0,22.0,55.0
598.0,390.0,22.0,52.0
596.0,391.0,21.0,49.0
595.0,391.0,22.0,46.0
593.0,391.0,22.0,45.0
591.0,392.0,21.0,43.0
588.0,392.0,23.0,42.0
586.0,391.0,22.0,48.0
584.0,391.0,23.0,51.0
582.0,391.0,24.0,52.0
580.0,392.0,26.0,51.0
580.0,391.0,25.0,50.0
579.0,393.0,23.0,46.0
580.0,394.0,20.0,44.0
579.0,394.0,21.0,40.0
578.0,393.0,20.0,38.0
577.0,393.0,20.0,38.0
576.0,391.0,21.0,43.0
576.0,391.0,21.0,46.0
575.0,388.0,22.0,49.0
573.0,387.0,26.0,54.0
570.0,385.0,29.0,56.0
569.0,386.0,27.0,54.0
567.0,386.0,26.0,50.0
565.0,386.0,28.0,46.0
565.0,387.0,27.0,43.0
563.0,386.0,27.0,42.0
562.0,384.0,26.0,43.0
561.0,382.0,26.0,50.0
558.0,380.0,27.0,52.0
557.0,380.0,25.0,52.0
555.0,381.0,24.0,54.0
552.0,379.0,25.0,54.0
550.0,379.0,22.0,51.0
548.0,380.0,20.0,47.0
545.0,380.0,20.0,44.0
542.0,379.0,21.0,41.0
538.0,376.0,23.0,40.0
535.0,374.0,25.0,41.0
531.0,370.0,29.0,45.0
529.0,370.0,29.0,49.0
528.0,369.0,31.0,51.0
527.0,368.0,32.0,53.0
526.0,367.0,30.0,52.0
525.0,366.0,28.0,49.0
525.0,365.0,27.0,45.0
526.0,364.0,27.0,42.0
525.0,363.0,27.0,42.0
528.0,360.0,26.0,42.0
527.0,358.0,29.0,44.0
532.0,355.0,26.0,47.0
539.0,353.0,22.0,49.0
544.0,351.0,21.0,51.0
549.0,350.0,22.0,48.0
555.0,349.0,22.0,47.0
561.0,347.0,21.0,45.0
570.0,345.0,20.0,42.0
577.0,343.0,19.0,41.0
583.0,340.0,20.0,41.0
589.0,337.0,21.0,43.0
593.0,334.0,25.0,46.0
601.0,330.0,26.0,49.0
608.0,328.0,25.0,50.0
614.0,326.0,26.0,49.0
618.0,327.0,23.0,46.0
623.0,325.0,23.0,44.0
628.0,323.0,23.0,42.0
631.0,322.0,24.0,44.0
634.0,320.0,25.0,43.0
637.0,318.0,24.0,45.0
640.0,316.0,26.0,46.0
644.0,314.0,31.0,45.0
647.0,314.0,33.0,45.0
649.0,313.0,25.0,43.0
650.0,312.0,25.0,41.0
653.0,310.0,23.0,40.0
653.0,307.0,23.0,39.0
654.0,305.0,26.0,40.0
653.0,303.0,31.0,40.0
653.0,300.0,33.0,43.0
653.0,297.0,33.0,45.0
651.0,295.0,33.0,45.0
651.0,295.0,31.0,44.0
652.0,294.0,29.0,42.0
652.0,293.0,28.0,40.0
651.0,291.0,28.0,39.0
651.0,289.0,28.0,39.0
652.0,286.0,29.0,41.0
652.0,284.0,29.0,43.0
653.0,280.0,29.0,45.0
651.0,280.0,27.0,45.0
652.0,278.0,25.0,44.0
652.0,275.0,22.0,45.0
651.0,275.0,23.0,43.0
653.0,273.0,23.0,43.0
652.0,271.0,23.0,41.0
651.0,269.0,24.0,41.0
653.0,266.0,26.0,42.0
654.0,263.0,26.0,44.0
656.0,262.0,26.0,45.0
659.0,260.0,22.0,46.0
663.0,258.0,19.0,46.0
666.0,257.0,20.0,47.0
667.0,256.0,21.0,43.0
671.0,256.0,19.0,44.0
671.0,254.0,22.0,42.0
675.0,252.0,25.0,43.0
678.0,250.0,24.0,44.0
682.0,249.0,23.0,46.0
685.0,249.0,22.0,45.0
688.0,247.0,23.0,46.0
695.0,247.0,18.0,46.0
699.0,246.0,18.0,46.0
701.0,245.0,19.0,44.0
703.0,244.0,20.0,42.0
705.0,242.0,22.0,41.0
709.0,241.0,21.0,42.0
712.0,240.0,22.0,43.0
716.0,239.0,22.0,46.0
719.0,239.0,22.0,46.0
724.0,238.0,20.0,46.0
729.0,239.0,18.0,47.0
731.0,239.0,18.0,46.0
732.0,239.0,20.0,44.0
731.0,239.0,22.0,44.0
731.0,238.0,25.0,43.0
734.0,236.0,24.0,44.0
735.0,236.0,24.0,45.0
735.0,237.0,23.0,43.0
736.0,236.0,23.0,43.0
737.0,236.0,21.0,44.0
739.0,236.0,18.0,45.0
740.0,237.0,18.0,44.0
739.0,237.0,20.0,44.0
740.0,236.0,20.0,45.0
740.0,235.0,22.0,43.0
740.0,233.0,22.0,45.0
740.0,232.0,24.0,48.0
742.0,233.0,24.0,45.0
744.0,233.0,23.0,45.0
744.0,233.0,22.0,45.0
748.0,233.0,18.0,45.0
750.0,233.0,18.0,45.0
752.0,234.0,17.0,44.0
752.0,236.0,17.0,43.0
752.0,235.0,19.0,44.0
753.0,233.0,21.0,49.0
755.0,233.0,21.0,48.0
756.0,233.0,24.0,46.0
756.0,234.0,25.0,44.0
757.0,232.0,23.0,45.0
762.0,234.0,20.0,46.0
765.0,235.0,15.0,45.0
766.0,234.0,17.0,46.0
764.0,234.0,20.0,43.0
765.0,233.0,20.0,45.0
767.0,232.0,21.0,45.0
768.0,231.0,20.0,45.0
770.0,229.0,21.0,45.0
771.0,229.0,21.0,46.0
772.0,228.0,24.0,50.0
776.0,229.0,21.0,54.0
778.0,230.0,20.0,53.0
778.0,230.0,19.0,50.0
779.0,230.0,20.0,54.0
775.0,231.0,26.0,56.0
776.0,231.0,22.0,51.0
779.0,230.0,21.0,48.0
779.0,230.0,22.0,46.0
779.0,229.0,22.0,46.0
780.0,230.0,21.0,44.0
781.0,230.0,19.0,44.0
782.0,230.0,18.0,46.0
783.0,230.0,17.0,46.0
782.0,230.0,18.0,44.0
781.0,231.0,19.0,43.0
779.0,232.0,21.0,44.0
778.0,230.0,21.0,44.0
777.0,228.0,21.0,47.0
777.0,226.0,22.0,49.0
773.0,226.0,22.0,52.0
769.0,226.0,21.0,50.0
764.0,224.0,21.0,50.0
762.0,225.0,17.0,48.0
759.0,226.0,14.0,47.0
754.0,226.0,14.0,46.0
744.0,226.0,17.0,42.0
737.0,226.0,18.0,41.0
730.0,225.0,20.0,42.0
724.0,223.0,21.0,43.0
719.0,223.0,22.0,44.0
711.0,223.0,22.0,44.0
706.0,221.0,23.0,44.0
702.0,222.0,19.0,45.0
700.0,223.0,16.0,45.0
695.0,223.0,16.0,45.0
688.0,222.0,18.0,44.0
680.0,220.0,21.0,46.0
674.0,219.0,21.0,44.0
671.0,219.0,19.0,45.0
667.0,218.0,19.0,42.0
658.0,220.0,19.0,44.0
654.0,218.0,21.0,48.0
649.0,217.0,19.0,47.0
645.0,218.0,19.0,46.0
642.0,219.0,18.0,47.0
640.0,221.0,16.0,47.0
638.0,222.0,17.0,47.0
636.0,222.0,18.0,49.0
635.0,221.0,20.0,46.0
634.0,220.0,21.0,46.0
634.0,219.0,22.0,47.0
636.0,220.0,20.0,45.0
637.0,221.0,19.0,45.0
637.0,221.0,21.0,48.0
641.0,221.0,18.0,48.0
645.0,221.0,19.0,49.0
649.0,223.0,19.0,48.0
653.0,223.0,20.0,48.0
657.0,223.0,22.0,48.0
661.0,222.0,22.0,53.0
669.0,221.0,23.0,47.0
676.0,220.0,22.0,50.0
680.0,221.0,24.0,54.0
686.0,220.0,22.0,58.0
690.0,221.0,23.0,57.0
697.0,222.0,21.0,54.0
704.0,223.0,19.0,55.0
709.0,223.0,20.0,57.0
713.0,223.0,20.0,57.0
717.0,223.0,21.0,55.0
721.0,224.0,23.0,53.0
724.0,223.0,25.0,55.0
726.0,223.0,28.0,56.0
731.0,224.0,27.0,54.0
733.0,225.0,25.0,50.0
736.0,225.0,23.0,52.0
740.0,228.0,21.0,52.0
741.0,228.0,21.0,52.0
741.0,230.0,25.0,55.0
739.0,229.0,28.0,58.0
742.0,227.0,24.0,60.0
742.0,226.0,24.0,60.0
740.0,226.0,25.0,58.0
737.0,227.0,25.0,61.0
732.0,227.0,27.0,58.0
726.0,228.0,27.0,55.0
723.0,228.0,26.0,54.0
720.0,229.0,25.0,55.0
719.0,230.0,22.0,55.0
716.0,232.0,19.0,56.0
709.0,234.0,19.0,54.0
706.0,232.0,19.0,54.0
700.0,233.0,20.0,52.0
695.0,232.0,23.0,50.0
691.0,232.0,24.0,52.0
685.0,233.0,27.0,50.0
680.0,234.0,26.0,50.0
677.0,234.0,26.0,50.0
673.0,236.0,24.0,53.0
671.0,236.0,21.0,54.0
668.0,238.0,20.0,54.0
664.0,239.0,21.0,53.0
662.0,238.0,23.0,53.0
660.0,238.0,23.0,58.0
657.0,238.0,26.0,56.0
656.0,237.0,26.0,58.0
655.0,236.0,26.0,57.0
654.0,237.0,26.0,57.0
653.0,238.0,23.0,56.0
653.0,239.0,23.0,55.0
654.0,242.0,20.0,59.0
653.0,243.0,19.0,55.0
655.0,243.0,20.0,50.0
655.0,244.0,19.0,50.0
654.0,243.0,20.0,50.0
654.0,243.0,21.0,50.0
653.0,243.0,24.0,52.0
654.0,244.0,26.0,53.0
654.0,244.0,26.0,55.0
654.0,245.0,24.0,54.0
653.0,247.0,25.0,55.0
653.0,247.0,25.0,56.0
654.0,248.0,25.0,57.0
655.0,248.0,24.0,54.0
657.0,248.0,24.0,57.0
656.0,247.0,26.0,57.0
658.0,246.0,25.0,58.0
659.0,245.0,26.0,61.0
659.0,246.0,27.0,61.0
658.0,247.0,26.0,59.0
657.0,248.0,26.0,56.0
657.0,248.0,24.0,57.0
656.0,250.0,22.0,58.0
655.0,251.0,21.0,59.0
653.0,253.0,20.0,54.0
652.0,254.0,19.0,53.0
650.0,255.0,22.0,51.0
649.0,255.0,22.0,51.0
647.0,256.0,24.0,51.0
645.0,256.0,25.0,50.0
645.0,259.0,26.0,51.0
643.0,258.0,24.0,53.0
642.0,258.0,23.0,54.0
642.0,259.0,22.0,53.0
640.0,260.0,24.0,54.0
638.0,260.0,28.0,59.0
637.0,259.0,30.0,62.0
639.0,258.0,28.0,60.0
639.0,258.0,26.0,59.0
640.0,257.0,25.0,59.0
638.0,258.0,26.0,62.0
640.0,259.0,26.0,62.0
639.0,258.0,28.0,64.0
641.0,259.0,27.0,64.0
643.0,260.0,26.0,64.0
646.0,262.0,22.0,63.0
649.0,263.0,21.0,60.0
650.0,264.0,21.0,61.0
653.0,264.0,20.0,56.0
655.0,264.0,20.0,58.0
659.0,263.0,22.0,61.0
660.0,264.0,23.0,61.0
664.0,265.0,24.0,59.0
667.0,266.0,23.0,58.0
671.0,267.0,21.0,58.0
673.0,268.0,23.0,62.0
677.0,268.0,25.0,59.0
682.0,270.0,24.0,59.0
688.0,270.0,24.0,61.0
693.0,269.0,24.0,66.0
700.0,270.0,24.0,65.0
705.0,269.0,25.0,67.0
712.0,269.0,26.0,67.0
716.0,269.0,26.0,66.0
721.0,270.0,27.0,67.0
729.0,271.0,24.0,63.0
734.0,273.0,23.0,62.0
740.0,273.0,21.0,65.0
745.0,273.0,21.0,62.0
749.0,274.0,20.0,59.0
754.0,274.0,19.0,59.0
757.0,273.0,20.0,63.0
759.0,274.0,20.0,64.0
763.0,273.0,21.0,64.0
765.0,274.0,23.0,63.0
768.0,275.0,26.0,63.0
770.0,276.0,25.0,64.0
773.0,277.0,24.0,63.0
776.0,279.0,23.0,60.0
777.0,280.0,24.0,59.0
779.0,279.0,24.0,62.0
780.0,278.0,24.0,66.0
780.0,277.0,28.0,65.0
780.0,278.0,29.0,62.0
778.0,277.0,27.0,66.0
777.0,277.0,27.0,67.0
778.0,277.0,26.0,67.0
776.0,279.0,25.0,63.0
777.0,280.0,23.0,62.0
776.0,281.0,24.0,63.0
772.0,280.0,24.0,68.0
772.0,282.0,22.0,68.0
770.0,282.0,21.0,61.0
770.0,283.0,21.0,60.0
767.0,280.0,20.0,62.0
765.0,281.0,19.0,65.0
764.0,280.0,20.0,65.0
758.0,280.0,23.0,65.0
754.0,282.0,24.0,62.0
752.0,285.0,23.0,59.0
751.0,285.0,21.0,58.0
748.0,286.0,20.0,58.0
744.0,285.0,21.0,60.0
742.0,285.0,21.0,62.0
737.0,284.0,22.0,65.0
732.0,283.0,22.0,67.0
728.0,282.0,23.0,68.0
724.0,282.0,23.0,69.0
720.0,282.0,23.0,66.0
716.0,281.0,23.0,67.0
711.0,283.0,24.0,66.0
708.0,286.0,22.0,62.0
704.0,288.0,22.0,59.0
702.0,288.0,22.0,60.0
698.0,287.0,21.0,60.0
696.0,287.0,21.0,60.0
694.0,285.0,21.0,63.0
691.0,283.0,21.0,65.0
689.0,285.0,22.0,65.0
686.0,286.0,23.0,63.0
683.0,286.0,23.0,65.0
684.0,287.0,22.0,63.0
682.0,287.0,23.0,64.0
681.0,288.0,24.0,65.0
680.0,290.0,23.0,60.0
680.0,290.0,24.0,61.0
681.0,289.0,23.0,63.0
684.0,287.0,23.0,66.0
683.0,288.0,23.0,66.0
686.0,285.0,23.0,70.0
686.0,286.0,22.0,68.0
689.0,285.0,23.0,73.0
690.0,285.0,22.0,73.0
693.0,287.0,22.0,69.0
696.0,289.0,23.0,64.0
699.0,290.0,22.0,63.0
701.0,290.0,21.0,63.0
705.0,289.0,22.0,63.0
708.0,290.0,22.0,63.0
710.0,288.0,22.0,66.0
713.0,286.0,22.0,69.0
715.0,286.0,22.0,70.0
717.0,287.0,23.0,71.0
719.0,288.0,24.0,68.0
721.0,289.0,24.0,66.0
722.0,290.0,24.0,63.0
723.0,292.0,23.0,63.0
724.0,291.0,24.0,65.0
724.0,294.0,23.0,62.0
727.0,293.0,21.0,64.0
727.0,294.0,21.0,64.0
726.0,290.0,22.0,69.0
725.0,290.0,22.0,69.0
723.0,291.0,22.0,69.0
722.0,290.0,22.0,71.0
721.0,291.0,21.0,67.0
719.0,291.0,22.0,66.0
718.0,293.0,21.0,64.0
714.0,293.0,22.0,61.0
711.0,294.0,24.0,60.0
709.0,295.0,23.0,59.0
706.0,294.0,22.0,61.0
706.0,293.0,22.0,64.0
703.0,293.0,22.0,65.0
703.0,291.0,22.0,67.0
700.0,290.0,22.0,69.0
700.0,290.0,21.0,70.0
699.0,290.0,21.0,68.0
699.0,291.0,22.0,66.0
698.0,291.0,21.0,64.0
699.0,293.0,20.0,63.0
699.0,293.0,20.0,61.0
698.0,293.0,22.0,60.0
699.0,292.0,21.0,61.0
700.0,292.0,21.0,61.0
702.0,290.0,21.0,63.0
704.0,289.0,21.0,62.0
706.0,289.0,22.0,65.0
708.0,289.0,22.0,65.0
711.0,289.0,21.0,64.0
715.0,290.0,21.0,65.0
716.0,290.0,22.0,62.0
719.0,292.0,23.0,61.0
721.0,292.0,24.0,59.0
722.0,291.0,24.0,61.0
724.0,290.0,24.0,63.0
725.0,290.0,23.0,65.0
727.0,289.0,22.0,66.0
729.0,288.0,23.0,67.0
730.0,287.0,21.0,68.0
731.0,287.0,21.0,69.0
730.0,287.0,21.0,66.0
730.0,287.0,22.0,65.0
730.0,287.0,22.0,64.0
729.0,288.0,22.0,63.0
730.0,288.0,21.0,62.0
728.0,288.0,23.0,62.0
728.0,286.0,21.0,63.0
727.0,285.0,20.0,64.0
726.0,284.0,20.0,63.0
722.0,282.0,20.0,60.0
720.0,282.0,21.0,63.0
716.0,282.0,20.0,60.0
714.0,283.0,21.0,60.0
711.0,283.0,21.0,59.0
706.0,283.0,21.0,56.0
702.0,283.0,21.0,55.0
699.0,281.0,21.0,56.0
695.0,281.0,22.0,57.0
693.0,279.0,22.0,59.0
689.0,276.0,22.0,60.0
686.0,275.0,22.0,61.0
683.0,274.0,22.0,61.0
680.0,273.0,21.0,62.0
677.0,273.0,22.0,59.0
674.0,273.0,22.0,60.0
671.0,273.0,22.0,60.0
669.0,272.0,22.0,61.0
668.0,273.0,21.0,59.0
667.0,273.0,20.0,59.0
667.0,272.0,19.0,57.0
665.0,271.0,19.0,58.0
666.0,269.0,18.0,59.0
665.0,268.0,18.0,58.0
666.0,266.0,19.0,58.0
665.0,265.0,20.0,58.0
666.0,265.0,19.0,56.0
667.0,266.0,19.0,56.0
667.0,266.0,19.0,55.0
669.0,265.0,20.0,54.0
672.0,264.0,19.0,54.0
672.0,263.0,22.0,58.0
674.0,262.0,22.0,62.0
676.0,260.0,21.0,67.0
678.0,258.0,21.0,64.0
680.0,257.0,21.0,60.0
681.0,256.0,21.0,58.0
682.0,255.0,21.0,57.0
682.0,256.0,22.0,58.0
683.0,256.0,22.0,58.0
685.0,256.0,21.0,57.0
687.0,257.0,21.0,55.0
690.0,256.0,20.0,55.0
693.0,256.0,18.0,52.0
695.0,254.0,19.0,54.0
696.0,253.0,20.0,54.0
698.0,253.0,20.0,54.0
700.0,252.0,19.0,53.0
700.0,250.0,21.0,53.0
703.0,249.0,21.0,53.0
706.0,252.0,20.0,50.0
708.0,251.0,20.0,49.0
711.0,252.0,18.0,48.0
714.0,252.0,18.0,47.0
715.0,253.0,18.0,47.0
718.0,251.0,18.0,49.0
720.0,251.0,19.0,50.0
721.0,248.0,20.0,50.0
725.0,247.0,20.0,52.0
727.0,245.0,19.0,53.0
731.0,244.0,20.0,52.0
733.0,244.0,21.0,51.0
735.0,243.0,21.0,50.0
740.0,244.0,20.0,49.0
742.0,243.0,19.0,50.0
747.0,245.0,18.0,50.0
751.0,245.0,18.0,49.0
756.0,246.0,17.0,47.0
760.0,245.0,17.0,49.0
765.0,245.0,17.0,47.0
770.0,244.0,17.0,49.0
776.0,243.0,17.0,49.0
780.0,242.0,19.0,51.0
786.0,243.0,19.0,49.0
790.0,243.0,21.0,49.0
797.0,244.0,24.0,48.0
805.0,245.0,23.0,48.0
813.0,247.0,21.0,47.0
825.0,247.0,17.0,47.0
833.0,247.0,17.0,47.0
840.0,249.0,19.0,46.0
849.0,249.0,18.0,46.0
857.0,249.0,19.0,46.0
865.0,249.0,19.0,48.0
873.0,249.0,19.0,49.0
887.0,249.0,18.0,48.0
893.0,249.0,20.0,48.0
899.0,250.0,25.0,49.0
910.0,250.0,23.0,48.0
924.0,252.0,18.0,47.0
935.0,255.0,17.0,46.0
943.0,256.0,19.0,46.0
951.0,258.0,18.0,46.0
958.0,258.0,18.0,46.0
963.0,259.0,19.0,47.0
970.0,259.0,21.0,48.0
973.0,262.0,22.0,46.0
975.0,262.0,23.0,48.0
977.0,261.0,23.0,48.0
978.0,263.0,23.0,48.0
976.0,263.0,25.0,48.0
975.0,266.0,26.0,46.0
974.0,266.0,24.0,47.0
972.0,267.0,26.0,49.0
967.0,268.0,29.0,47.0
963.0,270.0,31.0,47.0
960.0,270.0,30.0,49.0
955.0,270.0,33.0,47.0
947.0,272.0,31.0,45.0
941.0,272.0,31.0,44.0
934.0,272.0,29.0,45.0
929.0,273.0,27.0,43.0
922.0,272.0,25.0,41.0
914.0,272.0,26.0,42.0
906.0,274.0,28.0,40.0
895.0,274.0,29.0,41.0
891.0,276.0,32.0,39.0
886.0,273.0,31.0,44.0
878.0,271.0,31.0,46.0
870.0,272.0,31.0,45.0
863.0,272.0,33.0,43.0
855.0,271.0,34.0,45.0
849.0,266.0,37.0,48.0
854.0,266.0,50.0,38.0
846.0,264.0,50.0,42.0
842.0,264.0,53.0,41.0
836.0,263.0,55.0,42.0
829.0,261.0,60.0,45.0
822.0,264.0,66.0,39.0
827.0,256.0,58.0,48.0
817.0,263.0,63.0,42.0
809.0,262.0,68.0,44.0
807.0,263.0,68.0,46.0
810.0,260.0,63.0,47.0
801.0,262.0,69.0,48.0
796.0,262.0,70.0,49.0
798.0,262.0,65.0,52.0
793.0,265.0,68.0,48.0
795.0,267.0,64.0,46.0
788.0,271.0,68.0,43.0
785.0,271.0,66.0,47.0
778.0,275.0,63.0,48.0
780.0,276.0,49.0,50.0
786.0,277.0,62.0,42.0
782.0,278.0,64.0,40.0
776.0,282.0,58.0,43.0
776.0,282.0,67.0,41.0
769.0,281.0,41.0,50.0
763.0,285.0,29.0,52.0
765.0,288.0,25.0,49.0
767.0,293.0,20.0,43.0
767.0,294.0,18.0,44.0
764.0,296.0,18.0,44.0
761.0,297.0,19.0,46.0
759.0,297.0,18.0,45.0
753.0,299.0,19.0,46.0
751.0,299.0,19.0,45.0
748.0,299.0,17.0,48.0
744.0,300.0,19.0,50.0
741.0,302.0,19.0,51.0
735.0,299.0,18.0,55.0
731.0,306.0,19.0,50.0
728.0,305.0,19.0,47.0
725.0,310.0,19.0,46.0
722.0,311.0,18.0,43.0
716.0,313.0,18.0,41.0
712.0,314.0,18.0,42.0
708.0,316.0,20.0,40.0
704.0,317.0,19.0,41.0
700.0,318.0,19.0,41.0
694.0,320.0,19.0,41.0
690.0,321.0,21.0,41.0
684.0,322.0,21.0,40.0
681.0,323.0,22.0,40.0
675.0,323.0,23.0,39.0
670.0,325.0,25.0,39.0
665.0,325.0,23.0,40.0
662.0,327.0,25.0,40.0
656.0,326.0,23.0,40.0
653.0,327.0,25.0,42.0
646.0,327.0,24.0,43.0
644.0,328.0,26.0,42.0
640.0,329.0,26.0,42.0
637.0,330.0,26.0,43.0
635.0,330.0,26.0,42.0
632.0,331.0,25.0,43.0
630.0,332.0,27.0,42.0
629.0,333.0,25.0,42.0
628.0,334.0,25.0,42.0
628.0,334.0,25.0,40.0
628.0,335.0,25.0,41.0
627.0,335.0,26.0,41.0
627.0,335.0,26.0,42.0
627.0,336.0,26.0,41.0
629.0,335.0,28.0,42.0
631.0,335.0,26.0,44.0
632.0,335.0,25.0,44.0
633.0,335.0,26.0,43.0
635.0,335.0,27.0,43.0
637.0,336.0,25.0,44.0
639.0,334.0,26.0,45.0
641.0,336.0,25.0,43.0
642.0,335.0,26.0,44.0
643.0,334.0,27.0,47.0
644.0,335.0,27.0,47.0
644.0,335.0,27.0,47.0
644.0,335.0,28.0,46.0
643.0,335.0,30.0,47.0
643.0,335.0,31.0,49.0
644.0,336.0,31.0,48.0
643.0,335.0,30.0,50.0
643.0,335.0,30.0,50.0
641.0,334.0,31.0,50.0
641.0,335.0,31.0,50.0
640.0,335.0,30.0,50.0
640.0,336.0,29.0,48.0
638.0,337.0,30.0,47.0
635.0,337.0,29.0,46.0
633.0,338.0,30.0,45.0
630.0,339.0,29.0,45.0
624.0,336.0,29.0,47.0
620.0,336.0,29.0,46.0
615.0,337.0,30.0,46.0
612.0,338.0,30.0,46.0
607.0,336.0,31.0,46.0
602.0,337.0,32.0,47.0
599.0,337.0,33.0,47.0
594.0,337.0,34.0,47.0
592.0,337.0,34.0,48.0
590.0,337.0,34.0,49.0
586.0,338.0,33.0,48.0
585.0,338.0,32.0,48.0
584.0,338.0,31.0,49.0
584.0,338.0,31.0,47.0
584.0,338.0,30.0,48.0
585.0,338.0,29.0,49.0
585.0,338.0,26.0,47.0
586.0,337.0,27.0,47.0
588.0,337.0,26.0,48.0
589.0,336.0,24.0,49.0
593.0,337.0,25.0,47.0
595.0,336.0,27.0,48.0
597.0,336.0,27.0,49.0
601.0,334.0,27.0,49.0
605.0,335.0,25.0,49.0
612.0,334.0,24.0,49.0
616.0,334.0,24.0,49.0
621.0,332.0,22.0,49.0
625.0,332.0,22.0,50.0
630.0,332.0,22.0,50.0
636.0,332.0,22.0,50.0
641.0,332.0,22.0,49.0
645.0,331.0,21.0,50.0
650.0,331.0,22.0,50.0
655.0,330.0,21.0,49.0
659.0,330.0,21.0,50.0
663.0,330.0,22.0,50.0
668.0,330.0,21.0,50.0
671.0,329.0,22.0,51.0
674.0,330.0,21.0,51.0
678.0,329.0,22.0,51.0
680.0,329.0,22.0,51.0
683.0,328.0,22.0,51.0
686.0,328.0,22.0,51.0
687.0,328.0,21.0,51.0
691.0,326.0,21.0,52.0
692.0,327.0,21.0,51.0
695.0,327.0,20.0,52.0
696.0,327.0,21.0,51.0
697.0,327.0,21.0,51.0
699.0,326.0,21.0,51.0
700.0,327.0,21.0,51.0
700.0,327.0,21.0,51.0
700.0,327.0,22.0,50.0
701.0,326.0,21.0,50.0
701.0,327.0,20.0,49.0
701.0,327.0,22.0,51.0
701.0,327.0,20.0,48.0
700.0,327.0,20.0,48.0
700.0,328.0,20.0,47.0
699.0,328.0,21.0,47.0
698.0,329.0,22.0,47.0
697.0,328.0,25.0,46.0
697.0,330.0,24.0,44.0
697.0,330.0,23.0,45.0
696.0,330.0,24.0,46.0
696.0,331.0,23.0,43.0
696.0,331.0,21.0,41.0
697.0,331.0,21.0,43.0
696.0,331.0,21.0,43.0
697.0,332.0,20.0,40.0
697.0,333.0,21.0,39.0
697.0,333.0,20.0,39.0
697.0,332.0,22.0,40.0
697.0,334.0,21.0,40.0
698.0,333.0,21.0,39.0
697.0,333.0,21.0,39.0
698.0,334.0,21.0,38.0
699.0,334.0,19.0,37.0
699.0,334.0,19.0,37.0
700.0,335.0,20.0,36.0
699.0,336.0,20.0,36.0
700.0,336.0,18.0,36.0
701.0,336.0,18.0,38.0
702.0,341.0,20.0,38.0
703.0,339.0,17.0,37.0
701.0,341.0,17.0,37.0
702.0,346.0,18.0,39.0
712.0,364.0,18.0,36.0
711.0,371.0,20.0,33.0
707.0,375.0,15.0,32.0
707.0,371.0,15.0,29.0
706.0,372.0,13.0,29.0
703.0,370.0,14.0,29.0
702.0,369.0,14.0,30.0
697.0,370.0,13.0,31.0
692.0,369.0,13.0,33.0
687.0,376.0,12.0,33.0
687.0,370.0,13.0,30.0
685.0,369.0,16.0,30.0
679.0,369.0,16.0,33.0
673.0,367.0,19.0,33.0
668.0,367.0,19.0,33.0
662.0,371.0,15.0,39.0
657.0,374.0,15.0,38.0
656.0,379.0,15.0,33.0
650.0,379.0,12.0,34.0
647.0,380.0,13.0,31.0
656.0,373.0,18.0,27.0
653.0,375.0,16.0,29.0
648.0,375.0,15.0,30.0
636.0,380.0,12.0,31.0
644.0,375.0,14.0,28.0
646.0,375.0,13.0,28.0
643.0,376.0,15.0,26.0
645.0,376.0,14.0,27.0
646.0,376.0,14.0,27.0
644.0,376.0,11.0,28.0
645.0,377.0,12.0,26.0
646.0,379.0,11.0,25.0
648.0,379.0,10.0,25.0
649.0,380.0,11.0,24.0
650.0,380.0,10.0,25.0
651.0,380.0,11.0,25.0
654.0,381.0,10.0,25.0
657.0,382.0,11.0,24.0
659.0,382.0,10.0,25.0
661.0,381.0,10.0,25.0
663.0,382.0,10.0,24.0
665.0,381.0,10.0,26.0
668.0,382.0,10.0,26.0
669.0,382.0,10.0,26.0
670.0,382.0,11.0,26.0
672.0,385.0,10.0,26.0
672.0,382.0,10.0,28.0
673.0,384.0,10.0,27.0
672.0,384.0,11.0,26.0
672.0,384.0,10.0,29.0
671.0,385.0,10.0,27.0
670.0,384.0,10.0,28.0
669.0,384.0,11.0,29.0
666.0,385.0,11.0,28.0
665.0,387.0,11.0,28.0
661.0,387.0,13.0,27.0
659.0,387.0,12.0,28.0
654.0,389.0,12.0,26.0
651.0,387.0,11.0,28.0
647.0,389.0,11.0,27.0
642.0,389.0,13.0,26.0
638.0,388.0,12.0,28.0
632.0,390.0,12.0,28.0
626.0,390.0,13.0,28.0
623.0,391.0,11.0,28.0
616.0,393.0,13.0,26.0
611.0,394.0,12.0,24.0
604.0,394.0,13.0,24.0
599.0,392.0,11.0,28.0
592.0,393.0,14.0,27.0
585.0,394.0,15.0,26.0
580.0,393.0,13.0,28.0
573.0,394.0,13.0,27.0
568.0,395.0,15.0,26.0
562.0,398.0,15.0,25.0
560.0,398.0,16.0,26.0
555.0,398.0,15.0,26.0
550.0,398.0,13.0,25.0
547.0,400.0,14.0,23.0
544.0,397.0,12.0,25.0
543.0,398.0,14.0,25.0
539.0,401.0,19.0,22.0
537.0,399.0,15.0,25.0
537.0,399.0,15.0,25.0
536.0,399.0,16.0,24.0
536.0,399.0,19.0,25.0
536.0,399.0,24.0,25.0
535.0,397.0,19.0,26.0
535.0,398.0,28.0,24.0
535.0,394.0,23.0,29.0
532.0,395.0,22.0,27.0
535.0,397.0,25.0,25.0
534.0,393.0,20.0,29.0
534.0,395.0,24.0,25.0
534.0,395.0,24.0,25.0
532.0,393.0,25.0,26.0
535.0,392.0,23.0,26.0
534.0,393.0,29.0,25.0
533.0,392.0,32.0,27.0
534.0,388.0,28.0,32.0
532.0,390.0,32.0,30.0
529.0,389.0,32.0,28.0
528.0,388.0,31.0,29.0
527.0,387.0,29.0,28.0
525.0,383.0,29.0,32.0
522.0,387.0,31.0,27.0
522.0,381.0,25.0,31.0
517.0,385.0,30.0,26.0
516.0,382.0,30.0,30.0
515.0,382.0,30.0,29.0
513.0,380.0,27.0,30.0
511.0,379.0,26.0,29.0
510.0,378.0,27.0,29.0
509.0,378.0,28.0,29.0
506.0,378.0,26.0,27.0
507.0,374.0,23.0,28.0
507.0,373.0,24.0,27.0
506.0,374.0,25.0,24.0
506.0,374.0,26.0,24.0
506.0,372.0,27.0,26.0
506.0,371.0,26.0,25.0
507.0,370.0,24.0,25.0
507.0,367.0,23.0,26.0
508.0,367.0,22.0,25.0
508.0,365.0,21.0,25.0
509.0,365.0,19.0,25.0
510.0,362.0,18.0,24.0
510.0,360.0,17.0,25.0
511.0,358.0,15.0,23.0
511.0,357.0,15.0,22.0
511.0,356.0,13.0,21.0
511.0,355.0,11.0,20.0
510.0,353.0,10.0,21.0
509.0,351.0,10.0,21.0
505.0,349.0,12.0,21.0
