609.0,171.0,29.0,81.0
608.0,170.0,28.0,81.0
608.0,172.0,28.0,82.0
608.0,171.0,27.0,80.0
608.0,172.0,27.0,80.0
608.0,172.0,26.0,78.0
607.0,173.0,26.0,75.0
608.0,173.0,25.0,76.0
608.0,173.0,26.0,78.0
606.0,173.0,26.0,79.0
606.0,173.0,26.0,80.0
605.0,174.0,26.0,80.0
603.0,174.0,27.0,82.0
603.0,174.0,27.0,82.0
602.0,174.0,27.0,84.0
601.0,175.0,28.0,84.0
601.0,175.0,27.0,84.0
601.0,175.0,27.0,83.0
600.0,175.0,27.0,84.0
600.0,176.0,26.0,84.0
600.0,176.0,25.0,83.0
600.0,175.0,24.0,81.0
599.0,176.0,25.0,80.0
599.0,176.0,25.0,78.0
598.0,176.0,25.0,77.0
597.0,176.0,26.0,76.0
597.0,177.0,25.0,77.0
597.0,178.0,25.0,77.0
597.0,178.0,25.0,78.0
596.0,178.0,27.0,78.0
594.0,177.0,29.0,79.0
594.0,178.0,29.0,80.0
592.0,178.0,29.0,81.0
592.0,179.0,28.0,80.0
592.0,180.0,28.0,79.0
592.0,180.0,28.0,78.0
591.0,180.0,28.0,81.0
590.0,180.0,28.0,79.0
591.0,180.0,27.0,78.0
591.0,180.0,26.0,77.0
591.0,180.0,26.0,75.0
591.0,180.0,25.0,75.0
590.0,179.0,26.0,77.0
591.0,180.0,25.0,77.0
590.0,179.0,26.0,79.0
588.0,179.0,27.0,79.0
587.0,179.0,27.0,80.0
586.0,180.0,28.0,82.0
586.0,180.0,28.0,81.0
585.0,179.0,28.0,82.0
584.0,180.0,28.0,83.0
585.0,181.0,27.0,81.0
584.0,180.0,27.0,82.0
584.0,180.0,26.0,81.0
584.0,179.0,26.0,83.0
583.0,180.0,25.0,80.0
584.0,180.0,24.0,78.0
584.0,179.0,24.0,76.0
582.0,179.0,25.0,76.0
582.0,180.0,25.0,75.0
582.0,179.0,25.0,76.0
581.0,180.0,26.0,77.0
581.0,180.0,25.0,76.0
581.0,179.0,26.0,78.0
580.0,179.0,27.0,79.0
580.0,178.0,28.0,80.0
580.0,179.0,28.0,80.0
579.0,179.0,28.0,80.0
579.0,179.0,28.0,79.0
578.0,180.0,28.0,79.0
579.0,179.0,27.0,80.0
579.0,178.0,27.0,80.0
579.0,179.0,27.0,79.0
579.0,178.0,26.0,77.0
581.0,178.0,25.0,76.0
582.0,178.0,24.0,74.0
582.0,177.0,24.0,75.0
582.0,176.0,25.0,78.0
582.0,176.0,24.0,77.0
581.0,175.0,25.0,79.0
582.0,175.0,26.0,78.0
580.0,176.0,27.0,81.0
581.0,176.0,26.0,81.0
580.0,175.0,27.0,81.0
580.0,175.0,27.0,82.0
580.0,176.0,27.0,82.0
580.0,175.0,26.0,81.0
580.0,175.0,25.0,81.0
581.0,174.0,25.0,80.0
581.0,174.0,25.0,81.0
583.0,174.0,24.0,77.0
583.0,172.0,24.0,76.0
582.0,172.0,24.0,75.0
582.0,171.0,24.0,75.0
583.0,170.0,24.0,74.0
582.0,169.0,25.0,76.0
583.0,170.0,25.0,76.0
583.0,169.0,25.0,77.0
583.0,169.0,26.0,77.0
582.0,168.0,27.0,78.0
583.0,167.0,28.0,79.0
583.0,167.0,28.0,79.0
582.0,167.0,28.0,79.0
583.0,167.0,28.0,78.0
581.0,167.0,28.0,79.0
583.0,166.0,27.0,79.0
583.0,166.0,26.0,79.0
584.0,165.0,25.0,78.0
585.0,165.0,26.0,76.0
585.0,164.0,26.0,75.0
585.0,164.0,25.0,75.0
586.0,164.0,26.0,76.0
586.0,163.0,25.0,76.0
585.0,163.0,26.0,78.0
586.0,163.0,26.0,78.0
586.0,163.0,27.0,79.0
586.0,163.0,26.0,79.0
586.0,162.0,27.0,81.0
586.0,163.0,28.0,81.0
586.0,163.0,27.0,81.0
587.0,162.0,26.0,80.0
588.0,162.0,26.0,80.0
589.0,162.0,25.0,81.0
589.0,161.0,25.0,80.0
590.0,161.0,24.0,79.0
591.0,161.0,24.0,75.0
591.0,160.0,24.0,74.0
592.0,159.0,24.0,74.0
591.0,160.0,24.0,74.0
591.0,159.0,24.0,73.0
591.0,159.0,24.0,75.0
592.0,159.0,25.0,75.0
591.0,158.0,26.0,76.0
591.0,158.0,27.0,77.0
591.0,158.0,27.0,78.0
590.0,157.0,28.0,78.0
591.0,158.0,27.0,77.0
591.0,158.0,27.0,77.0
591.0,159.0,28.0,77.0
592.0,159.0,27.0,78.0
593.0,160.0,27.0,77.0
594.0,159.0,26.0,76.0
594.0,159.0,26.0,75.0
595.0,160.0,25.0,73.0
596.0,160.0,25.0,72.0
596.0,160.0,25.0,74.0
596.0,160.0,25.0,75.0
596.0,160.0,25.0,75.0
597.0,160.0,25.0,76.0
596.0,161.0,25.0,75.0
596.0,160.0,26.0,77.0
595.0,160.0,26.0,78.0
595.0,160.0,27.0,79.0
595.0,160.0,26.0,79.0
596.0,160.0,26.0,78.0
597.0,159.0,25.0,78.0
596.0,159.0,26.0,78.0
596.0,158.0,25.0,78.0
597.0,159.0,24.0,77.0
597.0,158.0,24.0,76.0
598.0,159.0,24.0,73.0
597.0,159.0,25.0,72.0
597.0,159.0,25.0,73.0
598.0,160.0,24.0,73.0
597.0,160.0,25.0,74.0
598.0,161.0,24.0,73.0
597.0,162.0,25.0,75.0
596.0,162.0,26.0,75.0
597.0,163.0,27.0,75.0
596.0,164.0,29.0,76.0
596.0,165.0,28.0,75.0
596.0,166.0,27.0,75.0
595.0,166.0,27.0,75.0
595.0,166.0,27.0,77.0
595.0,167.0,27.0,77.0
595.0,167.0,27.0,76.0
596.0,167.0,26.0,75.0
596.0,168.0,26.0,73.0
597.0,168.0,25.0,72.0
598.0,168.0,25.0,72.0
598.0,167.0,25.0,74.0
597.0,169.0,25.0,75.0
597.0,169.0,26.0,76.0
597.0,169.0,26.0,75.0
596.0,169.0,26.0,77.0
595.0,170.0,27.0,78.0
596.0,170.0,27.0,78.0
595.0,170.0,26.0,78.0
594.0,171.0,27.0,79.0
595.0,171.0,26.0,78.0
595.0,171.0,25.0,78.0
594.0,170.0,26.0,80.0
595.0,171.0,25.0,78.0
595.0,170.0,24.0,76.0
595.0,171.0,24.0,74.0
595.0,170.0,25.0,73.0
594.0,169.0,25.0,74.0
595.0,170.0,25.0,73.0
594.0,169.0,25.0,75.0
594.0,168.0,25.0,75.0
593.0,169.0,25.0,74.0
594.0,168.0,26.0,75.0
594.0,168.0,26.0,77.0
593.0,168.0,27.0,77.0
593.0,168.0,27.0,78.0
593.0,168.0,26.0,76.0
592.0,169.0,26.0,75.0
592.0,167.0,26.0,78.0
591.0,167.0,26.0,76.0
591.0,167.0,27.0,77.0
592.0,166.0,26.0,77.0
591.0,166.0,27.0,75.0
592.0,166.0,26.0,74.0
592.0,166.0,26.0,72.0
592.0,167.0,26.0,73.0
593.0,167.0,26.0,74.0
593.0,167.0,25.0,75.0
592.0,166.0,26.0,76.0
591.0,168.0,26.0,75.0
591.0,168.0,26.0,76.0
590.0,167.0,26.0,78.0
590.0,167.0,26.0,78.0
590.0,167.0,26.0,79.0
591.0,167.0,27.0,77.0
589.0,167.0,26.0,78.0
590.0,166.0,24.0,77.0
590.0,166.0,25.0,78.0
591.0,166.0,24.0,77.0
591.0,166.0,23.0,75.0
589.0,165.0,24.0,72.0
590.0,166.0,24.0,72.0
590.0,166.0,24.0,73.0
589.0,165.0,24.0,72.0
589.0,165.0,24.0,74.0
590.0,165.0,24.0,74.0
589.0,165.0,25.0,75.0
588.0,166.0,26.0,76.0
588.0,165.0,27.0,76.0
589.0,166.0,26.0,76.0
587.0,166.0,27.0,76.0
587.0,166.0,26.0,76.0
587.0,167.0,26.0,76.0
586.0,166.0,25.0,77.0
587.0,165.0,26.0,77.0
587.0,166.0,26.0,77.0
586.0,166.0,26.0,75.0
587.0,166.0,25.0,73.0
586.0,166.0,25.0,72.0
587.0,166.0,25.0,73.0
587.0,166.0,25.0,74.0
585.0,166.0,25.0,75.0
586.0,166.0,25.0,77.0
585.0,166.0,25.0,76.0
584.0,166.0,26.0,78.0
584.0,166.0,25.0,77.0
584.0,166.0,26.0,79.0
584.0,166.0,25.0,78.0
584.0,166.0,26.0,79.0
583.0,167.0,25.0,78.0
583.0,167.0,25.0,78.0
583.0,166.0,24.0,79.0
583.0,167.0,24.0,78.0
584.0,166.0,23.0,78.0
583.0,166.0,24.0,76.0
584.0,166.0,24.0,73.0
582.0,165.0,24.0,73.0
582.0,166.0,24.0,72.0
583.0,166.0,24.0,73.0
582.0,166.0,24.0,72.0
582.0,166.0,24.0,74.0
582.0,166.0,25.0,74.0
582.0,166.0,26.0,75.0
582.0,165.0,27.0,76.0
581.0,166.0,27.0,77.0
581.0,166.0,27.0,77.0
581.0,166.0,27.0,76.0
581.0,166.0,26.0,76.0
581.0,166.0,26.0,76.0
581.0,165.0,26.0,77.0
581.0,166.0,26.0,76.0
583.0,165.0,25.0,75.0
582.0,165.0,25.0,73.0
583.0,164.0,24.0,73.0
584.0,164.0,24.0,73.0
584.0,164.0,25.0,74.0
584.0,164.0,25.0,76.0
583.0,164.0,24.0,76.0
583.0,165.0,26.0,77.0
583.0,165.0,25.0,77.0
583.0,165.0,26.0,78.0
583.0,164.0,26.0,79.0
583.0,164.0,26.0,79.0
583.0,165.0,26.0,79.0
584.0,165.0,25.0,78.0
584.0,165.0,25.0,79.0
584.0,164.0,25.0,78.0
584.0,164.0,25.0,77.0
585.0,164.0,24.0,76.0
586.0,164.0,23.0,73.0
586.0,164.0,24.0,73.0
587.0,163.0,23.0,72.0
587.0,163.0,24.0,73.0
586.0,163.0,24.0,74.0
587.0,163.0,24.0,74.0
587.0,163.0,25.0,74.0
587.0,164.0,26.0,75.0
588.0,163.0,27.0,76.0
588.0,163.0,27.0,77.0
588.0,164.0,27.0,78.0
588.0,164.0,27.0,77.0
589.0,164.0,26.0,78.0
589.0,164.0,26.0,78.0
589.0,164.0,27.0,79.0
590.0,163.0,26.0,78.0
591.0,163.0,26.0,77.0
592.0,163.0,25.0,75.0
594.0,163.0,25.0,74.0
596.0,163.0,24.0,74.0
596.0,163.0,24.0,74.0
596.0,162.0,24.0,76.0
597.0,162.0,24.0,77.0
596.0,162.0,24.0,79.0
597.0,162.0,25.0,78.0
597.0,163.0,25.0,79.0
598.0,162.0,25.0,79.0
597.0,163.0,26.0,80.0
597.0,163.0,26.0,80.0
598.0,162.0,25.0,80.0
599.0,162.0,25.0,80.0
599.0,163.0,25.0,81.0
600.0,162.0,24.0,79.0
600.0,162.0,23.0,79.0
601.0,162.0,24.0,78.0
602.0,162.0,23.0,74.0
602.0,161.0,23.0,75.0
602.0,160.0,24.0,75.0
602.0,161.0,24.0,75.0
602.0,161.0,24.0,75.0
603.0,160.0,24.0,76.0
603.0,160.0,25.0,76.0
604.0,161.0,25.0,76.0
605.0,161.0,26.0,77.0
604.0,160.0,27.0,78.0
603.0,160.0,27.0,79.0
604.0,161.0,26.0,78.0
605.0,161.0,26.0,77.0
604.0,160.0,26.0,78.0
605.0,160.0,26.0,79.0
605.0,159.0,26.0,78.0
606.0,160.0,26.0,78.0
607.0,160.0,25.0,76.0
608.0,159.0,25.0,75.0
608.0,159.0,25.0,76.0
608.0,158.0,25.0,78.0
609.0,158.0,26.0,78.0
608.0,158.0,26.0,80.0
608.0,157.0,26.0,79.0
609.0,158.0,26.0,81.0
609.0,158.0,26.0,80.0
607.0,157.0,27.0,81.0
607.0,158.0,27.0,82.0
609.0,158.0,26.0,82.0
608.0,158.0,26.0,81.0
608.0,157.0,26.0,82.0
609.0,156.0,25.0,81.0
607.0,156.0,26.0,82.0
609.0,156.0,25.0,80.0
610.0,156.0,24.0,77.0
610.0,156.0,25.0,76.0
609.0,155.0,25.0,76.0
611.0,156.0,24.0,75.0
610.0,155.0,24.0,75.0
610.0,156.0,25.0,77.0
610.0,155.0,25.0,76.0
609.0,155.0,26.0,78.0
608.0,154.0,27.0,78.0
609.0,155.0,27.0,78.0
609.0,154.0,28.0,79.0
609.0,156.0,27.0,78.0
609.0,155.0,27.0,77.0
608.0,155.0,27.0,79.0
608.0,155.0,27.0,78.0
608.0,154.0,27.0,78.0
609.0,154.0,26.0,77.0
610.0,154.0,25.0,76.0
611.0,154.0,25.0,75.0
610.0,154.0,25.0,75.0
610.0,153.0,25.0,77.0
610.0,153.0,25.0,77.0
610.0,153.0,25.0,79.0
609.0,153.0,26.0,80.0
609.0,153.0,26.0,80.0
608.0,153.0,26.0,81.0
608.0,153.0,26.0,81.0
607.0,153.0,26.0,82.0
607.0,153.0,25.0,82.0
607.0,152.0,25.0,81.0
607.0,152.0,26.0,83.0
607.0,152.0,24.0,81.0
607.0,151.0,24.0,81.0
607.0,151.0,23.0,77.0
607.0,151.0,23.0,76.0
607.0,151.0,24.0,76.0
607.0,150.0,23.0,75.0
607.0,151.0,24.0,76.0
605.0,150.0,24.0,76.0
605.0,150.0,25.0,77.0
605.0,150.0,25.0,77.0
605.0,151.0,26.0,77.0
604.0,150.0,27.0,78.0
603.0,152.0,27.0,78.0
603.0,151.0,27.0,78.0
603.0,151.0,26.0,77.0
602.0,151.0,26.0,78.0
602.0,151.0,26.0,78.0
602.0,150.0,27.0,78.0
602.0,151.0,26.0,78.0
603.0,150.0,26.0,76.0
603.0,151.0,25.0,75.0
603.0,151.0,24.0,74.0
603.0,150.0,25.0,76.0
603.0,150.0,25.0,77.0
603.0,150.0,25.0,78.0
602.0,150.0,25.0,79.0
602.0,151.0,26.0,79.0
601.0,151.0,26.0,80.0
600.0,151.0,26.0,81.0
601.0,151.0,27.0,80.0
600.0,151.0,26.0,81.0
600.0,152.0,26.0,80.0
600.0,151.0,25.0,81.0
599.0,151.0,25.0,81.0
600.0,151.0,24.0,79.0
601.0,152.0,24.0,77.0
601.0,151.0,23.0,75.0
601.0,151.0,24.0,75.0
601.0,151.0,23.0,75.0
599.0,151.0,24.0,75.0
600.0,151.0,24.0,75.0
600.0,151.0,24.0,76.0
600.0,151.0,25.0,76.0
599.0,152.0,26.0,77.0
599.0,152.0,26.0,78.0
599.0,152.0,26.0,77.0
597.0,152.0,27.0,78.0
598.0,153.0,26.0,78.0
597.0,153.0,26.0,77.0
596.0,153.0,26.0,79.0
597.0,153.0,27.0,79.0
597.0,152.0,26.0,78.0
597.0,153.0,26.0,77.0
597.0,153.0,26.0,76.0
599.0,153.0,24.0,76.0
599.0,153.0,24.0,75.0
598.0,153.0,24.0,76.0
598.0,153.0,25.0,77.0
598.0,153.0,25.0,79.0
597.0,153.0,25.0,78.0
596.0,154.0,26.0,79.0
596.0,154.0,26.0,80.0
595.0,154.0,26.0,81.0
595.0,154.0,26.0,81.0
595.0,155.0,26.0,81.0
595.0,155.0,25.0,80.0
595.0,155.0,26.0,82.0
595.0,155.0,25.0,80.0
594.0,155.0,25.0,80.0
594.0,157.0,25.0,79.0
594.0,157.0,24.0,77.0
595.0,157.0,24.0,75.0
594.0,157.0,25.0,75.0
594.0,158.0,25.0,75.0
594.0,159.0,25.0,76.0
595.0,159.0,25.0,76.0
594.0,160.0,25.0,76.0
594.0,161.0,26.0,77.0
593.0,162.0,27.0,77.0
593.0,162.0,27.0,78.0
592.0,163.0,27.0,78.0
592.0,164.0,28.0,79.0
591.0,164.0,27.0,77.0
591.0,165.0,27.0,78.0
591.0,165.0,27.0,79.0
591.0,166.0,27.0,78.0
592.0,166.0,27.0,78.0
593.0,166.0,26.0,77.0
592.0,167.0,25.0,75.0
593.0,169.0,25.0,74.0
593.0,168.0,25.0,74.0
593.0,168.0,24.0,75.0
593.0,169.0,25.0,78.0
593.0,170.0,25.0,78.0
592.0,171.0,25.0,77.0
592.0,172.0,26.0,79.0
592.0,172.0,26.0,79.0
592.0,173.0,25.0,80.0
591.0,173.0,25.0,80.0
591.0,174.0,25.0,79.0
592.0,175.0,24.0,79.0
591.0,175.0,24.0,80.0
592.0,176.0,24.0,78.0
592.0,177.0,24.0,76.0
592.0,178.0,24.0,74.0
592.0,179.0,24.0,73.0
592.0,179.0,24.0,73.0
591.0,182.0,25.0,73.0
592.0,183.0,25.0,72.0
591.0,183.0,25.0,74.0
592.0,185.0,25.0,74.0
591.0,186.0,26.0,75.0
591.0,188.0,27.0,76.0
591.0,188.0,28.0,77.0
590.0,191.0,28.0,76.0
590.0,192.0,28.0,76.0
590.0,193.0,27.0,76.0
590.0,194.0,27.0,76.0
590.0,195.0,27.0,76.0
590.0,196.0,27.0,76.0
591.0,197.0,27.0,75.0
591.0,199.0,27.0,74.0
593.0,200.0,26.0,72.0
594.0,201.0,25.0,71.0
594.0,201.0,25.0,73.0
594.0,203.0,25.0,74.0
595.0,204.0,24.0,73.0
594.0,205.0,25.0,76.0
594.0,207.0,26.0,76.0
593.0,209.0,27.0,77.0
594.0,209.0,26.0,77.0
594.0,211.0,27.0,78.0
595.0,213.0,27.0,79.0
595.0,214.0,26.0,78.0
595.0,217.0,26.0,77.0
595.0,217.0,25.0,79.0
595.0,219.0,25.0,77.0
596.0,221.0,24.0,76.0
597.0,223.0,24.0,73.0
595.0,224.0,25.0,72.0
595.0,226.0,24.0,71.0
596.0,228.0,25.0,73.0
596.0,230.0,25.0,73.0
595.0,232.0,25.0,74.0
596.0,236.0,25.0,74.0
596.0,239.0,26.0,74.0
596.0,242.0,27.0,74.0
596.0,247.0,26.0,75.0
597.0,251.0,26.0,75.0
596.0,254.0,26.0,75.0
596.0,257.0,26.0,74.0
598.0,260.0,25.0,75.0
598.0,264.0,25.0,75.0
597.0,267.0,26.0,75.0
599.0,270.0,25.0,76.0
600.0,272.0,24.0,72.0
600.0,275.0,25.0,73.0
601.0,278.0,23.0,72.0
600.0,280.0,24.0,73.0
601.0,282.0,24.0,75.0
601.0,285.0,24.0,75.0
601.0,287.0,25.0,75.0
602.0,289.0,25.0,77.0
601.0,291.0,24.0,76.0
601.0,293.0,25.0,78.0
602.0,295.0,25.0,78.0
602.0,296.0,25.0,76.0
602.0,298.0,24.0,77.0
603.0,298.0,24.0,75.0
603.0,298.0,25.0,76.0
604.0,298.0,24.0,74.0
603.0,297.0,24.0,74.0
605.0,297.0,23.0,71.0
604.0,296.0,24.0,70.0
604.0,295.0,24.0,72.0
603.0,295.0,25.0,72.0
604.0,295.0,25.0,73.0
604.0,295.0,26.0,73.0
604.0,295.0,26.0,73.0
604.0,295.0,27.0,75.0
604.0,294.0,27.0,76.0
604.0,295.0,28.0,76.0
605.0,295.0,27.0,75.0
605.0,295.0,27.0,75.0
606.0,295.0,27.0,74.0
606.0,294.0,27.0,75.0
607.0,294.0,27.0,75.0
607.0,293.0,27.0,74.0
607.0,292.0,27.0,73.0
609.0,291.0,26.0,71.0
610.0,289.0,24.0,70.0
609.0,287.0,25.0,71.0
610.0,286.0,25.0,72.0
610.0,283.0,25.0,73.0
610.0,282.0,25.0,73.0
609.0,281.0,25.0,73.0
609.0,280.0,26.0,74.0
610.0,279.0,25.0,75.0
609.0,280.0,27.0,77.0
609.0,279.0,26.0,76.0
609.0,280.0,27.0,75.0
609.0,279.0,26.0,76.0
609.0,279.0,26.0,76.0
609.0,278.0,26.0,77.0
610.0,278.0,25.0,76.0
611.0,278.0,25.0,74.0
610.0,278.0,24.0,72.0
611.0,278.0,25.0,71.0
611.0,279.0,24.0,71.0
611.0,278.0,24.0,71.0
610.0,278.0,25.0,72.0
610.0,279.0,25.0,72.0
610.0,278.0,26.0,74.0
611.0,278.0,26.0,74.0
611.0,279.0,27.0,75.0
610.0,280.0,27.0,74.0
610.0,280.0,27.0,75.0
609.0,279.0,27.0,75.0
609.0,280.0,27.0,75.0
609.0,281.0,27.0,75.0
610.0,281.0,26.0,74.0
610.0,280.0,26.0,74.0
611.0,280.0,25.0,72.0
611.0,280.0,24.0,71.0
612.0,280.0,23.0,71.0
612.0,280.0,23.0,72.0
613.0,280.0,23.0,72.0
612.0,279.0,23.0,74.0
612.0,279.0,23.0,75.0
612.0,280.0,25.0,76.0
611.0,280.0,24.0,75.0
611.0,280.0,25.0,77.0
610.0,281.0,25.0,77.0
610.0,280.0,24.0,77.0
610.0,281.0,25.0,76.0
610.0,281.0,25.0,76.0
609.0,280.0,25.0,77.0
609.0,280.0,24.0,76.0
610.0,280.0,23.0,75.0
610.0,280.0,23.0,73.0
610.0,279.0,23.0,72.0
610.0,279.0,23.0,70.0
610.0,279.0,23.0,71.0
609.0,279.0,23.0,70.0
609.0,279.0,24.0,72.0
609.0,279.0,24.0,72.0
608.0,279.0,25.0,73.0
607.0,279.0,26.0,73.0
607.0,281.0,27.0,75.0
607.0,280.0,27.0,74.0
606.0,282.0,27.0,74.0
606.0,280.0,27.0,74.0
605.0,280.0,27.0,76.0
605.0,280.0,26.0,75.0
605.0,280.0,26.0,74.0
605.0,280.0,26.0,73.0
604.0,280.0,26.0,73.0
605.0,279.0,25.0,72.0
605.0,280.0,24.0,71.0
606.0,279.0,24.0,72.0
606.0,279.0,23.0,73.0
605.0,279.0,23.0,74.0
604.0,279.0,24.0,76.0
603.0,279.0,24.0,75.0
602.0,279.0,25.0,76.0
601.0,280.0,25.0,76.0
601.0,280.0,26.0,78.0
601.0,279.0,26.0,77.0
601.0,279.0,26.0,77.0
599.0,279.0,25.0,77.0
599.0,279.0,26.0,76.0
599.0,279.0,25.0,75.0
599.0,278.0,24.0,74.0
599.0,278.0,23.0,72.0
599.0,278.0,23.0,70.0
599.0,278.0,24.0,71.0
598.0,278.0,24.0,71.0
598.0,278.0,24.0,72.0
597.0,278.0,24.0,72.0
596.0,278.0,24.0,73.0
596.0,278.0,25.0,73.0
594.0,278.0,26.0,74.0
595.0,279.0,26.0,74.0
593.0,279.0,27.0,74.0
593.0,279.0,27.0,75.0
593.0,279.0,26.0,74.0
592.0,278.0,26.0,76.0
591.0,278.0,26.0,75.0
591.0,278.0,26.0,74.0
591.0,278.0,25.0,72.0
591.0,278.0,25.0,72.0
591.0,278.0,25.0,71.0
591.0,277.0,24.0,72.0
590.0,278.0,24.0,73.0
590.0,277.0,25.0,74.0
590.0,277.0,24.0,76.0
589.0,277.0,24.0,76.0
588.0,277.0,25.0,76.0
587.0,277.0,26.0,78.0
587.0,277.0,26.0,79.0
587.0,277.0,26.0,78.0
587.0,277.0,26.0,78.0
585.0,277.0,26.0,78.0
585.0,278.0,26.0,76.0
585.0,277.0,25.0,76.0
584.0,277.0,25.0,75.0
585.0,276.0,24.0,74.0
583.0,277.0,24.0,73.0
584.0,276.0,24.0,73.0
584.0,277.0,24.0,72.0
584.0,277.0,24.0,72.0
584.0,277.0,24.0,72.0
583.0,277.0,25.0,73.0
582.0,277.0,26.0,73.0
582.0,277.0,26.0,74.0
582.0,277.0,27.0,75.0
581.0,278.0,28.0,74.0
581.0,278.0,27.0,74.0
581.0,278.0,27.0,75.0
581.0,278.0,27.0,75.0
581.0,277.0,27.0,75.0
581.0,277.0,27.0,75.0
581.0,276.0,26.0,74.0
582.0,276.0,25.0,73.0
583.0,276.0,24.0,72.0
583.0,276.0,24.0,72.0
582.0,277.0,25.0,73.0
581.0,277.0,26.0,73.0
582.0,276.0,25.0,75.0
582.0,277.0,25.0,75.0
581.0,277.0,25.0,75.0
581.0,277.0,26.0,76.0
581.0,277.0,26.0,76.0
581.0,277.0,26.0,77.0
580.0,278.0,26.0,77.0
580.0,277.0,26.0,77.0
579.0,277.0,26.0,78.0
581.0,277.0,25.0,76.0
581.0,277.0,24.0,75.0
580.0,277.0,24.0,72.0
582.0,277.0,23.0,70.0
581.0,277.0,23.0,71.0
580.0,276.0,23.0,72.0
581.0,277.0,23.0,71.0
581.0,277.0,23.0,73.0
581.0,277.0,24.0,73.0
580.0,277.0,24.0,74.0
580.0,277.0,25.0,74.0
579.0,277.0,26.0,75.0
579.0,277.0,26.0,75.0
579.0,278.0,26.0,75.0
578.0,278.0,26.0,75.0
579.0,278.0,26.0,75.0
579.0,278.0,26.0,75.0
579.0,277.0,26.0,76.0
579.0,278.0,26.0,75.0
580.0,278.0,26.0,74.0
581.0,278.0,25.0,72.0
581.0,278.0,25.0,71.0
582.0,279.0,24.0,71.0
581.0,278.0,25.0,72.0
583.0,279.0,24.0,73.0
582.0,279.0,25.0,74.0
581.0,279.0,26.0,74.0
581.0,280.0,26.0,74.0
581.0,281.0,26.0,75.0
581.0,281.0,26.0,75.0
580.0,280.0,27.0,76.0
580.0,282.0,27.0,75.0
581.0,281.0,26.0,75.0
582.0,281.0,25.0,76.0
581.0,281.0,25.0,75.0
583.0,281.0,24.0,74.0
583.0,282.0,24.0,72.0
584.0,281.0,23.0,71.0
583.0,280.0,24.0,70.0
585.0,281.0,23.0,71.0
584.0,281.0,24.0,71.0
585.0,281.0,24.0,71.0
584.0,281.0,24.0,71.0
584.0,280.0,24.0,72.0
585.0,281.0,25.0,73.0
585.0,280.0,26.0,74.0
584.0,281.0,27.0,75.0
584.0,281.0,27.0,75.0
584.0,281.0,27.0,74.0
583.0,281.0,27.0,74.0
583.0,280.0,27.0,74.0
583.0,280.0,28.0,74.0
584.0,280.0,27.0,74.0
585.0,280.0,27.0,74.0
586.0,279.0,26.0,73.0
588.0,280.0,25.0,70.0
589.0,279.0,24.0,71.0
589.0,280.0,24.0,72.0
590.0,279.0,24.0,72.0
589.0,280.0,24.0,73.0
590.0,279.0,23.0,74.0
589.0,280.0,25.0,74.0
589.0,279.0,25.0,76.0
589.0,280.0,24.0,76.0
589.0,279.0,25.0,76.0
590.0,279.0,24.0,75.0
589.0,279.0,24.0,75.0
589.0,278.0,25.0,76.0
590.0,278.0,24.0,74.0
589.0,278.0,24.0,74.0
591.0,278.0,23.0,70.0
591.0,277.0,23.0,70.0
591.0,277.0,22.0,69.0
591.0,277.0,23.0,70.0
591.0,277.0,23.0,69.0
591.0,276.0,23.0,72.0
592.0,277.0,24.0,71.0
590.0,277.0,25.0,72.0
591.0,276.0,26.0,73.0
590.0,276.0,27.0,74.0
590.0,276.0,28.0,74.0
590.0,277.0,28.0,73.0
591.0,277.0,26.0,72.0
590.0,276.0,26.0,73.0
592.0,276.0,26.0,73.0
592.0,276.0,26.0,72.0
593.0,275.0,26.0,72.0
594.0,276.0,24.0,71.0
595.0,276.0,23.0,69.0
596.0,274.0,23.0,71.0
596.0,274.0,24.0,72.0
596.0,273.0,24.0,73.0
596.0,273.0,25.0,73.0
595.0,273.0,25.0,74.0
595.0,273.0,26.0,75.0
594.0,273.0,26.0,75.0
594.0,273.0,27.0,76.0
594.0,273.0,27.0,76.0
593.0,273.0,27.0,76.0
594.0,272.0,26.0,77.0
594.0,272.0,26.0,76.0
595.0,272.0,26.0,75.0
596.0,271.0,25.0,74.0
597.0,271.0,24.0,71.0
596.0,271.0,24.0,70.0
597.0,271.0,24.0,71.0
596.0,271.0,24.0,71.0
596.0,271.0,25.0,71.0
596.0,271.0,25.0,72.0
598.0,269.0,24.0,72.0
598.0,269.0,25.0,73.0
597.0,270.0,27.0,73.0
598.0,270.0,26.0,73.0
598.0,270.0,25.0,73.0
598.0,269.0,25.0,73.0
598.0,270.0,24.0,72.0
598.0,268.0,24.0,73.0
598.0,269.0,25.0,74.0
599.0,267.0,24.0,74.0
599.0,268.0,24.0,72.0
601.0,267.0,24.0,71.0
601.0,267.0,23.0,69.0
601.0,266.0,24.0,72.0
601.0,267.0,24.0,72.0
602.0,266.0,23.0,72.0
601.0,266.0,24.0,74.0
601.0,266.0,24.0,73.0
600.0,266.0,24.0,74.0
601.0,265.0,25.0,75.0
600.0,266.0,25.0,75.0
600.0,265.0,25.0,75.0
600.0,265.0,25.0,74.0
600.0,266.0,24.0,74.0
601.0,265.0,25.0,74.0
601.0,265.0,24.0,72.0
601.0,264.0,24.0,70.0
602.0,262.0,23.0,70.0
602.0,263.0,23.0,68.0
603.0,262.0,23.0,69.0
603.0,262.0,23.0,68.0
603.0,262.0,23.0,69.0
603.0,262.0,23.0,69.0
603.0,262.0,24.0,69.0
603.0,262.0,25.0,70.0
602.0,260.0,26.0,72.0
603.0,261.0,26.0,72.0
603.0,261.0,26.0,71.0
603.0,261.0,26.0,71.0
603.0,260.0,25.0,71.0
603.0,259.0,25.0,72.0
604.0,259.0,25.0,71.0
605.0,259.0,24.0,70.0
605.0,258.0,24.0,70.0
606.0,258.0,23.0,68.0
606.0,258.0,23.0,67.0
607.0,257.0,23.0,68.0
606.0,257.0,25.0,69.0
607.0,256.0,25.0,70.0
606.0,256.0,25.0,71.0
607.0,255.0,25.0,72.0
607.0,255.0,26.0,72.0
606.0,255.0,26.0,72.0
606.0,255.0,26.0,74.0
607.0,254.0,26.0,74.0
607.0,253.0,25.0,74.0
607.0,253.0,25.0,75.0
607.0,253.0,25.0,75.0
608.0,252.0,23.0,73.0
608.0,251.0,24.0,70.0
608.0,250.0,23.0,69.0
609.0,249.0,23.0,69.0
609.0,250.0,23.0,70.0
609.0,250.0,23.0,69.0
608.0,249.0,24.0,70.0
608.0,249.0,23.0,70.0
608.0,248.0,25.0,72.0
607.0,249.0,27.0,72.0
608.0,248.0,26.0,73.0
607.0,248.0,26.0,73.0
608.0,247.0,26.0,73.0
607.0,247.0,26.0,72.0
608.0,246.0,26.0,73.0
608.0,246.0,26.0,72.0
608.0,245.0,25.0,72.0
608.0,245.0,25.0,71.0
610.0,244.0,25.0,70.0
610.0,244.0,23.0,69.0
611.0,243.0,24.0,70.0
610.0,243.0,24.0,70.0
611.0,243.0,23.0,70.0
610.0,242.0,24.0,72.0
611.0,242.0,24.0,72.0
611.0,242.0,25.0,73.0
611.0,242.0,25.0,74.0
610.0,242.0,26.0,75.0
610.0,241.0,26.0,74.0
610.0,241.0,27.0,74.0
609.0,241.0,26.0,75.0
611.0,240.0,26.0,75.0
611.0,238.0,25.0,75.0
613.0,238.0,23.0,73.0
612.0,237.0,23.0,71.0
612.0,237.0,23.0,70.0
612.0,236.0,23.0,71.0
613.0,236.0,23.0,70.0
613.0,235.0,22.0,71.0
613.0,234.0,22.0,72.0
613.0,236.0,21.0,72.0
613.0,235.0,20.0,72.0
613.0,235.0,20.0,72.0
612.0,235.0,20.0,72.0
612.0,236.0,20.0,71.0
612.0,236.0,18.0,70.0
612.0,237.0,18.0,70.0
611.0,238.0,19.0,68.0
612.0,237.0,17.0,70.0
612.0,238.0,19.0,69.0
614.0,237.0,22.0,71.0
614.0,236.0,21.0,71.0
619.0,234.0,18.0,72.0
622.0,231.0,16.0,63.0
623.0,231.0,15.0,64.0
622.0,230.0,16.0,67.0
622.0,229.0,17.0,68.0
619.0,230.0,18.0,68.0
617.0,229.0,20.0,69.0
617.0,228.0,21.0,70.0
616.0,228.0,21.0,70.0
615.0,228.0,22.0,72.0
615.0,227.0,22.0,72.0
614.0,227.0,22.0,71.0
614.0,226.0,22.0,71.0
613.0,226.0,23.0,71.0
613.0,225.0,23.0,70.0
613.0,225.0,22.0,68.0
612.0,223.0,23.0,68.0
612.0,223.0,23.0,69.0
612.0,223.0,24.0,69.0
612.0,223.0,24.0,68.0
612.0,222.0,24.0,69.0
611.0,221.0,24.0,70.0
611.0,223.0,25.0,70.0
611.0,221.0,26.0,71.0
611.0,221.0,26.0,71.0
611.0,222.0,26.0,71.0
611.0,221.0,25.0,70.0
611.0,221.0,25.0,70.0
610.0,220.0,25.0,72.0
611.0,219.0,24.0,71.0
611.0,219.0,24.0,71.0
612.0,219.0,23.0,69.0
613.0,218.0,23.0,68.0
613.0,217.0,22.0,68.0
613.0,217.0,23.0,69.0
612.0,216.0,23.0,69.0
612.0,215.0,23.0,70.0
612.0,214.0,24.0,72.0
611.0,214.0,24.0,71.0
611.0,215.0,24.0,73.0
611.0,215.0,23.0,72.0
610.0,214.0,24.0,73.0
610.0,214.0,24.0,72.0
610.0,214.0,24.0,72.0
611.0,214.0,23.0,72.0
610.0,213.0,23.0,72.0
610.0,212.0,22.0,71.0
610.0,211.0,22.0,69.0
610.0,211.0,21.0,68.0
611.0,210.0,21.0,69.0
611.0,210.0,21.0,68.0
611.0,209.0,22.0,69.0
611.0,209.0,21.0,67.0
610.0,208.0,22.0,70.0
610.0,208.0,22.0,69.0
610.0,209.0,23.0,69.0
608.0,208.0,25.0,70.0
608.0,208.0,25.0,70.0
608.0,208.0,25.0,70.0
608.0,208.0,25.0,70.0
608.0,208.0,25.0,69.0
608.0,207.0,25.0,70.0
608.0,207.0,24.0,69.0
607.0,206.0,24.0,69.0
608.0,205.0,24.0,69.0
609.0,205.0,23.0,68.0
609.0,205.0,23.0,67.0
609.0,204.0,23.0,67.0
609.0,203.0,23.0,69.0
610.0,204.0,22.0,69.0
609.0,204.0,23.0,69.0
608.0,204.0,23.0,69.0
607.0,203.0,24.0,71.0
608.0,204.0,24.0,70.0
608.0,203.0,24.0,71.0
607.0,203.0,24.0,71.0
607.0,203.0,24.0,70.0
607.0,204.0,23.0,70.0
607.0,203.0,23.0,70.0
607.0,202.0,23.0,70.0
607.0,203.0,23.0,69.0
608.0,201.0,21.0,67.0
607.0,201.0,22.0,67.0
607.0,201.0,21.0,67.0
607.0,200.0,21.0,67.0
607.0,200.0,21.0,68.0
607.0,200.0,22.0,69.0
605.0,200.0,22.0,69.0
605.0,200.0,23.0,68.0
604.0,200.0,24.0,68.0
605.0,200.0,24.0,70.0
603.0,200.0,25.0,70.0
603.0,200.0,24.0,69.0
602.0,200.0,24.0,68.0
602.0,200.0,24.0,69.0
602.0,199.0,24.0,69.0
602.0,199.0,24.0,70.0
602.0,199.0,23.0,68.0
602.0,199.0,22.0,67.0
602.0,199.0,22.0,67.0
603.0,199.0,22.0,67.0
601.0,198.0,22.0,68.0
602.0,198.0,22.0,69.0
601.0,197.0,23.0,70.0
601.0,198.0,23.0,69.0
600.0,198.0,23.0,70.0
600.0,199.0,23.0,69.0
599.0,198.0,23.0,71.0
598.0,199.0,24.0,71.0
597.0,199.0,24.0,71.0
597.0,198.0,23.0,70.0
597.0,199.0,23.0,70.0
596.0,200.0,23.0,70.0
595.0,199.0,23.0,69.0
596.0,199.0,22.0,67.0
596.0,199.0,22.0,66.0
595.0,198.0,22.0,66.0
594.0,198.0,22.0,67.0
594.0,198.0,22.0,67.0
593.0,198.0,22.0,66.0
592.0,198.0,23.0,68.0
591.0,198.0,23.0,68.0
591.0,199.0,24.0,68.0
590.0,199.0,25.0,69.0
589.0,199.0,25.0,68.0
588.0,199.0,25.0,69.0
587.0,200.0,25.0,68.0
587.0,199.0,24.0,68.0
586.0,199.0,24.0,69.0
585.0,199.0,24.0,68.0
585.0,199.0,24.0,68.0
585.0,200.0,24.0,67.0
584.0,200.0,23.0,66.0
585.0,200.0,23.0,65.0
584.0,200.0,23.0,66.0
583.0,200.0,24.0,65.0
582.0,200.0,24.0,66.0
581.0,201.0,24.0,67.0
581.0,201.0,24.0,67.0
580.0,201.0,24.0,68.0
579.0,202.0,24.0,68.0
579.0,202.0,24.0,68.0
578.0,202.0,24.0,69.0
578.0,202.0,23.0,67.0
576.0,201.0,23.0,69.0
576.0,202.0,22.0,67.0
575.0,200.0,23.0,69.0
575.0,201.0,22.0,66.0
575.0,201.0,22.0,64.0
574.0,200.0,22.0,65.0
572.0,200.0,22.0,65.0
573.0,201.0,22.0,64.0
571.0,199.0,22.0,65.0
571.0,199.0,22.0,66.0
570.0,199.0,22.0,65.0
569.0,200.0,23.0,66.0
568.0,200.0,25.0,66.0
567.0,200.0,25.0,66.0
566.0,200.0,25.0,67.0
566.0,199.0,25.0,67.0
565.0,199.0,25.0,67.0
565.0,199.0,24.0,67.0
564.0,199.0,24.0,67.0
564.0,198.0,24.0,67.0
564.0,198.0,23.0,66.0
564.0,198.0,23.0,65.0
565.0,198.0,22.0,65.0
564.0,198.0,22.0,66.0
564.0,197.0,22.0,66.0
564.0,196.0,21.0,68.0
563.0,196.0,22.0,69.0
562.0,196.0,23.0,69.0
561.0,197.0,24.0,69.0
561.0,196.0,24.0,70.0
561.0,196.0,24.0,70.0
559.0,197.0,24.0,70.0
560.0,197.0,24.0,69.0
560.0,196.0,23.0,70.0
559.0,197.0,22.0,70.0
559.0,197.0,22.0,69.0
560.0,197.0,21.0,68.0
559.0,197.0,22.0,66.0
559.0,197.0,21.0,64.0
559.0,198.0,21.0,65.0
559.0,197.0,22.0,65.0
558.0,197.0,23.0,66.0
558.0,196.0,22.0,66.0
557.0,197.0,23.0,67.0
558.0,197.0,24.0,66.0
556.0,196.0,25.0,68.0
556.0,199.0,25.0,66.0
556.0,199.0,25.0,67.0
555.0,200.0,25.0,65.0
556.0,199.0,24.0,66.0
555.0,199.0,25.0,67.0
557.0,200.0,24.0,66.0
556.0,199.0,23.0,66.0
557.0,199.0,22.0,66.0
558.0,199.0,21.0,65.0
558.0,199.0,22.0,65.0
558.0,199.0,22.0,66.0
558.0,200.0,22.0,67.0
558.0,199.0,22.0,67.0
558.0,200.0,22.0,68.0
557.0,201.0,23.0,67.0
556.0,201.0,24.0,68.0
556.0,202.0,24.0,69.0
557.0,202.0,23.0,69.0
557.0,202.0,24.0,69.0
557.0,203.0,23.0,68.0
556.0,203.0,23.0,70.0
557.0,203.0,23.0,70.0
557.0,203.0,22.0,67.0
558.0,203.0,22.0,67.0
558.0,203.0,21.0,65.0
558.0,203.0,21.0,64.0
558.0,204.0,21.0,65.0
557.0,204.0,22.0,64.0
557.0,204.0,22.0,66.0
557.0,205.0,22.0,67.0
557.0,206.0,22.0,65.0
556.0,206.0,24.0,66.0
557.0,207.0,24.0,67.0
556.0,207.0,25.0,68.0
555.0,208.0,25.0,67.0
555.0,209.0,25.0,66.0
556.0,208.0,25.0,66.0
555.0,209.0,24.0,67.0
556.0,209.0,24.0,67.0
557.0,209.0,23.0,67.0
558.0,210.0,22.0,65.0
557.0,211.0,21.0,63.0
559.0,211.0,22.0,63.0
557.0,211.0,22.0,65.0
559.0,211.0,22.0,65.0
558.0,212.0,22.0,66.0
557.0,211.0,23.0,66.0
557.0,212.0,24.0,67.0
557.0,212.0,24.0,68.0
557.0,213.0,24.0,68.0
557.0,212.0,25.0,68.0
557.0,214.0,25.0,68.0
557.0,214.0,24.0,67.0
557.0,214.0,23.0,67.0
557.0,215.0,23.0,67.0
558.0,215.0,22.0,67.0
558.0,215.0,22.0,64.0
559.0,214.0,21.0,64.0
559.0,214.0,22.0,63.0
559.0,215.0,22.0,63.0
558.0,214.0,22.0,64.0
558.0,215.0,22.0,64.0
558.0,215.0,22.0,65.0
557.0,214.0,23.0,65.0
558.0,216.0,23.0,65.0
557.0,215.0,24.0,66.0
557.0,215.0,25.0,67.0
556.0,217.0,25.0,65.0
556.0,217.0,24.0,65.0
556.0,216.0,24.0,65.0
556.0,216.0,24.0,66.0
557.0,216.0,23.0,64.0
557.0,216.0,23.0,65.0
558.0,215.0,22.0,64.0
558.0,216.0,21.0,62.0
558.0,215.0,21.0,63.0
558.0,214.0,21.0,65.0
558.0,214.0,21.0,65.0
557.0,215.0,21.0,66.0
557.0,214.0,22.0,67.0
557.0,215.0,22.0,67.0
556.0,215.0,23.0,68.0
556.0,216.0,23.0,68.0
556.0,216.0,24.0,67.0
556.0,215.0,23.0,68.0
556.0,215.0,23.0,67.0
555.0,215.0,23.0,68.0
555.0,215.0,23.0,67.0
555.0,215.0,23.0,67.0
555.0,215.0,22.0,65.0
555.0,214.0,22.0,63.0
554.0,214.0,23.0,63.0
555.0,213.0,23.0,65.0
554.0,213.0,23.0,65.0
552.0,213.0,24.0,66.0
554.0,213.0,23.0,65.0
551.0,213.0,25.0,66.0
553.0,213.0,24.0,67.0
552.0,213.0,26.0,68.0
551.0,212.0,26.0,68.0
551.0,214.0,26.0,68.0
551.0,213.0,26.0,67.0
550.0,212.0,25.0,69.0
551.0,212.0,25.0,68.0
552.0,212.0,24.0,68.0
552.0,212.0,24.0,68.0
553.0,212.0,23.0,67.0
551.0,211.0,23.0,67.0
552.0,212.0,23.0,66.0
552.0,211.0,23.0,67.0
551.0,211.0,24.0,67.0
552.0,211.0,24.0,68.0
551.0,211.0,24.0,69.0
550.0,211.0,25.0,69.0
550.0,211.0,25.0,70.0
550.0,211.0,25.0,70.0
549.0,212.0,25.0,71.0
550.0,211.0,25.0,69.0
550.0,211.0,24.0,70.0
550.0,210.0,24.0,69.0
550.0,210.0,22.0,71.0
550.0,210.0,22.0,67.0
550.0,209.0,22.0,67.0
550.0,208.0,22.0,66.0
551.0,208.0,21.0,66.0
549.0,208.0,22.0,67.0
550.0,208.0,22.0,67.0
549.0,209.0,23.0,68.0
550.0,208.0,23.0,67.0
549.0,208.0,24.0,68.0
548.0,208.0,25.0,68.0
548.0,208.0,26.0,70.0
547.0,208.0,26.0,70.0
547.0,209.0,26.0,69.0
547.0,209.0,26.0,69.0
547.0,208.0,25.0,70.0
548.0,207.0,25.0,70.0
549.0,208.0,24.0,68.0
549.0,207.0,23.0,67.0
550.0,206.0,22.0,66.0
550.0,206.0,22.0,66.0
549.0,205.0,22.0,67.0
549.0,206.0,22.0,68.0
550.0,205.0,23.0,69.0
549.0,205.0,24.0,70.0
549.0,206.0,24.0,69.0
549.0,206.0,24.0,70.0
549.0,206.0,25.0,70.0
549.0,206.0,25.0,70.0
548.0,206.0,25.0,70.0
549.0,206.0,25.0,70.0
549.0,205.0,24.0,71.0
549.0,205.0,24.0,72.0
550.0,205.0,22.0,70.0
550.0,205.0,22.0,68.0
550.0,204.0,22.0,67.0
550.0,205.0,22.0,67.0
551.0,204.0,23.0,67.0
549.0,204.0,23.0,68.0
551.0,203.0,23.0,69.0
551.0,203.0,23.0,69.0
550.0,204.0,25.0,70.0
550.0,203.0,26.0,71.0
550.0,204.0,26.0,71.0
550.0,203.0,26.0,71.0
551.0,204.0,25.0,71.0
551.0,205.0,25.0,70.0
552.0,204.0,25.0,70.0
551.0,204.0,25.0,71.0
552.0,204.0,25.0,70.0
553.0,204.0,24.0,69.0
554.0,204.0,23.0,68.0
555.0,203.0,23.0,68.0
555.0,203.0,22.0,69.0
556.0,203.0,22.0,71.0
555.0,202.0,23.0,71.0
555.0,203.0,23.0,72.0
555.0,203.0,24.0,71.0
555.0,203.0,24.0,73.0
555.0,203.0,25.0,73.0
556.0,204.0,25.0,73.0
555.0,204.0,25.0,73.0
556.0,204.0,24.0,72.0
555.0,204.0,25.0,72.0
557.0,203.0,24.0,72.0
556.0,203.0,24.0,72.0
558.0,203.0,23.0,69.0
559.0,203.0,22.0,70.0
559.0,203.0,22.0,68.0
559.0,202.0,22.0,69.0
559.0,202.0,22.0,68.0
559.0,201.0,23.0,68.0
560.0,201.0,23.0,70.0
560.0,201.0,23.0,70.0
560.0,202.0,24.0,70.0
