382.0,299.0,48.0,113.0
456.0,297.0,42.0,109.0
455.0,297.0,72.0,111.0
467.0,298.0,76.0,103.0
482.0,300.0,63.0,108.0
496.0,302.0,48.0,109.0
502.0,300.0,44.0,115.0
508.0,300.0,66.0,110.0
518.0,298.0,70.0,107.0
526.0,299.0,70.0,106.0
539.0,299.0,49.0,111.0
545.0,302.0,40.0,110.0
544.0,303.0,46.0,112.0
543.0,301.0,64.0,112.0
545.0,300.0,73.0,109.0
547.0,301.0,81.0,102.0
557.0,303.0,63.0,104.0
567.0,304.0,47.0,109.0
571.0,304.0,45.0,111.0
571.0,302.0,51.0,114.0
571.0,300.0,65.0,116.0
577.0,298.0,68.0,110.0
575.0,298.0,69.0,110.0
582.0,299.0,73.0,106.0
592.0,301.0,51.0,107.0
601.0,301.0,38.0,109.0
601.0,304.0,41.0,108.0
599.0,302.0,59.0,109.0
600.0,300.0,56.0,111.0
600.0,301.0,70.0,108.0
603.0,300.0,76.0,103.0
607.0,301.0,71.0,102.0
618.0,302.0,50.0,106.0
627.0,304.0,42.0,108.0
627.0,304.0,41.0,107.0
630.0,303.0,42.0,111.0
626.0,301.0,56.0,114.0
628.0,300.0,65.0,110.0
630.0,298.0,73.0,105.0
629.0,299.0,73.0,104.0
637.0,299.0,65.0,108.0
644.0,301.0,47.0,110.0
653.0,303.0,36.0,109.0
652.0,304.0,45.0,110.0
653.0,303.0,44.0,110.0
651.0,301.0,60.0,110.0
651.0,299.0,69.0,106.0
651.0,298.0,78.0,103.0
658.0,302.0,68.0,105.0
658.0,301.0,65.0,105.0
663.0,303.0,56.0,107.0
660.0,302.0,57.0,110.0
666.0,300.0,54.0,115.0
669.0,300.0,61.0,115.0
675.0,298.0,66.0,109.0
675.0,296.0,64.0,111.0
677.0,297.0,70.0,107.0
684.0,299.0,63.0,107.0
694.0,299.0,51.0,110.0
700.0,301.0,39.0,110.0
700.0,302.0,38.0,111.0
705.0,304.0,41.0,109.0
703.0,302.0,60.0,110.0
703.0,300.0,71.0,108.0
705.0,301.0,77.0,104.0
704.0,300.0,75.0,104.0
712.0,301.0,68.0,105.0
721.0,301.0,50.0,109.0
723.0,303.0,48.0,112.0
726.0,304.0,49.0,112.0
724.0,303.0,52.0,112.0
731.0,302.0,58.0,114.0
731.0,301.0,65.0,112.0
733.0,301.0,74.0,106.0
742.0,302.0,67.0,105.0
741.0,303.0,67.0,105.0
751.0,304.0,51.0,107.0
756.0,305.0,43.0,107.0
760.0,305.0,44.0,108.0
758.0,302.0,64.0,111.0
759.0,301.0,61.0,111.0
758.0,300.0,73.0,108.0
758.0,300.0,83.0,104.0
766.0,302.0,77.0,105.0
779.0,305.0,53.0,108.0
785.0,307.0,45.0,109.0
785.0,307.0,44.0,110.0
790.0,305.0,42.0,114.0
790.0,304.0,53.0,117.0
790.0,301.0,63.0,117.0
793.0,300.0,71.0,111.0
792.0,300.0,72.0,109.0
796.0,299.0,77.0,111.0
806.0,302.0,65.0,111.0
815.0,306.0,51.0,112.0
821.0,309.0,37.0,111.0
821.0,310.0,38.0,111.0
820.0,310.0,48.0,112.0
818.0,306.0,67.0,118.0
820.0,304.0,74.0,112.0
823.0,305.0,83.0,109.0
820.0,306.0,84.0,107.0
832.0,307.0,76.0,110.0
844.0,311.0,48.0,110.0
852.0,313.0,39.0,112.0
853.0,313.0,45.0,115.0
852.0,313.0,46.0,116.0
854.0,312.0,59.0,116.0
853.0,310.0,60.0,117.0
854.0,308.0,72.0,117.0
855.0,308.0,80.0,113.0
859.0,311.0,81.0,112.0
859.0,310.0,78.0,113.0
870.0,315.0,60.0,111.0
878.0,314.0,48.0,116.0
878.0,315.0,45.0,116.0
878.0,314.0,61.0,119.0
879.0,314.0,60.0,118.0
878.0,312.0,75.0,119.0
877.0,313.0,83.0,113.0
883.0,314.0,85.0,113.0
895.0,316.0,58.0,116.0
895.0,316.0,62.0,116.0
901.0,318.0,51.0,118.0
904.0,317.0,47.0,123.0
903.0,316.0,59.0,125.0
901.0,313.0,74.0,126.0
901.0,312.0,80.0,118.0
900.0,313.0,82.0,118.0
904.0,314.0,88.0,117.0
915.0,315.0,73.0,119.0
924.0,318.0,56.0,122.0
927.0,319.0,47.0,123.0
929.0,320.0,45.0,122.0
925.0,319.0,55.0,124.0
924.0,317.0,77.0,127.0
922.0,317.0,85.0,119.0
921.0,317.0,97.0,119.0
920.0,318.0,97.0,117.0
934.0,322.0,71.0,119.0
943.0,325.0,55.0,122.0
945.0,327.0,53.0,124.0
943.0,328.0,58.0,125.0
943.0,327.0,59.0,125.0
940.0,327.0,74.0,127.0
940.0,326.0,83.0,125.0
938.0,326.0,94.0,119.0
941.0,328.0,94.0,122.0
941.0,328.0,93.0,122.0
952.0,331.0,73.0,121.0
956.0,333.0,59.0,124.0
951.0,333.0,58.0,125.0
947.0,332.0,74.0,129.0
948.0,332.0,75.0,130.0
942.0,330.0,88.0,127.0
938.0,331.0,104.0,121.0
938.0,337.0,103.0,121.0
951.0,340.0,74.0,123.0
956.0,338.0,58.0,129.0
957.0,339.0,57.0,128.0
953.0,337.0,55.0,131.0
948.0,335.0,71.0,135.0
943.0,331.0,81.0,132.0
933.0,330.0,100.0,125.0
934.0,333.0,97.0,125.0
929.0,334.0,108.0,123.0
936.0,337.0,93.0,129.0
944.0,338.0,72.0,131.0
941.0,338.0,60.0,134.0
943.0,340.0,58.0,131.0
933.0,340.0,66.0,131.0
930.0,338.0,75.0,136.0
924.0,338.0,87.0,132.0
918.0,340.0,102.0,125.0
918.0,341.0,102.0,124.0
918.0,343.0,99.0,126.0
927.0,347.0,76.0,129.0
932.0,348.0,61.0,132.0
925.0,348.0,57.0,135.0
927.0,348.0,57.0,134.0
918.0,346.0,72.0,135.0
913.0,343.0,86.0,134.0
905.0,344.0,100.0,128.0
901.0,348.0,107.0,126.0
901.0,348.0,107.0,125.0
906.0,350.0,93.0,130.0
908.0,353.0,72.0,131.0
904.0,353.0,57.0,130.0
893.0,355.0,66.0,129.0
883.0,354.0,81.0,132.0
885.0,354.0,81.0,133.0
874.0,354.0,92.0,129.0
865.0,358.0,106.0,124.0
862.0,361.0,92.0,129.0
864.0,363.0,66.0,130.0
864.0,363.0,62.0,130.0
860.0,367.0,57.0,129.0
849.0,366.0,64.0,131.0
837.0,363.0,81.0,133.0
827.0,363.0,91.0,127.0
828.0,363.0,90.0,125.0
817.0,365.0,100.0,123.0
810.0,366.0,103.0,129.0
810.0,372.0,83.0,132.0
807.0,376.0,59.0,128.0
807.0,376.0,61.0,128.0
798.0,377.0,56.0,125.0
784.0,379.0,73.0,126.0
773.0,376.0,84.0,131.0
763.0,379.0,93.0,128.0
761.0,379.0,96.0,127.0
752.0,382.0,108.0,128.0
750.0,387.0,77.0,133.0
750.0,388.0,62.0,132.0
744.0,391.0,64.0,130.0
743.0,391.0,65.0,130.0
736.0,391.0,71.0,132.0
727.0,388.0,84.0,131.0
718.0,385.0,97.0,129.0
712.0,388.0,105.0,127.0
713.0,390.0,103.0,124.0
711.0,391.0,99.0,133.0
718.0,394.0,68.0,135.0
720.0,397.0,59.0,132.0
714.0,399.0,63.0,125.0
707.0,398.0,75.0,127.0
707.0,397.0,75.0,130.0
701.0,396.0,87.0,135.0
696.0,395.0,97.0,137.0
693.0,394.0,108.0,140.0
697.0,399.0,75.0,144.0
699.0,399.0,75.0,144.0
706.0,402.0,58.0,142.0
706.0,402.0,59.0,142.0
707.0,404.0,60.0,138.0
699.0,403.0,70.0,138.0
701.0,403.0,68.0,140.0
693.0,399.0,86.0,139.0
690.0,395.0,97.0,139.0
689.0,393.0,104.0,143.0
690.0,399.0,99.0,143.0
698.0,400.0,80.0,147.0
697.0,399.0,79.0,147.0
701.0,401.0,66.0,144.0
695.0,404.0,66.0,139.0
690.0,403.0,76.0,138.0
683.0,401.0,94.0,141.0
683.0,400.0,93.0,140.0
677.0,399.0,103.0,142.0
677.0,400.0,103.0,144.0
684.0,404.0,68.0,146.0
690.0,407.0,60.0,142.0
690.0,407.0,60.0,142.0
682.0,407.0,60.0,140.0
671.0,405.0,83.0,136.0
666.0,401.0,101.0,139.0
659.0,399.0,110.0,140.0
661.0,401.0,107.0,136.0
658.0,401.0,113.0,145.0
665.0,404.0,89.0,149.0
668.0,406.0,69.0,147.0
661.0,406.0,70.0,138.0
653.0,406.0,81.0,139.0
653.0,408.0,79.0,140.0
643.0,405.0,95.0,143.0
637.0,406.0,104.0,143.0
633.0,408.0,112.0,145.0
639.0,411.0,73.0,152.0
640.0,412.0,72.0,151.0
645.0,416.0,64.0,144.0
638.0,418.0,62.0,142.0
626.0,418.0,84.0,140.0
617.0,413.0,104.0,140.0
618.0,415.0,102.0,138.0
608.0,412.0,113.0,144.0
603.0,417.0,117.0,148.0
605.0,419.0,108.0,152.0
611.0,423.0,68.0,148.0
612.0,423.0,76.0,148.0
603.0,423.0,70.0,143.0
593.0,426.0,80.0,140.0
577.0,423.0,103.0,147.0
570.0,426.0,109.0,148.0
567.0,427.0,113.0,145.0
562.0,428.0,118.0,149.0
560.0,432.0,91.0,155.0
566.0,437.0,66.0,148.0
564.0,441.0,65.0,143.0
565.0,442.0,63.0,142.0
554.0,442.0,74.0,139.0
539.0,439.0,99.0,137.0
529.0,436.0,112.0,141.0
516.0,438.0,125.0,147.0
517.0,440.0,124.0,145.0
518.0,443.0,110.0,149.0
519.0,443.0,89.0,149.0
510.0,442.0,75.0,142.0
496.0,438.0,79.0,139.0
486.0,433.0,92.0,146.0
487.0,432.0,91.0,147.0
473.0,430.0,107.0,153.0
462.0,430.0,121.0,152.0
462.0,431.0,99.0,155.0
467.0,432.0,72.0,157.0
468.0,433.0,74.0,157.0
468.0,436.0,73.0,151.0
467.0,438.0,64.0,146.0
457.0,434.0,80.0,143.0
447.0,428.0,102.0,141.0
447.0,428.0,102.0,142.0
439.0,424.0,115.0,150.0
432.0,424.0,121.0,156.0
435.0,427.0,113.0,157.0
441.0,428.0,84.0,160.0
443.0,428.0,93.0,159.0
443.0,432.0,73.0,150.0
436.0,432.0,75.0,140.0
426.0,428.0,88.0,142.0
421.0,423.0,101.0,155.0
421.0,422.0,103.0,155.0
416.0,421.0,112.0,160.0
412.0,419.0,114.0,162.0
417.0,420.0,90.0,165.0
423.0,424.0,72.0,159.0
422.0,425.0,67.0,157.0
422.0,425.0,71.0,152.0
419.0,422.0,77.0,147.0
414.0,417.0,99.0,145.0
407.0,409.0,111.0,152.0
409.0,411.0,111.0,150.0
405.0,406.0,122.0,164.0
406.0,411.0,127.0,163.0
415.0,412.0,102.0,169.0
420.0,415.0,78.0,157.0
417.0,418.0,78.0,147.0
415.0,417.0,82.0,149.0
410.0,415.0,85.0,141.0
405.0,410.0,107.0,153.0
403.0,410.0,116.0,155.0
402.0,410.0,126.0,158.0
401.0,410.0,127.0,159.0
405.0,412.0,116.0,159.0
410.0,412.0,85.0,155.0
412.0,416.0,76.0,147.0
412.0,413.0,81.0,144.0
411.0,413.0,83.0,145.0
406.0,408.0,106.0,140.0
401.0,400.0,122.0,148.0
397.0,400.0,130.0,153.0
401.0,398.0,129.0,160.0
400.0,400.0,130.0,160.0
409.0,400.0,109.0,164.0
413.0,404.0,86.0,153.0
411.0,404.0,84.0,144.0
396.0,402.0,102.0,144.0
403.0,404.0,95.0,141.0
397.0,397.0,116.0,155.0
395.0,399.0,126.0,159.0
396.0,399.0,125.0,157.0
396.0,398.0,130.0,162.0
403.0,400.0,109.0,166.0
401.0,400.0,100.0,166.0
410.0,403.0,77.0,160.0
413.0,408.0,73.0,150.0
406.0,405.0,88.0,147.0
403.0,400.0,111.0,148.0
404.0,399.0,110.0,148.0
400.0,393.0,124.0,159.0
397.0,396.0,132.0,161.0
399.0,397.0,128.0,169.0
407.0,403.0,108.0,168.0
407.0,403.0,100.0,167.0
408.0,408.0,93.0,160.0
403.0,410.0,94.0,149.0
397.0,410.0,103.0,152.0
392.0,409.0,121.0,164.0
389.0,414.0,129.0,165.0
390.0,412.0,128.0,166.0
389.0,418.0,139.0,166.0
397.0,424.0,107.0,168.0
404.0,428.0,79.0,159.0
399.0,432.0,98.0,155.0
399.0,432.0,97.0,153.0
397.0,433.0,101.0,151.0
394.0,427.0,121.0,153.0
395.0,429.0,128.0,151.0
394.0,427.0,138.0,161.0
395.0,427.0,136.0,159.0
399.0,431.0,128.0,165.0
405.0,436.0,109.0,162.0
408.0,440.0,91.0,155.0
411.0,437.0,93.0,147.0
410.0,438.0,93.0,147.0
409.0,433.0,104.0,153.0
403.0,433.0,120.0,163.0
403.0,431.0,129.0,167.0
403.0,432.0,140.0,170.0
