414.0,305.0,33.0,71.0
413.0,304.0,33.0,71.0
412.0,305.0,33.0,71.0
413.0,304.0,33.0,71.0
412.0,305.0,33.0,71.0
412.0,305.0,33.0,71.0
412.0,305.0,33.0,71.0
411.0,305.0,33.0,71.0
411.0,306.0,33.0,71.0
411.0,306.0,34.0,71.0
410.0,306.0,34.0,71.0
410.0,306.0,34.0,71.0
410.0,306.0,34.0,71.0
411.0,306.0,34.0,71.0
411.0,307.0,34.0,71.0
410.0,307.0,34.0,72.0
411.0,307.0,34.0,73.0
412.0,308.0,33.0,75.0
412.0,307.0,33.0,75.0
411.0,308.0,33.0,77.0
413.0,309.0,32.0,77.0
413.0,309.0,32.0,77.0
413.0,309.0,32.0,78.0
413.0,310.0,32.0,77.0
413.0,310.0,32.0,78.0
414.0,311.0,32.0,78.0
413.0,312.0,32.0,77.0
415.0,312.0,31.0,78.0
414.0,313.0,31.0,78.0
417.0,313.0,30.0,78.0
416.0,314.0,31.0,78.0
417.0,315.0,30.0,77.0
417.0,314.0,30.0,76.0
417.0,315.0,29.0,76.0
418.0,316.0,29.0,75.0
418.0,316.0,29.0,75.0
418.0,317.0,28.0,74.0
419.0,318.0,29.0,74.0
419.0,318.0,29.0,74.0
419.0,319.0,29.0,72.0
420.0,319.0,29.0,73.0
419.0,319.0,29.0,72.0
420.0,319.0,30.0,74.0
420.0,320.0,30.0,74.0
421.0,321.0,30.0,76.0
421.0,321.0,31.0,78.0
422.0,322.0,30.0,79.0
421.0,322.0,31.0,79.0
422.0,323.0,30.0,81.0
423.0,323.0,30.0,81.0
422.0,324.0,31.0,82.0
422.0,326.0,31.0,80.0
422.0,327.0,32.0,81.0
421.0,327.0,32.0,81.0
421.0,328.0,33.0,81.0
421.0,328.0,33.0,80.0
422.0,329.0,32.0,79.0
420.0,330.0,33.0,79.0
421.0,330.0,33.0,79.0
422.0,330.0,33.0,78.0
421.0,330.0,33.0,79.0
422.0,331.0,32.0,78.0
422.0,332.0,32.0,77.0
421.0,332.0,32.0,78.0
422.0,332.0,31.0,78.0
423.0,334.0,31.0,80.0
424.0,334.0,31.0,81.0
424.0,335.0,30.0,82.0
424.0,336.0,30.0,82.0
425.0,337.0,30.0,82.0
426.0,337.0,29.0,82.0
426.0,338.0,30.0,84.0
427.0,339.0,29.0,83.0
427.0,340.0,30.0,83.0
427.0,341.0,30.0,84.0
429.0,342.0,29.0,83.0
429.0,343.0,29.0,82.0
430.0,342.0,29.0,83.0
431.0,343.0,28.0,81.0
431.0,343.0,29.0,81.0
430.0,344.0,29.0,81.0
431.0,344.0,29.0,80.0
430.0,345.0,30.0,81.0
431.0,346.0,30.0,80.0
431.0,346.0,30.0,79.0
431.0,347.0,31.0,80.0
433.0,347.0,29.0,82.0
432.0,347.0,29.0,85.0
433.0,348.0,29.0,87.0
434.0,349.0,29.0,87.0
433.0,349.0,29.0,89.0
434.0,350.0,30.0,89.0
434.0,351.0,29.0,88.0
434.0,351.0,29.0,88.0
435.0,352.0,28.0,88.0
437.0,354.0,28.0,87.0
437.0,355.0,29.0,86.0
437.0,355.0,29.0,86.0
438.0,356.0,28.0,85.0
438.0,356.0,29.0,85.0
438.0,357.0,29.0,83.0
440.0,358.0,29.0,83.0
440.0,359.0,29.0,82.0
440.0,360.0,29.0,81.0
442.0,360.0,28.0,80.0
441.0,361.0,29.0,81.0
443.0,361.0,28.0,80.0
443.0,361.0,28.0,80.0
443.0,362.0,29.0,79.0
445.0,363.0,28.0,78.0
446.0,363.0,29.0,79.0
447.0,364.0,28.0,78.0
449.0,364.0,28.0,76.0
449.0,366.0,28.0,77.0
450.0,366.0,27.0,76.0
452.0,367.0,27.0,75.0
452.0,367.0,28.0,77.0
453.0,368.0,28.0,76.0
455.0,369.0,28.0,77.0
456.0,369.0,28.0,75.0
457.0,368.0,29.0,77.0
457.0,369.0,30.0,76.0
460.0,369.0,30.0,77.0
461.0,370.0,30.0,78.0
463.0,370.0,30.0,79.0
466.0,370.0,30.0,79.0
468.0,370.0,29.0,80.0
468.0,370.0,29.0,82.0
471.0,371.0,30.0,77.0
470.0,372.0,31.0,76.0
473.0,372.0,29.0,78.0
474.0,373.0,30.0,74.0
475.0,373.0,29.0,72.0
475.0,374.0,30.0,68.0
477.0,375.0,29.0,67.0
477.0,376.0,30.0,68.0
478.0,376.0,31.0,63.0
480.0,377.0,26.0,62.0
481.0,377.0,26.0,58.0
481.0,378.0,26.0,56.0
485.0,378.0,26.0,53.0
484.0,379.0,26.0,50.0
484.0,378.0,28.0,49.0
485.0,380.0,28.0,47.0
484.0,380.0,31.0,47.0
493.0,381.0,24.0,49.0
494.0,381.0,25.0,42.0
496.0,381.0,24.0,39.0
500.0,383.0,22.0,39.0
501.0,382.0,21.0,40.0
505.0,382.0,19.0,38.0
505.0,386.0,20.0,36.0
508.0,385.0,20.0,37.0
509.0,386.0,19.0,34.0
509.0,386.0,19.0,32.0
507.0,387.0,19.0,32.0
506.0,388.0,19.0,32.0
505.0,388.0,18.0,32.0
502.0,389.0,18.0,33.0
500.0,391.0,19.0,34.0
493.0,406.0,22.0,42.0
488.0,432.0,19.0,37.0
485.0,425.0,19.0,37.0
479.0,428.0,16.0,36.0
472.0,424.0,16.0,34.0
464.0,421.0,19.0,35.0
458.0,409.0,20.0,34.0
453.0,404.0,21.0,33.0
448.0,404.0,19.0,33.0
441.0,406.0,18.0,32.0
433.0,409.0,22.0,32.0
426.0,402.0,22.0,34.0
425.0,390.0,25.0,38.0
404.0,363.0,29.0,38.0
393.0,365.0,30.0,38.0
379.0,368.0,28.0,37.0
373.0,368.0,26.0,39.0
363.0,368.0,27.0,39.0
357.0,372.0,26.0,36.0
349.0,372.0,26.0,35.0
341.0,373.0,26.0,36.0
337.0,375.0,23.0,35.0
332.0,376.0,23.0,31.0
328.0,375.0,21.0,31.0
323.0,374.0,21.0,32.0
316.0,370.0,23.0,33.0
307.0,362.0,23.0,35.0
306.0,353.0,24.0,38.0
306.0,352.0,26.0,40.0
304.0,351.0,28.0,41.0
303.0,350.0,29.0,44.0
303.0,350.0,31.0,46.0
302.0,338.0,33.0,49.0
300.0,336.0,35.0,51.0
299.0,335.0,37.0,53.0
298.0,334.0,39.0,57.0
296.0,333.0,42.0,59.0
284.0,323.0,44.0,61.0
225.0,283.0,37.0,54.0
226.0,276.0,31.0,55.0
225.0,273.0,28.0,56.0
225.0,271.0,29.0,55.0
226.0,269.0,30.0,54.0
225.0,274.0,32.0,52.0
226.0,272.0,30.0,52.0
228.0,276.0,31.0,50.0
229.0,279.0,28.0,49.0
227.0,281.0,27.0,48.0
229.0,285.0,29.0,43.0
229.0,283.0,27.0,44.0
228.0,286.0,27.0,42.0
226.0,284.0,25.0,44.0
225.0,286.0,26.0,42.0
226.0,287.0,26.0,39.0
224.0,287.0,25.0,42.0
222.0,289.0,26.0,38.0
221.0,288.0,26.0,39.0
220.0,286.0,26.0,40.0
218.0,285.0,26.0,41.0
215.0,286.0,27.0,43.0
214.0,287.0,28.0,41.0
212.0,288.0,26.0,41.0
208.0,287.0,27.0,41.0
205.0,287.0,25.0,42.0
204.0,289.0,27.0,40.0
201.0,290.0,27.0,42.0
196.0,283.0,25.0,47.0
196.0,288.0,28.0,43.0
196.0,291.0,27.0,41.0
195.0,289.0,26.0,42.0
193.0,289.0,26.0,41.0
189.0,288.0,25.0,42.0
190.0,289.0,25.0,41.0
191.0,291.0,26.0,40.0
184.0,284.0,25.0,45.0
183.0,287.0,26.0,45.0
182.0,286.0,25.0,45.0
180.0,290.0,27.0,43.0
179.0,290.0,26.0,43.0
179.0,290.0,26.0,41.0
178.0,291.0,25.0,41.0
176.0,295.0,27.0,37.0
175.0,294.0,26.0,40.0
175.0,291.0,27.0,40.0
173.0,290.0,26.0,42.0
171.0,290.0,27.0,42.0
168.0,291.0,29.0,41.0
168.0,291.0,26.0,42.0
166.0,291.0,26.0,42.0
166.0,293.0,26.0,42.0
164.0,291.0,25.0,43.0
162.0,291.0,25.0,43.0
159.0,288.0,26.0,43.0
160.0,292.0,26.0,43.0
157.0,293.0,27.0,41.0
156.0,293.0,28.0,41.0
155.0,291.0,27.0,42.0
154.0,292.0,27.0,41.0
153.0,295.0,28.0,39.0
152.0,294.0,27.0,40.0
150.0,294.0,30.0,39.0
147.0,294.0,31.0,40.0
145.0,294.0,29.0,41.0
143.0,294.0,27.0,41.0
141.0,294.0,26.0,42.0
139.0,293.0,26.0,41.0
138.0,295.0,27.0,40.0
138.0,294.0,28.0,42.0
136.0,294.0,29.0,41.0
135.0,295.0,29.0,40.0
133.0,297.0,31.0,38.0
131.0,297.0,30.0,39.0
131.0,294.0,29.0,41.0
127.0,295.0,29.0,41.0
124.0,293.0,29.0,43.0
123.0,295.0,28.0,41.0
121.0,296.0,27.0,40.0
119.0,298.0,26.0,40.0
117.0,298.0,26.0,39.0
115.0,298.0,26.0,39.0
114.0,299.0,28.0,38.0
113.0,297.0,27.0,39.0
111.0,297.0,26.0,39.0
108.0,298.0,26.0,40.0
107.0,299.0,25.0,38.0
107.0,300.0,26.0,37.0
106.0,299.0,28.0,37.0
104.0,299.0,28.0,38.0
104.0,298.0,29.0,38.0
103.0,296.0,31.0,39.0
98.0,295.0,30.0,41.0
100.0,298.0,28.0,39.0
99.0,297.0,30.0,39.0
98.0,296.0,30.0,40.0
97.0,297.0,30.0,39.0
97.0,297.0,28.0,39.0
98.0,297.0,27.0,38.0
96.0,297.0,26.0,39.0
99.0,295.0,27.0,39.0
97.0,296.0,27.0,39.0
99.0,294.0,27.0,40.0
99.0,293.0,27.0,40.0
100.0,290.0,26.0,42.0
100.0,293.0,26.0,41.0
98.0,291.0,26.0,41.0
102.0,292.0,26.0,40.0
101.0,291.0,26.0,40.0
103.0,291.0,26.0,40.0
102.0,291.0,27.0,39.0
103.0,289.0,28.0,40.0
104.0,288.0,30.0,40.0
103.0,288.0,29.0,41.0
104.0,287.0,28.0,42.0
105.0,287.0,28.0,41.0
105.0,287.0,28.0,40.0
105.0,288.0,29.0,39.0
105.0,288.0,27.0,40.0
106.0,288.0,27.0,39.0
105.0,288.0,26.0,39.0
106.0,287.0,27.0,40.0
105.0,288.0,27.0,38.0
105.0,287.0,26.0,40.0
107.0,288.0,26.0,39.0
107.0,289.0,26.0,38.0
107.0,287.0,26.0,39.0
107.0,288.0,27.0,39.0
106.0,288.0,26.0,39.0
106.0,288.0,26.0,39.0
105.0,288.0,25.0,39.0
106.0,289.0,26.0,38.0
106.0,288.0,27.0,39.0
104.0,288.0,27.0,39.0
104.0,287.0,27.0,41.0
103.0,286.0,26.0,41.0
104.0,289.0,26.0,38.0
102.0,288.0,24.0,40.0
103.0,290.0,26.0,39.0
103.0,289.0,26.0,39.0
102.0,288.0,26.0,41.0
101.0,290.0,27.0,40.0
101.0,290.0,27.0,40.0
103.0,288.0,29.0,41.0
103.0,290.0,29.0,40.0
101.0,291.0,30.0,39.0
100.0,290.0,28.0,40.0
98.0,293.0,27.0,39.0
98.0,292.0,27.0,40.0
98.0,293.0,28.0,40.0
97.0,295.0,27.0,39.0
97.0,295.0,26.0,38.0
95.0,295.0,27.0,39.0
94.0,294.0,25.0,39.0
95.0,297.0,26.0,37.0
94.0,297.0,25.0,38.0
93.0,296.0,27.0,38.0
92.0,296.0,26.0,40.0
90.0,296.0,25.0,42.0
92.0,296.0,28.0,40.0
91.0,298.0,29.0,39.0
90.0,299.0,29.0,39.0
90.0,300.0,29.0,38.0
91.0,299.0,32.0,39.0
87.0,298.0,29.0,42.0
85.0,298.0,30.0,43.0
86.0,299.0,29.0,41.0
86.0,301.0,30.0,40.0
86.0,301.0,34.0,41.0
86.0,300.0,31.0,41.0
82.0,301.0,29.0,42.0
81.0,302.0,31.0,41.0
81.0,302.0,32.0,41.0
80.0,303.0,29.0,42.0
80.0,303.0,29.0,41.0
79.0,304.0,30.0,41.0
78.0,306.0,29.0,40.0
76.0,306.0,28.0,41.0
74.0,307.0,27.0,40.0
74.0,309.0,26.0,40.0
74.0,309.0,28.0,39.0
74.0,308.0,30.0,41.0
71.0,307.0,30.0,42.0
70.0,310.0,29.0,40.0
69.0,309.0,28.0,42.0
66.0,310.0,28.0,42.0
66.0,311.0,27.0,41.0
65.0,314.0,29.0,40.0
64.0,313.0,27.0,42.0
62.0,313.0,28.0,41.0
61.0,315.0,27.0,41.0
61.0,315.0,27.0,40.0
61.0,318.0,27.0,39.0
59.0,316.0,28.0,40.0
58.0,316.0,28.0,42.0
58.0,319.0,31.0,40.0
58.0,321.0,30.0,39.0
56.0,322.0,31.0,39.0
55.0,323.0,29.0,39.0
54.0,322.0,31.0,40.0
52.0,325.0,31.0,39.0
51.0,324.0,30.0,41.0
51.0,325.0,29.0,41.0
50.0,326.0,31.0,40.0
48.0,323.0,29.0,44.0
48.0,326.0,30.0,39.0
47.0,329.0,31.0,38.0
47.0,331.0,32.0,36.0
47.0,332.0,33.0,36.0
44.0,330.0,31.0,39.0
44.0,333.0,33.0,37.0
45.0,332.0,30.0,38.0
43.0,330.0,28.0,40.0
42.0,333.0,29.0,38.0
40.0,334.0,28.0,39.0
40.0,337.0,29.0,36.0
40.0,336.0,27.0,38.0
39.0,338.0,28.0,37.0
39.0,341.0,30.0,36.0
38.0,340.0,28.0,38.0
37.0,341.0,27.0,38.0
36.0,339.0,26.0,39.0
35.0,342.0,27.0,41.0
34.0,343.0,27.0,39.0
34.0,344.0,28.0,39.0
32.0,346.0,28.0,39.0
30.0,347.0,26.0,40.0
30.0,350.0,27.0,41.0
30.0,351.0,28.0,41.0
30.0,353.0,28.0,43.0
24.0,351.0,28.0,43.0
27.0,353.0,30.0,44.0
22.0,352.0,28.0,45.0
24.0,354.0,28.0,47.0
17.0,354.0,27.0,50.0
19.0,355.0,30.0,49.0
12.0,353.0,27.0,54.0
3.0,354.0,26.0,61.0
-4.0,359.0,24.0,68.0
-3.0,368.0,25.0,69.0
-2.0,381.0,24.0,73.0
-2.0,387.0,24.0,74.0
-1.0,389.0,25.0,74.0
-2.0,391.0,24.0,73.0
-2.0,393.0,23.0,73.0
-2.0,395.0,21.0,72.0
-2.0,397.0,20.0,70.0
-3.0,399.0,19.0,67.0
-3.0,399.0,19.0,64.0
-3.0,399.0,19.0,61.0
-3.0,402.0,17.0,59.0
-3.0,403.0,17.0,58.0
-3.0,403.0,17.0,57.0
-3.0,401.0,17.0,53.0
-4.0,393.0,18.0,54.0
-3.0,387.0,17.0,53.0
-3.0,389.0,17.0,53.0
-4.0,392.0,16.0,51.0
-4.0,390.0,15.0,50.0
-3.0,396.0,14.0,50.0
-3.0,396.0,15.0,46.0
-3.0,396.0,13.0,44.0
-3.0,397.0,13.0,41.0
-3.0,396.0,13.0,40.0
-2.0,390.0,12.0,42.0
-1.0,389.0,13.0,45.0
-1.0,393.0,14.0,44.0
-1.0,394.0,14.0,48.0
0.0,395.0,14.0,46.0
-1.0,391.0,14.0,49.0
-1.0,388.0,12.0,54.0
-2.0,399.0,12.0,51.0
-3.0,397.0,13.0,48.0
-2.0,407.0,12.0,45.0
-3.0,407.0,11.0,48.0
-2.0,414.0,13.0,45.0
-3.0,403.0,11.0,48.0
-3.0,405.0,12.0,46.0
-3.0,405.0,12.0,46.0
-4.0,408.0,12.0,46.0
-4.0,408.0,13.0,46.0
-3.0,393.0,13.0,50.0
-2.0,384.0,15.0,50.0
-1.0,379.0,13.0,53.0
-1.0,389.0,13.0,53.0
-1.0,381.0,13.0,56.0
-1.0,388.0,13.0,60.0
-2.0,379.0,14.0,61.0
-3.0,388.0,14.0,63.0
-4.0,390.0,16.0,62.0
-3.0,393.0,14.0,62.0
-4.0,396.0,16.0,62.0
-5.0,406.0,18.0,63.0
-4.0,410.0,19.0,62.0
-3.0,406.0,17.0,65.0
-4.0,416.0,17.0,65.0
-8.0,421.0,17.0,66.0
-4.0,420.0,15.0,65.0
-4.0,407.0,15.0,66.0
-4.0,411.0,18.0,65.0
-9.0,412.0,18.0,68.0
-6.0,415.0,19.0,70.0
-5.0,420.0,23.0,68.0
-9.0,408.0,19.0,73.0
-6.0,411.0,22.0,72.0
-11.0,411.0,22.0,74.0
-6.0,417.0,23.0,76.0
-4.0,427.0,27.0,72.0
-11.0,431.0,22.0,81.0
-5.0,459.0,20.0,82.0
-5.0,476.0,26.0,75.0
-2.0,490.0,25.0,75.0
0.0,499.0,26.0,76.0
0.0,510.0,33.0,73.0
12.0,522.0,39.0,74.0
13.0,533.0,46.0,72.0
14.0,542.0,48.0,72.0
41.0,527.0,49.0,76.0
47.0,512.0,38.0,88.0
41.0,514.0,43.0,87.0
26.0,545.0,62.0,70.0
26.0,554.0,61.0,66.0
20.0,555.0,57.0,66.0
32.0,561.0,58.0,60.0
43.0,559.0,49.0,60.0
49.0,564.0,44.0,53.0
49.0,581.0,46.0,35.0
53.0,581.0,36.0,31.0
56.0,587.0,32.0,24.0
60.0,588.0,24.0,23.0
60.0,591.0,23.0,21.0
59.0,594.0,21.0,19.0
59.0,597.0,19.0,19.0
62.0,598.0,16.0,19.0
63.0,601.0,14.0,18.0
61.0,600.0,14.0,20.0
62.0,605.0,14.0,17.0
60.0,607.0,12.0,19.0
61.0,607.0,12.0,18.0
59.0,612.0,12.0,17.0
61.0,613.0,10.0,17.0
60.0,615.0,10.0,16.0
58.0,618.0,10.0,16.0
57.0,619.0,10.0,16.0
56.0,620.0,10.0,17.0
57.0,622.0,10.0,17.0
55.0,626.0,10.0,15.0
55.0,627.0,10.0,16.0
53.0,628.0,10.0,16.0
52.0,631.0,10.0,16.0
52.0,632.0,10.0,16.0
51.0,634.0,10.0,15.0
50.0,638.0,10.0,15.0
49.0,638.0,10.0,16.0
48.0,641.0,10.0,15.0
48.0,642.0,10.0,14.0
47.0,643.0,10.0,16.0
46.0,647.0,10.0,16.0
45.0,648.0,10.0,15.0
45.0,650.0,10.0,16.0
44.0,652.0,10.0,16.0
44.0,652.0,10.0,17.0
42.0,655.0,10.0,16.0
42.0,656.0,10.0,17.0
41.0,660.0,10.0,15.0
40.0,662.0,10.0,15.0
39.0,663.0,10.0,15.0
38.0,666.0,10.0,16.0
38.0,666.0,10.0,17.0
36.0,669.0,10.0,16.0
35.0,671.0,10.0,16.0
34.0,673.0,10.0,17.0
32.0,675.0,11.0,16.0
34.0,677.0,10.0,17.0
32.0,680.0,10.0,16.0
31.0,681.0,10.0,16.0
31.0,685.0,10.0,16.0
29.0,686.0,10.0,15.0
29.0,689.0,10.0,15.0
29.0,691.0,10.0,16.0
27.0,692.0,10.0,16.0
27.0,696.0,10.0,16.0
25.0,697.0,10.0,17.0
23.0,701.0,10.0,16.0
19.0,704.0,13.0,16.0
19.0,704.0,14.0,16.0
14.0,705.0,16.0,16.0
14.0,707.0,16.0,15.0
14.0,708.0,16.0,13.0
10.0,708.0,16.0,13.0
11.0,708.0,17.0,13.0
14.0,710.0,18.0,13.0
6.0,706.0,15.0,17.0
-1.0,699.0,11.0,22.0
-3.0,697.0,10.0,24.0
-3.0,695.0,10.0,25.0
-2.0,693.0,10.0,26.0
-1.0,692.0,10.0,27.0
-4.0,684.0,10.0,32.0
-2.0,671.0,10.0,38.0
-2.0,673.0,12.0,39.0
-2.0,663.0,12.0,42.0
-5.0,653.0,11.0,45.0
-5.0,644.0,12.0,47.0
-4.0,632.0,14.0,48.0
-4.0,618.0,15.0,50.0
-2.0,595.0,15.0,56.0
-6.0,579.0,13.0,63.0
-5.0,564.0,15.0,67.0
-3.0,542.0,18.0,68.0
-2.0,521.0,21.0,67.0
-1.0,502.0,23.0,70.0
0.0,471.0,22.0,75.0
-9.0,451.0,22.0,73.0
-5.0,434.0,19.0,70.0
-5.0,439.0,19.0,65.0
-4.0,443.0,18.0,62.0
-4.0,446.0,17.0,58.0
-3.0,449.0,17.0,57.0
-2.0,449.0,16.0,56.0
-2.0,449.0,15.0,57.0
-7.0,448.0,15.0,57.0
-5.0,448.0,15.0,55.0
-5.0,449.0,16.0,53.0
-3.0,450.0,16.0,53.0
-2.0,450.0,16.0,54.0
-2.0,451.0,16.0,54.0
-1.0,453.0,15.0,52.0
-1.0,454.0,15.0,51.0
-1.0,456.0,15.0,51.0
-1.0,456.0,15.0,51.0
-1.0,455.0,15.0,52.0
-7.0,454.0,14.0,55.0
-4.0,454.0,14.0,54.0
-3.0,458.0,15.0,52.0
-3.0,456.0,15.0,52.0
-3.0,456.0,15.0,51.0
-3.0,458.0,14.0,50.0
-3.0,459.0,14.0,49.0
-3.0,460.0,14.0,49.0
-2.0,459.0,14.0,50.0
-2.0,459.0,14.0,51.0
-2.0,462.0,15.0,51.0
-2.0,459.0,14.0,52.0
-2.0,459.0,14.0,52.0
-7.0,459.0,15.0,54.0
-5.0,459.0,15.0,55.0
-4.0,461.0,16.0,53.0
-3.0,462.0,16.0,52.0
-2.0,456.0,16.0,53.0
-2.0,458.0,16.0,54.0
-8.0,458.0,16.0,56.0
-4.0,456.0,16.0,58.0
-4.0,458.0,18.0,55.0
-8.0,459.0,17.0,55.0
-5.0,457.0,16.0,57.0
-4.0,459.0,17.0,56.0
-4.0,457.0,16.0,54.0
-3.0,460.0,17.0,54.0
-8.0,462.0,16.0,55.0
-5.0,460.0,15.0,56.0
-4.0,463.0,16.0,54.0
-4.0,467.0,16.0,53.0
-3.0,467.0,16.0,52.0
-2.0,467.0,15.0,52.0
-2.0,470.0,14.0,50.0
-2.0,470.0,14.0,49.0
-3.0,472.0,14.0,48.0
-2.0,473.0,14.0,47.0
-6.0,472.0,13.0,48.0
-4.0,470.0,12.0,50.0
-4.0,470.0,13.0,49.0
-3.0,473.0,14.0,47.0
-7.0,472.0,14.0,49.0
-4.0,471.0,13.0,49.0
-3.0,472.0,14.0,48.0
-2.0,472.0,15.0,48.0
-6.0,473.0,13.0,50.0
-4.0,472.0,12.0,49.0
-3.0,474.0,13.0,48.0
-3.0,476.0,15.0,47.0
-6.0,474.0,13.0,50.0
-4.0,473.0,13.0,51.0
-4.0,474.0,15.0,50.0
-3.0,474.0,16.0,49.0
-7.0,473.0,14.0,53.0
-4.0,471.0,13.0,53.0
-3.0,469.0,15.0,51.0
-7.0,474.0,14.0,52.0
-5.0,473.0,14.0,53.0
-5.0,475.0,15.0,52.0
-4.0,476.0,16.0,52.0
-3.0,475.0,17.0,51.0
-7.0,476.0,15.0,54.0
-5.0,476.0,14.0,54.0
-6.0,479.0,16.0,53.0
-5.0,479.0,16.0,52.0
-4.0,479.0,17.0,51.0
-7.0,478.0,15.0,54.0
-6.0,477.0,16.0,54.0
-5.0,478.0,16.0,53.0
-4.0,478.0,17.0,53.0
-3.0,475.0,18.0,55.0
-8.0,473.0,16.0,60.0
-5.0,470.0,18.0,60.0
-4.0,470.0,21.0,62.0
-2.0,467.0,23.0,63.0
-1.0,463.0,23.0,67.0
-7.0,460.0,21.0,74.0
-5.0,457.0,25.0,76.0
-2.0,457.0,27.0,77.0
-2.0,456.0,25.0,82.0
-2.0,458.0,25.0,83.0
-2.0,455.0,25.0,82.0
-3.0,457.0,25.0,85.0
-3.0,458.0,24.0,85.0
-2.0,464.0,21.0,81.0
-1.0,467.0,21.0,77.0
-1.0,470.0,19.0,73.0
-1.0,473.0,18.0,68.0
-2.0,480.0,17.0,68.0
-3.0,480.0,16.0,66.0
-4.0,478.0,17.0,60.0
-4.0,471.0,15.0,59.0
-4.0,470.0,16.0,58.0
-5.0,462.0,18.0,61.0
-4.0,444.0,20.0,63.0
-3.0,412.0,18.0,68.0
-3.0,400.0,16.0,66.0
-3.0,402.0,16.0,64.0
-2.0,406.0,17.0,61.0
-1.0,408.0,16.0,59.0
-1.0,412.0,14.0,61.0
-1.0,410.0,14.0,63.0
-2.0,407.0,14.0,63.0
-3.0,411.0,16.0,58.0
-3.0,414.0,16.0,55.0
-2.0,410.0,17.0,55.0
-1.0,410.0,16.0,59.0
0.0,412.0,18.0,58.0
0.0,413.0,19.0,56.0
1.0,410.0,22.0,55.0
-3.0,410.0,20.0,59.0
-1.0,408.0,19.0,61.0
0.0,424.0,19.0,61.0
0.0,427.0,19.0,55.0
0.0,428.0,20.0,49.0
-3.0,425.0,16.0,51.0
0.0,425.0,15.0,47.0
0.0,428.0,14.0,46.0
0.0,428.0,15.0,45.0
0.0,427.0,15.0,46.0
0.0,427.0,14.0,48.0
0.0,426.0,15.0,48.0
0.0,424.0,14.0,50.0
0.0,425.0,12.0,52.0
0.0,428.0,12.0,54.0
0.0,432.0,11.0,50.0
-1.0,434.0,12.0,48.0
-2.0,445.0,12.0,44.0
-2.0,446.0,10.0,41.0
-2.0,451.0,10.0,37.0
-2.0,452.0,10.0,37.0
-2.0,448.0,11.0,39.0
-2.0,438.0,12.0,42.0
-7.0,438.0,14.0,43.0
-4.0,423.0,11.0,48.0
-4.0,418.0,15.0,46.0
-3.0,405.0,18.0,47.0
-2.0,387.0,19.0,50.0
-1.0,367.0,21.0,53.0
-6.0,346.0,19.0,59.0
-5.0,329.0,21.0,60.0
-4.0,319.0,20.0,66.0
-9.0,298.0,18.0,76.0
-5.0,275.0,20.0,82.0
-4.0,248.0,24.0,83.0
-2.0,223.0,22.0,91.0
-11.0,212.0,23.0,100.0
-5.0,194.0,22.0,102.0
-6.0,189.0,24.0,96.0
-6.0,188.0,26.0,94.0
-7.0,194.0,26.0,93.0
-5.0,192.0,26.0,97.0
-12.0,188.0,24.0,104.0
-9.0,187.0,26.0,106.0
-7.0,172.0,31.0,102.0
-13.0,173.0,27.0,104.0
-10.0,175.0,26.0,104.0
-8.0,171.0,28.0,103.0
-14.0,169.0,28.0,102.0
-10.0,153.0,26.0,103.0
-5.0,119.0,23.0,90.0
-1.0,99.0,30.0,88.0
3.0,43.0,28.0,99.0
-1.0,44.0,35.0,83.0
-5.0,38.0,27.0,80.0
-1.0,13.0,22.0,90.0
-2.0,19.0,30.0,85.0
0.0,15.0,26.0,92.0
-9.0,20.0,24.0,107.0
-6.0,35.0,28.0,113.0
-7.0,48.0,32.0,112.0
-14.0,58.0,28.0,122.0
-11.0,69.0,29.0,128.0
-10.0,80.0,32.0,129.0
-10.0,65.0,36.0,125.0
-7.0,80.0,35.0,133.0
-15.0,85.0,31.0,147.0
-13.0,83.0,32.0,150.0
-13.0,84.0,36.0,147.0
-11.0,64.0,40.0,145.0
-17.0,73.0,35.0,153.0
-14.0,74.0,36.0,154.0
-13.0,80.0,39.0,150.0
-11.0,85.0,41.0,149.0
-19.0,88.0,38.0,156.0
-16.0,89.0,39.0,156.0
-15.0,95.0,41.0,157.0
-21.0,105.0,43.0,165.0
-16.0,125.0,43.0,173.0
-13.0,146.0,50.0,169.0
-21.0,152.0,43.0,182.0
-15.0,178.0,47.0,175.0
-10.0,192.0,53.0,160.0
-21.0,195.0,42.0,170.0
-11.0,213.0,42.0,153.0
-21.0,219.0,42.0,147.0
-8.0,236.0,36.0,136.0
-17.0,234.0,34.0,137.0
-7.0,255.0,32.0,120.0
-4.0,256.0,30.0,115.0
-14.0,258.0,28.0,117.0
-5.0,269.0,27.0,106.0
-5.0,280.0,26.0,98.0
-4.0,291.0,23.0,90.0
-3.0,295.0,21.0,84.0
-4.0,305.0,20.0,75.0
-4.0,308.0,19.0,69.0
-4.0,314.0,19.0,64.0
-3.0,318.0,18.0,59.0
-3.0,320.0,16.0,59.0
-3.0,316.0,16.0,58.0
-3.0,318.0,15.0,58.0
-3.0,321.0,16.0,56.0
-2.0,321.0,15.0,56.0
-2.0,320.0,15.0,56.0
-1.0,320.0,15.0,55.0
-2.0,318.0,14.0,56.0
-2.0,322.0,14.0,56.0
-2.0,324.0,15.0,55.0
-2.0,318.0,14.0,55.0
-2.0,319.0,15.0,55.0
-2.0,321.0,15.0,55.0
-3.0,319.0,16.0,55.0
-2.0,317.0,14.0,56.0
-2.0,317.0,15.0,56.0
-2.0,318.0,15.0,55.0
-3.0,318.0,14.0,54.0
-3.0,317.0,15.0,52.0
-2.0,318.0,14.0,54.0
-3.0,315.0,15.0,53.0
-2.0,317.0,15.0,54.0
-2.0,317.0,15.0,56.0
-2.0,313.0,15.0,56.0
-2.0,311.0,15.0,56.0
-3.0,313.0,16.0,58.0
-2.0,312.0,15.0,57.0
-3.0,315.0,16.0,56.0
-2.0,314.0,16.0,56.0
-2.0,312.0,15.0,57.0
-3.0,315.0,15.0,57.0
-3.0,317.0,16.0,55.0
-2.0,320.0,16.0,54.0
-2.0,321.0,15.0,55.0
-2.0,318.0,15.0,55.0
-2.0,322.0,16.0,53.0
-2.0,320.0,14.0,54.0
-3.0,323.0,15.0,52.0
-3.0,323.0,15.0,52.0
-3.0,322.0,14.0,52.0
-3.0,323.0,15.0,51.0
-3.0,323.0,15.0,51.0
-3.0,322.0,15.0,51.0
-3.0,325.0,16.0,51.0
-3.0,324.0,15.0,51.0
-3.0,325.0,16.0,50.0
-3.0,324.0,15.0,51.0
-4.0,324.0,15.0,50.0
-3.0,325.0,15.0,48.0
-3.0,324.0,14.0,48.0
-3.0,322.0,15.0,48.0
-2.0,323.0,14.0,49.0
-2.0,323.0,15.0,49.0
-2.0,322.0,15.0,49.0
-2.0,322.0,14.0,48.0
-2.0,322.0,14.0,48.0
-2.0,322.0,15.0,48.0
-2.0,323.0,14.0,50.0
-3.0,322.0,15.0,49.0
-2.0,322.0,15.0,50.0
-2.0,325.0,15.0,50.0
-2.0,323.0,15.0,49.0
-2.0,325.0,15.0,48.0
-2.0,323.0,15.0,50.0
-2.0,324.0,16.0,50.0
-1.0,323.0,15.0,50.0
-2.0,324.0,15.0,51.0
-2.0,326.0,15.0,51.0
-2.0,327.0,15.0,51.0
-2.0,328.0,15.0,51.0
-2.0,328.0,15.0,49.0
-1.0,329.0,14.0,50.0
-2.0,327.0,13.0,49.0
-2.0,331.0,14.0,47.0
-2.0,331.0,13.0,47.0
-1.0,331.0,13.0,48.0
-1.0,332.0,13.0,47.0
-2.0,332.0,13.0,46.0
-1.0,333.0,13.0,47.0
-2.0,334.0,13.0,47.0
-2.0,335.0,13.0,46.0
-2.0,335.0,14.0,46.0
-2.0,335.0,13.0,46.0
-2.0,336.0,15.0,45.0
-2.0,335.0,13.0,46.0
-2.0,337.0,13.0,46.0
-2.0,338.0,13.0,44.0
-2.0,337.0,13.0,44.0
-2.0,337.0,13.0,44.0
-1.0,337.0,13.0,43.0
-1.0,337.0,13.0,44.0
-1.0,339.0,13.0,45.0
-1.0,341.0,13.0,43.0
-1.0,341.0,12.0,43.0
-1.0,341.0,12.0,42.0
-1.0,343.0,12.0,42.0
-1.0,342.0,13.0,42.0
-1.0,342.0,13.0,42.0
-1.0,343.0,12.0,43.0
-1.0,343.0,12.0,43.0
-1.0,343.0,12.0,44.0
-1.0,343.0,12.0,44.0
-1.0,344.0,11.0,45.0
-1.0,345.0,11.0,46.0
-1.0,346.0,12.0,43.0
-1.0,348.0,12.0,45.0
0.0,348.0,11.0,43.0
0.0,349.0,11.0,43.0
-1.0,349.0,12.0,43.0
0.0,349.0,11.0,42.0
-1.0,352.0,12.0,43.0
-1.0,350.0,12.0,43.0
-1.0,351.0,13.0,42.0
-1.0,349.0,12.0,44.0
-1.0,351.0,11.0,43.0
-1.0,353.0,11.0,42.0
-1.0,354.0,11.0,42.0
-1.0,356.0,11.0,41.0
-1.0,357.0,11.0,41.0
-1.0,357.0,10.0,42.0
-1.0,359.0,11.0,42.0
-1.0,358.0,12.0,43.0
-1.0,358.0,11.0,45.0
-1.0,360.0,12.0,45.0
-2.0,359.0,13.0,45.0
-1.0,357.0,13.0,47.0
-1.0,357.0,13.0,46.0
-2.0,355.0,12.0,48.0
-2.0,355.0,14.0,47.0
-2.0,352.0,13.0,49.0
-3.0,347.0,13.0,51.0
-3.0,341.0,14.0,53.0
-2.0,331.0,15.0,57.0
-2.0,321.0,15.0,63.0
-2.0,316.0,16.0,66.0
-2.0,303.0,16.0,71.0
-2.0,292.0,17.0,75.0
-1.0,276.0,19.0,80.0
-1.0,279.0,19.0,83.0
-1.0,271.0,20.0,88.0
-1.0,260.0,20.0,90.0
-2.0,258.0,23.0,87.0
-1.0,250.0,23.0,88.0
-11.0,250.0,22.0,94.0
-6.0,253.0,22.0,93.0
-6.0,258.0,22.0,90.0
-6.0,260.0,22.0,89.0
-6.0,239.0,28.0,83.0
-3.0,216.0,26.0,86.0
-1.0,198.0,24.0,90.0
0.0,190.0,24.0,92.0
0.0,212.0,21.0,80.0
-9.0,217.0,19.0,76.0
-8.0,206.0,19.0,77.0
-6.0,207.0,23.0,73.0
-3.0,206.0,21.0,75.0
-3.0,210.0,22.0,75.0
-2.0,206.0,23.0,75.0
-10.0,201.0,20.0,77.0
41.0,258.0,35.0,51.0
41.0,264.0,31.0,42.0
35.0,269.0,28.0,41.0
35.0,272.0,25.0,38.0
34.0,273.0,24.0,37.0
27.0,277.0,22.0,38.0
23.0,277.0,25.0,38.0
23.0,279.0,22.0,38.0
20.0,280.0,25.0,37.0
14.0,285.0,22.0,37.0
13.0,284.0,24.0,37.0
6.0,285.0,24.0,40.0
4.0,287.0,23.0,42.0
0.0,288.0,21.0,44.0
-1.0,290.0,20.0,43.0
-2.0,290.0,18.0,41.0
0.0,291.0,16.0,41.0
0.0,288.0,14.0,39.0
0.0,292.0,15.0,35.0
1.0,291.0,16.0,27.0
-1.0,295.0,11.0,28.0
0.0,296.0,11.0,26.0
-2.0,299.0,11.0,26.0
-1.0,301.0,13.0,26.0
0.0,303.0,15.0,26.0
0.0,304.0,15.0,28.0
-1.0,305.0,12.0,29.0
0.0,306.0,13.0,29.0
0.0,311.0,15.0,28.0
0.0,310.0,15.0,28.0
0.0,311.0,13.0,31.0
0.0,310.0,12.0,32.0
0.0,310.0,11.0,32.0
-1.0,308.0,10.0,32.0
-2.0,308.0,10.0,29.0
-2.0,308.0,10.0,27.0
-2.0,307.0,10.0,28.0
-2.0,301.0,10.0,29.0
-2.0,302.0,11.0,30.0
-5.0,301.0,11.0,32.0
-4.0,302.0,12.0,33.0
-3.0,292.0,11.0,35.0
-3.0,291.0,12.0,34.0
-3.0,290.0,11.0,37.0
-3.0,290.0,11.0,40.0
-6.0,290.0,13.0,41.0
-5.0,288.0,13.0,42.0
-4.0,287.0,14.0,43.0
-3.0,287.0,15.0,44.0
-3.0,288.0,16.0,46.0
-7.0,284.0,15.0,50.0
-3.0,285.0,15.0,54.0
-3.0,272.0,20.0,55.0
-9.0,252.0,19.0,60.0
-5.0,233.0,17.0,64.0
-4.0,214.0,20.0,65.0
-3.0,205.0,25.0,62.0
0.0,206.0,24.0,62.0
-7.0,208.0,22.0,66.0
-5.0,210.0,24.0,63.0
-3.0,212.0,25.0,63.0
-1.0,219.0,30.0,60.0
2.0,219.0,34.0,57.0
10.0,217.0,34.0,58.0
13.0,220.0,35.0,56.0
14.0,223.0,33.0,56.0
6.0,219.0,29.0,61.0
0.0,208.0,24.0,68.0
0.0,218.0,27.0,67.0
0.0,225.0,30.0,61.0
-1.0,230.0,29.0,61.0
-1.0,234.0,26.0,61.0
0.0,234.0,23.0,63.0
-1.0,242.0,18.0,64.0
-1.0,238.0,15.0,67.0
-1.0,236.0,13.0,69.0
-2.0,237.0,16.0,65.0
-3.0,241.0,18.0,65.0
-3.0,241.0,20.0,66.0
-9.0,233.0,19.0,68.0
-7.0,240.0,21.0,66.0
-3.0,237.0,23.0,61.0
-9.0,236.0,19.0,66.0
-5.0,228.0,17.0,63.0
-6.0,241.0,18.0,58.0
-3.0,241.0,16.0,56.0
-3.0,243.0,16.0,54.0
-8.0,234.0,16.0,56.0
-6.0,238.0,17.0,58.0
-4.0,246.0,20.0,56.0
-2.0,243.0,21.0,58.0
-1.0,252.0,21.0,59.0
-9.0,246.0,19.0,63.0
-6.0,257.0,23.0,59.0
-3.0,262.0,22.0,60.0
-2.0,266.0,21.0,59.0
-2.0,272.0,21.0,58.0
-1.0,272.0,18.0,63.0
-1.0,270.0,19.0,61.0
-2.0,273.0,20.0,59.0
-1.0,265.0,18.0,62.0
-9.0,255.0,18.0,65.0
-5.0,244.0,17.0,66.0
-4.0,235.0,19.0,61.0
-8.0,237.0,17.0,66.0
-5.0,240.0,16.0,71.0
-4.0,243.0,22.0,67.0
-10.0,241.0,20.0,70.0
-7.0,241.0,20.0,71.0
-5.0,244.0,25.0,66.0
-10.0,247.0,21.0,71.0
-7.0,252.0,22.0,73.0
-5.0,260.0,22.0,71.0
-5.0,266.0,22.0,69.0
-5.0,270.0,22.0,67.0
-4.0,271.0,21.0,67.0
-9.0,271.0,18.0,71.0
-6.0,262.0,20.0,68.0
-11.0,260.0,22.0,67.0
-6.0,258.0,21.0,72.0
-4.0,257.0,28.0,67.0
-9.0,263.0,20.0,82.0
-7.0,269.0,24.0,85.0
-6.0,254.0,31.0,80.0
-3.0,250.0,29.0,82.0
-10.0,239.0,23.0,92.0
-8.0,240.0,28.0,90.0
-6.0,243.0,28.0,90.0
-6.0,215.0,28.0,90.0
-3.0,188.0,27.0,90.0
0.0,171.0,27.0,93.0
-9.0,151.0,24.0,94.0
-12.0,153.0,27.0,86.0
-10.0,154.0,23.0,85.0
-9.0,149.0,23.0,88.0
-6.0,185.0,32.0,83.0
-2.0,193.0,44.0,78.0
0.0,186.0,50.0,79.0
28.0,99.0,48.0,85.0
23.0,97.0,45.0,79.0
82.0,70.0,30.0,59.0
85.0,88.0,18.0,41.0
82.0,92.0,19.0,32.0
80.0,94.0,18.0,31.0
78.0,95.0,19.0,31.0
74.0,95.0,19.0,32.0
73.0,96.0,18.0,32.0
68.0,99.0,19.0,30.0
65.0,98.0,20.0,31.0
