490.0,235.0,34.0,85.0
490.0,233.0,31.0,86.0
489.0,234.0,31.0,87.0
487.0,233.0,32.0,88.0
486.0,234.0,32.0,91.0
485.0,233.0,32.0,93.0
484.0,234.0,32.0,94.0
483.0,235.0,33.0,94.0
482.0,236.0,33.0,94.0
481.0,236.0,34.0,93.0
479.0,238.0,34.0,91.0
478.0,238.0,34.0,91.0
477.0,239.0,34.0,89.0
475.0,241.0,34.0,90.0
474.0,242.0,33.0,89.0
472.0,242.0,35.0,90.0
471.0,243.0,34.0,88.0
469.0,244.0,34.0,87.0
467.0,244.0,35.0,88.0
466.0,244.0,35.0,88.0
464.0,245.0,34.0,88.0
463.0,245.0,33.0,87.0
462.0,245.0,32.0,86.0
460.0,246.0,31.0,86.0
459.0,245.0,31.0,84.0
457.0,247.0,31.0,82.0
456.0,246.0,30.0,79.0
453.0,247.0,32.0,79.0
450.0,246.0,33.0,80.0
448.0,248.0,36.0,81.0
445.0,247.0,38.0,82.0
441.0,247.0,39.0,83.0
439.0,247.0,37.0,81.0
437.0,246.0,38.0,81.0
435.0,246.0,37.0,82.0
433.0,245.0,38.0,83.0
430.0,243.0,36.0,83.0
428.0,242.0,35.0,84.0
426.0,242.0,34.0,83.0
424.0,241.0,34.0,85.0
421.0,239.0,33.0,85.0
419.0,240.0,33.0,83.0
417.0,238.0,33.0,86.0
414.0,239.0,33.0,87.0
411.0,237.0,32.0,89.0
408.0,238.0,33.0,91.0
405.0,237.0,33.0,94.0
402.0,239.0,33.0,89.0
399.0,239.0,35.0,89.0
394.0,240.0,38.0,88.0
391.0,240.0,39.0,86.0
389.0,241.0,38.0,86.0
386.0,241.0,36.0,85.0
383.0,242.0,35.0,85.0
381.0,242.0,36.0,85.0
379.0,242.0,33.0,84.0
376.0,243.0,34.0,84.0
374.0,242.0,33.0,83.0
372.0,243.0,32.0,84.0
369.0,241.0,34.0,84.0
367.0,242.0,34.0,84.0
364.0,242.0,33.0,84.0
362.0,241.0,32.0,82.0
359.0,241.0,34.0,82.0
357.0,242.0,33.0,81.0
354.0,242.0,36.0,81.0
350.0,242.0,39.0,80.0
344.0,242.0,42.0,81.0
341.0,242.0,42.0,81.0
340.0,243.0,41.0,81.0
338.0,243.0,42.0,81.0
337.0,242.0,40.0,83.0
334.0,241.0,40.0,83.0
331.0,241.0,37.0,83.0
329.0,241.0,36.0,84.0
327.0,240.0,35.0,84.0
324.0,239.0,35.0,84.0
319.0,239.0,36.0,84.0
316.0,239.0,37.0,84.0
314.0,238.0,39.0,85.0
311.0,239.0,37.0,86.0
308.0,239.0,39.0,89.0
306.0,241.0,39.0,88.0
301.0,241.0,42.0,92.0
299.0,241.0,45.0,92.0
297.0,242.0,46.0,90.0
294.0,243.0,46.0,89.0
291.0,244.0,47.0,88.0
288.0,245.0,49.0,88.0
285.0,245.0,46.0,88.0
282.0,246.0,46.0,88.0
280.0,246.0,44.0,88.0
278.0,246.0,45.0,87.0
276.0,247.0,39.0,86.0
273.0,247.0,39.0,87.0
270.0,247.0,42.0,87.0
269.0,247.0,40.0,86.0
266.0,247.0,40.0,85.0
263.0,247.0,40.0,84.0
262.0,247.0,40.0,83.0
260.0,248.0,37.0,83.0
257.0,249.0,39.0,81.0
254.0,249.0,45.0,82.0
250.0,248.0,45.0,84.0
251.0,248.0,46.0,83.0
252.0,247.0,48.0,84.0
255.0,246.0,50.0,84.0
260.0,244.0,47.0,84.0
264.0,240.0,48.0,85.0
269.0,236.0,46.0,86.0
275.0,232.0,42.0,85.0
283.0,228.0,41.0,88.0
291.0,224.0,39.0,89.0
300.0,221.0,37.0,89.0
308.0,215.0,36.0,91.0
317.0,212.0,35.0,92.0
327.0,209.0,35.0,93.0
337.0,206.0,33.0,93.0
347.0,203.0,32.0,94.0
356.0,201.0,34.0,93.0
364.0,199.0,38.0,93.0
373.0,197.0,43.0,92.0
382.0,196.0,46.0,89.0
391.0,193.0,46.0,88.0
402.0,191.0,39.0,88.0
412.0,190.0,33.0,86.0
419.0,186.0,33.0,88.0
428.0,185.0,31.0,86.0
434.0,182.0,31.0,86.0
441.0,180.0,31.0,88.0
445.0,177.0,35.0,88.0
448.0,175.0,36.0,88.0
452.0,173.0,36.0,89.0
454.0,173.0,38.0,87.0
458.0,172.0,37.0,88.0
463.0,173.0,36.0,87.0
466.0,171.0,39.0,89.0
464.0,174.0,43.0,86.0
463.0,171.0,48.0,87.0
463.0,172.0,49.0,85.0
466.0,170.0,48.0,85.0
467.0,166.0,46.0,87.0
468.0,164.0,44.0,92.0
468.0,162.0,41.0,88.0
469.0,160.0,35.0,90.0
468.0,157.0,36.0,91.0
468.0,154.0,35.0,92.0
467.0,152.0,32.0,92.0
466.0,150.0,31.0,93.0
466.0,151.0,31.0,92.0
466.0,149.0,31.0,92.0
463.0,150.0,32.0,91.0
462.0,152.0,35.0,90.0
458.0,150.0,43.0,90.0
457.0,153.0,45.0,86.0
454.0,153.0,48.0,85.0
456.0,150.0,48.0,87.0
455.0,148.0,46.0,90.0
455.0,148.0,36.0,88.0
455.0,150.0,31.0,86.0
454.0,148.0,32.0,86.0
453.0,149.0,31.0,86.0
453.0,147.0,34.0,86.0
451.0,147.0,33.0,87.0
450.0,145.0,34.0,89.0
449.0,147.0,34.0,87.0
449.0,146.0,33.0,88.0
449.0,146.0,35.0,88.0
448.0,147.0,36.0,88.0
446.0,146.0,39.0,87.0
444.0,147.0,42.0,88.0
442.0,148.0,45.0,88.0
440.0,145.0,47.0,89.0
441.0,147.0,47.0,89.0
439.0,145.0,43.0,87.0
439.0,145.0,41.0,89.0
435.0,144.0,40.0,92.0
433.0,144.0,42.0,91.0
430.0,143.0,39.0,90.0
430.0,143.0,34.0,89.0
429.0,145.0,29.0,88.0
427.0,144.0,30.0,91.0
426.0,144.0,31.0,91.0
422.0,145.0,31.0,95.0
421.0,147.0,35.0,91.0
418.0,149.0,37.0,87.0
413.0,151.0,34.0,86.0
412.0,153.0,37.0,85.0
409.0,155.0,32.0,83.0
408.0,155.0,42.0,82.0
405.0,156.0,35.0,84.0
404.0,155.0,38.0,84.0
402.0,157.0,39.0,84.0
401.0,157.0,41.0,81.0
400.0,157.0,37.0,84.0
401.0,156.0,38.0,86.0
403.0,156.0,35.0,87.0
404.0,156.0,32.0,86.0
404.0,156.0,33.0,87.0
404.0,158.0,35.0,86.0
404.0,159.0,35.0,87.0
405.0,160.0,37.0,84.0
406.0,160.0,42.0,87.0
405.0,162.0,42.0,86.0
409.0,164.0,38.0,85.0
411.0,165.0,35.0,85.0
414.0,165.0,37.0,86.0
415.0,166.0,34.0,85.0
418.0,163.0,33.0,88.0
421.0,165.0,31.0,86.0
424.0,163.0,30.0,88.0
427.0,163.0,29.0,87.0
429.0,163.0,30.0,87.0
430.0,162.0,31.0,91.0
432.0,163.0,31.0,90.0
435.0,162.0,33.0,92.0
437.0,164.0,34.0,93.0
438.0,166.0,39.0,93.0
438.0,167.0,42.0,92.0
438.0,168.0,46.0,93.0
435.0,168.0,51.0,92.0
435.0,171.0,54.0,90.0
435.0,173.0,50.0,91.0
437.0,174.0,47.0,91.0
436.0,175.0,43.0,92.0
433.0,175.0,36.0,92.0
433.0,176.0,41.0,93.0
429.0,176.0,39.0,95.0
429.0,178.0,40.0,93.0
427.0,179.0,36.0,92.0
424.0,180.0,39.0,93.0
421.0,182.0,39.0,94.0
415.0,183.0,42.0,94.0
412.0,184.0,44.0,96.0
409.0,185.0,46.0,97.0
402.0,186.0,50.0,97.0
400.0,187.0,51.0,99.0
396.0,187.0,53.0,100.0
393.0,189.0,52.0,97.0
390.0,188.0,52.0,99.0
389.0,191.0,50.0,99.0
384.0,191.0,52.0,99.0
384.0,191.0,46.0,95.0
384.0,192.0,41.0,96.0
385.0,193.0,39.0,95.0
383.0,194.0,36.0,91.0
384.0,194.0,34.0,93.0
383.0,196.0,35.0,93.0
382.0,196.0,37.0,92.0
383.0,197.0,38.0,90.0
382.0,197.0,41.0,92.0
383.0,198.0,41.0,94.0
385.0,199.0,41.0,95.0
386.0,200.0,44.0,94.0
387.0,200.0,43.0,93.0
389.0,200.0,46.0,97.0
390.0,200.0,44.0,92.0
393.0,199.0,44.0,93.0
397.0,200.0,41.0,90.0
399.0,200.0,40.0,90.0
404.0,199.0,38.0,90.0
407.0,198.0,38.0,94.0
409.0,198.0,40.0,97.0
412.0,197.0,41.0,100.0
416.0,198.0,42.0,103.0
418.0,196.0,45.0,107.0
421.0,197.0,45.0,108.0
423.0,197.0,47.0,109.0
425.0,197.0,48.0,112.0
430.0,198.0,47.0,111.0
430.0,199.0,49.0,111.0
430.0,198.0,52.0,114.0
434.0,197.0,50.0,108.0
439.0,197.0,46.0,105.0
441.0,196.0,44.0,102.0
443.0,196.0,43.0,100.0
447.0,195.0,40.0,100.0
448.0,195.0,39.0,96.0
450.0,195.0,38.0,96.0
450.0,196.0,37.0,94.0
451.0,196.0,36.0,93.0
453.0,198.0,35.0,93.0
453.0,199.0,37.0,95.0
454.0,200.0,38.0,95.0
454.0,201.0,36.0,94.0
456.0,200.0,38.0,98.0
456.0,203.0,38.0,97.0
458.0,204.0,39.0,98.0
458.0,204.0,41.0,99.0
457.0,204.0,41.0,97.0
459.0,204.0,40.0,95.0
460.0,205.0,39.0,93.0
462.0,204.0,38.0,93.0
463.0,204.0,38.0,94.0
465.0,203.0,38.0,93.0
466.0,202.0,39.0,95.0
468.0,203.0,40.0,95.0
469.0,203.0,40.0,97.0
472.0,204.0,41.0,99.0
472.0,205.0,43.0,101.0
477.0,205.0,41.0,101.0
478.0,204.0,43.0,103.0
480.0,205.0,45.0,104.0
483.0,204.0,45.0,106.0
488.0,202.0,43.0,109.0
491.0,202.0,44.0,108.0
495.0,201.0,41.0,105.0
498.0,201.0,41.0,102.0
501.0,200.0,40.0,99.0
504.0,199.0,39.0,97.0
505.0,199.0,38.0,97.0
508.0,199.0,36.0,95.0
510.0,198.0,35.0,94.0
511.0,200.0,36.0,93.0
513.0,201.0,36.0,94.0
513.0,201.0,37.0,95.0
514.0,202.0,39.0,97.0
514.0,203.0,37.0,94.0
514.0,203.0,40.0,98.0
515.0,204.0,41.0,98.0
514.0,204.0,42.0,99.0
513.0,203.0,40.0,96.0
513.0,204.0,41.0,94.0
513.0,202.0,39.0,92.0
512.0,202.0,38.0,92.0
511.0,203.0,39.0,92.0
511.0,203.0,40.0,93.0
509.0,203.0,39.0,94.0
509.0,203.0,38.0,96.0
508.0,204.0,40.0,97.0
507.0,205.0,41.0,98.0
505.0,206.0,44.0,99.0
504.0,207.0,45.0,101.0
501.0,208.0,46.0,104.0
501.0,207.0,45.0,105.0
500.0,206.0,47.0,107.0
496.0,205.0,48.0,107.0
496.0,206.0,44.0,102.0
494.0,206.0,43.0,99.0
492.0,207.0,42.0,95.0
491.0,205.0,40.0,94.0
490.0,206.0,40.0,93.0
490.0,206.0,38.0,93.0
487.0,208.0,37.0,90.0
486.0,209.0,38.0,90.0
484.0,209.0,39.0,91.0
483.0,210.0,43.0,95.0
481.0,210.0,46.0,96.0
480.0,210.0,47.0,96.0
479.0,210.0,48.0,96.0
477.0,210.0,44.0,91.0
477.0,211.0,43.0,88.0
477.0,212.0,44.0,89.0
477.0,211.0,44.0,87.0
478.0,211.0,43.0,87.0
479.0,210.0,40.0,89.0
479.0,210.0,41.0,90.0
481.0,210.0,40.0,90.0
482.0,209.0,39.0,92.0
483.0,209.0,40.0,94.0
486.0,209.0,41.0,94.0
487.0,210.0,43.0,96.0
490.0,210.0,42.0,93.0
493.0,209.0,43.0,96.0
494.0,210.0,42.0,95.0
497.0,207.0,43.0,96.0
499.0,208.0,40.0,96.0
502.0,209.0,39.0,93.0
505.0,208.0,38.0,93.0
508.0,208.0,36.0,90.0
510.0,206.0,36.0,90.0
514.0,206.0,35.0,87.0
518.0,203.0,35.0,91.0
520.0,202.0,33.0,90.0
522.0,199.0,34.0,90.0
525.0,198.0,33.0,89.0
526.0,197.0,33.0,86.0
529.0,196.0,35.0,87.0
530.0,197.0,36.0,86.0
532.0,198.0,37.0,85.0
532.0,196.0,37.0,86.0
535.0,196.0,38.0,86.0
536.0,196.0,37.0,86.0
537.0,195.0,36.0,87.0
538.0,192.0,37.0,89.0
539.0,190.0,37.0,93.0
542.0,187.0,37.0,94.0
542.0,186.0,40.0,94.0
543.0,187.0,43.0,94.0
546.0,186.0,44.0,94.0
548.0,186.0,46.0,93.0
549.0,184.0,47.0,96.0
552.0,185.0,47.0,95.0
553.0,184.0,49.0,94.0
555.0,181.0,46.0,92.0
556.0,180.0,43.0,92.0
559.0,179.0,39.0,93.0
560.0,176.0,36.0,91.0
562.0,175.0,33.0,89.0
564.0,175.0,31.0,87.0
566.0,174.0,30.0,86.0
567.0,174.0,30.0,85.0
568.0,174.0,32.0,83.0
568.0,173.0,34.0,82.0
570.0,174.0,34.0,83.0
574.0,173.0,33.0,84.0
576.0,172.0,32.0,81.0
579.0,170.0,32.0,85.0
581.0,169.0,32.0,86.0
584.0,168.0,31.0,84.0
585.0,166.0,32.0,86.0
588.0,164.0,32.0,85.0
591.0,161.0,31.0,87.0
592.0,161.0,33.0,88.0
595.0,159.0,32.0,87.0
596.0,158.0,34.0,89.0
599.0,158.0,35.0,89.0
600.0,158.0,36.0,91.0
604.0,159.0,36.0,90.0
606.0,158.0,37.0,94.0
608.0,157.0,39.0,94.0
611.0,156.0,39.0,95.0
614.0,155.0,39.0,96.0
616.0,155.0,39.0,92.0
620.0,152.0,36.0,93.0
623.0,151.0,35.0,90.0
626.0,150.0,33.0,86.0
629.0,148.0,31.0,85.0
632.0,148.0,29.0,86.0
636.0,146.0,28.0,86.0
638.0,145.0,27.0,86.0
641.0,145.0,27.0,84.0
642.0,145.0,28.0,84.0
644.0,145.0,28.0,83.0
645.0,145.0,29.0,83.0
647.0,145.0,29.0,84.0
649.0,145.0,29.0,87.0
650.0,144.0,28.0,86.0
653.0,143.0,27.0,85.0
653.0,142.0,28.0,85.0
653.0,142.0,30.0,87.0
653.0,141.0,30.0,84.0
654.0,140.0,30.0,84.0
654.0,138.0,32.0,86.0
656.0,137.0,32.0,90.0
655.0,138.0,35.0,87.0
657.0,138.0,35.0,87.0
657.0,138.0,36.0,88.0
659.0,138.0,35.0,87.0
660.0,139.0,37.0,89.0
661.0,137.0,40.0,86.0
662.0,137.0,38.0,88.0
661.0,137.0,38.0,87.0
659.0,137.0,38.0,88.0
659.0,135.0,38.0,91.0
657.0,136.0,36.0,88.0
655.0,133.0,38.0,90.0
655.0,132.0,34.0,83.0
655.0,132.0,33.0,85.0
654.0,130.0,30.0,84.0
653.0,130.0,31.0,84.0
653.0,129.0,30.0,84.0
651.0,129.0,29.0,85.0
651.0,129.0,29.0,85.0
650.0,130.0,30.0,83.0
650.0,130.0,29.0,84.0
651.0,130.0,28.0,86.0
652.0,130.0,28.0,87.0
652.0,129.0,29.0,91.0
653.0,129.0,30.0,95.0
653.0,129.0,30.0,95.0
656.0,128.0,29.0,91.0
658.0,127.0,30.0,94.0
659.0,127.0,30.0,94.0
661.0,125.0,32.0,99.0
663.0,126.0,32.0,98.0
667.0,126.0,32.0,94.0
670.0,127.0,36.0,101.0
672.0,127.0,39.0,108.0
675.0,127.0,41.0,114.0
679.0,127.0,41.0,115.0
683.0,128.0,40.0,117.0
687.0,128.0,40.0,117.0
690.0,126.0,40.0,116.0
692.0,128.0,40.0,118.0
696.0,126.0,39.0,115.0
699.0,126.0,38.0,114.0
702.0,126.0,34.0,110.0
706.0,124.0,36.0,109.0
709.0,124.0,34.0,98.0
711.0,123.0,34.0,95.0
714.0,123.0,34.0,96.0
718.0,124.0,34.0,100.0
720.0,123.0,35.0,110.0
721.0,124.0,36.0,117.0
722.0,123.0,38.0,118.0
723.0,125.0,36.0,115.0
725.0,124.0,35.0,118.0
725.0,125.0,36.0,115.0
725.0,124.0,38.0,121.0
725.0,125.0,36.0,121.0
727.0,124.0,37.0,121.0
725.0,123.0,37.0,124.0
728.0,124.0,36.0,123.0
727.0,122.0,37.0,125.0
727.0,123.0,37.0,125.0
727.0,122.0,38.0,126.0
727.0,123.0,38.0,123.0
726.0,123.0,37.0,124.0
725.0,123.0,37.0,124.0
726.0,123.0,37.0,127.0
722.0,123.0,38.0,124.0
722.0,124.0,37.0,123.0
721.0,124.0,38.0,126.0
720.0,123.0,37.0,123.0
719.0,123.0,35.0,122.0
716.0,123.0,35.0,122.0
714.0,122.0,35.0,124.0
712.0,121.0,36.0,122.0
710.0,121.0,37.0,126.0
706.0,121.0,36.0,123.0
704.0,119.0,35.0,120.0
702.0,119.0,36.0,121.0
700.0,119.0,37.0,123.0
697.0,120.0,36.0,127.0
695.0,119.0,37.0,130.0
693.0,119.0,37.0,129.0
691.0,120.0,37.0,125.0
689.0,121.0,35.0,120.0
689.0,120.0,36.0,125.0
687.0,122.0,35.0,124.0
688.0,121.0,37.0,125.0
687.0,122.0,34.0,125.0
688.0,121.0,37.0,128.0
689.0,122.0,35.0,129.0
690.0,120.0,37.0,132.0
693.0,120.0,36.0,134.0
694.0,121.0,36.0,133.0
697.0,120.0,36.0,131.0
700.0,121.0,34.0,134.0
702.0,121.0,34.0,134.0
703.0,123.0,34.0,132.0
704.0,123.0,35.0,133.0
707.0,124.0,35.0,131.0
709.0,126.0,35.0,131.0
710.0,126.0,34.0,129.0
712.0,127.0,34.0,126.0
715.0,128.0,33.0,126.0
716.0,127.0,32.0,129.0
718.0,128.0,32.0,127.0
719.0,127.0,32.0,127.0
721.0,127.0,32.0,129.0
722.0,127.0,31.0,131.0
723.0,126.0,30.0,133.0
723.0,126.0,31.0,135.0
724.0,127.0,31.0,140.0
724.0,127.0,31.0,135.0
725.0,127.0,31.0,138.0
726.0,128.0,31.0,137.0
725.0,129.0,30.0,135.0
725.0,130.0,30.0,134.0
724.0,130.0,31.0,134.0
723.0,130.0,31.0,132.0
723.0,130.0,31.0,136.0
722.0,129.0,31.0,133.0
721.0,129.0,30.0,134.0
720.0,129.0,30.0,132.0
720.0,128.0,30.0,134.0
719.0,127.0,29.0,135.0
718.0,128.0,29.0,133.0
715.0,128.0,29.0,133.0
714.0,129.0,29.0,130.0
711.0,129.0,30.0,132.0
709.0,129.0,29.0,131.0
707.0,129.0,30.0,130.0
705.0,130.0,29.0,128.0
703.0,130.0,30.0,128.0
701.0,131.0,30.0,129.0
699.0,131.0,29.0,128.0
697.0,131.0,30.0,127.0
695.0,131.0,31.0,131.0
692.0,131.0,31.0,129.0
692.0,130.0,30.0,128.0
691.0,130.0,30.0,130.0
689.0,129.0,31.0,130.0
687.0,129.0,30.0,125.0
685.0,129.0,32.0,129.0
682.0,129.0,32.0,134.0
681.0,129.0,33.0,133.0
678.0,131.0,35.0,134.0
676.0,131.0,36.0,134.0
674.0,132.0,37.0,133.0
672.0,133.0,36.0,131.0
670.0,133.0,36.0,129.0
669.0,134.0,37.0,129.0
667.0,133.0,37.0,132.0
666.0,134.0,35.0,130.0
665.0,134.0,34.0,133.0
665.0,133.0,32.0,129.0
664.0,134.0,32.0,122.0
662.0,135.0,32.0,124.0
662.0,135.0,31.0,128.0
659.0,136.0,32.0,134.0
659.0,136.0,30.0,132.0
658.0,136.0,30.0,134.0
658.0,137.0,31.0,137.0
657.0,138.0,31.0,136.0
658.0,140.0,32.0,131.0
658.0,142.0,32.0,134.0
659.0,142.0,31.0,134.0
660.0,142.0,30.0,135.0
661.0,143.0,31.0,137.0
661.0,143.0,31.0,139.0
662.0,143.0,31.0,140.0
664.0,147.0,31.0,137.0
665.0,145.0,30.0,141.0
665.0,145.0,31.0,142.0
665.0,147.0,31.0,140.0
665.0,146.0,31.0,144.0
664.0,148.0,34.0,143.0
663.0,149.0,36.0,145.0
661.0,149.0,37.0,147.0
661.0,151.0,38.0,143.0
659.0,152.0,39.0,142.0
658.0,154.0,41.0,139.0
657.0,153.0,41.0,140.0
656.0,153.0,41.0,142.0
656.0,156.0,41.0,139.0
658.0,155.0,38.0,143.0
658.0,156.0,37.0,141.0
659.0,156.0,34.0,143.0
659.0,156.0,33.0,142.0
660.0,158.0,33.0,148.0
660.0,159.0,32.0,148.0
659.0,160.0,31.0,148.0
659.0,164.0,32.0,146.0
658.0,165.0,33.0,145.0
657.0,166.0,36.0,143.0
657.0,167.0,37.0,140.0
656.0,170.0,37.0,137.0
655.0,170.0,37.0,129.0
655.0,172.0,36.0,125.0
655.0,173.0,35.0,125.0
654.0,173.0,35.0,127.0
653.0,174.0,35.0,122.0
653.0,176.0,34.0,118.0
655.0,176.0,34.0,115.0
656.0,177.0,34.0,113.0
657.0,175.0,34.0,116.0
655.0,175.0,35.0,116.0
655.0,176.0,36.0,122.0
653.0,178.0,40.0,137.0
651.0,179.0,40.0,145.0
650.0,181.0,41.0,146.0
650.0,182.0,41.0,142.0
650.0,182.0,42.0,140.0
650.0,185.0,42.0,131.0
650.0,184.0,41.0,128.0
648.0,184.0,43.0,131.0
649.0,186.0,42.0,136.0
649.0,185.0,39.0,136.0
651.0,186.0,37.0,133.0
653.0,187.0,32.0,126.0
653.0,187.0,31.0,125.0
654.0,187.0,30.0,128.0
655.0,188.0,29.0,131.0
655.0,189.0,29.0,139.0
652.0,192.0,33.0,137.0
651.0,194.0,33.0,142.0
650.0,193.0,35.0,145.0
650.0,196.0,38.0,143.0
649.0,196.0,37.0,142.0
649.0,198.0,36.0,138.0
649.0,195.0,35.0,137.0
647.0,199.0,37.0,139.0
648.0,199.0,36.0,121.0
650.0,199.0,34.0,115.0
653.0,197.0,32.0,110.0
653.0,197.0,31.0,108.0
656.0,197.0,31.0,111.0
657.0,196.0,30.0,108.0
659.0,199.0,30.0,102.0
661.0,198.0,31.0,103.0
662.0,200.0,31.0,108.0
661.0,198.0,34.0,136.0
656.0,196.0,38.0,158.0
654.0,203.0,39.0,149.0
656.0,203.0,40.0,147.0
656.0,202.0,38.0,147.0
655.0,202.0,40.0,151.0
656.0,200.0,40.0,152.0
656.0,201.0,39.0,149.0
658.0,202.0,37.0,148.0
658.0,202.0,37.0,151.0
661.0,204.0,34.0,146.0
664.0,200.0,33.0,141.0
666.0,203.0,31.0,148.0
666.0,203.0,31.0,151.0
667.0,205.0,30.0,142.0
667.0,204.0,31.0,142.0
668.0,206.0,32.0,147.0
668.0,208.0,35.0,149.0
668.0,208.0,36.0,142.0
668.0,208.0,36.0,143.0
668.0,209.0,36.0,143.0
670.0,207.0,34.0,119.0
670.0,208.0,35.0,114.0
671.0,210.0,34.0,105.0
670.0,209.0,36.0,100.0
675.0,209.0,31.0,99.0
675.0,210.0,30.0,93.0
677.0,208.0,26.0,92.0
678.0,207.0,24.0,86.0
678.0,208.0,23.0,84.0
677.0,208.0,21.0,87.0
673.0,207.0,25.0,94.0
671.0,207.0,25.0,100.0
668.0,207.0,29.0,104.0
666.0,207.0,31.0,94.0
664.0,209.0,33.0,99.0
663.0,210.0,33.0,93.0
659.0,209.0,35.0,95.0
659.0,209.0,34.0,94.0
655.0,209.0,30.0,91.0
654.0,206.0,28.0,87.0
652.0,208.0,24.0,91.0
648.0,207.0,23.0,88.0
643.0,209.0,24.0,84.0
638.0,209.0,26.0,85.0
633.0,208.0,26.0,86.0
627.0,209.0,28.0,85.0
620.0,209.0,33.0,87.0
614.0,211.0,35.0,86.0
608.0,212.0,38.0,84.0
602.0,212.0,38.0,86.0
596.0,212.0,37.0,87.0
590.0,214.0,36.0,86.0
589.0,214.0,33.0,89.0
582.0,213.0,34.0,89.0
578.0,212.0,31.0,86.0
574.0,212.0,31.0,83.0
572.0,211.0,28.0,84.0
568.0,210.0,27.0,84.0
562.0,212.0,29.0,85.0
556.0,209.0,30.0,95.0
551.0,209.0,31.0,92.0
545.0,209.0,32.0,101.0
538.0,209.0,35.0,104.0
533.0,211.0,38.0,100.0
528.0,208.0,40.0,102.0
524.0,208.0,41.0,108.0
520.0,207.0,44.0,110.0
518.0,206.0,43.0,114.0
516.0,202.0,37.0,105.0
514.0,207.0,35.0,91.0
514.0,204.0,32.0,89.0
512.0,202.0,34.0,88.0
512.0,203.0,31.0,84.0
511.0,203.0,29.0,85.0
511.0,201.0,29.0,89.0
510.0,201.0,28.0,91.0
508.0,202.0,28.0,94.0
507.0,202.0,30.0,94.0
507.0,202.0,31.0,95.0
507.0,202.0,33.0,94.0
507.0,203.0,34.0,94.0
509.0,202.0,33.0,94.0
509.0,202.0,32.0,95.0
510.0,201.0,32.0,91.0
512.0,200.0,29.0,88.0
513.0,200.0,30.0,86.0
513.0,199.0,30.0,83.0
514.0,197.0,29.0,85.0
515.0,197.0,29.0,86.0
516.0,196.0,28.0,88.0
516.0,194.0,28.0,91.0
518.0,197.0,28.0,92.0
518.0,195.0,29.0,96.0
518.0,196.0,30.0,97.0
518.0,196.0,31.0,100.0
518.0,196.0,32.0,100.0
519.0,193.0,32.0,102.0
520.0,193.0,32.0,101.0
519.0,194.0,31.0,107.0
521.0,192.0,31.0,103.0
521.0,191.0,31.0,114.0
523.0,189.0,30.0,97.0
524.0,191.0,30.0,90.0
526.0,190.0,29.0,87.0
527.0,191.0,29.0,86.0
529.0,190.0,27.0,88.0
530.0,190.0,28.0,90.0
530.0,190.0,31.0,90.0
531.0,190.0,33.0,92.0
532.0,189.0,31.0,92.0
533.0,190.0,32.0,95.0
532.0,188.0,31.0,95.0
533.0,189.0,32.0,93.0
531.0,188.0,31.0,94.0
531.0,187.0,31.0,94.0
531.0,187.0,31.0,93.0
529.0,185.0,30.0,89.0
527.0,185.0,29.0,84.0
525.0,183.0,28.0,85.0
521.0,183.0,28.0,86.0
516.0,181.0,28.0,88.0
512.0,181.0,28.0,88.0
507.0,181.0,28.0,91.0
501.0,180.0,29.0,93.0
496.0,181.0,29.0,94.0
490.0,181.0,30.0,97.0
484.0,179.0,31.0,99.0
479.0,181.0,31.0,100.0
471.0,180.0,32.0,100.0
465.0,180.0,31.0,100.0
460.0,179.0,33.0,98.0
454.0,179.0,32.0,99.0
449.0,177.0,32.0,94.0
442.0,179.0,33.0,92.0
438.0,178.0,32.0,91.0
433.0,178.0,31.0,89.0
429.0,179.0,32.0,88.0
425.0,178.0,33.0,91.0
421.0,178.0,35.0,92.0
418.0,180.0,35.0,94.0
416.0,178.0,34.0,98.0
414.0,179.0,34.0,98.0
412.0,179.0,35.0,99.0
409.0,178.0,33.0,100.0
409.0,178.0,32.0,98.0
407.0,177.0,33.0,102.0
407.0,177.0,33.0,98.0
405.0,176.0,32.0,99.0
405.0,175.0,32.0,92.0
404.0,175.0,32.0,89.0
403.0,175.0,33.0,86.0
401.0,174.0,34.0,89.0
401.0,172.0,33.0,90.0
401.0,172.0,35.0,93.0
401.0,171.0,34.0,94.0
401.0,171.0,33.0,96.0
400.0,172.0,34.0,97.0
401.0,171.0,33.0,97.0
400.0,169.0,34.0,100.0
400.0,171.0,35.0,99.0
399.0,166.0,36.0,101.0
399.0,170.0,36.0,99.0
399.0,166.0,36.0,99.0
398.0,168.0,36.0,92.0
399.0,170.0,34.0,88.0
399.0,163.0,33.0,90.0
399.0,163.0,33.0,87.0
398.0,159.0,34.0,92.0
399.0,160.0,34.0,92.0
399.0,159.0,34.0,93.0
397.0,158.0,37.0,97.0
396.0,157.0,39.0,100.0
393.0,155.0,42.0,103.0
390.0,153.0,46.0,106.0
393.0,155.0,43.0,103.0
393.0,156.0,43.0,102.0
393.0,155.0,45.0,102.0
392.0,155.0,45.0,102.0
394.0,157.0,42.0,97.0
394.0,158.0,42.0,91.0
397.0,157.0,41.0,86.0
402.0,156.0,36.0,83.0
402.0,153.0,36.0,85.0
406.0,153.0,34.0,86.0
405.0,151.0,35.0,88.0
406.0,150.0,35.0,91.0
408.0,150.0,34.0,91.0
409.0,151.0,34.0,94.0
412.0,151.0,31.0,92.0
413.0,149.0,32.0,95.0
413.0,149.0,32.0,97.0
415.0,149.0,31.0,96.0
414.0,148.0,33.0,93.0
413.0,147.0,33.0,97.0
413.0,147.0,33.0,92.0
416.0,147.0,31.0,89.0
413.0,145.0,30.0,87.0
413.0,146.0,30.0,87.0
411.0,146.0,30.0,85.0
408.0,145.0,28.0,85.0
406.0,145.0,29.0,89.0
403.0,144.0,29.0,90.0
398.0,147.0,30.0,91.0
395.0,147.0,32.0,93.0
389.0,148.0,33.0,92.0
384.0,149.0,33.0,93.0
379.0,151.0,31.0,92.0
374.0,152.0,32.0,90.0
369.0,154.0,30.0,90.0
362.0,155.0,29.0,90.0
358.0,157.0,29.0,85.0
351.0,157.0,30.0,86.0
344.0,160.0,30.0,83.0
340.0,162.0,30.0,83.0
333.0,163.0,30.0,83.0
328.0,165.0,30.0,82.0
324.0,168.0,32.0,81.0
319.0,169.0,32.0,82.0
313.0,169.0,34.0,85.0
310.0,170.0,35.0,85.0
306.0,173.0,33.0,86.0
303.0,174.0,32.0,86.0
299.0,176.0,32.0,86.0
297.0,182.0,32.0,84.0
295.0,181.0,32.0,82.0
293.0,181.0,33.0,79.0
292.0,183.0,32.0,73.0
290.0,184.0,32.0,70.0
291.0,185.0,31.0,66.0
292.0,188.0,29.0,60.0
292.0,188.0,27.0,59.0
292.0,189.0,27.0,60.0
295.0,190.0,25.0,60.0
295.0,190.0,27.0,61.0
297.0,190.0,27.0,62.0
297.0,189.0,27.0,64.0
302.0,190.0,26.0,66.0
303.0,190.0,27.0,64.0
305.0,189.0,26.0,62.0
308.0,189.0,25.0,61.0
311.0,189.0,24.0,61.0
312.0,188.0,24.0,58.0
315.0,188.0,24.0,53.0
317.0,187.0,24.0,50.0
321.0,187.0,23.0,48.0
323.0,186.0,22.0,47.0
326.0,186.0,20.0,48.0
327.0,191.0,17.0,45.0
329.0,193.0,16.0,42.0
332.0,191.0,14.0,43.0
333.0,193.0,14.0,43.0
336.0,192.0,14.0,44.0
337.0,192.0,14.0,42.0
338.0,192.0,13.0,40.0
339.0,191.0,15.0,40.0
341.0,191.0,16.0,38.0
342.0,191.0,17.0,34.0
343.0,190.0,19.0,31.0
345.0,188.0,19.0,31.0
346.0,184.0,19.0,33.0
347.0,185.0,22.0,32.0
348.0,186.0,22.0,32.0
351.0,183.0,22.0,33.0
362.0,174.0,17.0,38.0
364.0,176.0,20.0,34.0
364.0,174.0,20.0,35.0
366.0,171.0,19.0,37.0
366.0,167.0,18.0,41.0
368.0,166.0,17.0,42.0
367.0,169.0,19.0,40.0
363.0,172.0,21.0,39.0
362.0,171.0,19.0,40.0
361.0,172.0,21.0,39.0
361.0,168.0,23.0,43.0
357.0,163.0,22.0,50.0
355.0,151.0,27.0,61.0
347.0,140.0,40.0,73.0
340.0,140.0,47.0,75.0
334.0,139.0,53.0,77.0
328.0,140.0,55.0,81.0
321.0,140.0,59.0,82.0
319.0,140.0,58.0,84.0
320.0,146.0,60.0,84.0
316.0,149.0,60.0,83.0
312.0,148.0,58.0,86.0
311.0,155.0,57.0,82.0
305.0,158.0,60.0,81.0
304.0,161.0,55.0,82.0
307.0,165.0,49.0,79.0
308.0,169.0,42.0,76.0
309.0,172.0,35.0,75.0
309.0,173.0,32.0,75.0
306.0,174.0,32.0,78.0
304.0,176.0,32.0,80.0
302.0,173.0,34.0,86.0
298.0,176.0,37.0,89.0
296.0,178.0,40.0,89.0
295.0,179.0,42.0,88.0
294.0,183.0,43.0,86.0
293.0,186.0,42.0,85.0
293.0,189.0,36.0,81.0
292.0,190.0,35.0,80.0
293.0,193.0,39.0,83.0
293.0,195.0,41.0,86.0
293.0,197.0,42.0,87.0
294.0,199.0,40.0,85.0
295.0,200.0,40.0,85.0
295.0,202.0,41.0,87.0
298.0,202.0,39.0,88.0
297.0,203.0,40.0,88.0
298.0,206.0,40.0,85.0
301.0,207.0,41.0,85.0
302.0,208.0,44.0,86.0
304.0,210.0,39.0,85.0
309.0,211.0,32.0,84.0
312.0,211.0,33.0,85.0
316.0,213.0,32.0,83.0
319.0,213.0,40.0,84.0
322.0,214.0,35.0,84.0
327.0,214.0,41.0,84.0
329.0,215.0,41.0,85.0
333.0,215.0,39.0,84.0
337.0,215.0,37.0,84.0
340.0,215.0,38.0,85.0
344.0,216.0,37.0,86.0
346.0,217.0,36.0,88.0
350.0,217.0,37.0,90.0
353.0,219.0,40.0,94.0
357.0,219.0,46.0,95.0
360.0,222.0,46.0,92.0
364.0,225.0,44.0,88.0
367.0,225.0,45.0,87.0
371.0,225.0,52.0,91.0
374.0,228.0,50.0,90.0
378.0,229.0,49.0,90.0
381.0,229.0,49.0,92.0
385.0,229.0,48.0,92.0
389.0,229.0,44.0,92.0
394.0,229.0,40.0,91.0
398.0,229.0,39.0,92.0
402.0,229.0,39.0,94.0
406.0,228.0,38.0,94.0
410.0,229.0,37.0,92.0
415.0,229.0,36.0,91.0
419.0,230.0,35.0,91.0
423.0,229.0,37.0,93.0
426.0,231.0,38.0,91.0
429.0,233.0,32.0,90.0
433.0,231.0,37.0,92.0
435.0,233.0,35.0,90.0
437.0,234.0,38.0,92.0
439.0,234.0,39.0,91.0
444.0,234.0,39.0,92.0
446.0,233.0,38.0,93.0
455.0,235.0,33.0,91.0
460.0,232.0,31.0,92.0
464.0,232.0,30.0,91.0
469.0,231.0,29.0,92.0
473.0,233.0,27.0,91.0
475.0,232.0,28.0,90.0
477.0,231.0,30.0,92.0
480.0,232.0,31.0,91.0
481.0,231.0,35.0,94.0
482.0,231.0,44.0,95.0
482.0,234.0,51.0,94.0
484.0,233.0,57.0,97.0
483.0,233.0,61.0,95.0
487.0,232.0,53.0,93.0
490.0,230.0,52.0,93.0
491.0,229.0,50.0,91.0
499.0,228.0,38.0,90.0
502.0,227.0,35.0,91.0
507.0,225.0,31.0,90.0
512.0,225.0,27.0,87.0
517.0,224.0,24.0,86.0
522.0,224.0,24.0,90.0
525.0,223.0,26.0,89.0
526.0,221.0,29.0,92.0
528.0,220.0,36.0,91.0
529.0,219.0,44.0,94.0
529.0,218.0,38.0,92.0
531.0,217.0,46.0,94.0
532.0,216.0,44.0,90.0
534.0,214.0,49.0,92.0
535.0,212.0,48.0,93.0
540.0,211.0,42.0,92.0
547.0,208.0,38.0,92.0
553.0,205.0,34.0,92.0
558.0,204.0,29.0,92.0
564.0,203.0,25.0,89.0
569.0,203.0,24.0,86.0
574.0,202.0,25.0,86.0
576.0,201.0,30.0,86.0
578.0,200.0,34.0,87.0
576.0,199.0,46.0,89.0
577.0,199.0,55.0,89.0
578.0,199.0,55.0,90.0
580.0,199.0,57.0,90.0
582.0,200.0,57.0,88.0
585.0,197.0,52.0,87.0
590.0,197.0,49.0,86.0
595.0,196.0,45.0,85.0
602.0,194.0,40.0,84.0
609.0,194.0,34.0,84.0
616.0,193.0,30.0,84.0
622.0,192.0,26.0,82.0
628.0,191.0,23.0,83.0
632.0,191.0,26.0,86.0
633.0,189.0,30.0,87.0
633.0,188.0,34.0,88.0
634.0,188.0,43.0,85.0
633.0,188.0,49.0,87.0
635.0,188.0,47.0,87.0
636.0,186.0,51.0,86.0
639.0,186.0,49.0,86.0
645.0,185.0,46.0,85.0
648.0,184.0,41.0,86.0
658.0,183.0,37.0,85.0
658.0,181.0,40.0,87.0
664.0,180.0,35.0,86.0
670.0,179.0,29.0,87.0
675.0,180.0,25.0,85.0
678.0,179.0,26.0,85.0
676.0,177.0,30.0,85.0
675.0,177.0,33.0,87.0
672.0,177.0,45.0,88.0
669.0,178.0,48.0,85.0
665.0,177.0,52.0,86.0
662.0,177.0,53.0,85.0
659.0,177.0,52.0,85.0
658.0,178.0,48.0,85.0
655.0,177.0,45.0,85.0
652.0,176.0,43.0,83.0
652.0,175.0,39.0,82.0
651.0,174.0,33.0,83.0
652.0,174.0,28.0,82.0
652.0,172.0,25.0,81.0
652.0,172.0,23.0,82.0
647.0,171.0,26.0,85.0
640.0,170.0,30.0,85.0
634.0,171.0,35.0,85.0
628.0,171.0,41.0,87.0
623.0,171.0,43.0,86.0
617.0,171.0,48.0,86.0
613.0,170.0,48.0,86.0
611.0,169.0,46.0,87.0
610.0,168.0,47.0,90.0
611.0,167.0,44.0,89.0
613.0,167.0,39.0,89.0
618.0,165.0,34.0,88.0
621.0,165.0,30.0,86.0
625.0,164.0,26.0,83.0
629.0,164.0,23.0,83.0
630.0,164.0,24.0,83.0
633.0,163.0,26.0,82.0
634.0,164.0,30.0,84.0
635.0,164.0,36.0,84.0
635.0,165.0,46.0,83.0
636.0,165.0,50.0,84.0
637.0,165.0,53.0,83.0
637.0,167.0,53.0,82.0
639.0,165.0,51.0,85.0
643.0,166.0,49.0,84.0
648.0,165.0,44.0,84.0
653.0,165.0,41.0,84.0
660.0,164.0,36.0,84.0
666.0,163.0,31.0,83.0
674.0,164.0,26.0,83.0
679.0,163.0,25.0,83.0
684.0,162.0,24.0,87.0
686.0,162.0,27.0,87.0
687.0,162.0,31.0,87.0
688.0,161.0,36.0,87.0
688.0,162.0,44.0,88.0
690.0,163.0,49.0,88.0
691.0,162.0,49.0,89.0
693.0,162.0,49.0,89.0
695.0,161.0,48.0,91.0
701.0,160.0,45.0,90.0
704.0,160.0,44.0,91.0
711.0,160.0,40.0,91.0
718.0,160.0,35.0,89.0
724.0,157.0,31.0,88.0
730.0,158.0,27.0,87.0
735.0,158.0,26.0,87.0
737.0,158.0,28.0,87.0
738.0,157.0,30.0,86.0
739.0,158.0,33.0,87.0
741.0,159.0,38.0,87.0
741.0,159.0,44.0,87.0
742.0,160.0,47.0,87.0
744.0,160.0,50.0,88.0
746.0,160.0,49.0,87.0
749.0,160.0,47.0,88.0
753.0,160.0,47.0,88.0
758.0,159.0,44.0,88.0
764.0,159.0,41.0,87.0
771.0,159.0,37.0,86.0
778.0,158.0,35.0,86.0
785.0,157.0,32.0,86.0
791.0,157.0,29.0,86.0
794.0,155.0,30.0,90.0
796.0,155.0,33.0,90.0
798.0,155.0,36.0,90.0
798.0,155.0,42.0,92.0
799.0,155.0,45.0,93.0
800.0,155.0,47.0,92.0
802.0,155.0,48.0,93.0
804.0,154.0,48.0,94.0
808.0,154.0,47.0,93.0
812.0,153.0,45.0,95.0
818.0,153.0,43.0,94.0
825.0,152.0,39.0,89.0
831.0,151.0,35.0,87.0
836.0,151.0,32.0,88.0
841.0,150.0,31.0,89.0
842.0,149.0,32.0,88.0
843.0,150.0,34.0,88.0
845.0,150.0,35.0,86.0
843.0,150.0,40.0,87.0
845.0,151.0,44.0,86.0
845.0,150.0,49.0,87.0
845.0,151.0,54.0,87.0
848.0,151.0,51.0,86.0
849.0,150.0,52.0,87.0
852.0,150.0,51.0,87.0
854.0,150.0,51.0,86.0
859.0,151.0,50.0,85.0
864.0,151.0,47.0,85.0
869.0,152.0,43.0,83.0
875.0,153.0,40.0,80.0
882.0,155.0,36.0,79.0
889.0,156.0,31.0,77.0
893.0,156.0,30.0,79.0
895.0,156.0,33.0,80.0
896.0,159.0,36.0,77.0
896.0,160.0,41.0,76.0
896.0,164.0,41.0,73.0
897.0,165.0,43.0,72.0
899.0,167.0,42.0,70.0
900.0,169.0,43.0,69.0
902.0,171.0,41.0,67.0
905.0,171.0,41.0,66.0
910.0,172.0,40.0,64.0
914.0,176.0,34.0,61.0
918.0,179.0,33.0,55.0
923.0,184.0,31.0,52.0
927.0,196.0,27.0,42.0
931.0,199.0,23.0,38.0
934.0,199.0,19.0,36.0
934.0,201.0,19.0,34.0
935.0,203.0,21.0,32.0
935.0,203.0,20.0,33.0
934.0,204.0,17.0,32.0
934.0,206.0,16.0,28.0
933.0,208.0,16.0,26.0
934.0,209.0,16.0,24.0
935.0,212.0,16.0,23.0
936.0,212.0,18.0,21.0
937.0,213.0,15.0,20.0
940.0,215.0,12.0,18.0
943.0,213.0,11.0,19.0
946.0,216.0,11.0,26.0
950.0,219.0,13.0,29.0
952.0,226.0,16.0,26.0
952.0,231.0,20.0,24.0
948.0,231.0,18.0,26.0
949.0,230.0,19.0,25.0
950.0,228.0,16.0,26.0
951.0,233.0,22.0,22.0
949.0,230.0,21.0,26.0
949.0,232.0,24.0,25.0
947.0,230.0,24.0,28.0
947.0,231.0,25.0,27.0
945.0,225.0,22.0,33.0
948.0,226.0,28.0,33.0
943.0,222.0,27.0,40.0
939.0,215.0,27.0,47.0
940.0,217.0,32.0,46.0
949.0,223.0,48.0,38.0
955.0,227.0,51.0,34.0
954.0,229.0,56.0,32.0
954.0,229.0,56.0,34.0
945.0,233.0,63.0,31.0
945.0,228.0,52.0,38.0
941.0,234.0,53.0,33.0
938.0,233.0,44.0,35.0
938.0,237.0,39.0,32.0
939.0,238.0,27.0,30.0
941.0,242.0,23.0,26.0
940.0,241.0,18.0,24.0
940.0,241.0,18.0,24.0
941.0,242.0,17.0,23.0
942.0,243.0,17.0,24.0
942.0,242.0,16.0,24.0
943.0,243.0,16.0,25.0
943.0,243.0,16.0,26.0
943.0,243.0,16.0,25.0
944.0,243.0,16.0,27.0
947.0,242.0,20.0,29.0
948.0,241.0,20.0,31.0
946.0,243.0,16.0,34.0
945.0,241.0,16.0,38.0
940.0,238.0,21.0,43.0
935.0,230.0,26.0,53.0
931.0,221.0,30.0,62.0
929.0,220.0,33.0,68.0
927.0,220.0,35.0,68.0
927.0,220.0,37.0,67.0
926.0,218.0,39.0,70.0
926.0,217.0,40.0,71.0
927.0,217.0,39.0,71.0
927.0,215.0,38.0,74.0
927.0,216.0,34.0,74.0
926.0,214.0,33.0,77.0
925.0,215.0,32.0,78.0
924.0,214.0,32.0,79.0
924.0,214.0,31.0,79.0
921.0,214.0,33.0,79.0
917.0,213.0,35.0,80.0
913.0,210.0,39.0,84.0
903.0,209.0,48.0,86.0
902.0,208.0,46.0,86.0
904.0,208.0,43.0,86.0
896.0,208.0,48.0,87.0
895.0,209.0,47.0,86.0
892.0,210.0,49.0,86.0
889.0,210.0,51.0,86.0
889.0,210.0,48.0,87.0
887.0,210.0,48.0,89.0
887.0,210.0,45.0,89.0
885.0,210.0,44.0,90.0
886.0,211.0,41.0,90.0
887.0,212.0,36.0,90.0
887.0,213.0,34.0,89.0
887.0,212.0,31.0,89.0
886.0,212.0,31.0,89.0
883.0,213.0,31.0,92.0
878.0,214.0,36.0,92.0
871.0,215.0,40.0,93.0
866.0,216.0,43.0,93.0
860.0,216.0,48.0,94.0
856.0,217.0,49.0,92.0
851.0,218.0,51.0,91.0
851.0,219.0,49.0,90.0
852.0,219.0,47.0,90.0
852.0,220.0,45.0,90.0
851.0,221.0,42.0,90.0
851.0,222.0,39.0,90.0
852.0,222.0,33.0,88.0
851.0,222.0,32.0,88.0
850.0,222.0,31.0,89.0
848.0,223.0,30.0,89.0
845.0,223.0,31.0,87.0
841.0,223.0,33.0,88.0
834.0,223.0,38.0,89.0
828.0,223.0,43.0,87.0
824.0,222.0,45.0,89.0
818.0,224.0,50.0,89.0
815.0,224.0,52.0,88.0
815.0,226.0,50.0,87.0
816.0,226.0,47.0,87.0
816.0,226.0,44.0,87.0
816.0,225.0,41.0,89.0
818.0,226.0,36.0,89.0
819.0,227.0,32.0,88.0
820.0,226.0,29.0,87.0
819.0,226.0,28.0,86.0
816.0,227.0,27.0,87.0
813.0,227.0,30.0,89.0
808.0,227.0,34.0,89.0
803.0,229.0,38.0,89.0
800.0,230.0,41.0,89.0
796.0,230.0,43.0,87.0
792.0,231.0,48.0,87.0
788.0,232.0,51.0,86.0
785.0,233.0,52.0,87.0
785.0,234.0,50.0,87.0
784.0,234.0,47.0,87.0
785.0,234.0,41.0,86.0
786.0,235.0,36.0,85.0
786.0,237.0,33.0,84.0
785.0,236.0,32.0,85.0
783.0,236.0,31.0,84.0
781.0,237.0,31.0,84.0
777.0,238.0,33.0,84.0
768.0,239.0,40.0,83.0
762.0,238.0,45.0,83.0
755.0,240.0,50.0,83.0
749.0,240.0,54.0,84.0
748.0,243.0,52.0,82.0
750.0,243.0,51.0,83.0
751.0,242.0,48.0,84.0
750.0,242.0,47.0,84.0
748.0,243.0,46.0,85.0
750.0,244.0,38.0,85.0
750.0,245.0,34.0,82.0
751.0,247.0,30.0,81.0
751.0,246.0,28.0,83.0
748.0,246.0,26.0,83.0
746.0,247.0,26.0,84.0
742.0,248.0,29.0,87.0
736.0,248.0,32.0,90.0
730.0,249.0,39.0,93.0
724.0,250.0,46.0,91.0
720.0,251.0,50.0,91.0
717.0,253.0,53.0,90.0
715.0,255.0,55.0,87.0
715.0,256.0,55.0,85.0
716.0,259.0,52.0,82.0
713.0,259.0,48.0,84.0
712.0,259.0,43.0,86.0
713.0,261.0,34.0,84.0
713.0,261.0,30.0,82.0
711.0,262.0,29.0,84.0
708.0,263.0,29.0,83.0
706.0,264.0,28.0,80.0
704.0,264.0,29.0,80.0
700.0,265.0,31.0,80.0
692.0,265.0,37.0,80.0
683.0,266.0,44.0,81.0
676.0,268.0,49.0,82.0
671.0,269.0,52.0,82.0
669.0,272.0,52.0,81.0
671.0,272.0,50.0,83.0
671.0,272.0,47.0,84.0
670.0,272.0,45.0,83.0
669.0,273.0,42.0,84.0
668.0,274.0,37.0,84.0
670.0,276.0,34.0,81.0
669.0,277.0,30.0,80.0
667.0,278.0,28.0,80.0
665.0,277.0,29.0,82.0
660.0,278.0,31.0,83.0
658.0,280.0,32.0,86.0
654.0,281.0,37.0,91.0
650.0,282.0,45.0,94.0
646.0,284.0,50.0,97.0
642.0,285.0,52.0,98.0
640.0,288.0,55.0,97.0
637.0,289.0,56.0,97.0
637.0,292.0,56.0,93.0
637.0,294.0,55.0,91.0
636.0,295.0,53.0,90.0
636.0,296.0,47.0,91.0
636.0,296.0,37.0,91.0
638.0,299.0,33.0,87.0
637.0,300.0,32.0,85.0
636.0,301.0,32.0,85.0
634.0,302.0,31.0,83.0
633.0,303.0,31.0,81.0
630.0,305.0,33.0,81.0
626.0,306.0,35.0,84.0
623.0,308.0,37.0,85.0
622.0,310.0,37.0,84.0
619.0,311.0,39.0,86.0
616.0,312.0,43.0,90.0
616.0,313.0,42.0,90.0
618.0,316.0,38.0,87.0
617.0,317.0,36.0,89.0
615.0,319.0,35.0,87.0
614.0,319.0,35.0,86.0
613.0,321.0,31.0,85.0
612.0,320.0,33.0,85.0
611.0,321.0,30.0,83.0
609.0,323.0,31.0,83.0
606.0,322.0,33.0,84.0
603.0,323.0,35.0,84.0
601.0,325.0,35.0,89.0
598.0,326.0,38.0,95.0
595.0,328.0,45.0,98.0
594.0,328.0,45.0,102.0
591.0,330.0,50.0,102.0
589.0,332.0,52.0,100.0
588.0,333.0,52.0,100.0
586.0,335.0,53.0,98.0
586.0,337.0,52.0,97.0
586.0,338.0,52.0,95.0
586.0,340.0,47.0,95.0
588.0,340.0,38.0,93.0
587.0,342.0,35.0,90.0
586.0,342.0,34.0,90.0
586.0,342.0,33.0,88.0
585.0,344.0,33.0,85.0
584.0,344.0,32.0,83.0
582.0,346.0,32.0,84.0
581.0,347.0,33.0,88.0
579.0,348.0,34.0,90.0
575.0,349.0,40.0,96.0
572.0,350.0,40.0,99.0
571.0,351.0,42.0,100.0
569.0,353.0,41.0,96.0
569.0,354.0,41.0,96.0
570.0,356.0,39.0,95.0
569.0,356.0,41.0,92.0
567.0,357.0,38.0,93.0
568.0,357.0,37.0,89.0
566.0,357.0,37.0,89.0
565.0,358.0,37.0,86.0
564.0,359.0,35.0,85.0
563.0,360.0,37.0,85.0
561.0,360.0,38.0,86.0
560.0,360.0,40.0,89.0
558.0,360.0,42.0,98.0
555.0,361.0,45.0,101.0
553.0,361.0,49.0,106.0
553.0,362.0,52.0,108.0
552.0,364.0,54.0,109.0
552.0,365.0,54.0,107.0
552.0,367.0,55.0,105.0
552.0,368.0,56.0,104.0
554.0,369.0,54.0,102.0
555.0,369.0,50.0,101.0
555.0,370.0,42.0,98.0
554.0,372.0,43.0,95.0
555.0,373.0,40.0,93.0
555.0,374.0,38.0,89.0
556.0,376.0,34.0,85.0
555.0,377.0,34.0,83.0
555.0,378.0,34.0,85.0
555.0,377.0,34.0,85.0
555.0,379.0,33.0,91.0
554.0,380.0,37.0,94.0
554.0,381.0,39.0,102.0
554.0,382.0,39.0,98.0
552.0,384.0,39.0,104.0
553.0,386.0,41.0,105.0
552.0,388.0,40.0,96.0
551.0,389.0,40.0,105.0
552.0,390.0,54.0,97.0
550.0,391.0,44.0,99.0
549.0,393.0,41.0,89.0
549.0,394.0,40.0,94.0
548.0,395.0,40.0,91.0
547.0,397.0,41.0,90.0
547.0,398.0,41.0,89.0
546.0,400.0,39.0,88.0
545.0,401.0,40.0,90.0
545.0,402.0,40.0,94.0
543.0,403.0,42.0,99.0
542.0,405.0,43.0,103.0
541.0,407.0,46.0,108.0
542.0,410.0,48.0,101.0
542.0,411.0,47.0,109.0
541.0,414.0,54.0,103.0
542.0,417.0,52.0,99.0
543.0,416.0,46.0,97.0
542.0,417.0,44.0,100.0
542.0,419.0,43.0,93.0
542.0,420.0,43.0,97.0
542.0,421.0,41.0,89.0
543.0,423.0,38.0,88.0
542.0,425.0,36.0,88.0
542.0,426.0,35.0,92.0
541.0,428.0,34.0,96.0
540.0,431.0,37.0,102.0
538.0,432.0,39.0,108.0
536.0,434.0,42.0,119.0
533.0,437.0,44.0,115.0
533.0,440.0,43.0,114.0
532.0,440.0,43.0,113.0
531.0,443.0,43.0,109.0
529.0,445.0,42.0,108.0
528.0,446.0,41.0,103.0
526.0,449.0,42.0,100.0
524.0,451.0,40.0,95.0
522.0,452.0,41.0,92.0
522.0,452.0,40.0,89.0
520.0,454.0,41.0,90.0
519.0,456.0,41.0,89.0
515.0,456.0,43.0,97.0
513.0,458.0,45.0,97.0
513.0,459.0,44.0,106.0
511.0,462.0,45.0,108.0
508.0,463.0,47.0,110.0
507.0,464.0,48.0,111.0
505.0,467.0,47.0,109.0
501.0,467.0,49.0,111.0
500.0,468.0,48.0,109.0
497.0,470.0,50.0,106.0
495.0,471.0,50.0,100.0
495.0,472.0,42.0,98.0
493.0,473.0,40.0,96.0
491.0,473.0,38.0,93.0
488.0,474.0,40.0,91.0
486.0,474.0,39.0,89.0
485.0,475.0,38.0,86.0
482.0,476.0,37.0,89.0
480.0,477.0,37.0,96.0
478.0,479.0,36.0,99.0
475.0,478.0,38.0,109.0
473.0,479.0,39.0,110.0
472.0,481.0,39.0,108.0
470.0,481.0,40.0,110.0
467.0,482.0,41.0,109.0
465.0,482.0,42.0,106.0
464.0,484.0,41.0,102.0
462.0,484.0,43.0,100.0
462.0,483.0,41.0,98.0
460.0,483.0,41.0,94.0
459.0,482.0,41.0,93.0
457.0,482.0,41.0,89.0
456.0,481.0,42.0,86.0
455.0,481.0,42.0,85.0
453.0,480.0,44.0,90.0
451.0,480.0,45.0,98.0
449.0,478.0,48.0,105.0
448.0,480.0,47.0,112.0
448.0,481.0,47.0,113.0
447.0,480.0,48.0,114.0
447.0,480.0,47.0,113.0
447.0,482.0,46.0,109.0
448.0,481.0,44.0,105.0
447.0,482.0,45.0,103.0
445.0,481.0,45.0,102.0
446.0,480.0,43.0,98.0
444.0,479.0,44.0,96.0
444.0,479.0,43.0,93.0
444.0,477.0,41.0,92.0
443.0,475.0,42.0,91.0
443.0,476.0,41.0,86.0
443.0,476.0,40.0,85.0
442.0,474.0,40.0,95.0
442.0,473.0,40.0,101.0
441.0,473.0,41.0,108.0
440.0,471.0,40.0,110.0
441.0,472.0,40.0,109.0
440.0,471.0,41.0,110.0
440.0,471.0,41.0,110.0
440.0,470.0,43.0,110.0
438.0,471.0,44.0,107.0
437.0,469.0,47.0,103.0
437.0,468.0,46.0,102.0
437.0,466.0,48.0,98.0
436.0,466.0,46.0,94.0
436.0,464.0,47.0,91.0
