708.0,58.0,31.0,108.0
706.0,55.0,31.0,108.0
706.0,57.0,31.0,109.0
706.0,56.0,33.0,109.0
706.0,55.0,34.0,110.0
706.0,54.0,35.0,111.0
707.0,53.0,36.0,111.0
707.0,52.0,36.0,113.0
707.0,52.0,37.0,113.0
708.0,49.0,37.0,114.0
709.0,49.0,37.0,114.0
709.0,48.0,37.0,114.0
709.0,47.0,37.0,114.0
710.0,45.0,37.0,114.0
711.0,44.0,37.0,113.0
710.0,43.0,38.0,111.0
712.0,43.0,37.0,111.0
711.0,40.0,38.0,111.0
712.0,40.0,38.0,110.0
713.0,38.0,37.0,112.0
713.0,37.0,37.0,112.0
714.0,36.0,37.0,114.0
715.0,36.0,38.0,115.0
715.0,35.0,37.0,116.0
716.0,34.0,37.0,116.0
715.0,32.0,37.0,117.0
716.0,32.0,37.0,115.0
715.0,30.0,37.0,117.0
716.0,31.0,36.0,113.0
716.0,31.0,36.0,111.0
716.0,30.0,36.0,110.0
716.0,31.0,36.0,106.0
716.0,29.0,36.0,107.0
715.0,28.0,38.0,107.0
715.0,26.0,38.0,110.0
717.0,24.0,38.0,110.0
716.0,21.0,39.0,112.0
718.0,18.0,37.0,114.0
718.0,18.0,38.0,115.0
720.0,17.0,37.0,116.0
721.0,18.0,36.0,114.0
720.0,18.0,37.0,111.0
720.0,20.0,38.0,107.0
720.0,20.0,38.0,105.0
722.0,22.0,37.0,103.0
721.0,19.0,38.0,107.0
723.0,17.0,38.0,111.0
723.0,15.0,39.0,113.0
725.0,12.0,38.0,115.0
726.0,12.0,38.0,118.0
727.0,11.0,38.0,119.0
728.0,12.0,37.0,120.0
729.0,11.0,36.0,119.0
730.0,14.0,36.0,115.0
729.0,16.0,35.0,111.0
728.0,18.0,36.0,108.0
728.0,19.0,37.0,106.0
729.0,20.0,36.0,106.0
729.0,18.0,37.0,107.0
728.0,18.0,37.0,108.0
727.0,17.0,37.0,110.0
725.0,16.0,37.0,110.0
723.0,16.0,35.0,110.0
720.0,17.0,35.0,111.0
715.0,18.0,34.0,112.0
711.0,20.0,34.0,109.0
705.0,23.0,34.0,106.0
700.0,26.0,34.0,104.0
693.0,27.0,35.0,103.0
688.0,28.0,35.0,104.0
681.0,26.0,35.0,108.0
676.0,27.0,36.0,110.0
671.0,26.0,36.0,113.0
666.0,26.0,36.0,115.0
659.0,25.0,36.0,118.0
653.0,25.0,35.0,118.0
646.0,28.0,35.0,116.0
639.0,30.0,35.0,116.0
633.0,34.0,34.0,112.0
626.0,36.0,34.0,108.0
620.0,39.0,34.0,106.0
614.0,40.0,34.0,105.0
609.0,42.0,35.0,105.0
605.0,43.0,35.0,108.0
601.0,41.0,36.0,111.0
598.0,42.0,35.0,111.0
595.0,42.0,35.0,114.0
593.0,43.0,35.0,115.0
592.0,45.0,35.0,116.0
591.0,47.0,35.0,113.0
591.0,51.0,36.0,112.0
591.0,54.0,37.0,107.0
591.0,56.0,37.0,104.0
592.0,57.0,37.0,105.0
591.0,58.0,37.0,109.0
592.0,57.0,37.0,113.0
592.0,57.0,37.0,115.0
593.0,56.0,37.0,117.0
593.0,56.0,37.0,120.0
594.0,57.0,36.0,120.0
594.0,58.0,36.0,120.0
593.0,59.0,36.0,118.0
593.0,63.0,37.0,113.0
591.0,65.0,36.0,108.0
590.0,66.0,39.0,106.0
590.0,68.0,39.0,106.0
591.0,66.0,39.0,110.0
591.0,66.0,39.0,113.0
592.0,64.0,39.0,116.0
592.0,64.0,38.0,118.0
593.0,64.0,39.0,122.0
594.0,64.0,37.0,122.0
594.0,66.0,37.0,120.0
595.0,69.0,37.0,116.0
595.0,70.0,37.0,111.0
595.0,74.0,38.0,106.0
595.0,74.0,37.0,105.0
594.0,74.0,38.0,110.0
596.0,73.0,37.0,114.0
595.0,72.0,38.0,117.0
597.0,71.0,37.0,119.0
597.0,70.0,37.0,122.0
597.0,67.0,38.0,123.0
597.0,68.0,38.0,123.0
597.0,70.0,37.0,120.0
598.0,71.0,37.0,116.0
596.0,72.0,37.0,111.0
596.0,73.0,37.0,107.0
596.0,73.0,38.0,108.0
595.0,73.0,39.0,112.0
595.0,71.0,39.0,116.0
594.0,68.0,40.0,121.0
594.0,67.0,41.0,124.0
593.0,64.0,41.0,128.0
594.0,65.0,40.0,126.0
594.0,64.0,38.0,123.0
594.0,66.0,38.0,120.0
595.0,67.0,38.0,113.0
593.0,68.0,39.0,109.0
593.0,69.0,38.0,107.0
593.0,68.0,39.0,113.0
592.0,65.0,38.0,117.0
593.0,64.0,38.0,119.0
591.0,59.0,37.0,124.0
592.0,60.0,37.0,125.0
591.0,57.0,36.0,126.0
591.0,58.0,36.0,121.0
589.0,59.0,36.0,113.0
588.0,60.0,36.0,108.0
586.0,61.0,37.0,106.0
585.0,60.0,39.0,109.0
583.0,58.0,41.0,115.0
583.0,56.0,40.0,119.0
582.0,53.0,42.0,124.0
580.0,51.0,42.0,126.0
579.0,49.0,42.0,127.0
580.0,50.0,40.0,124.0
580.0,49.0,38.0,118.0
580.0,50.0,38.0,113.0
579.0,52.0,37.0,106.0
577.0,52.0,38.0,109.0
576.0,52.0,39.0,112.0
575.0,49.0,37.0,117.0
573.0,46.0,38.0,123.0
572.0,42.0,38.0,126.0
572.0,41.0,38.0,127.0
569.0,42.0,39.0,125.0
568.0,41.0,38.0,120.0
567.0,42.0,36.0,112.0
564.0,42.0,38.0,106.0
563.0,44.0,37.0,103.0
561.0,43.0,39.0,107.0
557.0,40.0,41.0,113.0
555.0,37.0,43.0,118.0
554.0,36.0,44.0,122.0
550.0,32.0,46.0,127.0
549.0,31.0,47.0,127.0
548.0,31.0,46.0,124.0
547.0,30.0,43.0,119.0
545.0,31.0,42.0,112.0
542.0,32.0,42.0,108.0
540.0,33.0,42.0,107.0
540.0,33.0,40.0,108.0
538.0,32.0,38.0,111.0
535.0,29.0,39.0,115.0
532.0,28.0,40.0,118.0
529.0,27.0,42.0,123.0
526.0,25.0,44.0,123.0
523.0,25.0,44.0,122.0
520.0,26.0,43.0,118.0
518.0,27.0,42.0,114.0
514.0,29.0,43.0,108.0
509.0,32.0,45.0,105.0
505.0,31.0,45.0,108.0
502.0,31.0,46.0,114.0
500.0,28.0,46.0,118.0
495.0,28.0,49.0,122.0
493.0,25.0,50.0,125.0
490.0,26.0,49.0,126.0
487.0,26.0,46.0,123.0
484.0,27.0,43.0,120.0
482.0,28.0,41.0,115.0
478.0,31.0,41.0,110.0
474.0,33.0,41.0,108.0
472.0,34.0,38.0,109.0
468.0,34.0,39.0,114.0
466.0,34.0,38.0,116.0
462.0,31.0,40.0,121.0
461.0,31.0,43.0,124.0
462.0,32.0,45.0,125.0
465.0,33.0,43.0,121.0
469.0,31.0,44.0,119.0
474.0,34.0,43.0,115.0
483.0,33.0,42.0,112.0
491.0,35.0,41.0,107.0
501.0,35.0,41.0,109.0
512.0,33.0,42.0,115.0
526.0,31.0,43.0,120.0
539.0,29.0,45.0,124.0
554.0,27.0,46.0,127.0
570.0,26.0,46.0,129.0
588.0,25.0,44.0,127.0
607.0,27.0,43.0,124.0
627.0,29.0,43.0,118.0
645.0,31.0,45.0,115.0
666.0,34.0,44.0,110.0
688.0,37.0,41.0,109.0
707.0,35.0,41.0,115.0
728.0,36.0,40.0,118.0
746.0,36.0,39.0,121.0
762.0,35.0,38.0,127.0
777.0,36.0,37.0,129.0
791.0,38.0,37.0,127.0
803.0,39.0,36.0,125.0
813.0,42.0,34.0,118.0
821.0,47.0,35.0,115.0
827.0,50.0,36.0,110.0
831.0,50.0,38.0,112.0
833.0,50.0,42.0,119.0
834.0,50.0,44.0,123.0
834.0,48.0,47.0,129.0
835.0,47.0,48.0,130.0
834.0,47.0,48.0,130.0
833.0,47.0,47.0,129.0
831.0,49.0,44.0,126.0
829.0,51.0,44.0,119.0
824.0,54.0,45.0,114.0
821.0,56.0,46.0,112.0
819.0,58.0,42.0,117.0
817.0,58.0,42.0,122.0
815.0,57.0,40.0,128.0
813.0,58.0,40.0,131.0
810.0,55.0,40.0,134.0
809.0,57.0,40.0,133.0
805.0,58.0,40.0,131.0
802.0,59.0,40.0,122.0
796.0,62.0,39.0,116.0
790.0,64.0,39.0,111.0
784.0,63.0,42.0,114.0
777.0,63.0,44.0,121.0
772.0,63.0,48.0,125.0
767.0,62.0,47.0,128.0
763.0,62.0,48.0,131.0
759.0,61.0,47.0,130.0
755.0,61.0,44.0,129.0
752.0,63.0,43.0,122.0
748.0,64.0,44.0,117.0
744.0,66.0,45.0,113.0
740.0,66.0,43.0,116.0
736.0,66.0,43.0,120.0
733.0,64.0,41.0,122.0
729.0,65.0,41.0,124.0
724.0,65.0,41.0,126.0
720.0,64.0,40.0,127.0
716.0,66.0,39.0,124.0
712.0,68.0,38.0,118.0
707.0,71.0,38.0,109.0
700.0,73.0,41.0,106.0
693.0,74.0,43.0,109.0
687.0,73.0,47.0,115.0
682.0,73.0,49.0,120.0
677.0,73.0,53.0,122.0
671.0,74.0,54.0,122.0
666.0,75.0,54.0,119.0
659.0,77.0,55.0,116.0
657.0,79.0,50.0,109.0
652.0,83.0,48.0,102.0
647.0,86.0,48.0,97.0
643.0,91.0,49.0,90.0
636.0,94.0,51.0,85.0
628.0,98.0,58.0,85.0
622.0,100.0,65.0,89.0
615.0,101.0,70.0,90.0
611.0,104.0,72.0,89.0
607.0,107.0,75.0,87.0
604.0,110.0,74.0,80.0
600.0,116.0,69.0,71.0
596.0,119.0,65.0,68.0
592.0,123.0,58.0,70.0
589.0,125.0,60.0,73.0
587.0,128.0,63.0,76.0
584.0,131.0,66.0,74.0
583.0,136.0,60.0,71.0
584.0,141.0,55.0,66.0
582.0,147.0,51.0,62.0
580.0,154.0,55.0,61.0
578.0,158.0,62.0,59.0
578.0,162.0,68.0,60.0
577.0,166.0,78.0,61.0
577.0,170.0,84.0,61.0
579.0,175.0,86.0,60.0
586.0,181.0,77.0,60.0
593.0,190.0,66.0,58.0
599.0,196.0,59.0,61.0
603.0,203.0,56.0,60.0
606.0,208.0,53.0,64.0
612.0,214.0,57.0,63.0
619.0,221.0,63.0,60.0
625.0,226.0,60.0,63.0
629.0,232.0,56.0,68.0
638.0,240.0,50.0,70.0
645.0,250.0,50.0,71.0
654.0,258.0,54.0,71.0
661.0,268.0,54.0,68.0
666.0,278.0,59.0,68.0
669.0,287.0,59.0,69.0
676.0,296.0,66.0,75.0
684.0,305.0,73.0,78.0
691.0,313.0,73.0,85.0
695.0,323.0,66.0,89.0
699.0,334.0,54.0,91.0
707.0,343.0,51.0,91.0
714.0,355.0,46.0,92.0
719.0,365.0,47.0,89.0
718.0,372.0,57.0,93.0
721.0,379.0,61.0,97.0
725.0,383.0,63.0,102.0
730.0,387.0,65.0,104.0
735.0,390.0,71.0,108.0
739.0,394.0,69.0,112.0
739.0,399.0,68.0,108.0
745.0,402.0,64.0,111.0
756.0,408.0,63.0,113.0
766.0,413.0,54.0,115.0
777.0,420.0,52.0,121.0
788.0,424.0,49.0,125.0
797.0,429.0,49.0,125.0
806.0,431.0,50.0,132.0
816.0,432.0,55.0,142.0
830.0,434.0,58.0,149.0
843.0,437.0,60.0,154.0
853.0,440.0,72.0,157.0
864.0,443.0,82.0,159.0
891.0,447.0,73.0,162.0
913.0,454.0,71.0,153.0
938.0,460.0,69.0,147.0
965.0,467.0,65.0,141.0
989.0,474.0,66.0,137.0
1010.0,477.0,71.0,146.0
1031.0,481.0,78.0,158.0
1054.0,484.0,76.0,163.0
1070.0,488.0,78.0,170.0
1087.0,489.0,77.0,171.0
1102.0,492.0,79.0,167.0
1113.0,494.0,79.0,166.0
1124.0,495.0,80.0,161.0
1134.0,499.0,80.0,150.0
1141.0,501.0,80.0,141.0
1148.0,503.0,81.0,132.0
1155.0,502.0,82.0,135.0
1157.0,499.0,87.0,141.0
1157.0,496.0,88.0,148.0
1159.0,491.0,86.0,149.0
1160.0,486.0,80.0,156.0
1155.0,479.0,79.0,158.0
1150.0,472.0,77.0,152.0
1142.0,468.0,75.0,149.0
1139.0,463.0,68.0,139.0
1129.0,460.0,69.0,132.0
1116.0,449.0,72.0,127.0
1103.0,440.0,72.0,126.0
1085.0,427.0,74.0,132.0
1066.0,411.0,70.0,137.0
1045.0,395.0,67.0,140.0
1018.0,381.0,66.0,147.0
994.0,367.0,61.0,145.0
967.0,355.0,59.0,140.0
940.0,343.0,56.0,139.0
914.0,334.0,52.0,129.0
889.0,328.0,51.0,120.0
864.0,321.0,49.0,116.0
843.0,315.0,48.0,113.0
823.0,307.0,45.0,118.0
803.0,299.0,45.0,121.0
786.0,293.0,42.0,126.0
769.0,287.0,41.0,126.0
752.0,283.0,42.0,130.0
738.0,279.0,41.0,127.0
724.0,275.0,42.0,127.0
710.0,275.0,42.0,124.0
700.0,275.0,41.0,119.0
689.0,275.0,40.0,114.0
680.0,275.0,39.0,108.0
672.0,273.0,38.0,108.0
663.0,270.0,41.0,115.0
655.0,268.0,42.0,120.0
649.0,264.0,41.0,124.0
645.0,261.0,40.0,128.0
640.0,260.0,40.0,127.0
636.0,260.0,40.0,125.0
631.0,259.0,40.0,124.0
628.0,261.0,38.0,116.0
623.0,264.0,39.0,109.0
618.0,266.0,42.0,108.0
614.0,266.0,39.0,107.0
609.0,265.0,40.0,113.0
605.0,264.0,40.0,117.0
600.0,262.0,39.0,120.0
595.0,261.0,39.0,123.0
591.0,261.0,40.0,124.0
586.0,262.0,41.0,127.0
581.0,264.0,40.0,122.0
576.0,266.0,41.0,117.0
569.0,268.0,43.0,117.0
565.0,272.0,41.0,110.0
559.0,274.0,41.0,108.0
554.0,276.0,43.0,112.0
549.0,276.0,42.0,120.0
545.0,276.0,42.0,123.0
541.0,277.0,41.0,123.0
537.0,277.0,40.0,123.0
532.0,279.0,40.0,119.0
526.0,281.0,41.0,120.0
521.0,284.0,44.0,121.0
518.0,288.0,42.0,110.0
512.0,291.0,44.0,110.0
508.0,293.0,43.0,109.0
503.0,294.0,43.0,112.0
498.0,293.0,43.0,119.0
494.0,294.0,44.0,124.0
489.0,295.0,44.0,128.0
484.0,295.0,44.0,132.0
478.0,296.0,46.0,130.0
473.0,297.0,46.0,125.0
469.0,298.0,45.0,120.0
464.0,302.0,45.0,112.0
460.0,305.0,48.0,110.0
457.0,306.0,46.0,113.0
458.0,305.0,48.0,122.0
459.0,303.0,51.0,129.0
463.0,299.0,51.0,134.0
469.0,298.0,50.0,132.0
476.0,296.0,46.0,125.0
484.0,294.0,43.0,111.0
491.0,295.0,43.0,110.0
497.0,294.0,44.0,113.0
498.0,293.0,46.0,116.0
501.0,291.0,51.0,126.0
507.0,287.0,50.0,130.0
513.0,285.0,50.0,134.0
521.0,282.0,47.0,131.0
526.0,279.0,44.0,121.0
531.0,280.0,43.0,112.0
536.0,279.0,44.0,110.0
541.0,278.0,42.0,114.0
546.0,274.0,41.0,123.0
547.0,268.0,44.0,130.0
549.0,264.0,42.0,133.0
549.0,261.0,42.0,123.0
549.0,259.0,38.0,106.0
549.0,258.0,38.0,104.0
545.0,257.0,39.0,104.0
539.0,255.0,42.0,110.0
532.0,250.0,45.0,118.0
527.0,245.0,45.0,124.0
520.0,240.0,45.0,128.0
517.0,237.0,43.0,122.0
513.0,233.0,43.0,122.0
508.0,230.0,41.0,110.0
504.0,231.0,44.0,111.0
497.0,227.0,45.0,114.0
493.0,222.0,43.0,118.0
486.0,218.0,44.0,124.0
482.0,215.0,42.0,126.0
476.0,211.0,40.0,122.0
472.0,207.0,40.0,111.0
467.0,206.0,37.0,99.0
463.0,204.0,40.0,100.0
456.0,202.0,40.0,105.0
453.0,198.0,42.0,112.0
450.0,192.0,43.0,119.0
450.0,187.0,43.0,124.0
451.0,183.0,42.0,122.0
456.0,179.0,40.0,115.0
460.0,175.0,39.0,106.0
465.0,171.0,38.0,100.0
474.0,169.0,37.0,103.0
481.0,165.0,37.0,108.0
489.0,161.0,37.0,115.0
498.0,155.0,38.0,119.0
507.0,151.0,38.0,121.0
520.0,147.0,36.0,111.0
530.0,143.0,34.0,103.0
544.0,141.0,33.0,98.0
555.0,138.0,35.0,100.0
567.0,134.0,37.0,104.0
580.0,129.0,36.0,106.0
593.0,125.0,34.0,112.0
605.0,121.0,36.0,114.0
620.0,118.0,36.0,112.0
633.0,115.0,35.0,106.0
646.0,113.0,34.0,97.0
657.0,111.0,34.0,92.0
668.0,111.0,34.0,92.0
679.0,110.0,34.0,96.0
690.0,108.0,32.0,97.0
697.0,104.0,33.0,107.0
705.0,100.0,32.0,110.0
710.0,98.0,33.0,112.0
716.0,96.0,32.0,103.0
720.0,93.0,30.0,95.0
723.0,92.0,29.0,93.0
724.0,91.0,32.0,91.0
724.0,88.0,33.0,96.0
724.0,85.0,34.0,99.0
722.0,81.0,32.0,105.0
720.0,76.0,35.0,109.0
716.0,73.0,34.0,107.0
712.0,72.0,36.0,101.0
708.0,70.0,37.0,98.0
705.0,70.0,37.0,92.0
703.0,69.0,33.0,87.0
700.0,68.0,33.0,88.0
698.0,65.0,32.0,93.0
696.0,62.0,32.0,96.0
692.0,59.0,32.0,99.0
690.0,57.0,33.0,103.0
688.0,55.0,32.0,100.0
686.0,55.0,32.0,98.0
685.0,55.0,31.0,90.0
681.0,54.0,32.0,90.0
679.0,55.0,33.0,87.0
677.0,55.0,35.0,87.0
675.0,54.0,35.0,90.0
672.0,52.0,36.0,96.0
669.0,50.0,33.0,99.0
666.0,47.0,35.0,104.0
664.0,46.0,34.0,103.0
662.0,44.0,34.0,100.0
660.0,44.0,33.0,94.0
658.0,45.0,31.0,88.0
654.0,46.0,33.0,86.0
651.0,48.0,32.0,86.0
648.0,47.0,33.0,97.0
648.0,45.0,31.0,94.0
645.0,45.0,31.0,93.0
642.0,44.0,31.0,97.0
641.0,44.0,32.0,97.0
639.0,44.0,32.0,98.0
638.0,45.0,31.0,92.0
636.0,46.0,32.0,91.0
634.0,49.0,32.0,87.0
632.0,50.0,33.0,85.0
629.0,50.0,34.0,90.0
628.0,49.0,33.0,92.0
627.0,49.0,33.0,97.0
626.0,48.0,33.0,102.0
630.0,48.0,34.0,102.0
636.0,50.0,34.0,98.0
643.0,51.0,33.0,99.0
652.0,53.0,32.0,94.0
662.0,55.0,32.0,93.0
672.0,59.0,32.0,91.0
684.0,62.0,32.0,91.0
697.0,63.0,32.0,92.0
710.0,63.0,31.0,94.0
723.0,65.0,32.0,96.0
736.0,65.0,32.0,99.0
748.0,68.0,33.0,99.0
761.0,72.0,32.0,94.0
772.0,75.0,33.0,92.0
783.0,78.0,32.0,90.0
793.0,83.0,35.0,89.0
803.0,86.0,34.0,89.0
810.0,88.0,34.0,89.0
818.0,89.0,35.0,93.0
824.0,90.0,36.0,98.0
828.0,91.0,38.0,101.0
833.0,92.0,37.0,104.0
837.0,94.0,37.0,103.0
840.0,95.0,36.0,102.0
840.0,97.0,35.0,98.0
840.0,99.0,35.0,96.0
838.0,102.0,36.0,95.0
836.0,104.0,33.0,95.0
834.0,105.0,33.0,94.0
831.0,106.0,33.0,96.0
827.0,106.0,35.0,98.0
825.0,106.0,34.0,98.0
822.0,106.0,35.0,101.0
820.0,108.0,35.0,101.0
817.0,109.0,36.0,101.0
814.0,110.0,35.0,99.0
812.0,113.0,35.0,96.0
810.0,116.0,35.0,92.0
807.0,118.0,35.0,92.0
805.0,118.0,34.0,92.0
801.0,119.0,36.0,95.0
799.0,118.0,35.0,99.0
795.0,119.0,34.0,104.0
792.0,117.0,34.0,106.0
789.0,118.0,36.0,109.0
786.0,118.0,33.0,107.0
782.0,121.0,34.0,104.0
780.0,123.0,33.0,98.0
775.0,126.0,34.0,100.0
772.0,128.0,33.0,97.0
769.0,129.0,32.0,94.0
765.0,129.0,32.0,96.0
760.0,128.0,32.0,98.0
757.0,128.0,33.0,100.0
752.0,127.0,32.0,103.0
748.0,127.0,32.0,107.0
743.0,127.0,32.0,108.0
738.0,127.0,32.0,109.0
734.0,130.0,33.0,104.0
729.0,131.0,33.0,103.0
724.0,135.0,36.0,103.0
721.0,137.0,33.0,98.0
716.0,140.0,34.0,95.0
711.0,140.0,36.0,97.0
708.0,141.0,33.0,99.0
702.0,141.0,34.0,103.0
697.0,141.0,34.0,105.0
692.0,140.0,35.0,106.0
686.0,142.0,36.0,110.0
681.0,143.0,36.0,105.0
676.0,145.0,36.0,102.0
665.0,148.0,43.0,98.0
661.0,149.0,46.0,95.0
651.0,153.0,55.0,87.0
646.0,155.0,56.0,89.0
643.0,157.0,54.0,87.0
642.0,159.0,50.0,88.0
643.0,161.0,48.0,87.0
644.0,165.0,49.0,82.0
645.0,170.0,51.0,74.0
647.0,177.0,54.0,69.0
652.0,183.0,57.0,64.0
653.0,185.0,63.0,67.0
655.0,191.0,70.0,71.0
660.0,194.0,74.0,66.0
664.0,198.0,78.0,65.0
670.0,202.0,77.0,62.0
674.0,206.0,74.0,59.0
681.0,210.0,66.0,60.0
686.0,214.0,62.0,62.0
691.0,217.0,58.0,64.0
695.0,221.0,62.0,63.0
701.0,225.0,66.0,63.0
705.0,229.0,71.0,65.0
708.0,234.0,76.0,66.0
712.0,239.0,75.0,63.0
720.0,244.0,62.0,60.0
729.0,248.0,59.0,61.0
737.0,252.0,53.0,64.0
745.0,261.0,45.0,63.0
751.0,270.0,45.0,63.0
759.0,278.0,44.0,62.0
766.0,287.0,47.0,63.0
774.0,297.0,48.0,62.0
787.0,307.0,45.0,62.0
794.0,316.0,48.0,61.0
809.0,326.0,40.0,60.0
821.0,336.0,37.0,61.0
832.0,347.0,39.0,61.0
837.0,360.0,43.0,60.0
850.0,371.0,43.0,60.0
855.0,383.0,48.0,55.0
858.0,396.0,56.0,55.0
865.0,406.0,59.0,61.0
873.0,421.0,62.0,60.0
879.0,436.0,67.0,58.0
880.0,456.0,75.0,52.0
892.0,471.0,73.0,49.0
900.0,485.0,82.0,58.0
919.0,501.0,78.0,61.0
939.0,518.0,74.0,66.0
944.0,535.0,83.0,76.0
958.0,553.0,82.0,83.0
971.0,566.0,79.0,98.0
986.0,583.0,72.0,104.0
1000.0,607.0,66.0,96.0
1014.0,631.0,58.0,82.0
1019.0,658.0,60.0,63.0
1028.0,681.0,57.0,41.0
1040.0,696.0,42.0,34.0
1048.0,695.0,28.0,36.0
1045.0,679.0,21.0,43.0
1038.0,679.0,21.0,43.0
1032.0,678.0,20.0,43.0
1024.0,677.0,21.0,42.0
1017.0,675.0,22.0,43.0
1008.0,675.0,22.0,44.0
1002.0,675.0,21.0,45.0
995.0,673.0,22.0,44.0
988.0,673.0,22.0,45.0
981.0,672.0,21.0,46.0
982.0,671.0,22.0,46.0
974.0,669.0,22.0,48.0
966.0,666.0,22.0,48.0
959.0,655.0,22.0,50.0
951.0,655.0,23.0,51.0
942.0,654.0,24.0,53.0
934.0,658.0,25.0,54.0
925.0,657.0,26.0,55.0
915.0,656.0,27.0,57.0
905.0,657.0,26.0,58.0
896.0,655.0,27.0,59.0
886.0,654.0,28.0,59.0
872.0,674.0,29.0,56.0
854.0,693.0,40.0,32.0
838.0,679.0,39.0,42.0
821.0,659.0,42.0,62.0
802.0,638.0,49.0,83.0
784.0,621.0,64.0,97.0
772.0,606.0,67.0,113.0
758.0,591.0,47.0,115.0
744.0,578.0,42.0,116.0
730.0,564.0,43.0,115.0
718.0,550.0,43.0,118.0
700.0,536.0,46.0,119.0
688.0,521.0,49.0,125.0
673.0,507.0,60.0,125.0
655.0,492.0,74.0,126.0
638.0,481.0,82.0,126.0
620.0,469.0,90.0,126.0
607.0,459.0,93.0,124.0
599.0,451.0,87.0,120.0
596.0,445.0,66.0,115.0
587.0,439.0,61.0,114.0
577.0,430.0,58.0,115.0
568.0,420.0,52.0,119.0
561.0,409.0,47.0,123.0
551.0,398.0,49.0,127.0
543.0,387.0,50.0,129.0
533.0,376.0,53.0,134.0
523.0,367.0,56.0,136.0
517.0,360.0,56.0,135.0
507.0,353.0,56.0,130.0
501.0,348.0,52.0,125.0
496.0,344.0,48.0,123.0
491.0,340.0,42.0,115.0
483.0,336.0,41.0,112.0
477.0,331.0,41.0,117.0
472.0,323.0,40.0,120.0
466.0,316.0,41.0,123.0
460.0,309.0,43.0,125.0
455.0,303.0,45.0,127.0
451.0,298.0,49.0,128.0
448.0,292.0,51.0,128.0
447.0,289.0,51.0,125.0
447.0,287.0,50.0,120.0
448.0,284.0,48.0,114.0
449.0,282.0,47.0,111.0
453.0,278.0,45.0,111.0
458.0,275.0,45.0,112.0
464.0,268.0,45.0,117.0
473.0,261.0,43.0,121.0
481.0,256.0,44.0,124.0
487.0,252.0,45.0,126.0
495.0,248.0,44.0,127.0
505.0,248.0,42.0,126.0
513.0,246.0,41.0,121.0
522.0,246.0,42.0,118.0
528.0,247.0,42.0,114.0
535.0,246.0,40.0,110.0
540.0,247.0,38.0,105.0
544.0,244.0,39.0,108.0
548.0,243.0,39.0,112.0
551.0,241.0,39.0,115.0
552.0,240.0,40.0,117.0
553.0,240.0,41.0,119.0
553.0,240.0,41.0,120.0
552.0,240.0,40.0,121.0
551.0,242.0,41.0,119.0
549.0,245.0,38.0,113.0
546.0,247.0,38.0,108.0
545.0,250.0,36.0,104.0
542.0,250.0,35.0,103.0
540.0,251.0,34.0,105.0
537.0,252.0,35.0,109.0
534.0,252.0,34.0,111.0
531.0,253.0,34.0,114.0
529.0,255.0,33.0,115.0
525.0,258.0,35.0,115.0
522.0,261.0,35.0,113.0
519.0,265.0,38.0,111.0
516.0,268.0,36.0,107.0
513.0,273.0,38.0,104.0
511.0,275.0,37.0,99.0
506.0,277.0,38.0,101.0
504.0,278.0,38.0,106.0
502.0,278.0,37.0,110.0
499.0,278.0,38.0,113.0
496.0,277.0,39.0,115.0
493.0,277.0,39.0,117.0
492.0,277.0,39.0,117.0
490.0,278.0,38.0,116.0
486.0,278.0,37.0,112.0
486.0,280.0,35.0,106.0
485.0,281.0,34.0,101.0
483.0,280.0,34.0,99.0
482.0,280.0,33.0,103.0
481.0,279.0,32.0,105.0
479.0,279.0,33.0,105.0
477.0,280.0,35.0,102.0
476.0,280.0,37.0,101.0
474.0,282.0,37.0,95.0
474.0,284.0,37.0,88.0
473.0,287.0,39.0,81.0
474.0,288.0,37.0,77.0
474.0,290.0,41.0,75.0
477.0,290.0,40.0,71.0
481.0,292.0,36.0,68.0
481.0,293.0,35.0,66.0
481.0,295.0,38.0,64.0
482.0,299.0,39.0,61.0
482.0,303.0,43.0,58.0
480.0,304.0,46.0,59.0
475.0,307.0,53.0,61.0
472.0,310.0,56.0,63.0
472.0,313.0,58.0,63.0
475.0,317.0,55.0,62.0
480.0,320.0,53.0,61.0
482.0,322.0,54.0,60.0
486.0,327.0,53.0,58.0
490.0,331.0,51.0,56.0
490.0,333.0,51.0,56.0
489.0,336.0,54.0,56.0
485.0,341.0,61.0,59.0
484.0,345.0,66.0,64.0
484.0,350.0,65.0,69.0
485.0,357.0,64.0,70.0
490.0,364.0,59.0,71.0
494.0,372.0,56.0,68.0
500.0,379.0,53.0,65.0
505.0,386.0,53.0,63.0
505.0,392.0,52.0,68.0
505.0,399.0,55.0,75.0
505.0,406.0,55.0,81.0
505.0,412.0,54.0,85.0
508.0,416.0,57.0,90.0
509.0,422.0,56.0,90.0
514.0,425.0,52.0,89.0
517.0,430.0,50.0,85.0
522.0,436.0,45.0,79.0
527.0,440.0,42.0,72.0
529.0,444.0,41.0,65.0
530.0,446.0,45.0,63.0
531.0,447.0,49.0,73.0
534.0,448.0,49.0,82.0
534.0,448.0,52.0,90.0
537.0,450.0,50.0,93.0
538.0,452.0,51.0,94.0
540.0,455.0,50.0,95.0
542.0,459.0,51.0,89.0
542.0,464.0,49.0,81.0
543.0,464.0,56.0,77.0
542.0,468.0,58.0,73.0
542.0,466.0,62.0,85.0
542.0,465.0,59.0,98.0
545.0,465.0,55.0,106.0
546.0,465.0,54.0,112.0
547.0,467.0,54.0,113.0
548.0,469.0,53.0,112.0
551.0,468.0,51.0,112.0
554.0,470.0,49.0,108.0
559.0,472.0,45.0,99.0
562.0,473.0,45.0,88.0
565.0,471.0,43.0,83.0
567.0,468.0,44.0,83.0
565.0,464.0,49.0,97.0
575.0,462.0,42.0,109.0
575.0,458.0,47.0,115.0
586.0,457.0,41.0,117.0
587.0,454.0,45.0,117.0
575.0,454.0,65.0,115.0
571.0,453.0,74.0,105.0
572.0,451.0,77.0,96.0
576.0,447.0,80.0,91.0
580.0,442.0,80.0,97.0
582.0,436.0,80.0,114.0
586.0,430.0,79.0,117.0
590.0,423.0,81.0,121.0
608.0,418.0,67.0,121.0
630.0,413.0,50.0,120.0
633.0,406.0,53.0,120.0
632.0,403.0,57.0,116.0
641.0,394.0,52.0,111.0
645.0,386.0,55.0,106.0
647.0,377.0,59.0,104.0
646.0,365.0,65.0,106.0
643.0,354.0,75.0,111.0
644.0,345.0,85.0,110.0
646.0,335.0,84.0,111.0
664.0,328.0,66.0,112.0
676.0,322.0,50.0,111.0
672.0,314.0,50.0,111.0
670.0,307.0,46.0,111.0
665.0,298.0,43.0,112.0
656.0,288.0,45.0,113.0
645.0,280.0,46.0,112.0
630.0,270.0,52.0,113.0
614.0,260.0,60.0,114.0
599.0,254.0,61.0,111.0
586.0,246.0,56.0,107.0
577.0,240.0,44.0,102.0
563.0,233.0,39.0,100.0
547.0,227.0,37.0,101.0
532.0,219.0,34.0,104.0
512.0,211.0,33.0,108.0
492.0,203.0,35.0,111.0
473.0,198.0,36.0,113.0
451.0,191.0,38.0,117.0
432.0,186.0,40.0,118.0
412.0,182.0,41.0,117.0
394.0,179.0,42.0,113.0
378.0,178.0,40.0,108.0
365.0,176.0,36.0,105.0
350.0,174.0,35.0,99.0
339.0,172.0,34.0,97.0
327.0,168.0,32.0,100.0
315.0,164.0,32.0,101.0
304.0,161.0,34.0,108.0
291.0,157.0,38.0,112.0
280.0,154.0,41.0,112.0
271.0,151.0,42.0,114.0
262.0,151.0,39.0,111.0
254.0,150.0,37.0,107.0
249.0,150.0,37.0,102.0
245.0,149.0,35.0,98.0
243.0,148.0,34.0,96.0
240.0,144.0,35.0,100.0
237.0,140.0,35.0,105.0
235.0,136.0,35.0,108.0
233.0,134.0,37.0,112.0
230.0,131.0,41.0,115.0
228.0,130.0,43.0,114.0
232.0,127.0,46.0,111.0
237.0,127.0,45.0,108.0
246.0,127.0,42.0,104.0
258.0,125.0,36.0,97.0
269.0,123.0,33.0,94.0
279.0,121.0,33.0,95.0
288.0,118.0,32.0,100.0
296.0,115.0,32.0,100.0
301.0,111.0,33.0,106.0
307.0,110.0,36.0,106.0
313.0,110.0,36.0,104.0
315.0,111.0,39.0,103.0
320.0,112.0,38.0,98.0
324.0,114.0,36.0,96.0
329.0,116.0,34.0,93.0
336.0,117.0,33.0,91.0
343.0,118.0,32.0,91.0
349.0,117.0,32.0,94.0
354.0,117.0,33.0,97.0
357.0,117.0,35.0,101.0
362.0,118.0,34.0,103.0
363.0,119.0,38.0,105.0
365.0,122.0,41.0,104.0
368.0,125.0,42.0,102.0
370.0,128.0,42.0,100.0
373.0,132.0,38.0,99.0
374.0,137.0,36.0,97.0
376.0,141.0,33.0,94.0
377.0,145.0,32.0,93.0
377.0,148.0,33.0,97.0
377.0,152.0,33.0,97.0
378.0,154.0,36.0,98.0
376.0,157.0,42.0,102.0
375.0,160.0,49.0,102.0
375.0,164.0,52.0,101.0
377.0,170.0,51.0,97.0
381.0,175.0,42.0,95.0
387.0,182.0,36.0,92.0
387.0,188.0,37.0,93.0
390.0,191.0,36.0,94.0
392.0,194.0,34.0,97.0
394.0,197.0,35.0,101.0
396.0,199.0,36.0,103.0
398.0,202.0,39.0,105.0
401.0,204.0,43.0,105.0
405.0,206.0,47.0,107.0
411.0,208.0,47.0,104.0
418.0,212.0,43.0,100.0
424.0,215.0,39.0,100.0
430.0,218.0,36.0,99.0
434.0,222.0,34.0,97.0
438.0,225.0,35.0,95.0
444.0,227.0,33.0,98.0
448.0,226.0,32.0,101.0
448.0,228.0,36.0,102.0
448.0,228.0,41.0,103.0
448.0,229.0,45.0,103.0
448.0,230.0,48.0,103.0
447.0,232.0,48.0,102.0
454.0,236.0,37.0,95.0
456.0,238.0,33.0,91.0
458.0,242.0,30.0,88.0
457.0,242.0,31.0,89.0
458.0,242.0,34.0,93.0
458.0,242.0,35.0,95.0
455.0,241.0,40.0,97.0
454.0,241.0,44.0,98.0
452.0,243.0,50.0,97.0
453.0,244.0,55.0,93.0
454.0,247.0,54.0,87.0
461.0,250.0,46.0,79.0
467.0,254.0,40.0,75.0
470.0,257.0,36.0,69.0
472.0,258.0,38.0,65.0
473.0,260.0,41.0,63.0
473.0,264.0,45.0,60.0
474.0,267.0,51.0,59.0
470.0,269.0,64.0,58.0
466.0,273.0,71.0,56.0
466.0,276.0,75.0,56.0
466.0,280.0,76.0,56.0
471.0,285.0,72.0,54.0
479.0,290.0,63.0,54.0
487.0,294.0,54.0,56.0
497.0,300.0,47.0,53.0
503.0,304.0,46.0,52.0
507.0,310.0,48.0,49.0
509.0,315.0,48.0,50.0
510.0,321.0,59.0,49.0
509.0,327.0,63.0,54.0
511.0,336.0,71.0,56.0
514.0,343.0,71.0,58.0
520.0,353.0,65.0,55.0
528.0,362.0,58.0,52.0
534.0,370.0,54.0,53.0
533.0,377.0,60.0,55.0
534.0,385.0,57.0,59.0
536.0,392.0,55.0,70.0
538.0,399.0,57.0,77.0
540.0,406.0,56.0,80.0
543.0,413.0,55.0,80.0
544.0,420.0,56.0,80.0
551.0,429.0,49.0,72.0
556.0,433.0,42.0,67.0
559.0,438.0,41.0,63.0
562.0,442.0,40.0,58.0
565.0,445.0,43.0,58.0
568.0,448.0,44.0,71.0
568.0,449.0,45.0,85.0
571.0,453.0,46.0,92.0
570.0,458.0,47.0,95.0
572.0,464.0,47.0,96.0
572.0,469.0,47.0,94.0
574.0,474.0,46.0,88.0
575.0,477.0,45.0,79.0
574.0,480.0,48.0,71.0
573.0,482.0,48.0,70.0
572.0,482.0,50.0,75.0
573.0,481.0,51.0,90.0
573.0,483.0,52.0,101.0
573.0,484.0,54.0,108.0
573.0,486.0,54.0,110.0
574.0,488.0,53.0,111.0
576.0,489.0,51.0,111.0
577.0,490.0,49.0,108.0
578.0,493.0,47.0,100.0
583.0,494.0,44.0,92.0
583.0,493.0,44.0,83.0
583.0,491.0,46.0,77.0
584.0,488.0,45.0,73.0
585.0,484.0,46.0,88.0
586.0,481.0,45.0,102.0
587.0,478.0,44.0,111.0
591.0,473.0,43.0,113.0
591.0,472.0,44.0,113.0
594.0,470.0,43.0,111.0
594.0,467.0,44.0,108.0
593.0,465.0,48.0,102.0
591.0,462.0,49.0,96.0
594.0,458.0,49.0,87.0
596.0,452.0,46.0,89.0
598.0,444.0,45.0,100.0
600.0,437.0,45.0,110.0
601.0,430.0,45.0,114.0
604.0,424.0,44.0,117.0
605.0,417.0,44.0,116.0
607.0,410.0,42.0,115.0
609.0,405.0,41.0,113.0
611.0,400.0,40.0,109.0
614.0,394.0,38.0,102.0
616.0,387.0,38.0,98.0
618.0,380.0,37.0,93.0
621.0,372.0,36.0,90.0
623.0,364.0,36.0,94.0
626.0,357.0,35.0,101.0
629.0,350.0,35.0,105.0
632.0,345.0,35.0,108.0
634.0,340.0,36.0,109.0
638.0,336.0,34.0,110.0
639.0,333.0,34.0,108.0
639.0,331.0,35.0,109.0
640.0,329.0,36.0,105.0
643.0,326.0,36.0,101.0
644.0,320.0,38.0,96.0
643.0,319.0,43.0,97.0
643.0,315.0,49.0,101.0
643.0,311.0,52.0,103.0
642.0,310.0,60.0,99.0
644.0,307.0,65.0,97.0
648.0,306.0,68.0,94.0
651.0,305.0,68.0,92.0
656.0,302.0,66.0,92.0
659.0,302.0,59.0,88.0
659.0,300.0,55.0,86.0
663.0,298.0,49.0,86.0
663.0,295.0,45.0,85.0
663.0,291.0,44.0,85.0
660.0,288.0,46.0,86.0
659.0,285.0,44.0,87.0
658.0,282.0,45.0,89.0
657.0,280.0,44.0,90.0
657.0,280.0,42.0,91.0
657.0,277.0,41.0,94.0
657.0,275.0,40.0,96.0
657.0,273.0,41.0,99.0
655.0,270.0,43.0,101.0
652.0,270.0,46.0,101.0
647.0,269.0,53.0,100.0
643.0,267.0,58.0,101.0
638.0,267.0,60.0,95.0
635.0,267.0,58.0,83.0
630.0,270.0,58.0,72.0
625.0,270.0,56.0,71.0
619.0,271.0,60.0,69.0
614.0,273.0,62.0,66.0
606.0,272.0,65.0,65.0
599.0,272.0,68.0,64.0
592.0,272.0,71.0,62.0
587.0,272.0,69.0,62.0
579.0,271.0,66.0,61.0
573.0,269.0,65.0,61.0
568.0,269.0,59.0,62.0
562.0,268.0,53.0,63.0
558.0,267.0,47.0,65.0
550.0,270.0,51.0,64.0
543.0,273.0,56.0,64.0
540.0,276.0,57.0,65.0
538.0,279.0,57.0,65.0
539.0,284.0,57.0,64.0
542.0,288.0,55.0,61.0
547.0,293.0,54.0,56.0
554.0,297.0,49.0,54.0
564.0,301.0,48.0,48.0
577.0,305.0,49.0,46.0
593.0,308.0,50.0,45.0
613.0,312.0,51.0,47.0
633.0,318.0,56.0,55.0
654.0,322.0,59.0,59.0
676.0,330.0,63.0,59.0
700.0,340.0,63.0,60.0
724.0,349.0,57.0,59.0
747.0,359.0,52.0,56.0
762.0,372.0,54.0,49.0
782.0,383.0,49.0,49.0
796.0,394.0,50.0,54.0
799.0,405.0,59.0,59.0
808.0,415.0,58.0,65.0
812.0,426.0,61.0,68.0
814.0,437.0,66.0,73.0
816.0,448.0,67.0,74.0
812.0,458.0,65.0,74.0
810.0,467.0,59.0,73.0
808.0,474.0,48.0,72.0
796.0,480.0,40.0,69.0
784.0,485.0,42.0,67.0
769.0,490.0,47.0,64.0
757.0,496.0,53.0,65.0
738.0,499.0,57.0,70.0
717.0,503.0,61.0,75.0
688.0,509.0,71.0,80.0
661.0,516.0,69.0,85.0
634.0,524.0,65.0,89.0
613.0,537.0,50.0,89.0
590.0,549.0,41.0,83.0
564.0,563.0,54.0,77.0
537.0,578.0,63.0,74.0
509.0,592.0,68.0,68.0
483.0,608.0,78.0,74.0
463.0,625.0,76.0,83.0
445.0,641.0,72.0,81.0
427.0,659.0,91.0,56.0
409.0,676.0,97.0,43.0
392.0,691.0,97.0,33.0
403.0,658.0,45.0,71.0
394.0,638.0,37.0,77.0
382.0,631.0,35.0,79.0
368.0,615.0,36.0,81.0
356.0,613.0,38.0,84.0
343.0,610.0,38.0,86.0
328.0,593.0,41.0,88.0
314.0,591.0,42.0,92.0
300.0,573.0,44.0,93.0
287.0,575.0,43.0,98.0
273.0,572.0,44.0,101.0
257.0,573.0,46.0,105.0
241.0,572.0,48.0,107.0
225.0,574.0,50.0,109.0
209.0,572.0,51.0,112.0
192.0,573.0,53.0,113.0
176.0,569.0,53.0,116.0
158.0,567.0,56.0,118.0
140.0,566.0,57.0,122.0
120.0,565.0,58.0,125.0
98.0,558.0,60.0,130.0
81.0,534.0,61.0,137.0
61.0,509.0,62.0,145.0
-6.0,467.0,38.0,172.0
-3.0,442.0,44.0,163.0
-18.0,418.0,37.0,164.0
-8.0,392.0,34.0,175.0
-4.0,383.0,41.0,167.0
-18.0,389.0,37.0,171.0
-9.0,364.0,35.0,174.0
-5.0,333.0,42.0,163.0
1.0,308.0,40.0,162.0
-12.0,280.0,33.0,166.0
-5.0,260.0,39.0,157.0
-2.0,226.0,40.0,159.0
1.0,190.0,41.0,161.0
4.0,162.0,34.0,158.0
4.0,129.0,36.0,153.0
-11.0,125.0,29.0,161.0
-7.0,118.0,30.0,166.0
-6.0,98.0,32.0,165.0
-5.0,55.0,36.0,160.0
-1.0,24.0,35.0,155.0
-2.0,29.0,36.0,153.0
-2.0,15.0,35.0,154.0
-17.0,25.0,34.0,157.0
-11.0,21.0,32.0,165.0
-3.0,-3.0,36.0,146.0
-1.0,1.0,33.0,142.0
0.0,1.0,33.0,137.0
-15.0,10.0,31.0,131.0
-10.0,8.0,29.0,129.0
-8.0,10.0,35.0,115.0
-4.0,3.0,36.0,110.0
-14.0,10.0,28.0,114.0
-6.0,14.0,28.0,110.0
-3.0,21.0,30.0,111.0
-13.0,21.0,27.0,115.0
-9.0,31.0,24.0,120.0
-6.0,35.0,25.0,118.0
-4.0,35.0,27.0,120.0
-3.0,33.0,27.0,120.0
-3.0,13.0,32.0,119.0
-13.0,19.0,26.0,126.0
-8.0,20.0,26.0,130.0
-6.0,21.0,27.0,129.0
-4.0,19.0,32.0,126.0
0.0,2.0,33.0,126.0
-12.0,7.0,29.0,133.0
-6.0,13.0,29.0,134.0
-3.0,14.0,33.0,131.0
0.0,18.0,32.0,135.0
-14.0,18.0,28.0,141.0
-10.0,20.0,27.0,144.0
-5.0,1.0,33.0,139.0
-2.0,1.0,33.0,136.0
0.0,10.0,32.0,135.0
-13.0,20.0,27.0,142.0
-10.0,28.0,26.0,145.0
-7.0,33.0,29.0,135.0
-6.0,31.0,32.0,128.0
-5.0,7.0,37.0,119.0
0.0,-4.0,37.0,115.0
5.0,-11.0,37.0,109.0
-4.0,-11.0,33.0,85.0
-11.0,0.0,24.0,97.0
-5.0,7.0,21.0,101.0
-3.0,6.0,23.0,102.0
-1.0,4.0,26.0,95.0
0.0,-2.0,26.0,93.0
0.0,-1.0,25.0,81.0
-5.0,7.0,19.0,88.0
-4.0,10.0,20.0,92.0
-3.0,0.0,20.0,88.0
-2.0,7.0,20.0,86.0
-1.0,4.0,17.0,84.0
-1.0,7.0,19.0,82.0
-8.0,10.0,17.0,86.0
-6.0,11.0,17.0,89.0
-5.0,13.0,17.0,92.0
-6.0,17.0,21.0,91.0
-5.0,10.0,21.0,90.0
-4.0,6.0,20.0,92.0
-3.0,5.0,19.0,89.0
-3.0,7.0,19.0,89.0
-3.0,9.0,22.0,86.0
-2.0,8.0,20.0,91.0
-2.0,9.0,21.0,92.0
-1.0,9.0,22.0,92.0
0.0,12.0,21.0,92.0
0.0,16.0,20.0,94.0
1.0,15.0,21.0,95.0
1.0,17.0,21.0,94.0
-9.0,19.0,19.0,97.0
-6.0,23.0,18.0,101.0
-4.0,12.0,19.0,100.0
-3.0,12.0,20.0,97.0
-2.0,11.0,20.0,91.0
-1.0,12.0,19.0,90.0
-1.0,14.0,19.0,90.0
0.0,17.0,20.0,89.0
-9.0,17.0,18.0,92.0
-6.0,20.0,18.0,95.0
-4.0,25.0,18.0,97.0
-3.0,16.0,20.0,96.0
-3.0,21.0,22.0,96.0
-2.0,26.0,21.0,99.0
-2.0,28.0,21.0,103.0
-2.0,21.0,22.0,104.0
-3.0,27.0,22.0,107.0
-3.0,34.0,23.0,108.0
-3.0,22.0,24.0,111.0
-3.0,30.0,25.0,113.0
-3.0,20.0,26.0,117.0
-3.0,28.0,27.0,119.0
-2.0,20.0,27.0,122.0
-2.0,15.0,28.0,123.0
-1.0,12.0,29.0,121.0
-12.0,18.0,25.0,126.0
-9.0,19.0,24.0,126.0
-7.0,21.0,25.0,125.0
-5.0,11.0,27.0,121.0
-5.0,22.0,27.0,118.0
-4.0,16.0,28.0,119.0
-3.0,13.0,28.0,120.0
-3.0,20.0,29.0,121.0
-3.0,22.0,28.0,125.0
-3.0,9.0,30.0,122.0
-3.0,16.0,28.0,124.0
-3.0,10.0,28.0,126.0
-3.0,20.0,30.0,123.0
-2.0,12.0,30.0,122.0
-2.0,20.0,29.0,121.0
-3.0,23.0,28.0,122.0
-4.0,23.0,29.0,120.0
-4.0,24.0,28.0,120.0
-3.0,10.0,29.0,117.0
-2.0,19.0,27.0,119.0
-2.0,11.0,28.0,116.0
-1.0,19.0,28.0,115.0
-1.0,22.0,27.0,115.0
-1.0,20.0,25.0,116.0
-3.0,23.0,27.0,111.0
-2.0,14.0,24.0,113.0
-3.0,14.0,25.0,110.0
-3.0,15.0,27.0,111.0
-3.0,6.0,27.0,110.0
-3.0,11.0,26.0,111.0
-3.0,17.0,25.0,110.0
-4.0,17.0,25.0,111.0
-5.0,15.0,25.0,111.0
-5.0,14.0,25.0,108.0
-5.0,12.0,25.0,107.0
-4.0,5.0,25.0,107.0
-4.0,10.0,27.0,104.0
-3.0,13.0,25.0,108.0
-4.0,12.0,25.0,109.0
-3.0,12.0,26.0,108.0
-3.0,13.0,27.0,110.0
-2.0,4.0,27.0,109.0
-2.0,8.0,26.0,109.0
-2.0,11.0,26.0,111.0
-3.0,13.0,26.0,111.0
-2.0,3.0,26.0,112.0
-3.0,10.0,28.0,109.0
-4.0,13.0,27.0,112.0
-3.0,11.0,26.0,113.0
-3.0,13.0,27.0,113.0
-3.0,15.0,27.0,115.0
-3.0,14.0,27.0,115.0
-3.0,15.0,26.0,116.0
-3.0,4.0,28.0,115.0
-3.0,10.0,29.0,115.0
-2.0,16.0,28.0,116.0
-2.0,3.0,28.0,116.0
-2.0,8.0,29.0,114.0
-1.0,11.0,28.0,112.0
-12.0,16.0,24.0,117.0
-9.0,4.0,24.0,122.0
-7.0,9.0,25.0,119.0
-6.0,13.0,26.0,117.0
-5.0,4.0,28.0,114.0
-3.0,10.0,29.0,112.0
-2.0,14.0,27.0,110.0
0.0,4.0,26.0,110.0
0.0,8.0,26.0,107.0
-11.0,10.0,23.0,109.0
-8.0,10.0,23.0,110.0
-6.0,9.0,23.0,108.0
-5.0,10.0,24.0,103.0
-4.0,9.0,25.0,99.0
-4.0,10.0,23.0,99.0
-3.0,12.0,23.0,98.0
-3.0,11.0,23.0,97.0
-3.0,2.0,23.0,96.0
-4.0,6.0,23.0,94.0
-4.0,9.0,23.0,92.0
-4.0,2.0,21.0,91.0
-4.0,3.0,22.0,89.0
-4.0,7.0,20.0,89.0
-4.0,15.0,18.0,87.0
-2.0,10.0,18.0,84.0
-1.0,12.0,17.0,81.0
-1.0,6.0,17.0,82.0
-2.0,13.0,19.0,82.0
-1.0,4.0,20.0,83.0
-1.0,6.0,20.0,80.0
-1.0,10.0,19.0,80.0
0.0,3.0,19.0,81.0
-8.0,9.0,17.0,86.0
-6.0,8.0,16.0,86.0
-4.0,8.0,17.0,84.0
-3.0,10.0,19.0,80.0
-3.0,9.0,18.0,80.0
-4.0,10.0,17.0,79.0
-2.0,2.0,19.0,72.0
-1.0,0.0,16.0,70.0
0.0,1.0,15.0,68.0
0.0,0.0,15.0,66.0
-1.0,0.0,15.0,64.0
0.0,-2.0,16.0,59.0
0.0,1.0,16.0,57.0
0.0,2.0,14.0,57.0
0.0,3.0,14.0,58.0
0.0,3.0,15.0,57.0
0.0,4.0,15.0,59.0
1.0,-3.0,17.0,55.0
-2.0,-3.0,16.0,52.0
0.0,-3.0,15.0,52.0
0.0,-1.0,16.0,50.0
2.0,-6.0,16.0,46.0
1.0,-5.0,21.0,36.0
0.0,-4.0,13.0,42.0
0.0,-3.0,12.0,43.0
-3.0,0.0,10.0,47.0
-3.0,4.0,11.0,50.0
-2.0,7.0,12.0,55.0
-3.0,10.0,12.0,60.0
-3.0,14.0,14.0,62.0
-2.0,21.0,13.0,66.0
-3.0,20.0,14.0,68.0
-2.0,21.0,14.0,70.0
-2.0,19.0,14.0,74.0
-2.0,9.0,16.0,74.0
-1.0,0.0,16.0,74.0
-1.0,9.0,17.0,76.0
-8.0,13.0,16.0,81.0
-6.0,21.0,17.0,87.0
-5.0,27.0,19.0,90.0
-4.0,14.0,19.0,91.0
-4.0,20.0,22.0,87.0
-3.0,22.0,22.0,88.0
-1.0,22.0,20.0,91.0
-10.0,26.0,20.0,94.0
-6.0,31.0,19.0,96.0
-4.0,30.0,21.0,97.0
-3.0,25.0,22.0,93.0
-1.0,14.0,22.0,89.0
0.0,5.0,20.0,86.0
0.0,6.0,21.0,83.0
0.0,7.0,20.0,81.0
0.0,11.0,19.0,81.0
-7.0,12.0,18.0,84.0
-5.0,17.0,19.0,85.0
-4.0,6.0,20.0,85.0
-3.0,13.0,22.0,85.0
-2.0,20.0,21.0,90.0
-2.0,25.0,22.0,93.0
-2.0,34.0,22.0,96.0
-1.0,25.0,22.0,97.0
-1.0,29.0,24.0,97.0
-10.0,30.0,21.0,103.0
-7.0,39.0,22.0,108.0
-6.0,29.0,26.0,106.0
-4.0,20.0,29.0,102.0
-1.0,13.0,26.0,105.0
-12.0,21.0,25.0,109.0
-7.0,25.0,24.0,111.0
-4.0,39.0,26.0,115.0
-3.0,30.0,27.0,116.0
-2.0,33.0,26.0,116.0
0.0,14.0,26.0,115.0
-13.0,22.0,28.0,114.0
-8.0,23.0,27.0,116.0
-4.0,26.0,31.0,111.0
0.0,31.0,28.0,112.0
1.0,31.0,30.0,107.0
1.0,22.0,24.0,108.0
-10.0,14.0,25.0,107.0
-4.0,21.0,26.0,102.0
-1.0,34.0,27.0,104.0
-11.0,37.0,23.0,111.0
-8.0,42.0,25.0,110.0
-6.0,23.0,27.0,104.0
-2.0,8.0,27.0,101.0
0.0,14.0,28.0,102.0
0.0,28.0,25.0,114.0
-11.0,36.0,23.0,119.0
-8.0,33.0,26.0,120.0
-7.0,37.0,30.0,121.0
-4.0,18.0,31.0,120.0
-14.0,24.0,28.0,127.0
-9.0,32.0,27.0,137.0
-7.0,21.0,31.0,140.0
-5.0,33.0,32.0,139.0
-3.0,31.0,32.0,135.0
-1.0,16.0,31.0,132.0
-15.0,10.0,30.0,138.0
-11.0,19.0,30.0,140.0
-7.0,13.0,33.0,137.0
-4.0,17.0,34.0,132.0
-2.0,10.0,32.0,132.0
-15.0,5.0,30.0,140.0
-8.0,11.0,29.0,143.0
-5.0,7.0,33.0,138.0
-4.0,16.0,33.0,137.0
-15.0,22.0,30.0,143.0
-10.0,24.0,30.0,149.0
-8.0,28.0,37.0,145.0
-3.0,23.0,38.0,142.0
-17.0,28.0,35.0,146.0
-11.0,30.0,33.0,151.0
-6.0,8.0,38.0,143.0
-16.0,20.0,33.0,151.0
-10.0,32.0,33.0,158.0
-8.0,38.0,42.0,148.0
-19.0,46.0,38.0,153.0
-12.0,55.0,35.0,160.0
-11.0,61.0,42.0,153.0
-6.0,68.0,42.0,153.0
-19.0,76.0,38.0,159.0
-11.0,97.0,36.0,163.0
-6.0,100.0,38.0,159.0
-5.0,102.0,36.0,159.0
-3.0,96.0,34.0,159.0
-1.0,96.0,34.0,160.0
0.0,101.0,33.0,158.0
1.0,93.0,31.0,156.0
0.0,100.0,30.0,152.0
0.0,89.0,32.0,150.0
1.0,66.0,32.0,150.0
1.0,47.0,34.0,148.0
1.0,29.0,33.0,148.0
1.0,21.0,34.0,147.0
1.0,19.0,34.0,147.0
1.0,15.0,34.0,146.0
-13.0,25.0,30.0,154.0
-6.0,10.0,30.0,150.0
-5.0,18.0,36.0,139.0
-2.0,23.0,34.0,140.0
-1.0,11.0,35.0,134.0
0.0,7.0,33.0,137.0
0.0,11.0,32.0,139.0
0.0,3.0,33.0,135.0
-1.0,15.0,36.0,133.0
0.0,17.0,33.0,132.0
0.0,18.0,32.0,132.0
-1.0,18.0,31.0,131.0
0.0,22.0,30.0,131.0
0.0,10.0,32.0,127.0
0.0,10.0,30.0,133.0
-1.0,8.0,31.0,130.0
-1.0,13.0,30.0,130.0
-1.0,28.0,29.0,132.0
-2.0,39.0,29.0,133.0
-2.0,45.0,29.0,135.0
-2.0,38.0,30.0,133.0
-2.0,38.0,31.0,131.0
-15.0,37.0,30.0,132.0
-8.0,32.0,27.0,143.0
-7.0,17.0,35.0,137.0
-5.0,22.0,33.0,145.0
-4.0,24.0,34.0,145.0
-2.0,29.0,33.0,149.0
-2.0,5.0,35.0,148.0
-2.0,8.0,35.0,145.0
-2.0,11.0,34.0,144.0
-2.0,15.0,36.0,141.0
-1.0,17.0,34.0,138.0
-1.0,21.0,32.0,140.0
-1.0,30.0,35.0,140.0
-16.0,39.0,33.0,149.0
-10.0,56.0,33.0,161.0
-7.0,72.0,33.0,167.0
-6.0,82.0,39.0,166.0
-4.0,92.0,38.0,173.0
-5.0,105.0,40.0,174.0
-3.0,113.0,38.0,177.0
-3.0,118.0,38.0,180.0
-3.0,130.0,40.0,178.0
-1.0,134.0,39.0,182.0
0.0,138.0,39.0,184.0
0.0,145.0,39.0,185.0
0.0,154.0,38.0,191.0
0.0,158.0,39.0,193.0
0.0,167.0,38.0,196.0
0.0,156.0,39.0,201.0
-1.0,166.0,42.0,201.0
0.0,148.0,42.0,203.0
-19.0,152.0,39.0,211.0
-11.0,168.0,38.0,224.0
-5.0,180.0,44.0,217.0
-4.0,185.0,45.0,217.0
-1.0,164.0,44.0,216.0
-22.0,173.0,44.0,219.0
-11.0,182.0,39.0,227.0
-4.0,185.0,44.0,218.0
-2.0,158.0,46.0,215.0
0.0,157.0,48.0,212.0
-22.0,164.0,45.0,216.0
-11.0,170.0,40.0,228.0
-5.0,176.0,45.0,222.0
0.0,177.0,46.0,217.0
2.0,156.0,46.0,216.0
-20.0,157.0,43.0,224.0
-12.0,175.0,43.0,233.0
-6.0,150.0,48.0,226.0
-3.0,151.0,49.0,220.0
0.0,125.0,50.0,216.0
-23.0,100.0,47.0,223.0
-14.0,110.0,47.0,228.0
-10.0,80.0,50.0,220.0
-7.0,88.0,53.0,214.0
-24.0,97.0,48.0,218.0
-15.0,105.0,45.0,222.0
-10.0,116.0,48.0,217.0
-7.0,139.0,51.0,214.0
-6.0,159.0,48.0,219.0
-4.0,180.0,47.0,214.0
-1.0,209.0,45.0,212.0
0.0,221.0,46.0,207.0
2.0,233.0,43.0,201.0
2.0,221.0,44.0,202.0
-18.0,230.0,38.0,215.0
-11.0,247.0,40.0,220.0
-7.0,232.0,44.0,212.0
-4.0,250.0,44.0,210.0
-2.0,261.0,43.0,213.0
-1.0,275.0,44.0,209.0
0.0,248.0,42.0,210.0
0.0,257.0,43.0,212.0
-21.0,267.0,43.0,216.0
-12.0,277.0,41.0,224.0
-8.0,276.0,48.0,218.0
-6.0,279.0,47.0,215.0
-4.0,283.0,49.0,208.0
-2.0,285.0,47.0,208.0
-1.0,260.0,49.0,204.0
1.0,231.0,49.0,204.0
-17.0,199.0,38.0,217.0
-9.0,199.0,41.0,224.0
-8.0,198.0,49.0,219.0
-6.0,196.0,50.0,220.0
-4.0,203.0,48.0,224.0
0.0,172.0,47.0,221.0
1.0,126.0,45.0,216.0
1.0,116.0,44.0,215.0
-21.0,94.0,44.0,220.0
-12.0,110.0,42.0,227.0
-7.0,119.0,49.0,223.0
-4.0,112.0,49.0,221.0
-23.0,96.0,47.0,226.0
-13.0,91.0,43.0,230.0
-10.0,83.0,52.0,216.0
-6.0,100.0,53.0,207.0
-24.0,74.0,48.0,210.0
-15.0,85.0,44.0,207.0
-10.0,92.0,49.0,198.0
-5.0,108.0,46.0,197.0
-3.0,120.0,45.0,194.0
-1.0,123.0,43.0,195.0
0.0,131.0,42.0,197.0
-20.0,112.0,41.0,203.0
-13.0,117.0,42.0,203.0
-7.0,128.0,46.0,198.0
-3.0,137.0,45.0,198.0
-21.0,140.0,42.0,196.0
-12.0,141.0,39.0,193.0
-6.0,146.0,44.0,183.0
-19.0,146.0,39.0,185.0
-10.0,135.0,35.0,186.0
-6.0,98.0,39.0,173.0
-19.0,104.0,38.0,176.0
-10.0,62.0,35.0,182.0
-7.0,34.0,45.0,170.0
-1.0,10.0,46.0,163.0
-16.0,13.0,38.0,169.0
-9.0,18.0,39.0,169.0
-7.0,5.0,43.0,164.0
-6.0,15.0,40.0,165.0
-6.0,18.0,41.0,166.0
-4.0,-5.0,39.0,162.0
-3.0,0.0,41.0,156.0
-1.0,5.0,39.0,156.0
-1.0,10.0,38.0,155.0
-1.0,21.0,36.0,158.0
-2.0,34.0,35.0,161.0
-4.0,40.0,36.0,163.0
-4.0,43.0,38.0,162.0
-3.0,32.0,37.0,161.0
-4.0,38.0,39.0,155.0
-2.0,49.0,37.0,154.0
-1.0,62.0,35.0,156.0
0.0,69.0,35.0,155.0
1.0,40.0,32.0,159.0
1.0,44.0,36.0,157.0
2.0,48.0,34.0,161.0
1.0,58.0,34.0,160.0
1.0,57.0,37.0,156.0
-14.0,62.0,32.0,164.0
-8.0,70.0,33.0,168.0
-6.0,75.0,35.0,163.0
-4.0,78.0,35.0,158.0
-2.0,89.0,34.0,159.0
-1.0,85.0,33.0,164.0
-1.0,77.0,32.0,173.0
-4.0,72.0,32.0,179.0
-3.0,39.0,36.0,178.0
-2.0,21.0,41.0,173.0
0.0,13.0,42.0,172.0
2.0,22.0,42.0,171.0
-16.0,31.0,35.0,181.0
-10.0,35.0,36.0,180.0
-6.0,17.0,41.0,169.0
-4.0,33.0,44.0,165.0
-19.0,45.0,39.0,171.0
-10.0,64.0,33.0,183.0
-7.0,82.0,37.0,175.0
-5.0,92.0,36.0,168.0
-4.0,84.0,34.0,168.0
-3.0,94.0,34.0,165.0
-2.0,86.0,34.0,163.0
0.0,96.0,35.0,157.0
-16.0,100.0,32.0,158.0
-7.0,113.0,28.0,168.0
-5.0,126.0,34.0,159.0
-4.0,129.0,33.0,154.0
-3.0,123.0,31.0,155.0
0.0,101.0,33.0,153.0
1.0,97.0,36.0,147.0
4.0,98.0,33.0,150.0
-10.0,115.0,27.0,163.0
-4.0,122.0,30.0,158.0
-3.0,125.0,35.0,150.0
1.0,109.0,33.0,150.0
2.0,104.0,33.0,148.0
-11.0,117.0,27.0,161.0
-2.0,140.0,25.0,164.0
-2.0,127.0,31.0,151.0
0.0,111.0,28.0,151.0
-1.0,118.0,29.0,148.0
0.0,103.0,29.0,148.0
-14.0,103.0,29.0,150.0
-8.0,106.0,25.0,162.0
-5.0,97.0,29.0,160.0
-5.0,102.0,36.0,153.0
-1.0,88.0,35.0,152.0
0.0,95.0,33.0,152.0
1.0,105.0,32.0,154.0
2.0,90.0,33.0,150.0
-13.0,100.0,28.0,155.0
-7.0,110.0,28.0,159.0
-5.0,116.0,38.0,148.0
-1.0,118.0,32.0,156.0
-1.0,122.0,37.0,148.0
-16.0,97.0,33.0,151.0
-10.0,114.0,29.0,153.0
-7.0,116.0,34.0,148.0
-5.0,120.0,34.0,151.0
-3.0,111.0,33.0,150.0
-1.0,109.0,32.0,153.0
0.0,107.0,32.0,155.0
-1.0,88.0,35.0,147.0
0.0,62.0,34.0,148.0
-15.0,74.0,30.0,156.0
-9.0,80.0,28.0,161.0
-7.0,86.0,33.0,158.0
-5.0,56.0,38.0,144.0
-17.0,34.0,34.0,150.0
-11.0,16.0,32.0,143.0
-8.0,19.0,33.0,139.0
-5.0,29.0,31.0,137.0
-3.0,17.0,33.0,129.0
-16.0,27.0,32.0,131.0
-10.0,40.0,31.0,133.0
-6.0,44.0,33.0,133.0
-16.0,52.0,33.0,137.0
-9.0,29.0,30.0,139.0
-6.0,27.0,33.0,133.0
-2.0,31.0,34.0,129.0
-14.0,24.0,29.0,135.0
-9.0,43.0,27.0,141.0
-6.0,56.0,32.0,138.0
-4.0,55.0,32.0,138.0
-3.0,51.0,31.0,136.0
-14.0,54.0,29.0,142.0
-10.0,72.0,30.0,145.0
-7.0,84.0,34.0,142.0
-16.0,90.0,33.0,146.0
-10.0,101.0,33.0,146.0
-6.0,77.0,35.0,142.0
-16.0,54.0,32.0,148.0
-9.0,67.0,30.0,151.0
-7.0,80.0,36.0,145.0
-17.0,59.0,34.0,147.0
-11.0,62.0,31.0,146.0
-8.0,65.0,36.0,138.0
-3.0,61.0,35.0,141.0
-15.0,44.0,31.0,147.0
-10.0,55.0,33.0,147.0
-6.0,35.0,34.0,144.0
-3.0,41.0,37.0,140.0
-16.0,44.0,32.0,147.0
-9.0,60.0,31.0,151.0
-6.0,47.0,35.0,146.0
-3.0,48.0,36.0,149.0
-15.0,51.0,31.0,157.0
-10.0,69.0,30.0,161.0
-7.0,82.0,32.0,156.0
-7.0,79.0,34.0,150.0
-5.0,85.0,34.0,148.0
-4.0,82.0,33.0,149.0
-3.0,86.0,32.0,150.0
-2.0,94.0,35.0,148.0
0.0,96.0,34.0,145.0
2.0,77.0,36.0,138.0
-11.0,83.0,32.0,140.0
-6.0,86.0,35.0,134.0
0.0,69.0,31.0,134.0
-14.0,49.0,28.0,138.0
-10.0,50.0,27.0,134.0
-6.0,57.0,27.0,125.0
-4.0,45.0,27.0,123.0
-3.0,49.0,27.0,122.0
-1.0,52.0,26.0,122.0
0.0,40.0,28.0,120.0
-13.0,43.0,27.0,121.0
-9.0,51.0,24.0,125.0
-6.0,55.0,25.0,120.0
-5.0,37.0,25.0,118.0
-4.0,42.0,26.0,118.0
-3.0,43.0,25.0,115.0
-3.0,47.0,25.0,116.0
-1.0,47.0,25.0,117.0
-1.0,50.0,26.0,117.0
-12.0,35.0,25.0,122.0
-8.0,46.0,24.0,125.0
-6.0,50.0,25.0,121.0
-4.0,42.0,25.0,119.0
-3.0,49.0,25.0,120.0
-1.0,51.0,25.0,118.0
0.0,38.0,24.0,118.0
0.0,27.0,26.0,119.0
-12.0,33.0,25.0,122.0
-8.0,44.0,24.0,126.0
-6.0,58.0,27.0,125.0
-3.0,42.0,26.0,126.0
-2.0,47.0,27.0,125.0
-2.0,55.0,28.0,126.0
-1.0,61.0,28.0,128.0
0.0,39.0,27.0,131.0
-13.0,47.0,27.0,133.0
-10.0,54.0,26.0,138.0
-8.0,61.0,26.0,140.0
-6.0,64.0,29.0,136.0
-5.0,72.0,30.0,139.0
-3.0,74.0,32.0,137.0
-15.0,76.0,30.0,142.0
-10.0,81.0,30.0,142.0
-7.0,91.0,33.0,139.0
-16.0,95.0,33.0,139.0
-10.0,104.0,29.0,141.0
-6.0,85.0,32.0,135.0
-16.0,84.0,32.0,136.0
-9.0,97.0,28.0,143.0
-6.0,103.0,31.0,142.0
-4.0,112.0,34.0,139.0
-1.0,114.0,32.0,141.0
0.0,119.0,32.0,142.0
0.0,123.0,34.0,140.0
-14.0,125.0,29.0,143.0
-8.0,133.0,27.0,147.0
-5.0,122.0,32.0,141.0
-2.0,126.0,33.0,138.0
-14.0,126.0,29.0,144.0
-10.0,132.0,27.0,146.0
-7.0,132.0,29.0,141.0
-5.0,137.0,30.0,137.0
-2.0,143.0,28.0,139.0
-2.0,145.0,28.0,137.0
-1.0,148.0,28.0,136.0
0.0,148.0,28.0,135.0
0.0,149.0,29.0,132.0
1.0,148.0,30.0,128.0
-11.0,149.0,24.0,132.0
-7.0,153.0,23.0,135.0
-6.0,157.0,28.0,130.0
-5.0,160.0,29.0,128.0
-3.0,162.0,27.0,124.0
-2.0,166.0,24.0,125.0
-2.0,171.0,24.0,124.0
-1.0,172.0,23.0,123.0
-1.0,177.0,24.0,122.0
-1.0,180.0,23.0,124.0
0.0,181.0,23.0,123.0
0.0,186.0,23.0,122.0
0.0,192.0,23.0,121.0
0.0,196.0,23.0,120.0
-12.0,197.0,24.0,122.0
-7.0,201.0,21.0,127.0
-6.0,204.0,26.0,125.0
-4.0,212.0,27.0,124.0
-1.0,220.0,26.0,126.0
0.0,208.0,23.0,126.0
0.0,215.0,23.0,124.0
0.0,217.0,25.0,123.0
0.0,218.0,24.0,124.0
1.0,224.0,25.0,124.0
2.0,225.0,26.0,126.0
-11.0,225.0,22.0,132.0
-7.0,233.0,22.0,136.0
-5.0,237.0,24.0,134.0
-4.0,238.0,26.0,127.0
-3.0,227.0,25.0,123.0
-2.0,230.0,24.0,123.0
-2.0,230.0,24.0,122.0
-2.0,234.0,25.0,121.0
-1.0,239.0,24.0,120.0
-1.0,241.0,24.0,119.0
-1.0,244.0,24.0,117.0
0.0,247.0,25.0,115.0
-11.0,232.0,23.0,118.0
-5.0,232.0,21.0,120.0
-3.0,232.0,24.0,116.0
-1.0,236.0,25.0,115.0
-11.0,216.0,22.0,120.0
-6.0,221.0,21.0,129.0
-4.0,224.0,26.0,125.0
-1.0,232.0,30.0,121.0
-12.0,227.0,25.0,129.0
-7.0,230.0,24.0,134.0
-4.0,235.0,28.0,132.0
-2.0,240.0,30.0,130.0
-12.0,239.0,25.0,139.0
-6.0,251.0,25.0,145.0
-4.0,258.0,30.0,139.0
-1.0,264.0,27.0,142.0
0.0,263.0,26.0,142.0
1.0,267.0,28.0,138.0
-12.0,266.0,25.0,143.0
-6.0,276.0,24.0,150.0
-4.0,278.0,29.0,145.0
-2.0,283.0,32.0,139.0
0.0,293.0,30.0,140.0
1.0,303.0,30.0,137.0
-13.0,306.0,26.0,141.0
-7.0,317.0,25.0,145.0
-3.0,321.0,28.0,140.0
-2.0,303.0,31.0,133.0
-13.0,304.0,27.0,138.0
-8.0,312.0,25.0,141.0
-6.0,319.0,31.0,135.0
-4.0,325.0,33.0,132.0
-1.0,320.0,30.0,136.0
0.0,316.0,29.0,136.0
1.0,291.0,32.0,132.0
-10.0,287.0,25.0,141.0
-6.0,284.0,26.0,144.0
-4.0,287.0,34.0,136.0
-1.0,289.0,31.0,143.0
1.0,286.0,35.0,141.0
3.0,284.0,34.0,143.0
-8.0,288.0,29.0,152.0
-5.0,288.0,35.0,147.0
-2.0,293.0,36.0,149.0
0.0,295.0,37.0,147.0
2.0,302.0,37.0,146.0
-7.0,306.0,28.0,155.0
-4.0,309.0,36.0,146.0
-2.0,310.0,34.0,146.0
0.0,306.0,34.0,146.0
0.0,304.0,35.0,145.0
1.0,301.0,35.0,145.0
2.0,300.0,33.0,147.0
4.0,270.0,34.0,147.0
-7.0,243.0,28.0,155.0
-4.0,215.0,31.0,148.0
-1.0,190.0,31.0,146.0
1.0,153.0,31.0,146.0
2.0,136.0,31.0,148.0
4.0,72.0,31.0,154.0
4.0,24.0,29.0,153.0
3.0,13.0,33.0,142.0
-12.0,20.0,27.0,144.0
-6.0,12.0,28.0,141.0
-5.0,8.0,31.0,133.0
-3.0,4.0,28.0,130.0
-2.0,11.0,28.0,128.0
0.0,3.0,27.0,123.0
0.0,11.0,28.0,122.0
1.0,19.0,28.0,122.0
3.0,8.0,26.0,123.0
-10.0,15.0,23.0,126.0
-4.0,6.0,22.0,129.0
-5.0,4.0,25.0,124.0
-3.0,0.0,25.0,118.0
-3.0,3.0,24.0,116.0
-3.0,-2.0,23.0,111.0
-2.0,3.0,23.0,108.0
-3.0,1.0,21.0,108.0
-3.0,7.0,21.0,108.0
-2.0,9.0,21.0,106.0
-3.0,2.0,20.0,104.0
-4.0,6.0,21.0,102.0
-4.0,4.0,20.0,101.0
-4.0,4.0,20.0,98.0
-4.0,0.0,20.0,95.0
-3.0,6.0,19.0,94.0
-3.0,5.0,18.0,96.0
-3.0,3.0,19.0,96.0
-3.0,1.0,20.0,91.0
-2.0,3.0,18.0,91.0
-2.0,0.0,18.0,87.0
-1.0,-1.0,18.0,82.0
0.0,-3.0,18.0,78.0
-2.0,2.0,16.0,80.0
-3.0,6.0,17.0,80.0
-5.0,10.0,16.0,82.0
0.0,6.0,16.0,84.0
-2.0,1.0,17.0,79.0
-2.0,-2.0,17.0,69.0
-1.0,2.0,14.0,74.0
-2.0,4.0,16.0,69.0
-2.0,6.0,15.0,71.0
-1.0,0.0,18.0,61.0
0.0,3.0,14.0,67.0
0.0,-1.0,15.0,64.0
0.0,1.0,14.0,66.0
-1.0,1.0,14.0,65.0
0.0,-2.0,14.0,62.0
-1.0,-1.0,14.0,61.0
-1.0,-1.0,13.0,59.0
-1.0,0.0,12.0,58.0
