328.0,261.0,39.0,77.0
332.0,261.0,42.0,71.0
338.0,260.0,40.0,67.0
343.0,259.0,40.0,68.0
346.0,260.0,39.0,66.0
352.0,260.0,39.0,64.0
357.0,258.0,38.0,65.0
362.0,259.0,38.0,62.0
365.0,260.0,38.0,64.0
371.0,259.0,37.0,67.0
372.0,258.0,35.0,67.0
377.0,259.0,35.0,64.0
379.0,259.0,34.0,63.0
382.0,260.0,36.0,61.0
383.0,262.0,36.0,62.0
389.0,262.0,35.0,60.0
395.0,263.0,33.0,60.0
397.0,264.0,33.0,59.0
400.0,265.0,32.0,57.0
406.0,267.0,30.0,56.0
408.0,266.0,30.0,69.0
411.0,266.0,30.0,72.0
415.0,266.0,29.0,81.0
418.0,267.0,29.0,78.0
421.0,267.0,30.0,77.0
423.0,266.0,31.0,75.0
424.0,266.0,33.0,80.0
427.0,265.0,34.0,74.0
427.0,265.0,35.0,76.0
431.0,265.0,35.0,81.0
434.0,268.0,34.0,82.0
436.0,268.0,34.0,88.0
441.0,269.0,33.0,99.0
443.0,274.0,34.0,101.0
443.0,275.0,38.0,106.0
445.0,277.0,39.0,108.0
448.0,279.0,42.0,111.0
448.0,283.0,45.0,104.0
452.0,282.0,42.0,107.0
455.0,285.0,44.0,107.0
459.0,285.0,41.0,109.0
463.0,284.0,40.0,106.0
466.0,285.0,36.0,104.0
468.0,284.0,35.0,100.0
469.0,285.0,36.0,82.0
471.0,283.0,36.0,79.0
475.0,283.0,35.0,87.0
478.0,283.0,38.0,101.0
478.0,286.0,39.0,108.0
479.0,288.0,43.0,107.0
482.0,291.0,47.0,106.0
480.0,290.0,51.0,111.0
485.0,291.0,51.0,106.0
488.0,296.0,49.0,107.0
491.0,295.0,46.0,112.0
492.0,295.0,41.0,111.0
496.0,299.0,39.0,106.0
496.0,298.0,39.0,103.0
500.0,299.0,35.0,102.0
504.0,300.0,34.0,100.0
506.0,300.0,36.0,100.0
506.0,302.0,38.0,101.0
509.0,301.0,36.0,101.0
512.0,303.0,36.0,112.0
510.0,299.0,41.0,117.0
512.0,304.0,42.0,112.0
513.0,308.0,45.0,112.0
512.0,312.0,51.0,108.0
512.0,315.0,53.0,106.0
516.0,316.0,51.0,102.0
518.0,319.0,52.0,102.0
521.0,321.0,51.0,103.0
523.0,324.0,49.0,102.0
525.0,324.0,49.0,99.0
529.0,325.0,47.0,98.0
528.0,324.0,48.0,99.0
527.0,324.0,45.0,100.0
527.0,324.0,44.0,99.0
530.0,325.0,42.0,100.0
534.0,327.0,40.0,95.0
534.0,328.0,41.0,89.0
538.0,327.0,38.0,91.0
540.0,328.0,37.0,87.0
542.0,329.0,37.0,89.0
543.0,333.0,36.0,85.0
542.0,334.0,38.0,82.0
543.0,335.0,35.0,83.0
545.0,337.0,37.0,87.0
540.0,339.0,41.0,88.0
542.0,341.0,38.0,87.0
543.0,341.0,36.0,81.0
543.0,342.0,37.0,79.0
541.0,343.0,38.0,91.0
539.0,344.0,40.0,88.0
540.0,344.0,41.0,88.0
541.0,345.0,41.0,89.0
542.0,344.0,39.0,86.0
544.0,345.0,37.0,86.0
544.0,346.0,38.0,90.0
546.0,346.0,35.0,89.0
543.0,344.0,39.0,92.0
539.0,347.0,42.0,94.0
536.0,348.0,47.0,96.0
533.0,347.0,53.0,102.0
529.0,347.0,59.0,107.0
526.0,347.0,62.0,109.0
525.0,347.0,61.0,106.0
525.0,348.0,65.0,100.0
526.0,349.0,61.0,97.0
526.0,348.0,58.0,91.0
527.0,347.0,54.0,91.0
530.0,347.0,46.0,93.0
533.0,347.0,38.0,91.0
535.0,347.0,35.0,88.0
537.0,346.0,32.0,87.0
534.0,344.0,34.0,91.0
532.0,344.0,37.0,91.0
531.0,344.0,38.0,90.0
528.0,344.0,43.0,92.0
522.0,343.0,50.0,98.0
519.0,341.0,55.0,104.0
519.0,341.0,57.0,102.0
517.0,341.0,61.0,103.0
519.0,341.0,59.0,104.0
519.0,339.0,59.0,94.0
520.0,337.0,48.0,96.0
524.0,336.0,42.0,94.0
526.0,335.0,33.0,92.0
528.0,332.0,30.0,90.0
529.0,332.0,29.0,89.0
530.0,329.0,30.0,91.0
529.0,328.0,30.0,92.0
530.0,328.0,30.0,91.0
530.0,325.0,32.0,95.0
529.0,323.0,36.0,95.0
526.0,322.0,43.0,98.0
522.0,321.0,51.0,99.0
521.0,320.0,53.0,98.0
523.0,318.0,54.0,100.0
525.0,318.0,56.0,98.0
527.0,317.0,55.0,96.0
529.0,315.0,53.0,94.0
533.0,314.0,41.0,92.0
536.0,311.0,34.0,91.0
539.0,309.0,31.0,90.0
541.0,307.0,31.0,86.0
542.0,306.0,31.0,87.0
542.0,304.0,30.0,87.0
543.0,302.0,29.0,89.0
542.0,301.0,31.0,91.0
540.0,299.0,35.0,90.0
536.0,297.0,41.0,90.0
532.0,297.0,50.0,88.0
530.0,296.0,55.0,91.0
532.0,294.0,54.0,91.0
534.0,293.0,53.0,90.0
533.0,291.0,54.0,92.0
535.0,289.0,55.0,92.0
538.0,288.0,49.0,91.0
537.0,285.0,51.0,92.0
540.0,284.0,42.0,89.0
542.0,283.0,32.0,86.0
543.0,281.0,30.0,85.0
544.0,280.0,30.0,85.0
544.0,279.0,29.0,86.0
544.0,277.0,32.0,86.0
544.0,276.0,35.0,89.0
542.0,276.0,39.0,90.0
541.0,276.0,43.0,88.0
539.0,276.0,47.0,87.0
536.0,275.0,51.0,87.0
538.0,274.0,50.0,87.0
538.0,273.0,52.0,89.0
539.0,272.0,52.0,88.0
540.0,271.0,53.0,87.0
542.0,271.0,49.0,85.0
543.0,270.0,46.0,85.0
544.0,269.0,43.0,83.0
546.0,268.0,38.0,83.0
546.0,267.0,33.0,83.0
546.0,264.0,32.0,83.0
547.0,263.0,32.0,85.0
546.0,263.0,33.0,85.0
547.0,262.0,36.0,85.0
543.0,262.0,44.0,86.0
542.0,260.0,49.0,86.0
538.0,259.0,56.0,87.0
539.0,259.0,58.0,87.0
539.0,258.0,61.0,89.0
539.0,257.0,61.0,88.0
542.0,255.0,55.0,89.0
544.0,253.0,44.0,88.0
549.0,252.0,44.0,90.0
551.0,251.0,42.0,88.0
553.0,250.0,38.0,90.0
557.0,249.0,30.0,86.0
559.0,247.0,28.0,85.0
559.0,246.0,28.0,86.0
559.0,245.0,30.0,90.0
558.0,245.0,33.0,89.0
557.0,244.0,38.0,87.0
556.0,244.0,41.0,86.0
555.0,245.0,44.0,85.0
557.0,244.0,45.0,87.0
558.0,244.0,46.0,87.0
560.0,242.0,46.0,87.0
560.0,242.0,47.0,85.0
563.0,241.0,43.0,86.0
564.0,239.0,40.0,87.0
565.0,237.0,37.0,89.0
566.0,236.0,34.0,91.0
564.0,234.0,35.0,92.0
560.0,231.0,38.0,95.0
553.0,231.0,46.0,95.0
550.0,229.0,50.0,95.0
547.0,227.0,55.0,96.0
545.0,226.0,58.0,98.0
544.0,226.0,60.0,99.0
544.0,224.0,60.0,100.0
544.0,222.0,62.0,101.0
545.0,220.0,61.0,103.0
548.0,219.0,59.0,104.0
550.0,218.0,58.0,106.0
553.0,214.0,54.0,105.0
558.0,213.0,50.0,105.0
562.0,214.0,47.0,102.0
564.0,211.0,45.0,99.0
569.0,211.0,43.0,98.0
574.0,210.0,40.0,96.0
579.0,208.0,38.0,98.0
584.0,208.0,35.0,96.0
590.0,206.0,33.0,96.0
595.0,205.0,31.0,94.0
599.0,205.0,31.0,95.0
603.0,203.0,31.0,96.0
607.0,202.0,31.0,97.0
612.0,202.0,30.0,98.0
615.0,200.0,31.0,99.0
620.0,200.0,31.0,102.0
624.0,199.0,31.0,102.0
627.0,197.0,32.0,104.0
632.0,196.0,34.0,105.0
637.0,193.0,34.0,104.0
641.0,193.0,35.0,102.0
647.0,192.0,35.0,101.0
653.0,191.0,35.0,99.0
657.0,190.0,36.0,96.0
664.0,188.0,36.0,95.0
670.0,188.0,37.0,93.0
676.0,189.0,37.0,92.0
683.0,190.0,35.0,88.0
689.0,190.0,35.0,88.0
694.0,188.0,34.0,90.0
700.0,189.0,35.0,89.0
703.0,190.0,36.0,91.0
707.0,190.0,38.0,90.0
711.0,189.0,38.0,93.0
714.0,189.0,38.0,92.0
718.0,188.0,36.0,89.0
721.0,188.0,36.0,89.0
723.0,187.0,37.0,88.0
724.0,187.0,36.0,88.0
726.0,185.0,38.0,88.0
729.0,184.0,37.0,86.0
729.0,185.0,36.0,84.0
731.0,181.0,36.0,87.0
731.0,180.0,37.0,88.0
732.0,179.0,37.0,90.0
732.0,178.0,37.0,92.0
731.0,178.0,37.0,95.0
730.0,177.0,37.0,95.0
731.0,178.0,38.0,97.0
731.0,178.0,39.0,95.0
731.0,180.0,39.0,96.0
731.0,178.0,39.0,99.0
733.0,177.0,38.0,100.0
734.0,176.0,38.0,99.0
736.0,174.0,37.0,100.0
738.0,174.0,36.0,99.0
740.0,173.0,35.0,98.0
742.0,173.0,33.0,96.0
743.0,172.0,30.0,91.0
744.0,173.0,31.0,91.0
745.0,173.0,30.0,90.0
745.0,173.0,29.0,87.0
745.0,172.0,30.0,88.0
747.0,173.0,29.0,87.0
745.0,173.0,31.0,89.0
745.0,174.0,32.0,89.0
744.0,173.0,34.0,94.0
744.0,173.0,34.0,93.0
743.0,173.0,34.0,93.0
744.0,172.0,35.0,94.0
746.0,172.0,34.0,92.0
747.0,171.0,34.0,90.0
747.0,171.0,34.0,90.0
749.0,170.0,34.0,88.0
750.0,170.0,33.0,88.0
749.0,170.0,34.0,87.0
750.0,170.0,34.0,89.0
750.0,170.0,35.0,91.0
750.0,170.0,36.0,92.0
750.0,170.0,36.0,95.0
749.0,171.0,37.0,97.0
751.0,172.0,36.0,94.0
750.0,172.0,36.0,99.0
748.0,171.0,38.0,100.0
747.0,171.0,38.0,101.0
745.0,170.0,40.0,102.0
747.0,169.0,37.0,101.0
748.0,168.0,37.0,103.0
750.0,168.0,35.0,101.0
749.0,167.0,35.0,100.0
750.0,166.0,35.0,98.0
749.0,166.0,36.0,96.0
748.0,166.0,35.0,94.0
748.0,165.0,36.0,92.0
748.0,166.0,36.0,91.0
747.0,165.0,36.0,90.0
746.0,166.0,37.0,93.0
745.0,166.0,39.0,94.0
745.0,168.0,38.0,94.0
744.0,170.0,39.0,97.0
743.0,169.0,39.0,99.0
743.0,170.0,40.0,98.0
742.0,170.0,40.0,101.0
741.0,170.0,41.0,101.0
741.0,171.0,40.0,100.0
741.0,170.0,40.0,99.0
740.0,171.0,40.0,96.0
741.0,170.0,38.0,95.0
742.0,170.0,38.0,94.0
742.0,170.0,37.0,91.0
742.0,169.0,37.0,91.0
743.0,169.0,36.0,91.0
743.0,169.0,36.0,90.0
741.0,170.0,36.0,91.0
742.0,171.0,35.0,93.0
739.0,171.0,38.0,95.0
739.0,173.0,37.0,95.0
737.0,174.0,36.0,96.0
737.0,175.0,35.0,98.0
735.0,175.0,36.0,99.0
736.0,175.0,35.0,101.0
737.0,175.0,33.0,100.0
737.0,175.0,33.0,97.0
736.0,177.0,34.0,97.0
734.0,177.0,34.0,96.0
733.0,178.0,35.0,94.0
733.0,177.0,35.0,92.0
732.0,176.0,36.0,92.0
731.0,178.0,36.0,88.0
730.0,177.0,37.0,91.0
730.0,177.0,37.0,93.0
731.0,179.0,36.0,93.0
729.0,179.0,38.0,96.0
728.0,181.0,39.0,96.0
728.0,180.0,39.0,98.0
729.0,181.0,38.0,100.0
728.0,180.0,39.0,102.0
728.0,182.0,38.0,101.0
727.0,182.0,39.0,100.0
725.0,181.0,40.0,98.0
726.0,183.0,39.0,97.0
728.0,182.0,38.0,94.0
728.0,182.0,36.0,91.0
728.0,183.0,36.0,89.0
729.0,182.0,35.0,90.0
728.0,183.0,35.0,89.0
730.0,183.0,35.0,90.0
730.0,185.0,34.0,90.0
730.0,185.0,33.0,92.0
728.0,187.0,34.0,93.0
727.0,188.0,35.0,93.0
727.0,189.0,34.0,94.0
729.0,189.0,31.0,96.0
728.0,190.0,32.0,96.0
728.0,191.0,31.0,98.0
728.0,192.0,31.0,97.0
728.0,193.0,31.0,95.0
727.0,193.0,31.0,92.0
727.0,193.0,31.0,93.0
725.0,194.0,33.0,90.0
724.0,195.0,33.0,91.0
723.0,195.0,35.0,89.0
723.0,196.0,35.0,87.0
720.0,195.0,38.0,91.0
720.0,196.0,38.0,91.0
719.0,197.0,40.0,94.0
717.0,199.0,42.0,95.0
713.0,200.0,45.0,96.0
713.0,201.0,45.0,97.0
713.0,201.0,45.0,100.0
715.0,203.0,43.0,100.0
714.0,202.0,44.0,101.0
714.0,203.0,44.0,100.0
713.0,204.0,44.0,99.0
714.0,205.0,43.0,98.0
716.0,203.0,41.0,96.0
718.0,204.0,40.0,94.0
719.0,204.0,39.0,90.0
720.0,210.0,38.0,85.0
721.0,204.0,37.0,92.0
722.0,208.0,37.0,88.0
722.0,208.0,37.0,91.0
721.0,210.0,38.0,90.0
723.0,210.0,36.0,93.0
723.0,207.0,36.0,99.0
723.0,212.0,37.0,95.0
723.0,212.0,37.0,97.0
722.0,211.0,37.0,97.0
723.0,214.0,36.0,100.0
723.0,212.0,35.0,100.0
722.0,213.0,36.0,99.0
723.0,214.0,35.0,99.0
722.0,214.0,36.0,97.0
720.0,215.0,39.0,96.0
722.0,216.0,36.0,91.0
723.0,215.0,36.0,92.0
722.0,214.0,38.0,90.0
723.0,215.0,37.0,93.0
721.0,216.0,39.0,95.0
720.0,217.0,40.0,99.0
721.0,220.0,39.0,97.0
723.0,220.0,37.0,100.0
724.0,220.0,36.0,102.0
724.0,222.0,37.0,102.0
726.0,224.0,35.0,102.0
724.0,225.0,37.0,103.0
726.0,225.0,35.0,100.0
725.0,225.0,38.0,101.0
725.0,227.0,39.0,98.0
725.0,226.0,39.0,97.0
725.0,231.0,39.0,87.0
727.0,233.0,38.0,86.0
727.0,233.0,39.0,85.0
726.0,236.0,40.0,82.0
727.0,237.0,39.0,83.0
727.0,236.0,40.0,87.0
725.0,232.0,41.0,91.0
728.0,232.0,39.0,93.0
726.0,238.0,42.0,91.0
727.0,239.0,41.0,91.0
729.0,243.0,38.0,91.0
730.0,237.0,38.0,99.0
728.0,237.0,39.0,101.0
730.0,239.0,37.0,97.0
730.0,238.0,37.0,97.0
730.0,239.0,37.0,90.0
731.0,245.0,36.0,81.0
732.0,242.0,35.0,83.0
732.0,245.0,35.0,83.0
731.0,247.0,35.0,81.0
731.0,248.0,34.0,82.0
732.0,251.0,36.0,84.0
733.0,252.0,36.0,84.0
732.0,255.0,35.0,83.0
731.0,256.0,36.0,84.0
731.0,257.0,38.0,86.0
732.0,259.0,38.0,87.0
733.0,258.0,37.0,88.0
733.0,259.0,37.0,89.0
734.0,258.0,37.0,91.0
736.0,258.0,37.0,89.0
736.0,259.0,36.0,87.0
737.0,259.0,36.0,86.0
737.0,259.0,36.0,84.0
736.0,258.0,36.0,83.0
735.0,259.0,38.0,79.0
737.0,260.0,38.0,81.0
737.0,260.0,38.0,79.0
737.0,258.0,38.0,82.0
737.0,259.0,38.0,81.0
737.0,258.0,39.0,87.0
736.0,258.0,42.0,88.0
736.0,255.0,42.0,91.0
739.0,258.0,40.0,93.0
740.0,261.0,39.0,90.0
740.0,258.0,40.0,97.0
741.0,260.0,40.0,92.0
742.0,262.0,40.0,87.0
743.0,266.0,40.0,83.0
745.0,265.0,38.0,82.0
744.0,266.0,39.0,77.0
745.0,268.0,38.0,74.0
746.0,270.0,35.0,73.0
747.0,269.0,36.0,73.0
748.0,270.0,36.0,78.0
749.0,271.0,36.0,77.0
750.0,272.0,37.0,78.0
751.0,273.0,35.0,79.0
751.0,275.0,38.0,82.0
753.0,275.0,36.0,83.0
754.0,276.0,36.0,85.0
754.0,277.0,38.0,85.0
754.0,277.0,39.0,88.0
756.0,277.0,38.0,88.0
757.0,277.0,38.0,85.0
758.0,278.0,37.0,84.0
759.0,276.0,37.0,87.0
757.0,278.0,39.0,80.0
759.0,276.0,37.0,76.0
761.0,275.0,37.0,79.0
762.0,266.0,36.0,90.0
763.0,273.0,35.0,82.0
764.0,268.0,35.0,91.0
763.0,272.0,37.0,86.0
764.0,276.0,36.0,79.0
765.0,278.0,36.0,83.0
764.0,274.0,37.0,80.0
768.0,277.0,34.0,89.0
769.0,278.0,33.0,91.0
768.0,276.0,35.0,98.0
766.0,282.0,36.0,88.0
770.0,278.0,33.0,89.0
769.0,283.0,35.0,81.0
772.0,281.0,33.0,86.0
772.0,284.0,32.0,80.0
773.0,281.0,31.0,83.0
772.0,283.0,32.0,84.0
773.0,283.0,31.0,88.0
777.0,285.0,29.0,88.0
777.0,286.0,29.0,88.0
779.0,285.0,28.0,88.0
777.0,287.0,29.0,89.0
778.0,288.0,30.0,92.0
780.0,289.0,29.0,95.0
778.0,289.0,31.0,89.0
782.0,291.0,28.0,95.0
782.0,291.0,30.0,100.0
782.0,293.0,30.0,97.0
782.0,292.0,32.0,91.0
784.0,293.0,30.0,82.0
781.0,294.0,32.0,93.0
778.0,296.0,38.0,91.0
777.0,296.0,38.0,97.0
777.0,297.0,39.0,89.0
776.0,299.0,39.0,95.0
778.0,300.0,38.0,92.0
778.0,302.0,39.0,91.0
775.0,303.0,42.0,91.0
778.0,305.0,39.0,92.0
774.0,306.0,42.0,89.0
776.0,308.0,41.0,89.0
776.0,310.0,40.0,77.0
777.0,312.0,38.0,75.0
778.0,313.0,38.0,79.0
779.0,314.0,36.0,74.0
781.0,316.0,34.0,76.0
782.0,319.0,32.0,76.0
783.0,320.0,31.0,78.0
784.0,321.0,31.0,81.0
784.0,323.0,30.0,82.0
782.0,324.0,31.0,81.0
780.0,325.0,32.0,83.0
779.0,326.0,34.0,82.0
775.0,328.0,38.0,82.0
776.0,328.0,37.0,86.0
771.0,330.0,41.0,86.0
774.0,329.0,40.0,90.0
771.0,333.0,44.0,87.0
764.0,338.0,51.0,87.0
760.0,338.0,56.0,89.0
761.0,337.0,54.0,93.0
760.0,338.0,52.0,93.0
761.0,336.0,51.0,97.0
762.0,334.0,49.0,101.0
759.0,335.0,48.0,101.0
759.0,338.0,46.0,97.0
757.0,338.0,44.0,93.0
760.0,338.0,40.0,91.0
763.0,338.0,34.0,90.0
762.0,340.0,34.0,90.0
762.0,341.0,35.0,90.0
760.0,342.0,35.0,90.0
757.0,342.0,36.0,90.0
757.0,342.0,35.0,90.0
754.0,345.0,35.0,87.0
752.0,346.0,35.0,90.0
743.0,347.0,44.0,89.0
739.0,347.0,46.0,91.0
735.0,348.0,53.0,93.0
735.0,350.0,53.0,91.0
732.0,350.0,53.0,91.0
734.0,351.0,53.0,92.0
735.0,352.0,48.0,89.0
739.0,352.0,44.0,89.0
740.0,351.0,40.0,89.0
742.0,352.0,34.0,88.0
741.0,353.0,31.0,84.0
736.0,354.0,32.0,82.0
730.0,354.0,33.0,81.0
727.0,355.0,35.0,84.0
721.0,356.0,38.0,85.0
718.0,356.0,41.0,86.0
716.0,356.0,42.0,88.0
709.0,356.0,49.0,89.0
705.0,356.0,51.0,91.0
698.0,357.0,58.0,91.0
696.0,359.0,58.0,89.0
695.0,359.0,58.0,90.0
695.0,360.0,56.0,91.0
698.0,360.0,49.0,90.0
694.0,360.0,46.0,88.0
693.0,360.0,42.0,89.0
694.0,361.0,36.0,88.0
696.0,361.0,31.0,87.0
694.0,361.0,29.0,86.0
689.0,362.0,31.0,85.0
687.0,363.0,32.0,84.0
683.0,364.0,34.0,83.0
678.0,365.0,38.0,82.0
670.0,366.0,45.0,82.0
664.0,367.0,51.0,82.0
658.0,369.0,57.0,81.0
658.0,371.0,56.0,80.0
657.0,372.0,57.0,81.0
654.0,373.0,56.0,81.0
652.0,374.0,53.0,81.0
651.0,375.0,52.0,81.0
652.0,376.0,44.0,81.0
651.0,376.0,36.0,81.0
648.0,376.0,31.0,81.0
645.0,378.0,30.0,80.0
641.0,378.0,29.0,80.0
637.0,379.0,30.0,81.0
632.0,381.0,31.0,81.0
625.0,381.0,37.0,81.0
619.0,382.0,43.0,83.0
609.0,381.0,52.0,85.0
603.0,385.0,58.0,83.0
602.0,385.0,59.0,83.0
598.0,385.0,61.0,83.0
597.0,387.0,61.0,83.0
596.0,388.0,60.0,85.0
592.0,389.0,60.0,86.0
590.0,388.0,55.0,85.0
589.0,388.0,43.0,84.0
590.0,389.0,37.0,84.0
589.0,389.0,36.0,83.0
587.0,389.0,34.0,86.0
583.0,390.0,33.0,86.0
579.0,390.0,34.0,88.0
573.0,391.0,38.0,87.0
568.0,392.0,42.0,86.0
563.0,393.0,47.0,83.0
557.0,394.0,53.0,83.0
554.0,396.0,57.0,81.0
550.0,399.0,60.0,79.0
546.0,399.0,61.0,80.0
544.0,400.0,57.0,81.0
542.0,401.0,60.0,80.0
542.0,401.0,56.0,81.0
544.0,402.0,47.0,82.0
542.0,401.0,36.0,82.0
542.0,401.0,33.0,82.0
538.0,401.0,34.0,83.0
535.0,402.0,34.0,83.0
530.0,402.0,34.0,85.0
527.0,402.0,34.0,85.0
524.0,403.0,36.0,84.0
518.0,403.0,39.0,85.0
515.0,403.0,45.0,85.0
510.0,404.0,50.0,86.0
505.0,405.0,57.0,85.0
502.0,406.0,61.0,84.0
500.0,406.0,60.0,84.0
499.0,405.0,61.0,86.0
494.0,403.0,55.0,86.0
495.0,402.0,57.0,91.0
493.0,401.0,49.0,89.0
495.0,399.0,44.0,89.0
494.0,399.0,43.0,85.0
496.0,399.0,42.0,85.0
494.0,399.0,41.0,89.0
494.0,399.0,40.0,88.0
495.0,399.0,40.0,88.0
496.0,398.0,40.0,88.0
493.0,398.0,40.0,86.0
492.0,399.0,41.0,84.0
491.0,397.0,44.0,82.0
490.0,396.0,39.0,76.0
491.0,397.0,42.0,78.0
491.0,396.0,40.0,81.0
492.0,395.0,37.0,80.0
494.0,394.0,38.0,82.0
496.0,393.0,38.0,82.0
498.0,392.0,40.0,83.0
498.0,390.0,41.0,84.0
500.0,389.0,44.0,83.0
501.0,387.0,40.0,85.0
500.0,387.0,38.0,85.0
501.0,385.0,37.0,86.0
501.0,383.0,39.0,87.0
501.0,383.0,42.0,88.0
497.0,382.0,49.0,87.0
498.0,381.0,51.0,87.0
497.0,379.0,55.0,87.0
496.0,378.0,58.0,89.0
496.0,375.0,60.0,89.0
498.0,376.0,58.0,88.0
500.0,373.0,55.0,90.0
501.0,371.0,50.0,88.0
502.0,370.0,43.0,86.0
505.0,368.0,41.0,87.0
506.0,366.0,38.0,87.0
509.0,365.0,36.0,88.0
509.0,362.0,34.0,88.0
509.0,360.0,35.0,87.0
508.0,359.0,38.0,87.0
508.0,358.0,41.0,87.0
505.0,358.0,45.0,85.0
505.0,357.0,49.0,84.0
502.0,355.0,54.0,83.0
502.0,354.0,57.0,84.0
503.0,353.0,58.0,84.0
504.0,353.0,56.0,84.0
504.0,352.0,46.0,81.0
506.0,351.0,48.0,83.0
511.0,349.0,49.0,83.0
513.0,347.0,46.0,83.0
515.0,346.0,42.0,82.0
518.0,344.0,36.0,83.0
518.0,341.0,32.0,84.0
518.0,341.0,31.0,82.0
516.0,339.0,33.0,83.0
515.0,338.0,38.0,84.0
515.0,337.0,39.0,84.0
515.0,336.0,43.0,86.0
514.0,336.0,48.0,85.0
514.0,334.0,50.0,86.0
517.0,333.0,47.0,85.0
519.0,333.0,40.0,85.0
522.0,331.0,35.0,83.0
521.0,331.0,33.0,80.0
524.0,329.0,34.0,81.0
528.0,328.0,33.0,81.0
531.0,328.0,29.0,82.0
534.0,326.0,28.0,85.0
531.0,325.0,31.0,86.0
527.0,324.0,37.0,86.0
527.0,325.0,40.0,84.0
524.0,325.0,46.0,87.0
523.0,324.0,49.0,86.0
521.0,324.0,54.0,86.0
522.0,324.0,56.0,87.0
523.0,324.0,58.0,87.0
524.0,325.0,60.0,87.0
525.0,325.0,62.0,88.0
527.0,326.0,61.0,87.0
530.0,325.0,57.0,87.0
532.0,325.0,54.0,86.0
537.0,325.0,49.0,86.0
540.0,326.0,41.0,85.0
545.0,325.0,36.0,83.0
548.0,326.0,31.0,83.0
549.0,326.0,30.0,82.0
550.0,325.0,31.0,84.0
549.0,325.0,31.0,83.0
550.0,326.0,32.0,83.0
550.0,325.0,35.0,83.0
547.0,325.0,38.0,80.0
547.0,324.0,43.0,81.0
543.0,325.0,47.0,82.0
546.0,324.0,48.0,82.0
544.0,325.0,50.0,81.0
546.0,325.0,49.0,81.0
545.0,323.0,44.0,80.0
547.0,322.0,40.0,82.0
547.0,322.0,38.0,81.0
549.0,321.0,31.0,80.0
550.0,321.0,30.0,80.0
550.0,321.0,28.0,80.0
550.0,320.0,27.0,79.0
551.0,321.0,27.0,78.0
551.0,320.0,27.0,79.0
551.0,319.0,29.0,82.0
548.0,319.0,31.0,84.0
547.0,320.0,35.0,84.0
543.0,320.0,41.0,86.0
541.0,320.0,47.0,84.0
540.0,320.0,50.0,83.0
538.0,321.0,51.0,82.0
539.0,322.0,53.0,82.0
538.0,321.0,48.0,86.0
539.0,322.0,50.0,84.0
540.0,322.0,47.0,86.0
543.0,322.0,39.0,83.0
546.0,321.0,35.0,83.0
548.0,322.0,31.0,83.0
551.0,320.0,30.0,82.0
552.0,320.0,29.0,82.0
552.0,319.0,30.0,82.0
551.0,320.0,31.0,84.0
552.0,319.0,32.0,84.0
553.0,319.0,32.0,83.0
552.0,319.0,32.0,83.0
551.0,319.0,35.0,82.0
551.0,318.0,39.0,81.0
550.0,318.0,41.0,82.0
550.0,318.0,40.0,83.0
551.0,318.0,39.0,82.0
551.0,317.0,38.0,83.0
552.0,317.0,37.0,84.0
555.0,318.0,29.0,79.0
556.0,318.0,26.0,79.0
556.0,316.0,27.0,79.0
558.0,316.0,28.0,81.0
557.0,317.0,30.0,81.0
557.0,316.0,32.0,83.0
558.0,316.0,32.0,85.0
558.0,317.0,32.0,86.0
559.0,316.0,33.0,88.0
558.0,318.0,35.0,86.0
556.0,316.0,38.0,85.0
555.0,318.0,39.0,84.0
554.0,319.0,42.0,82.0
553.0,319.0,43.0,82.0
551.0,319.0,43.0,82.0
553.0,319.0,38.0,82.0
552.0,320.0,34.0,81.0
552.0,319.0,36.0,83.0
553.0,320.0,32.0,82.0
554.0,320.0,29.0,82.0
553.0,320.0,30.0,82.0
554.0,321.0,29.0,82.0
551.0,320.0,31.0,80.0
551.0,320.0,31.0,81.0
550.0,319.0,31.0,83.0
550.0,319.0,31.0,82.0
549.0,319.0,32.0,82.0
549.0,320.0,32.0,82.0
547.0,318.0,35.0,83.0
547.0,320.0,36.0,82.0
542.0,320.0,42.0,83.0
543.0,319.0,42.0,82.0
542.0,319.0,42.0,83.0
540.0,319.0,43.0,83.0
540.0,318.0,45.0,84.0
540.0,317.0,41.0,85.0
540.0,317.0,42.0,85.0
541.0,317.0,36.0,85.0
540.0,318.0,33.0,82.0
542.0,317.0,32.0,81.0
542.0,317.0,34.0,82.0
541.0,318.0,37.0,86.0
541.0,317.0,39.0,87.0
540.0,318.0,39.0,88.0
541.0,317.0,37.0,90.0
543.0,318.0,37.0,94.0
544.0,319.0,36.0,93.0
545.0,319.0,37.0,92.0
545.0,320.0,38.0,93.0
545.0,321.0,38.0,91.0
546.0,322.0,39.0,92.0
547.0,321.0,39.0,91.0
548.0,323.0,39.0,91.0
550.0,324.0,38.0,89.0
549.0,324.0,39.0,91.0
551.0,325.0,38.0,91.0
552.0,326.0,37.0,90.0
554.0,327.0,35.0,89.0
553.0,328.0,35.0,90.0
552.0,329.0,35.0,88.0
551.0,328.0,35.0,88.0
551.0,329.0,34.0,90.0
551.0,330.0,34.0,89.0
550.0,330.0,34.0,89.0
549.0,330.0,34.0,89.0
549.0,331.0,34.0,88.0
548.0,331.0,34.0,87.0
548.0,332.0,33.0,86.0
547.0,332.0,34.0,87.0
547.0,331.0,33.0,87.0
546.0,331.0,35.0,88.0
544.0,332.0,36.0,89.0
544.0,331.0,36.0,89.0
543.0,331.0,37.0,88.0
543.0,331.0,38.0,89.0
542.0,330.0,38.0,90.0
542.0,330.0,40.0,92.0
541.0,330.0,40.0,92.0
540.0,330.0,42.0,92.0
