820.0,408.0,123.0,235.0
817.0,391.0,116.0,228.0
818.0,379.0,111.0,223.0
819.0,364.0,110.0,232.0
815.0,349.0,112.0,244.0
813.0,337.0,113.0,251.0
810.0,322.0,111.0,255.0
803.0,313.0,115.0,260.0
801.0,306.0,112.0,259.0
797.0,298.0,113.0,259.0
796.0,293.0,107.0,254.0
796.0,288.0,102.0,246.0
793.0,285.0,101.0,236.0
793.0,276.0,99.0,225.0
793.0,267.0,97.0,216.0
792.0,260.0,97.0,211.0
790.0,251.0,97.0,214.0
789.0,243.0,99.0,221.0
787.0,234.0,99.0,228.0
786.0,227.0,99.0,233.0
784.0,222.0,99.0,234.0
783.0,214.0,101.0,239.0
781.0,210.0,101.0,239.0
779.0,204.0,103.0,243.0
778.0,196.0,103.0,245.0
778.0,190.0,102.0,246.0
776.0,185.0,102.0,243.0
775.0,177.0,101.0,238.0
772.0,170.0,100.0,230.0
772.0,162.0,95.0,226.0
773.0,155.0,90.0,222.0
774.0,149.0,85.0,219.0
773.0,146.0,82.0,219.0
772.0,143.0,80.0,223.0
770.0,140.0,77.0,228.0
767.0,139.0,76.0,229.0
763.0,135.0,78.0,235.0
764.0,134.0,74.0,234.0
767.0,131.0,69.0,233.0
769.0,129.0,63.0,229.0
769.0,129.0,61.0,223.0
768.0,126.0,59.0,217.0
765.0,124.0,59.0,207.0
763.0,119.0,58.0,202.0
766.0,113.0,54.0,206.0
759.0,109.0,57.0,208.0
759.0,104.0,55.0,214.0
754.0,101.0,58.0,216.0
752.0,97.0,59.0,219.0
751.0,98.0,59.0,219.0
747.0,96.0,61.0,223.0
744.0,100.0,62.0,224.0
740.0,97.0,65.0,228.0
737.0,100.0,67.0,227.0
736.0,100.0,69.0,231.0
732.0,98.0,74.0,233.0
730.0,97.0,76.0,237.0
730.0,93.0,76.0,239.0
728.0,91.0,76.0,235.0
728.0,88.0,76.0,229.0
726.0,86.0,78.0,222.0
721.0,85.0,82.0,213.0
720.0,84.0,82.0,210.0
719.0,84.0,84.0,205.0
718.0,83.0,87.0,205.0
716.0,84.0,87.0,210.0
716.0,85.0,86.0,213.0
715.0,84.0,88.0,217.0
717.0,83.0,85.0,220.0
715.0,85.0,87.0,223.0
714.0,87.0,88.0,223.0
712.0,89.0,89.0,224.0
713.0,92.0,90.0,225.0
713.0,95.0,91.0,226.0
711.0,91.0,92.0,227.0
711.0,93.0,92.0,224.0
707.0,90.0,94.0,224.0
709.0,84.0,91.0,223.0
705.0,85.0,93.0,214.0
707.0,85.0,93.0,209.0
705.0,84.0,91.0,207.0
705.0,84.0,89.0,207.0
703.0,86.0,87.0,211.0
700.0,89.0,84.0,212.0
698.0,90.0,82.0,217.0
695.0,92.0,82.0,220.0
693.0,93.0,78.0,222.0
691.0,95.0,76.0,228.0
692.0,97.0,71.0,227.0
689.0,97.0,73.0,230.0
688.0,101.0,72.0,230.0
687.0,101.0,72.0,227.0
684.0,100.0,72.0,222.0
682.0,100.0,72.0,218.0
680.0,95.0,73.0,216.0
676.0,98.0,76.0,210.0
674.0,97.0,78.0,207.0
674.0,98.0,78.0,207.0
673.0,98.0,81.0,211.0
671.0,99.0,80.0,216.0
668.0,102.0,83.0,221.0
666.0,104.0,85.0,223.0
663.0,106.0,86.0,225.0
662.0,110.0,85.0,228.0
659.0,111.0,88.0,230.0
659.0,115.0,87.0,232.0
657.0,116.0,88.0,234.0
659.0,119.0,85.0,231.0
654.0,123.0,90.0,230.0
655.0,124.0,87.0,230.0
654.0,122.0,84.0,232.0
651.0,123.0,88.0,229.0
649.0,120.0,87.0,229.0
647.0,119.0,89.0,221.0
647.0,123.0,87.0,211.0
645.0,125.0,89.0,205.0
642.0,126.0,89.0,205.0
641.0,127.0,89.0,209.0
638.0,129.0,88.0,214.0
635.0,131.0,90.0,218.0
634.0,133.0,89.0,220.0
631.0,134.0,85.0,222.0
630.0,136.0,84.0,228.0
629.0,140.0,80.0,229.0
626.0,142.0,82.0,233.0
625.0,142.0,80.0,229.0
624.0,143.0,78.0,229.0
622.0,144.0,78.0,223.0
619.0,143.0,78.0,218.0
617.0,146.0,76.0,208.0
613.0,144.0,76.0,204.0
612.0,147.0,78.0,200.0
610.0,149.0,78.0,200.0
607.0,149.0,80.0,206.0
607.0,151.0,82.0,210.0
607.0,152.0,81.0,215.0
604.0,155.0,83.0,219.0
604.0,156.0,83.0,218.0
601.0,158.0,86.0,223.0
597.0,160.0,88.0,223.0
595.0,160.0,90.0,231.0
594.0,163.0,90.0,232.0
595.0,166.0,91.0,232.0
594.0,169.0,91.0,231.0
594.0,171.0,90.0,226.0
591.0,171.0,92.0,226.0
593.0,171.0,90.0,226.0
593.0,170.0,91.0,224.0
588.0,169.0,95.0,222.0
592.0,170.0,91.0,213.0
589.0,170.0,93.0,206.0
589.0,170.0,95.0,204.0
589.0,173.0,96.0,205.0
589.0,174.0,95.0,210.0
587.0,177.0,92.0,214.0
587.0,178.0,90.0,216.0
587.0,180.0,84.0,220.0
586.0,183.0,77.0,223.0
585.0,185.0,74.0,222.0
583.0,189.0,73.0,221.0
581.0,189.0,74.0,220.0
578.0,190.0,74.0,219.0
576.0,190.0,73.0,218.0
575.0,189.0,71.0,215.0
573.0,189.0,69.0,207.0
569.0,188.0,71.0,202.0
567.0,190.0,73.0,196.0
567.0,192.0,72.0,195.0
567.0,193.0,73.0,199.0
563.0,196.0,76.0,204.0
563.0,196.0,76.0,206.0
562.0,198.0,80.0,209.0
563.0,199.0,81.0,212.0
561.0,201.0,83.0,217.0
563.0,202.0,81.0,220.0
562.0,204.0,82.0,224.0
562.0,205.0,84.0,226.0
561.0,206.0,83.0,226.0
563.0,209.0,82.0,223.0
562.0,208.0,83.0,225.0
564.0,208.0,82.0,226.0
563.0,206.0,81.0,225.0
565.0,206.0,80.0,223.0
564.0,205.0,81.0,217.0
564.0,207.0,83.0,208.0
564.0,208.0,80.0,200.0
563.0,209.0,83.0,196.0
562.0,211.0,84.0,196.0
562.0,212.0,81.0,199.0
561.0,214.0,82.0,205.0
560.0,215.0,84.0,206.0
562.0,216.0,83.0,211.0
561.0,219.0,75.0,212.0
560.0,220.0,77.0,218.0
562.0,222.0,73.0,216.0
562.0,225.0,73.0,218.0
561.0,228.0,72.0,217.0
561.0,231.0,72.0,216.0
563.0,231.0,71.0,214.0
564.0,231.0,71.0,213.0
565.0,232.0,72.0,212.0
567.0,231.0,71.0,209.0
570.0,231.0,73.0,202.0
570.0,233.0,76.0,195.0
574.0,235.0,78.0,191.0
576.0,237.0,79.0,193.0
579.0,239.0,81.0,198.0
583.0,239.0,82.0,200.0
587.0,241.0,81.0,206.0
591.0,242.0,83.0,207.0
595.0,243.0,85.0,210.0
600.0,245.0,85.0,214.0
604.0,248.0,85.0,217.0
609.0,247.0,86.0,219.0
609.0,251.0,89.0,225.0
615.0,252.0,88.0,218.0
617.0,255.0,90.0,218.0
620.0,253.0,93.0,221.0
625.0,254.0,93.0,218.0
630.0,253.0,94.0,216.0
636.0,252.0,92.0,211.0
640.0,253.0,93.0,209.0
647.0,252.0,91.0,203.0
652.0,253.0,90.0,199.0
658.0,254.0,88.0,197.0
662.0,255.0,89.0,197.0
665.0,256.0,90.0,202.0
670.0,258.0,89.0,205.0
675.0,260.0,86.0,205.0
678.0,262.0,86.0,210.0
682.0,262.0,85.0,214.0
686.0,262.0,82.0,219.0
689.0,262.0,81.0,221.0
691.0,263.0,83.0,225.0
692.0,265.0,83.0,228.0
696.0,266.0,82.0,230.0
701.0,266.0,79.0,230.0
707.0,266.0,76.0,228.0
713.0,266.0,74.0,227.0
717.0,266.0,74.0,222.0
722.0,268.0,72.0,213.0
725.0,269.0,73.0,203.0
729.0,273.0,73.0,194.0
732.0,274.0,74.0,190.0
734.0,277.0,76.0,189.0
736.0,279.0,77.0,192.0
738.0,282.0,78.0,198.0
741.0,282.0,79.0,201.0
742.0,286.0,84.0,205.0
744.0,286.0,86.0,204.0
746.0,287.0,92.0,210.0
749.0,288.0,95.0,212.0
751.0,290.0,101.0,216.0
752.0,291.0,105.0,215.0
753.0,294.0,108.0,217.0
754.0,296.0,112.0,219.0
758.0,297.0,112.0,215.0
757.0,298.0,115.0,214.0
761.0,299.0,113.0,212.0
765.0,300.0,113.0,210.0
766.0,302.0,112.0,204.0
770.0,304.0,111.0,202.0
773.0,305.0,109.0,198.0
775.0,308.0,107.0,194.0
781.0,308.0,101.0,195.0
781.0,311.0,99.0,193.0
782.0,312.0,97.0,198.0
785.0,312.0,92.0,203.0
785.0,314.0,91.0,207.0
785.0,315.0,86.0,210.0
785.0,317.0,84.0,217.0
786.0,320.0,82.0,214.0
785.0,321.0,80.0,221.0
785.0,323.0,78.0,222.0
785.0,325.0,77.0,225.0
782.0,327.0,77.0,230.0
782.0,329.0,76.0,231.0
781.0,331.0,76.0,229.0
779.0,331.0,76.0,227.0
779.0,331.0,77.0,224.0
783.0,332.0,73.0,218.0
780.0,333.0,76.0,204.0
781.0,334.0,75.0,193.0
779.0,335.0,78.0,186.0
778.0,336.0,81.0,188.0
776.0,337.0,85.0,192.0
773.0,337.0,88.0,198.0
771.0,338.0,91.0,203.0
769.0,338.0,94.0,206.0
767.0,339.0,98.0,212.0
769.0,340.0,96.0,215.0
772.0,341.0,98.0,214.0
771.0,343.0,99.0,217.0
775.0,344.0,98.0,219.0
773.0,348.0,101.0,219.0
775.0,350.0,100.0,221.0
774.0,351.0,103.0,221.0
774.0,352.0,102.0,223.0
773.0,351.0,103.0,221.0
772.0,350.0,106.0,215.0
771.0,348.0,108.0,212.0
767.0,348.0,113.0,203.0
770.0,346.0,113.0,192.0
769.0,347.0,113.0,185.0
770.0,346.0,111.0,181.0
771.0,345.0,109.0,184.0
771.0,344.0,107.0,190.0
770.0,342.0,107.0,193.0
768.0,339.0,108.0,197.0
769.0,337.0,105.0,202.0
765.0,333.0,106.0,207.0
762.0,332.0,103.0,210.0
757.0,330.0,104.0,213.0
753.0,327.0,101.0,217.0
752.0,324.0,97.0,221.0
750.0,321.0,93.0,222.0
749.0,318.0,89.0,225.0
745.0,316.0,87.0,229.0
741.0,311.0,87.0,232.0
736.0,308.0,88.0,234.0
731.0,301.0,89.0,233.0
727.0,295.0,91.0,224.0
724.0,290.0,91.0,217.0
719.0,285.0,94.0,203.0
717.0,283.0,96.0,191.0
714.0,279.0,93.0,192.0
709.0,275.0,92.0,193.0
707.0,272.0,89.0,199.0
701.0,271.0,90.0,202.0
697.0,267.0,89.0,205.0
692.0,263.0,88.0,208.0
690.0,257.0,88.0,214.0
689.0,251.0,84.0,217.0
685.0,245.0,86.0,215.0
683.0,240.0,84.0,210.0
681.0,234.0,83.0,205.0
678.0,227.0,79.0,194.0
678.0,219.0,73.0,188.0
676.0,211.0,71.0,188.0
674.0,205.0,68.0,187.0
674.0,200.0,65.0,186.0
669.0,196.0,65.0,184.0
665.0,193.0,66.0,185.0
662.0,192.0,64.0,188.0
657.0,191.0,65.0,189.0
654.0,186.0,65.0,193.0
652.0,181.0,62.0,199.0
652.0,174.0,59.0,206.0
648.0,167.0,61.0,213.0
643.0,162.0,60.0,216.0
637.0,156.0,61.0,212.0
630.0,150.0,63.0,205.0
626.0,142.0,61.0,201.0
619.0,135.0,63.0,198.0
611.0,129.0,65.0,190.0
603.0,121.0,66.0,189.0
598.0,118.0,65.0,187.0
589.0,110.0,66.0,190.0
582.0,110.0,69.0,191.0
577.0,108.0,70.0,187.0
571.0,107.0,76.0,185.0
563.0,107.0,81.0,180.0
554.0,106.0,84.0,176.0
549.0,105.0,83.0,172.0
543.0,104.0,77.0,173.0
539.0,103.0,67.0,174.0
535.0,97.0,59.0,178.0
530.0,90.0,57.0,185.0
524.0,84.0,57.0,191.0
520.0,79.0,55.0,196.0
517.0,76.0,55.0,197.0
514.0,75.0,55.0,200.0
512.0,74.0,54.0,201.0
507.0,75.0,58.0,200.0
505.0,78.0,56.0,198.0
501.0,80.0,58.0,196.0
500.0,81.0,56.0,191.0
496.0,80.0,58.0,190.0
495.0,79.0,57.0,185.0
494.0,78.0,57.0,184.0
492.0,76.0,56.0,182.0
489.0,75.0,58.0,184.0
488.0,74.0,59.0,187.0
485.0,74.0,61.0,190.0
480.0,77.0,66.0,192.0
476.0,80.0,71.0,194.0
473.0,82.0,75.0,195.0
470.0,85.0,80.0,195.0
467.0,87.0,82.0,197.0
466.0,89.0,82.0,196.0
464.0,90.0,82.0,196.0
463.0,91.0,83.0,197.0
461.0,93.0,81.0,195.0
459.0,94.0,81.0,192.0
459.0,97.0,78.0,188.0
457.0,99.0,78.0,186.0
456.0,100.0,76.0,186.0
457.0,102.0,75.0,188.0
457.0,105.0,74.0,188.0
458.0,107.0,73.0,190.0
458.0,111.0,74.0,194.0
461.0,113.0,66.0,193.0
462.0,116.0,65.0,198.0
465.0,117.0,62.0,198.0
466.0,117.0,59.0,202.0
466.0,119.0,57.0,203.0
467.0,121.0,54.0,202.0
467.0,121.0,54.0,202.0
467.0,123.0,53.0,199.0
467.0,124.0,53.0,191.0
467.0,127.0,53.0,185.0
468.0,126.0,53.0,183.0
465.0,126.0,56.0,185.0
465.0,126.0,56.0,189.0
465.0,127.0,57.0,192.0
464.0,128.0,58.0,197.0
463.0,130.0,59.0,200.0
462.0,131.0,61.0,207.0
461.0,134.0,63.0,208.0
459.0,135.0,66.0,210.0
458.0,138.0,69.0,210.0
458.0,140.0,70.0,209.0
457.0,142.0,71.0,206.0
458.0,144.0,69.0,200.0
456.0,146.0,68.0,195.0
456.0,146.0,67.0,191.0
456.0,148.0,66.0,186.0
455.0,149.0,64.0,186.0
455.0,152.0,63.0,186.0
457.0,155.0,59.0,191.0
456.0,157.0,58.0,194.0
458.0,159.0,57.0,197.0
459.0,161.0,58.0,201.0
460.0,164.0,56.0,203.0
463.0,166.0,57.0,207.0
464.0,170.0,54.0,206.0
465.0,170.0,53.0,207.0
467.0,172.0,52.0,208.0
468.0,175.0,53.0,206.0
470.0,177.0,52.0,203.0
472.0,178.0,52.0,194.0
472.0,181.0,55.0,186.0
469.0,181.0,65.0,184.0
464.0,180.0,70.0,187.0
462.0,183.0,78.0,188.0
457.0,184.0,86.0,192.0
462.0,185.0,81.0,199.0
461.0,187.0,82.0,203.0
461.0,190.0,79.0,204.0
460.0,192.0,86.0,210.0
463.0,195.0,82.0,212.0
465.0,196.0,89.0,216.0
469.0,197.0,81.0,219.0
473.0,197.0,81.0,223.0
480.0,196.0,84.0,225.0
481.0,198.0,80.0,222.0
480.0,199.0,80.0,226.0
479.0,202.0,78.0,213.0
477.0,203.0,78.0,206.0
476.0,204.0,81.0,198.0
475.0,206.0,79.0,193.0
476.0,206.0,79.0,193.0
476.0,206.0,78.0,198.0
478.0,207.0,77.0,205.0
478.0,210.0,78.0,207.0
478.0,211.0,79.0,212.0
477.0,214.0,81.0,212.0
478.0,215.0,82.0,218.0
478.0,215.0,83.0,220.0
478.0,216.0,84.0,221.0
479.0,216.0,86.0,222.0
481.0,213.0,84.0,225.0
484.0,212.0,81.0,224.0
485.0,211.0,83.0,221.0
483.0,212.0,86.0,213.0
484.0,211.0,86.0,207.0
486.0,211.0,84.0,202.0
486.0,209.0,85.0,202.0
487.0,210.0,85.0,206.0
486.0,210.0,87.0,211.0
485.0,212.0,87.0,216.0
486.0,211.0,87.0,220.0
486.0,213.0,86.0,225.0
486.0,213.0,87.0,228.0
487.0,215.0,85.0,228.0
487.0,213.0,83.0,230.0
487.0,216.0,83.0,227.0
486.0,214.0,82.0,226.0
486.0,215.0,82.0,216.0
488.0,216.0,80.0,207.0
489.0,213.0,79.0,204.0
491.0,213.0,79.0,200.0
491.0,211.0,81.0,200.0
491.0,211.0,83.0,206.0
491.0,213.0,84.0,209.0
493.0,215.0,82.0,213.0
495.0,219.0,81.0,215.0
497.0,218.0,83.0,219.0
501.0,220.0,80.0,221.0
504.0,220.0,80.0,223.0
506.0,221.0,80.0,222.0
506.0,219.0,82.0,221.0
511.0,222.0,79.0,219.0
513.0,220.0,81.0,215.0
518.0,221.0,80.0,208.0
522.0,222.0,81.0,202.0
526.0,221.0,80.0,197.0
528.0,222.0,81.0,194.0
531.0,222.0,82.0,201.0
534.0,223.0,81.0,205.0
537.0,225.0,82.0,208.0
540.0,226.0,82.0,213.0
542.0,228.0,84.0,216.0
542.0,231.0,87.0,219.0
545.0,231.0,86.0,223.0
550.0,233.0,88.0,225.0
549.0,234.0,91.0,225.0
557.0,233.0,89.0,226.0
560.0,234.0,89.0,227.0
568.0,235.0,85.0,223.0
577.0,235.0,81.0,221.0
586.0,236.0,74.0,216.0
595.0,237.0,69.0,208.0
602.0,237.0,67.0,202.0
606.0,240.0,67.0,198.0
610.0,243.0,68.0,196.0
613.0,247.0,72.0,197.0
615.0,248.0,75.0,201.0
616.0,252.0,86.0,205.0
620.0,252.0,91.0,206.0
621.0,256.0,97.0,209.0
622.0,259.0,100.0,210.0
628.0,261.0,98.0,210.0
636.0,262.0,95.0,204.0
635.0,266.0,100.0,205.0
638.0,266.0,103.0,200.0
638.0,270.0,106.0,196.0
646.0,271.0,103.0,193.0
657.0,273.0,97.0,191.0
667.0,275.0,91.0,190.0
680.0,276.0,82.0,192.0
687.0,279.0,77.0,196.0
695.0,279.0,73.0,202.0
692.0,280.0,80.0,206.0
692.0,283.0,85.0,208.0
690.0,285.0,91.0,212.0
690.0,288.0,97.0,211.0
692.0,289.0,99.0,213.0
689.0,291.0,106.0,216.0
691.0,290.0,107.0,219.0
689.0,290.0,114.0,221.0
692.0,289.0,114.0,223.0
699.0,290.0,109.0,222.0
707.0,290.0,108.0,217.0
725.0,292.0,93.0,208.0
737.0,295.0,89.0,201.0
745.0,297.0,91.0,195.0
744.0,300.0,98.0,187.0
744.0,302.0,109.0,186.0
740.0,307.0,116.0,180.0
739.0,309.0,129.0,181.0
737.0,317.0,137.0,175.0
742.0,319.0,145.0,175.0
739.0,323.0,153.0,176.0
738.0,326.0,158.0,176.0
740.0,330.0,154.0,173.0
745.0,332.0,160.0,170.0
748.0,336.0,159.0,168.0
753.0,339.0,162.0,165.0
762.0,342.0,163.0,164.0
772.0,345.0,160.0,163.0
785.0,345.0,152.0,163.0
797.0,346.0,146.0,165.0
810.0,346.0,138.0,165.0
822.0,345.0,128.0,173.0
825.0,345.0,129.0,177.0
823.0,347.0,135.0,177.0
818.0,347.0,144.0,180.0
815.0,349.0,149.0,181.0
813.0,348.0,152.0,182.0
807.0,347.0,159.0,186.0
804.0,344.0,164.0,190.0
803.0,341.0,166.0,196.0
800.0,338.0,172.0,197.0
801.0,335.0,172.0,201.0
808.0,332.0,167.0,205.0
817.0,328.0,160.0,207.0
826.0,321.0,153.0,207.0
835.0,319.0,144.0,204.0
855.0,317.0,125.0,205.0
866.0,315.0,114.0,199.0
866.0,313.0,118.0,197.0
865.0,311.0,122.0,193.0
859.0,309.0,131.0,192.0
855.0,308.0,136.0,191.0
851.0,307.0,142.0,192.0
850.0,306.0,151.0,194.0
848.0,304.0,157.0,193.0
846.0,302.0,166.0,196.0
846.0,299.0,169.0,199.0
847.0,298.0,176.0,194.0
852.0,295.0,179.0,193.0
858.0,290.0,180.0,189.0
867.0,286.0,177.0,188.0
880.0,279.0,167.0,190.0
894.0,274.0,158.0,193.0
911.0,265.0,145.0,194.0
925.0,261.0,135.0,197.0
933.0,257.0,129.0,207.0
934.0,255.0,132.0,207.0
934.0,252.0,134.0,210.0
933.0,247.0,138.0,213.0
932.0,245.0,139.0,214.0
932.0,244.0,144.0,215.0
931.0,237.0,147.0,219.0
931.0,234.0,147.0,219.0
932.0,230.0,148.0,221.0
935.0,222.0,147.0,222.0
941.0,217.0,142.0,219.0
949.0,209.0,135.0,217.0
959.0,204.0,124.0,214.0
965.0,198.0,119.0,209.0
971.0,193.0,114.0,207.0
970.0,189.0,114.0,204.0
969.0,184.0,113.0,202.0
966.0,181.0,117.0,200.0
964.0,177.0,116.0,200.0
960.0,174.0,118.0,201.0
956.0,170.0,121.0,204.0
952.0,166.0,124.0,207.0
950.0,163.0,126.0,208.0
946.0,159.0,130.0,208.0
945.0,152.0,131.0,211.0
943.0,150.0,131.0,210.0
944.0,145.0,129.0,206.0
948.0,140.0,124.0,199.0
949.0,135.0,121.0,195.0
950.0,131.0,115.0,192.0
951.0,124.0,112.0,193.0
951.0,120.0,109.0,195.0
950.0,116.0,107.0,199.0
946.0,110.0,108.0,204.0
944.0,108.0,105.0,208.0
939.0,103.0,107.0,211.0
936.0,103.0,105.0,211.0
931.0,101.0,104.0,213.0
926.0,97.0,104.0,215.0
923.0,94.0,102.0,217.0
918.0,91.0,100.0,216.0
915.0,86.0,99.0,220.0
913.0,82.0,96.0,215.0
911.0,81.0,94.0,210.0
906.0,74.0,93.0,206.0
903.0,73.0,90.0,198.0
902.0,65.0,88.0,197.0
898.0,63.0,85.0,192.0
894.0,61.0,83.0,189.0
889.0,55.0,82.0,189.0
884.0,57.0,81.0,188.0
879.0,54.0,81.0,190.0
872.0,52.0,81.0,192.0
866.0,50.0,83.0,194.0
862.0,50.0,81.0,194.0
856.0,46.0,82.0,199.0
850.0,46.0,84.0,198.0
844.0,41.0,85.0,200.0
839.0,39.0,86.0,199.0
836.0,35.0,85.0,195.0
831.0,31.0,84.0,192.0
827.0,27.0,83.0,190.0
824.0,23.0,81.0,186.0
820.0,22.0,80.0,182.0
814.0,17.0,81.0,184.0
808.0,14.0,80.0,185.0
802.0,13.0,80.0,187.0
797.0,11.0,78.0,188.0
791.0,9.0,76.0,190.0
786.0,9.0,75.0,193.0
782.0,9.0,72.0,192.0
775.0,5.0,69.0,197.0
770.0,4.0,68.0,198.0
763.0,3.0,65.0,199.0
759.0,-1.0,64.0,200.0
753.0,-3.0,62.0,199.0
746.0,-3.0,61.0,196.0
739.0,-3.0,61.0,186.0
731.0,-4.0,61.0,180.0
725.0,-1.0,60.0,170.0
719.0,-4.0,60.0,167.0
712.0,-5.0,59.0,167.0
703.0,-3.0,59.0,167.0
695.0,-5.0,60.0,166.0
687.0,-4.0,60.0,168.0
679.0,-4.0,60.0,172.0
670.0,-7.0,61.0,176.0
664.0,-3.0,59.0,172.0
655.0,-6.0,60.0,176.0
647.0,-7.0,60.0,177.0
642.0,-7.0,58.0,175.0
633.0,-8.0,60.0,174.0
627.0,-6.0,59.0,171.0
619.0,-6.0,58.0,165.0
611.0,-7.0,59.0,160.0
604.0,-6.0,58.0,153.0
596.0,-4.0,58.0,148.0
588.0,-4.0,61.0,148.0
582.0,-5.0,59.0,148.0
578.0,-5.0,58.0,151.0
572.0,-5.0,57.0,154.0
567.0,-5.0,57.0,157.0
562.0,-5.0,57.0,159.0
558.0,-4.0,57.0,161.0
553.0,-5.0,57.0,163.0
549.0,-4.0,57.0,164.0
548.0,-4.0,55.0,166.0
544.0,-4.0,55.0,163.0
542.0,-4.0,56.0,163.0
539.0,-5.0,56.0,159.0
538.0,-4.0,56.0,154.0
536.0,-5.0,56.0,148.0
536.0,-4.0,57.0,144.0
538.0,-4.0,57.0,143.0
540.0,-3.0,58.0,145.0
543.0,-3.0,58.0,147.0
545.0,-5.0,60.0,148.0
548.0,-4.0,60.0,152.0
551.0,-3.0,61.0,153.0
555.0,-4.0,61.0,157.0
560.0,-1.0,61.0,158.0
563.0,-3.0,58.0,161.0
567.0,-4.0,58.0,162.0
570.0,-4.0,59.0,164.0
572.0,-3.0,58.0,160.0
576.0,-4.0,58.0,162.0
580.0,-4.0,57.0,156.0
582.0,-4.0,58.0,151.0
583.0,-3.0,61.0,147.0
582.0,-2.0,64.0,145.0
584.0,-4.0,65.0,147.0
587.0,-6.0,64.0,152.0
589.0,-4.0,64.0,155.0
591.0,-4.0,64.0,156.0
596.0,-4.0,62.0,160.0
596.0,-4.0,65.0,164.0
600.0,-6.0,62.0,169.0
603.0,-5.0,62.0,171.0
606.0,-5.0,61.0,173.0
610.0,-4.0,60.0,174.0
611.0,-5.0,60.0,175.0
614.0,-6.0,59.0,177.0
616.0,-5.0,59.0,175.0
620.0,-7.0,58.0,170.0
624.0,-6.0,56.0,163.0
626.0,-5.0,56.0,159.0
630.0,-4.0,54.0,157.0
635.0,-4.0,53.0,158.0
637.0,-5.0,53.0,160.0
640.0,-4.0,51.0,162.0
642.0,-2.0,52.0,164.0
645.0,-4.0,52.0,169.0
648.0,-3.0,51.0,171.0
650.0,-3.0,53.0,174.0
652.0,-2.0,50.0,176.0
655.0,0.0,52.0,174.0
657.0,-1.0,53.0,176.0
656.0,0.0,54.0,174.0
659.0,0.0,55.0,171.0
661.0,0.0,57.0,168.0
663.0,1.0,58.0,163.0
664.0,-1.0,59.0,161.0
664.0,0.0,60.0,159.0
666.0,-1.0,61.0,161.0
668.0,0.0,63.0,164.0
670.0,0.0,63.0,165.0
671.0,0.0,63.0,168.0
672.0,-2.0,64.0,174.0
677.0,0.0,62.0,177.0
678.0,1.0,63.0,176.0
682.0,3.0,63.0,177.0
683.0,3.0,65.0,180.0
684.0,3.0,67.0,181.0
688.0,4.0,67.0,181.0
692.0,4.0,65.0,182.0
696.0,4.0,64.0,181.0
701.0,5.0,63.0,178.0
706.0,7.0,61.0,175.0
711.0,5.0,59.0,172.0
718.0,3.0,52.0,170.0
725.0,4.0,49.0,169.0
731.0,3.0,48.0,165.0
733.0,3.0,50.0,165.0
734.0,3.0,53.0,165.0
736.0,2.0,54.0,168.0
736.0,6.0,56.0,168.0
737.0,8.0,57.0,169.0
738.0,7.0,62.0,173.0
739.0,11.0,65.0,172.0
741.0,9.0,67.0,173.0
742.0,12.0,70.0,173.0
744.0,11.0,72.0,173.0
747.0,11.0,73.0,173.0
750.0,10.0,74.0,172.0
756.0,10.0,73.0,169.0
764.0,9.0,71.0,167.0
769.0,8.0,70.0,165.0
773.0,6.0,70.0,165.0
776.0,8.0,72.0,164.0
777.0,6.0,74.0,169.0
782.0,8.0,74.0,169.0
782.0,8.0,76.0,173.0
783.0,7.0,78.0,176.0
789.0,9.0,75.0,178.0
791.0,9.0,77.0,181.0
793.0,12.0,78.0,179.0
798.0,11.0,75.0,182.0
800.0,12.0,76.0,183.0
803.0,14.0,76.0,182.0
807.0,10.0,73.0,187.0
811.0,12.0,71.0,184.0
814.0,8.0,69.0,188.0
818.0,11.0,70.0,184.0
821.0,11.0,68.0,181.0
824.0,11.0,68.0,177.0
829.0,11.0,66.0,171.0
833.0,11.0,65.0,168.0
837.0,11.0,64.0,168.0
839.0,13.0,63.0,170.0
841.0,11.0,63.0,170.0
844.0,13.0,63.0,173.0
846.0,14.0,63.0,173.0
848.0,13.0,64.0,178.0
848.0,16.0,65.0,177.0
852.0,13.0,65.0,181.0
853.0,16.0,67.0,179.0
856.0,17.0,67.0,179.0
857.0,16.0,69.0,181.0
858.0,14.0,72.0,180.0
861.0,16.0,70.0,176.0
864.0,15.0,71.0,178.0
866.0,14.0,73.0,171.0
870.0,13.0,73.0,170.0
872.0,15.0,74.0,168.0
873.0,15.0,75.0,169.0
876.0,15.0,75.0,170.0
875.0,13.0,76.0,175.0
873.0,14.0,76.0,177.0
869.0,17.0,75.0,177.0
865.0,18.0,76.0,179.0
861.0,18.0,74.0,181.0
855.0,16.0,74.0,184.0
849.0,18.0,73.0,183.0
843.0,16.0,72.0,185.0
836.0,11.0,70.0,188.0
828.0,11.0,68.0,189.0
821.0,7.0,68.0,191.0
811.0,8.0,66.0,186.0
803.0,5.0,64.0,184.0
792.0,6.0,65.0,176.0
781.0,4.0,64.0,172.0
770.0,1.0,63.0,171.0
757.0,1.0,63.0,169.0
746.0,1.0,62.0,170.0
734.0,-2.0,62.0,174.0
723.0,0.0,61.0,173.0
712.0,-3.0,60.0,177.0
699.0,0.0,61.0,178.0
690.0,0.0,60.0,181.0
677.0,0.0,60.0,185.0
666.0,0.0,60.0,185.0
656.0,1.0,59.0,184.0
645.0,-2.0,59.0,187.0
636.0,-2.0,58.0,185.0
626.0,-2.0,57.0,181.0
616.0,-3.0,57.0,178.0
605.0,0.0,57.0,170.0
594.0,-2.0,57.0,169.0
584.0,0.0,58.0,168.0
574.0,-3.0,57.0,174.0
563.0,0.0,59.0,173.0
554.0,-3.0,58.0,179.0
543.0,0.0,59.0,179.0
533.0,-1.0,58.0,185.0
524.0,1.0,58.0,186.0
514.0,-1.0,58.0,191.0
505.0,5.0,59.0,190.0
495.0,1.0,59.0,193.0
486.0,7.0,59.0,190.0
476.0,1.0,60.0,196.0
465.0,5.0,60.0,190.0
455.0,5.0,62.0,189.0
446.0,7.0,63.0,183.0
435.0,9.0,63.0,179.0
425.0,8.0,64.0,177.0
413.0,9.0,64.0,176.0
402.0,11.0,66.0,178.0
390.0,13.0,67.0,183.0
379.0,14.0,67.0,185.0
368.0,16.0,69.0,189.0
357.0,20.0,69.0,192.0
346.0,23.0,69.0,193.0
335.0,26.0,69.0,195.0
323.0,30.0,68.0,197.0
310.0,31.0,72.0,197.0
298.0,32.0,71.0,200.0
287.0,33.0,73.0,199.0
275.0,33.0,73.0,200.0
262.0,37.0,73.0,198.0
250.0,38.0,73.0,195.0
239.0,40.0,72.0,188.0
227.0,42.0,73.0,185.0
215.0,43.0,75.0,186.0
203.0,44.0,76.0,189.0
191.0,46.0,78.0,190.0
179.0,48.0,82.0,194.0
165.0,51.0,85.0,198.0
154.0,54.0,86.0,202.0
142.0,57.0,89.0,204.0
129.0,60.0,90.0,207.0
119.0,66.0,93.0,209.0
105.0,70.0,96.0,209.0
92.0,74.0,97.0,210.0
79.0,77.0,100.0,211.0
67.0,81.0,102.0,209.0
54.0,84.0,105.0,207.0
41.0,86.0,105.0,204.0
28.0,91.0,104.0,199.0
15.0,97.0,105.0,192.0
4.0,99.0,103.0,192.0
0.0,108.0,97.0,189.0
0.0,129.0,86.0,176.0
-4.0,157.0,76.0,155.0
-2.0,177.0,62.0,146.0
0.0,206.0,51.0,129.0
0.0,226.0,40.0,118.0
3.0,257.0,26.0,105.0
-4.0,275.0,23.0,86.0
-5.0,269.0,19.0,85.0
-7.0,277.0,32.0,78.0
-5.0,258.0,34.0,85.0
-2.0,238.0,38.0,88.0
0.0,210.0,38.0,97.0
0.0,186.0,41.0,102.0
0.0,164.0,44.0,109.0
0.0,145.0,54.0,111.0
2.0,105.0,55.0,122.0
4.0,75.0,63.0,125.0
10.0,49.0,73.0,130.0
18.0,17.0,83.0,132.0
23.0,0.0,94.0,129.0
27.0,5.0,102.0,130.0
33.0,-7.0,113.0,124.0
40.0,-12.0,117.0,123.0
41.0,-10.0,131.0,115.0
45.0,-1.0,131.0,122.0
46.0,-10.0,139.0,122.0
49.0,0.0,141.0,129.0
24.0,-7.0,145.0,129.0
35.0,0.0,143.0,139.0
35.0,8.0,139.0,155.0
43.0,-6.0,153.0,148.0
45.0,5.0,152.0,161.0
51.0,-8.0,158.0,163.0
52.0,7.0,159.0,174.0
53.0,-7.0,173.0,169.0
52.0,8.0,172.0,182.0
53.0,-8.0,180.0,183.0
56.0,9.0,177.0,197.0
53.0,-8.0,187.0,197.0
58.0,6.0,182.0,214.0
60.0,-10.0,191.0,208.0
57.0,9.0,191.0,218.0
59.0,-11.0,200.0,212.0
63.0,7.0,197.0,225.0
69.0,-12.0,211.0,222.0
73.0,-28.0,219.0,220.0
75.0,-5.0,224.0,224.0
83.0,-28.0,225.0,224.0
89.0,-4.0,221.0,236.0
86.0,-26.0,230.0,229.0
98.0,-4.0,226.0,244.0
86.0,-23.0,238.0,236.0
71.0,-31.0,258.0,224.0
74.0,-9.0,242.0,245.0
61.0,-22.0,248.0,240.0
72.0,-33.0,252.0,240.0
80.0,-6.0,243.0,258.0
65.0,-23.0,254.0,250.0
61.0,-1.0,251.0,260.0
64.0,-24.0,252.0,258.0
64.0,-27.0,275.0,234.0
44.0,-7.0,241.0,271.0
61.0,-25.0,248.0,263.0
58.0,-2.0,246.0,261.0
68.0,-19.0,249.0,256.0
59.0,-24.0,259.0,246.0
71.0,-7.0,246.0,261.0
73.0,12.0,243.0,274.0
73.0,-15.0,261.0,261.0
68.0,6.0,262.0,266.0
73.0,-19.0,276.0,252.0
77.0,-1.0,264.0,272.0
64.0,-16.0,273.0,266.0
73.0,3.0,272.0,271.0
74.0,-23.0,275.0,273.0
65.0,-29.0,292.0,259.0
79.0,-5.0,280.0,276.0
84.0,-25.0,281.0,278.0
73.0,2.0,281.0,280.0
78.0,-20.0,282.0,283.0
86.0,11.0,281.0,298.0
97.0,-13.0,278.0,308.0
96.0,-25.0,301.0,291.0
92.0,6.0,306.0,296.0
110.0,-27.0,293.0,309.0
57.0,18.0,257.0,358.0
-30.0,45.0,92.0,408.0
-9.0,162.0,72.0,208.0
7.0,164.0,68.0,187.0
0.0,120.0,91.0,221.0
0.0,107.0,104.0,225.0
10.0,99.0,110.0,220.0
33.0,94.0,103.0,209.0
54.0,84.0,102.0,204.0
76.0,77.0,99.0,197.0
99.0,70.0,98.0,195.0
121.0,64.0,98.0,196.0
120.0,63.0,101.0,196.0
143.0,58.0,98.0,196.0
166.0,53.0,98.0,199.0
189.0,48.0,100.0,201.0
212.0,43.0,101.0,204.0
235.0,39.0,100.0,207.0
258.0,35.0,96.0,205.0
280.0,31.0,93.0,207.0
302.0,29.0,85.0,200.0
323.0,25.0,80.0,198.0
342.0,23.0,75.0,197.0
360.0,18.0,68.0,196.0
378.0,13.0,65.0,195.0
396.0,11.0,59.0,189.0
412.0,10.0,55.0,185.0
428.0,8.0,53.0,185.0
441.0,6.0,49.0,186.0
455.0,3.0,47.0,189.0
465.0,3.0,47.0,193.0
474.0,1.0,48.0,193.0
481.0,4.0,50.0,192.0
486.0,3.0,53.0,192.0
491.0,4.0,56.0,193.0
497.0,4.0,57.0,195.0
501.0,3.0,61.0,197.0
506.0,5.0,60.0,198.0
512.0,5.0,58.0,199.0
515.0,5.0,58.0,199.0
516.0,5.0,56.0,199.0
522.0,5.0,52.0,198.0
526.0,4.0,49.0,199.0
529.0,3.0,47.0,199.0
533.0,4.0,46.0,194.0
535.0,5.0,47.0,189.0
538.0,3.0,48.0,189.0
542.0,6.0,49.0,187.0
546.0,6.0,49.0,187.0
548.0,7.0,51.0,187.0
550.0,6.0,51.0,189.0
552.0,8.0,54.0,190.0
555.0,11.0,56.0,191.0
556.0,11.0,63.0,195.0
557.0,14.0,69.0,198.0
559.0,15.0,72.0,199.0
560.0,21.0,69.0,195.0
562.0,23.0,70.0,196.0
564.0,26.0,70.0,195.0
566.0,25.0,70.0,198.0
569.0,28.0,69.0,200.0
573.0,31.0,68.0,198.0
578.0,32.0,68.0,196.0
585.0,38.0,65.0,191.0
593.0,40.0,62.0,192.0
603.0,42.0,61.0,195.0
608.0,43.0,62.0,200.0
613.0,47.0,62.0,201.0
615.0,49.0,64.0,206.0
616.0,54.0,69.0,206.0
616.0,57.0,75.0,209.0
618.0,62.0,79.0,209.0
619.0,67.0,82.0,210.0
620.0,69.0,82.0,212.0
623.0,71.0,84.0,216.0
629.0,71.0,80.0,219.0
637.0,72.0,75.0,223.0
646.0,76.0,68.0,221.0
651.0,77.0,65.0,217.0
657.0,78.0,63.0,211.0
662.0,84.0,61.0,204.0
665.0,86.0,63.0,202.0
671.0,90.0,62.0,200.0
672.0,95.0,65.0,201.0
677.0,97.0,67.0,203.0
679.0,101.0,66.0,206.0
682.0,105.0,68.0,209.0
685.0,109.0,69.0,212.0
687.0,115.0,72.0,210.0
690.0,119.0,74.0,207.0
691.0,125.0,78.0,203.0
695.0,128.0,78.0,201.0
698.0,133.0,79.0,192.0
711.0,136.0,72.0,188.0
724.0,138.0,65.0,187.0
730.0,139.0,65.0,194.0
740.0,142.0,62.0,200.0
748.0,146.0,59.0,203.0
753.0,151.0,61.0,205.0
754.0,154.0,66.0,208.0
758.0,158.0,69.0,208.0
762.0,163.0,71.0,210.0
762.0,164.0,77.0,216.0
765.0,170.0,80.0,219.0
770.0,170.0,84.0,223.0
772.0,174.0,88.0,228.0
777.0,176.0,94.0,228.0
783.0,178.0,96.0,231.0
790.0,181.0,97.0,230.0
792.0,184.0,103.0,223.0
801.0,183.0,99.0,220.0
807.0,183.0,99.0,218.0
813.0,186.0,97.0,216.0
818.0,188.0,97.0,217.0
824.0,192.0,97.0,221.0
827.0,194.0,96.0,225.0
831.0,198.0,96.0,226.0
836.0,201.0,94.0,231.0
841.0,204.0,93.0,230.0
845.0,207.0,93.0,238.0
851.0,211.0,91.0,239.0
854.0,213.0,91.0,241.0
858.0,216.0,93.0,245.0
863.0,218.0,94.0,240.0
867.0,220.0,94.0,237.0
871.0,220.0,95.0,233.0
877.0,220.0,94.0,227.0
882.0,220.0,95.0,221.0
886.0,222.0,97.0,214.0
888.0,223.0,102.0,212.0
891.0,227.0,105.0,209.0
894.0,229.0,107.0,211.0
898.0,232.0,109.0,214.0
902.0,236.0,109.0,218.0
903.0,240.0,113.0,219.0
904.0,245.0,118.0,221.0
907.0,249.0,120.0,224.0
908.0,252.0,128.0,224.0
908.0,256.0,137.0,229.0
918.0,256.0,134.0,236.0
925.0,257.0,133.0,239.0
934.0,257.0,132.0,236.0
942.0,257.0,130.0,233.0
949.0,253.0,131.0,230.0
958.0,250.0,134.0,225.0
962.0,248.0,135.0,217.0
965.0,247.0,139.0,213.0
964.0,252.0,149.0,201.0
966.0,255.0,156.0,196.0
970.0,257.0,155.0,194.0
966.0,259.0,164.0,195.0
969.0,258.0,162.0,198.0
967.0,257.0,167.0,201.0
966.0,258.0,168.0,202.0
970.0,257.0,170.0,204.0
969.0,255.0,171.0,212.0
969.0,256.0,175.0,212.0
970.0,255.0,175.0,215.0
977.0,250.0,171.0,218.0
982.0,245.0,167.0,219.0
987.0,242.0,162.0,216.0
995.0,235.0,155.0,214.0
1001.0,229.0,151.0,219.0
1000.0,223.0,152.0,224.0
1002.0,222.0,149.0,227.0
1001.0,218.0,147.0,233.0
997.0,216.0,150.0,242.0
999.0,214.0,147.0,243.0
995.0,212.0,149.0,250.0
994.0,211.0,145.0,250.0
998.0,203.0,144.0,255.0
1001.0,197.0,137.0,260.0
1006.0,192.0,132.0,264.0
1007.0,188.0,128.0,263.0
1010.0,186.0,122.0,254.0
1011.0,183.0,119.0,243.0
1012.0,183.0,115.0,232.0
1012.0,181.0,118.0,223.0
1010.0,175.0,122.0,226.0
1008.0,168.0,132.0,237.0
1006.0,157.0,138.0,246.0
1006.0,151.0,144.0,247.0
1005.0,144.0,146.0,249.0
1007.0,136.0,148.0,248.0
1010.0,133.0,143.0,244.0
1016.0,131.0,137.0,237.0
1020.0,129.0,130.0,233.0
1021.0,129.0,125.0,221.0
1024.0,124.0,123.0,216.0
1029.0,119.0,116.0,221.0
1035.0,116.0,113.0,222.0
1039.0,106.0,110.0,232.0
1042.0,99.0,112.0,236.0
1044.0,92.0,110.0,242.0
1044.0,88.0,111.0,245.0
1049.0,83.0,108.0,244.0
1053.0,81.0,104.0,237.0
1056.0,80.0,100.0,230.0
1059.0,81.0,97.0,222.0
1060.0,82.0,97.0,204.0
1058.0,79.0,98.0,202.0
1056.0,76.0,103.0,201.0
1058.0,70.0,108.0,205.0
1057.0,60.0,115.0,213.0
1057.0,54.0,118.0,217.0
1054.0,46.0,124.0,223.0
1053.0,40.0,126.0,225.0
1050.0,36.0,129.0,224.0
1051.0,35.0,128.0,220.0
1054.0,34.0,123.0,220.0
1057.0,36.0,114.0,210.0
1054.0,38.0,113.0,204.0
1053.0,34.0,109.0,203.0
1053.0,32.0,105.0,203.0
1052.0,29.0,103.0,204.0
1051.0,22.0,102.0,207.0
1049.0,17.0,101.0,210.0
1045.0,12.0,100.0,217.0
1040.0,6.0,99.0,220.0
1038.0,3.0,98.0,221.0
1036.0,3.0,94.0,214.0
1036.0,2.0,91.0,207.0
1032.0,2.0,86.0,201.0
1029.0,3.0,85.0,193.0
1025.0,2.0,84.0,191.0
1022.0,0.0,85.0,192.0
1018.0,-3.0,88.0,193.0
1013.0,-4.0,92.0,196.0
1012.0,-6.0,94.0,198.0
1010.0,-6.0,95.0,197.0
1007.0,-9.0,95.0,198.0
1006.0,-9.0,93.0,196.0
1008.0,-11.0,91.0,192.0
1006.0,-7.0,91.0,184.0
1005.0,-6.0,89.0,176.0
1003.0,-6.0,89.0,171.0
1002.0,-4.0,87.0,166.0
1001.0,-5.0,86.0,169.0
1000.0,-5.0,85.0,172.0
1002.0,-9.0,84.0,178.0
1002.0,-5.0,81.0,175.0
1002.0,-8.0,84.0,180.0
1005.0,-8.0,82.0,179.0
1005.0,-8.0,82.0,177.0
1006.0,-7.0,79.0,170.0
1006.0,-9.0,77.0,162.0
1006.0,-9.0,75.0,153.0
1006.0,-8.0,72.0,145.0
1004.0,-8.0,71.0,140.0
1002.0,-7.0,71.0,137.0
1000.0,-7.0,71.0,138.0
998.0,-7.0,74.0,137.0
996.0,-4.0,76.0,135.0
995.0,-3.0,77.0,134.0
991.0,-4.0,78.0,130.0
991.0,-2.0,76.0,128.0
987.0,-1.0,74.0,126.0
984.0,-3.0,73.0,123.0
980.0,0.0,73.0,116.0
976.0,-2.0,70.0,115.0
972.0,-2.0,64.0,111.0
967.0,-2.0,60.0,110.0
962.0,-1.0,58.0,110.0
960.0,-2.0,55.0,109.0
958.0,-4.0,53.0,109.0
956.0,-2.0,51.0,110.0
952.0,-1.0,52.0,110.0
946.0,-1.0,52.0,110.0
941.0,-2.0,53.0,108.0
939.0,-4.0,50.0,106.0
936.0,-5.0,49.0,102.0
933.0,-3.0,47.0,97.0
928.0,-2.0,47.0,95.0
926.0,-2.0,46.0,97.0
924.0,-1.0,43.0,100.0
924.0,-3.0,41.0,105.0
922.0,-1.0,40.0,108.0
918.0,0.0,40.0,107.0
916.0,-2.0,40.0,110.0
912.0,-2.0,39.0,114.0
909.0,-3.0,40.0,117.0
905.0,-5.0,41.0,120.0
901.0,-4.0,42.0,119.0
896.0,-3.0,46.0,115.0
892.0,-3.0,49.0,112.0
889.0,-4.0,47.0,113.0
885.0,-4.0,48.0,116.0
883.0,-2.0,48.0,118.0
880.0,-2.0,49.0,118.0
879.0,-2.0,47.0,122.0
875.0,-1.0,49.0,123.0
870.0,-1.0,50.0,124.0
866.0,-1.0,49.0,125.0
865.0,-2.0,47.0,121.0
862.0,-1.0,48.0,120.0
860.0,-2.0,48.0,120.0
858.0,-3.0,47.0,123.0
856.0,-3.0,50.0,126.0
856.0,-4.0,52.0,131.0
855.0,-2.0,54.0,134.0
852.0,-1.0,55.0,133.0
849.0,-1.0,57.0,138.0
846.0,0.0,56.0,139.0
841.0,-1.0,56.0,145.0
837.0,-2.0,58.0,146.0
833.0,-3.0,60.0,148.0
829.0,-6.0,62.0,151.0
826.0,-8.0,61.0,152.0
824.0,-7.0,57.0,151.0
822.0,-6.0,55.0,148.0
819.0,-4.0,55.0,152.0
817.0,-6.0,56.0,159.0
815.0,-6.0,55.0,164.0
812.0,-7.0,57.0,169.0
807.0,-5.0,60.0,170.0
803.0,-7.0,63.0,171.0
801.0,-6.0,64.0,175.0
801.0,-4.0,62.0,171.0
801.0,-2.0,59.0,169.0
800.0,-1.0,59.0,168.0
799.0,2.0,58.0,163.0
796.0,5.0,60.0,160.0
794.0,8.0,59.0,160.0
793.0,10.0,61.0,164.0
791.0,8.0,60.0,171.0
790.0,8.0,60.0,177.0
789.0,7.0,58.0,181.0
785.0,7.0,58.0,183.0
785.0,6.0,57.0,186.0
783.0,8.0,56.0,181.0
780.0,13.0,56.0,173.0
777.0,16.0,56.0,168.0
776.0,21.0,55.0,160.0
774.0,22.0,54.0,157.0
771.0,23.0,52.0,156.0
770.0,22.0,49.0,163.0
766.0,20.0,50.0,171.0
761.0,17.0,52.0,175.0
758.0,17.0,53.0,175.0
753.0,16.0,52.0,176.0
749.0,15.0,55.0,176.0
746.0,20.0,54.0,172.0
742.0,21.0,54.0,168.0
740.0,26.0,54.0,161.0
738.0,31.0,51.0,154.0
735.0,35.0,54.0,151.0
732.0,37.0,56.0,150.0
728.0,35.0,59.0,157.0
724.0,33.0,61.0,163.0
722.0,32.0,60.0,169.0
721.0,31.0,59.0,171.0
717.0,29.0,60.0,176.0
716.0,29.0,58.0,177.0
713.0,29.0,58.0,174.0
711.0,33.0,57.0,170.0
710.0,36.0,56.0,164.0
710.0,40.0,54.0,157.0
706.0,44.0,54.0,150.0
705.0,48.0,53.0,145.0
704.0,48.0,49.0,147.0
702.0,47.0,47.0,154.0
700.0,46.0,46.0,160.0
697.0,43.0,45.0,166.0
694.0,42.0,47.0,168.0
690.0,42.0,49.0,170.0
687.0,42.0,51.0,167.0
682.0,45.0,53.0,167.0
679.0,48.0,53.0,159.0
678.0,52.0,53.0,152.0
674.0,56.0,53.0,148.0
669.0,61.0,56.0,144.0
666.0,63.0,56.0,144.0
663.0,63.0,57.0,151.0
662.0,62.0,58.0,156.0
661.0,61.0,56.0,162.0
658.0,59.0,58.0,166.0
659.0,59.0,55.0,169.0
655.0,59.0,55.0,170.0
655.0,64.0,52.0,166.0
655.0,65.0,51.0,163.0
654.0,71.0,47.0,157.0
653.0,74.0,45.0,153.0
651.0,80.0,43.0,146.0
648.0,81.0,42.0,145.0
649.0,84.0,40.0,147.0
648.0,80.0,40.0,154.0
647.0,80.0,40.0,159.0
644.0,81.0,42.0,163.0
643.0,83.0,43.0,162.0
638.0,84.0,46.0,165.0
637.0,87.0,50.0,164.0
636.0,92.0,50.0,155.0
636.0,99.0,47.0,147.0
638.0,103.0,46.0,143.0
633.0,107.0,48.0,143.0
629.0,109.0,53.0,145.0
625.0,108.0,57.0,153.0
624.0,110.0,60.0,158.0
623.0,109.0,60.0,162.0
621.0,108.0,63.0,166.0
624.0,111.0,60.0,167.0
624.0,112.0,60.0,166.0
628.0,117.0,57.0,161.0
631.0,122.0,55.0,159.0
636.0,127.0,54.0,153.0
639.0,132.0,53.0,149.0
644.0,136.0,49.0,143.0
650.0,138.0,45.0,143.0
654.0,139.0,44.0,146.0
656.0,139.0,46.0,152.0
659.0,140.0,48.0,156.0
661.0,140.0,49.0,160.0
661.0,143.0,53.0,162.0
663.0,145.0,55.0,165.0
663.0,148.0,58.0,165.0
668.0,152.0,55.0,160.0
672.0,157.0,54.0,151.0
672.0,162.0,56.0,145.0
674.0,169.0,55.0,141.0
674.0,172.0,57.0,143.0
674.0,176.0,59.0,147.0
676.0,178.0,61.0,153.0
678.0,180.0,63.0,157.0
678.0,181.0,65.0,162.0
682.0,183.0,63.0,165.0
687.0,184.0,62.0,165.0
690.0,189.0,61.0,164.0
693.0,194.0,59.0,160.0
697.0,200.0,60.0,155.0
701.0,206.0,57.0,150.0
705.0,212.0,56.0,141.0
706.0,216.0,55.0,138.0
709.0,219.0,51.0,141.0
713.0,222.0,49.0,147.0
716.0,222.0,49.0,154.0
717.0,223.0,52.0,159.0
718.0,226.0,54.0,162.0
716.0,229.0,59.0,165.0
717.0,234.0,61.0,162.0
719.0,239.0,61.0,164.0
724.0,244.0,60.0,156.0
731.0,248.0,57.0,150.0
735.0,254.0,57.0,141.0
738.0,258.0,57.0,138.0
739.0,261.0,61.0,140.0
739.0,263.0,65.0,148.0
744.0,265.0,66.0,153.0
745.0,267.0,67.0,158.0
751.0,270.0,63.0,160.0
751.0,271.0,66.0,168.0
756.0,271.0,64.0,166.0
756.0,275.0,66.0,167.0
759.0,279.0,65.0,161.0
762.0,284.0,63.0,157.0
764.0,289.0,62.0,150.0
766.0,293.0,62.0,142.0
767.0,296.0,61.0,139.0
771.0,298.0,59.0,140.0
771.0,299.0,61.0,150.0
772.0,299.0,62.0,154.0
774.0,299.0,63.0,159.0
776.0,301.0,63.0,162.0
776.0,302.0,65.0,165.0
774.0,305.0,66.0,163.0
775.0,308.0,66.0,158.0
775.0,311.0,66.0,152.0
780.0,314.0,63.0,147.0
783.0,318.0,61.0,138.0
784.0,321.0,63.0,132.0
786.0,321.0,64.0,138.0
789.0,321.0,66.0,146.0
789.0,320.0,67.0,153.0
790.0,320.0,68.0,159.0
791.0,320.0,68.0,162.0
793.0,321.0,68.0,165.0
796.0,322.0,65.0,164.0
796.0,325.0,65.0,163.0
796.0,328.0,64.0,156.0
794.0,331.0,65.0,150.0
793.0,333.0,65.0,141.0
795.0,335.0,63.0,136.0
796.0,336.0,60.0,134.0
798.0,336.0,60.0,139.0
801.0,336.0,58.0,145.0
803.0,337.0,59.0,148.0
804.0,337.0,59.0,151.0
804.0,340.0,60.0,155.0
803.0,342.0,62.0,155.0
804.0,344.0,63.0,155.0
805.0,347.0,63.0,150.0
807.0,353.0,63.0,144.0
807.0,358.0,64.0,135.0
810.0,361.0,67.0,126.0
810.0,365.0,72.0,121.0
813.0,368.0,74.0,122.0
815.0,368.0,77.0,126.0
817.0,369.0,81.0,130.0
818.0,372.0,83.0,131.0
818.0,376.0,86.0,132.0
820.0,380.0,89.0,134.0
821.0,385.0,91.0,134.0
821.0,392.0,94.0,132.0
824.0,399.0,95.0,128.0
827.0,408.0,96.0,123.0
831.0,415.0,96.0,118.0
836.0,421.0,93.0,112.0
841.0,427.0,90.0,106.0
848.0,432.0,85.0,103.0
851.0,437.0,86.0,102.0
857.0,442.0,83.0,103.0
862.0,447.0,81.0,105.0
