799.0,638.0,62.0,82.0
813.0,635.0,57.0,83.0
826.0,636.0,58.0,83.0
835.0,635.0,62.0,84.0
843.0,634.0,67.0,85.0
843.0,631.0,81.0,87.0
844.0,629.0,92.0,92.0
848.0,628.0,101.0,91.0
852.0,627.0,109.0,92.0
857.0,626.0,118.0,94.0
865.0,624.0,121.0,95.0
875.0,623.0,123.0,95.0
886.0,624.0,122.0,96.0
897.0,626.0,122.0,94.0
914.0,627.0,117.0,90.0
932.0,627.0,110.0,89.0
950.0,626.0,106.0,91.0
967.0,624.0,102.0,93.0
978.0,622.0,102.0,97.0
982.0,618.0,109.0,100.0
1001.0,618.0,103.0,99.0
1004.0,615.0,111.0,103.0
998.0,614.0,127.0,104.0
1005.0,610.0,131.0,108.0
1015.0,611.0,131.0,107.0
1031.0,612.0,125.0,105.0
1045.0,614.0,120.0,103.0
1064.0,616.0,112.0,99.0
1081.0,616.0,107.0,96.0
1088.0,615.0,112.0,101.0
1091.0,614.0,122.0,102.0
1097.0,612.0,130.0,104.0
1102.0,612.0,136.0,104.0
1108.0,612.0,144.0,106.0
1115.0,610.0,147.0,106.0
1124.0,610.0,144.0,105.0
1133.0,611.0,145.0,105.0
1141.0,614.0,135.0,103.0
1154.0,620.0,124.0,96.0
1166.0,625.0,113.0,90.0
1181.0,629.0,99.0,85.0
1199.0,632.0,81.0,86.0
1216.0,637.0,61.0,83.0
1222.0,648.0,57.0,69.0
1223.0,674.0,58.0,45.0
1227.0,675.0,53.0,42.0
1233.0,686.0,48.0,33.0
1237.0,688.0,42.0,31.0
1242.0,690.0,37.0,29.0
1248.0,691.0,31.0,28.0
1254.0,689.0,24.0,27.0
1263.0,686.0,16.0,28.0
1273.0,684.0,10.0,28.0
1270.0,685.0,14.0,27.0
1268.0,686.0,16.0,28.0
1267.0,686.0,17.0,30.0
1267.0,686.0,18.0,31.0
1265.0,685.0,20.0,32.0
1263.0,676.0,22.0,34.0
1262.0,668.0,23.0,38.0
1260.0,668.0,25.0,40.0
1258.0,658.0,28.0,43.0
1255.0,648.0,32.0,45.0
1254.0,647.0,32.0,51.0
1238.0,640.0,40.0,51.0
1223.0,631.0,48.0,52.0
1221.0,632.0,53.0,59.0
1200.0,635.0,62.0,62.0
1181.0,620.0,68.0,69.0
1138.0,616.0,82.0,75.0
1021.0,611.0,81.0,98.0
1001.0,606.0,97.0,111.0
1009.0,606.0,91.0,112.0
1019.0,603.0,80.0,112.0
1020.0,596.0,79.0,108.0
1013.0,592.0,90.0,106.0
1008.0,588.0,98.0,104.0
1004.0,582.0,103.0,106.0
1001.0,577.0,107.0,107.0
996.0,573.0,111.0,108.0
994.0,569.0,114.0,109.0
993.0,567.0,112.0,105.0
992.0,563.0,111.0,102.0
994.0,561.0,108.0,100.0
997.0,556.0,102.0,98.0
1002.0,552.0,93.0,98.0
1008.0,546.0,85.0,104.0
1010.0,539.0,80.0,108.0
1010.0,533.0,77.0,114.0
1005.0,527.0,78.0,118.0
1000.0,521.0,83.0,126.0
996.0,521.0,92.0,131.0
1151.0,434.0,81.0,130.0
1142.0,429.0,82.0,131.0
1132.0,424.0,82.0,129.0
1122.0,418.0,84.0,122.0
1114.0,419.0,84.0,112.0
1102.0,414.0,84.0,109.0
1095.0,415.0,84.0,99.0
1082.0,412.0,84.0,99.0
1072.0,409.0,84.0,99.0
1066.0,406.0,81.0,102.0
1056.0,403.0,81.0,107.0
1047.0,401.0,81.0,109.0
1041.0,398.0,78.0,110.0
1034.0,396.0,76.0,111.0
1026.0,394.0,76.0,111.0
1014.0,393.0,78.0,114.0
1009.0,393.0,77.0,110.0
1001.0,390.0,75.0,106.0
993.0,387.0,71.0,99.0
990.0,386.0,65.0,87.0
981.0,386.0,66.0,94.0
974.0,386.0,63.0,95.0
963.0,385.0,65.0,99.0
954.0,382.0,65.0,105.0
945.0,384.0,64.0,99.0
936.0,384.0,63.0,101.0
924.0,385.0,64.0,100.0
913.0,383.0,66.0,98.0
899.0,386.0,69.0,98.0
891.0,387.0,66.0,96.0
881.0,387.0,65.0,97.0
874.0,385.0,63.0,100.0
864.0,386.0,63.0,97.0
858.0,385.0,59.0,95.0
848.0,388.0,60.0,102.0
843.0,387.0,55.0,102.0
835.0,390.0,53.0,106.0
828.0,391.0,50.0,108.0
820.0,392.0,48.0,112.0
812.0,394.0,47.0,108.0
801.0,398.0,46.0,112.0
792.0,401.0,47.0,114.0
783.0,402.0,46.0,119.0
774.0,405.0,45.0,115.0
766.0,406.0,43.0,117.0
756.0,408.0,44.0,118.0
747.0,410.0,44.0,118.0
739.0,411.0,43.0,114.0
727.0,409.0,42.0,109.0
719.0,410.0,44.0,109.0
711.0,414.0,43.0,107.0
700.0,416.0,45.0,101.0
693.0,419.0,46.0,100.0
684.0,421.0,46.0,95.0
676.0,424.0,47.0,94.0
669.0,426.0,47.0,94.0
661.0,430.0,48.0,95.0
652.0,431.0,50.0,98.0
643.0,434.0,52.0,99.0
627.0,436.0,62.0,100.0
620.0,439.0,63.0,99.0
604.0,441.0,71.0,100.0
604.0,447.0,68.0,101.0
592.0,449.0,73.0,104.0
587.0,451.0,73.0,103.0
583.0,452.0,72.0,103.0
577.0,454.0,68.0,102.0
573.0,456.0,65.0,102.0
571.0,458.0,61.0,103.0
566.0,459.0,58.0,108.0
561.0,461.0,58.0,111.0
552.0,463.0,57.0,113.0
547.0,466.0,58.0,115.0
539.0,467.0,57.0,119.0
531.0,470.0,59.0,121.0
522.0,472.0,59.0,121.0
513.0,475.0,61.0,122.0
504.0,476.0,62.0,124.0
497.0,480.0,63.0,124.0
488.0,482.0,66.0,124.0
480.0,485.0,68.0,125.0
473.0,488.0,68.0,120.0
468.0,489.0,68.0,120.0
463.0,490.0,66.0,113.0
458.0,490.0,65.0,111.0
453.0,491.0,63.0,106.0
450.0,492.0,62.0,105.0
446.0,492.0,61.0,109.0
441.0,493.0,61.0,111.0
439.0,494.0,60.0,113.0
435.0,494.0,60.0,116.0
433.0,494.0,60.0,117.0
430.0,494.0,59.0,120.0
427.0,494.0,60.0,121.0
424.0,494.0,59.0,124.0
421.0,493.0,59.0,127.0
420.0,493.0,59.0,129.0
417.0,493.0,60.0,130.0
414.0,494.0,62.0,129.0
412.0,494.0,61.0,131.0
411.0,490.0,61.0,132.0
409.0,489.0,61.0,128.0
407.0,487.0,62.0,123.0
406.0,488.0,63.0,116.0
403.0,487.0,64.0,108.0
400.0,485.0,65.0,101.0
398.0,485.0,67.0,97.0
396.0,485.0,70.0,97.0
394.0,487.0,69.0,95.0
390.0,486.0,74.0,98.0
389.0,486.0,75.0,98.0
386.0,487.0,79.0,99.0
384.0,488.0,83.0,98.0
381.0,488.0,86.0,98.0
379.0,488.0,87.0,98.0
375.0,486.0,90.0,97.0
372.0,485.0,89.0,97.0
370.0,484.0,84.0,95.0
368.0,481.0,80.0,96.0
367.0,480.0,73.0,94.0
365.0,479.0,66.0,96.0
363.0,477.0,63.0,97.0
361.0,476.0,59.0,101.0
360.0,475.0,56.0,102.0
360.0,474.0,54.0,105.0
358.0,473.0,52.0,107.0
358.0,470.0,51.0,109.0
356.0,469.0,51.0,110.0
356.0,467.0,51.0,113.0
355.0,464.0,51.0,116.0
353.0,462.0,52.0,119.0
354.0,460.0,52.0,121.0
352.0,458.0,53.0,124.0
352.0,455.0,55.0,127.0
352.0,453.0,53.0,129.0
354.0,452.0,50.0,130.0
353.0,449.0,51.0,131.0
354.0,446.0,49.0,133.0
352.0,445.0,47.0,134.0
353.0,443.0,45.0,132.0
353.0,441.0,41.0,129.0
351.0,439.0,42.0,126.0
350.0,436.0,44.0,122.0
349.0,436.0,47.0,117.0
350.0,436.0,45.0,110.0
350.0,435.0,42.0,106.0
348.0,435.0,42.0,105.0
349.0,435.0,40.0,106.0
349.0,434.0,41.0,110.0
350.0,435.0,40.0,111.0
350.0,433.0,39.0,114.0
350.0,434.0,40.0,114.0
348.0,434.0,43.0,111.0
346.0,436.0,47.0,107.0
344.0,435.0,50.0,104.0
343.0,435.0,51.0,101.0
345.0,434.0,49.0,100.0
346.0,433.0,47.0,102.0
347.0,431.0,45.0,107.0
347.0,429.0,43.0,110.0
348.0,428.0,42.0,115.0
347.0,427.0,43.0,117.0
348.0,426.0,43.0,119.0
348.0,426.0,41.0,123.0
349.0,426.0,37.0,125.0
350.0,424.0,36.0,128.0
352.0,422.0,35.0,132.0
353.0,421.0,37.0,130.0
355.0,419.0,36.0,125.0
357.0,417.0,35.0,120.0
361.0,416.0,35.0,116.0
363.0,414.0,37.0,112.0
363.0,412.0,39.0,108.0
364.0,412.0,41.0,105.0
366.0,412.0,43.0,105.0
368.0,412.0,43.0,109.0
370.0,412.0,40.0,111.0
371.0,413.0,38.0,114.0
374.0,412.0,55.0,117.0
372.0,412.0,56.0,115.0
376.0,414.0,55.0,116.0
377.0,412.0,53.0,114.0
379.0,412.0,48.0,113.0
381.0,410.0,50.0,112.0
384.0,409.0,47.0,110.0
388.0,409.0,44.0,103.0
394.0,407.0,41.0,98.0
395.0,405.0,42.0,98.0
397.0,405.0,44.0,100.0
395.0,405.0,48.0,102.0
394.0,405.0,51.0,105.0
397.0,404.0,53.0,107.0
401.0,404.0,58.0,108.0
406.0,404.0,61.0,110.0
411.0,404.0,62.0,111.0
413.0,404.0,62.0,111.0
416.0,402.0,60.0,111.0
421.0,401.0,61.0,110.0
427.0,400.0,57.0,110.0
434.0,401.0,60.0,107.0
442.0,400.0,61.0,104.0
450.0,399.0,62.0,102.0
456.0,397.0,60.0,100.0
460.0,394.0,61.0,100.0
460.0,393.0,62.0,102.0
462.0,391.0,64.0,104.0
464.0,390.0,67.0,103.0
467.0,389.0,72.0,103.0
468.0,388.0,75.0,103.0
472.0,390.0,77.0,102.0
477.0,391.0,78.0,99.0
481.0,393.0,76.0,95.0
487.0,395.0,74.0,90.0
496.0,395.0,69.0,89.0
506.0,396.0,64.0,89.0
514.0,394.0,60.0,93.0
521.0,392.0,58.0,97.0
523.0,391.0,59.0,100.0
527.0,389.0,59.0,102.0
530.0,387.0,60.0,104.0
535.0,386.0,61.0,107.0
540.0,386.0,64.0,107.0
545.0,386.0,65.0,107.0
552.0,388.0,59.0,105.0
561.0,390.0,54.0,101.0
571.0,390.0,49.0,100.0
582.0,392.0,44.0,96.0
593.0,392.0,40.0,94.0
596.0,392.0,42.0,96.0
593.0,392.0,52.0,96.0
595.0,390.0,58.0,97.0
598.0,389.0,62.0,99.0
601.0,390.0,65.0,97.0
605.0,392.0,69.0,95.0
610.0,392.0,73.0,94.0
615.0,395.0,71.0,92.0
619.0,397.0,70.0,89.0
630.0,398.0,67.0,90.0
639.0,400.0,64.0,88.0
653.0,401.0,59.0,89.0
663.0,400.0,53.0,95.0
673.0,397.0,49.0,98.0
674.0,395.0,54.0,101.0
674.0,394.0,58.0,105.0
676.0,392.0,60.0,106.0
676.0,390.0,62.0,109.0
679.0,389.0,62.0,109.0
680.0,388.0,64.0,108.0
681.0,389.0,61.0,106.0
689.0,390.0,55.0,104.0
696.0,390.0,49.0,100.0
706.0,390.0,41.0,96.0
705.0,390.0,44.0,96.0
701.0,388.0,48.0,98.0
696.0,387.0,55.0,99.0
692.0,385.0,60.0,102.0
692.0,381.0,66.0,105.0
690.0,379.0,67.0,106.0
689.0,377.0,70.0,106.0
689.0,377.0,74.0,106.0
689.0,377.0,73.0,101.0
691.0,373.0,73.0,100.0
696.0,372.0,73.0,100.0
702.0,371.0,69.0,100.0
710.0,370.0,62.0,100.0
713.0,369.0,58.0,102.0
712.0,364.0,63.0,111.0
711.0,359.0,65.0,114.0
712.0,356.0,66.0,114.0
714.0,356.0,66.0,114.0
715.0,355.0,67.0,114.0
719.0,353.0,66.0,112.0
723.0,354.0,62.0,110.0
731.0,354.0,57.0,106.0
742.0,353.0,48.0,102.0
749.0,351.0,43.0,100.0
747.0,350.0,48.0,100.0
745.0,348.0,53.0,102.0
745.0,344.0,58.0,105.0
746.0,340.0,61.0,109.0
745.0,338.0,64.0,109.0
745.0,336.0,67.0,109.0
750.0,334.0,66.0,108.0
753.0,335.0,66.0,104.0
757.0,335.0,65.0,102.0
760.0,336.0,65.0,96.0
770.0,338.0,60.0,94.0
776.0,336.0,56.0,95.0
784.0,335.0,52.0,98.0
787.0,332.0,52.0,101.0
792.0,328.0,51.0,107.0
791.0,323.0,53.0,112.0
793.0,320.0,55.0,113.0
795.0,316.0,55.0,117.0
797.0,315.0,55.0,116.0
800.0,313.0,53.0,115.0
804.0,312.0,51.0,112.0
807.0,312.0,49.0,108.0
812.0,313.0,45.0,100.0
816.0,310.0,41.0,98.0
815.0,308.0,41.0,98.0
815.0,305.0,42.0,100.0
815.0,301.0,43.0,107.0
815.0,298.0,45.0,108.0
812.0,294.0,48.0,110.0
811.0,295.0,51.0,108.0
811.0,291.0,53.0,109.0
810.0,290.0,55.0,108.0
810.0,290.0,55.0,104.0
811.0,290.0,54.0,99.0
813.0,289.0,51.0,92.0
814.0,289.0,49.0,90.0
816.0,285.0,49.0,92.0
817.0,283.0,47.0,97.0
817.0,278.0,48.0,103.0
818.0,273.0,49.0,107.0
818.0,271.0,50.0,109.0
818.0,266.0,50.0,112.0
818.0,266.0,50.0,111.0
819.0,264.0,49.0,110.0
820.0,263.0,48.0,109.0
821.0,265.0,47.0,105.0
822.0,265.0,45.0,101.0
822.0,263.0,43.0,97.0
822.0,263.0,43.0,92.0
822.0,262.0,44.0,90.0
821.0,262.0,45.0,90.0
819.0,259.0,47.0,94.0
819.0,258.0,49.0,95.0
819.0,256.0,49.0,97.0
820.0,254.0,50.0,98.0
820.0,252.0,50.0,101.0
820.0,251.0,50.0,99.0
820.0,254.0,49.0,96.0
823.0,253.0,48.0,95.0
824.0,251.0,47.0,91.0
826.0,251.0,45.0,87.0
827.0,249.0,44.0,86.0
828.0,248.0,43.0,86.0
828.0,248.0,43.0,88.0
829.0,241.0,42.0,94.0
828.0,239.0,42.0,98.0
825.0,228.0,45.0,110.0
823.0,219.0,48.0,119.0
819.0,206.0,51.0,133.0
817.0,202.0,54.0,134.0
814.0,198.0,54.0,134.0
815.0,204.0,53.0,126.0
817.0,205.0,51.0,121.0
820.0,214.0,50.0,108.0
824.0,219.0,49.0,102.0
825.0,219.0,49.0,102.0
822.0,217.0,53.0,107.0
824.0,217.0,53.0,108.0
828.0,220.0,52.0,107.0
832.0,223.0,51.0,106.0
834.0,224.0,51.0,107.0
841.0,226.0,47.0,107.0
846.0,227.0,45.0,106.0
850.0,229.0,43.0,104.0
858.0,230.0,40.0,100.0
863.0,231.0,40.0,95.0
870.0,229.0,38.0,92.0
879.0,229.0,32.0,91.0
883.0,228.0,33.0,90.0
885.0,229.0,34.0,89.0
893.0,229.0,32.0,89.0
894.0,231.0,34.0,88.0
897.0,232.0,35.0,90.0
903.0,234.0,34.0,88.0
904.0,236.0,36.0,86.0
907.0,240.0,37.0,82.0
911.0,242.0,38.0,79.0
914.0,243.0,40.0,75.0
919.0,243.0,38.0,71.0
925.0,244.0,37.0,70.0
927.0,243.0,38.0,79.0
934.0,244.0,38.0,81.0
938.0,244.0,38.0,81.0
943.0,244.0,39.0,82.0
945.0,245.0,41.0,87.0
950.0,246.0,42.0,87.0
951.0,245.0,45.0,89.0
957.0,245.0,43.0,87.0
961.0,245.0,41.0,87.0
963.0,243.0,41.0,87.0
964.0,243.0,40.0,84.0
964.0,243.0,41.0,83.0
961.0,243.0,43.0,81.0
959.0,243.0,45.0,78.0
956.0,244.0,47.0,78.0
953.0,244.0,48.0,78.0
950.0,244.0,50.0,79.0
947.0,246.0,53.0,78.0
944.0,246.0,54.0,78.0
943.0,247.0,55.0,78.0
940.0,250.0,57.0,77.0
940.0,249.0,57.0,78.0
937.0,249.0,60.0,78.0
936.0,246.0,59.0,79.0
935.0,247.0,60.0,80.0
935.0,246.0,58.0,80.0
932.0,245.0,60.0,80.0
934.0,243.0,57.0,80.0
933.0,242.0,56.0,78.0
932.0,242.0,56.0,79.0
933.0,242.0,54.0,79.0
932.0,242.0,52.0,80.0
932.0,241.0,51.0,82.0
929.0,240.0,51.0,84.0
929.0,239.0,49.0,85.0
927.0,239.0,48.0,87.0
925.0,238.0,48.0,89.0
922.0,238.0,48.0,90.0
918.0,237.0,49.0,92.0
916.0,236.0,48.0,93.0
914.0,236.0,47.0,94.0
911.0,235.0,46.0,95.0
908.0,236.0,46.0,96.0
905.0,235.0,45.0,97.0
902.0,233.0,43.0,99.0
900.0,233.0,43.0,99.0
897.0,232.0,41.0,99.0
895.0,232.0,41.0,100.0
893.0,231.0,39.0,100.0
891.0,231.0,40.0,98.0
889.0,230.0,40.0,98.0
886.0,229.0,40.0,96.0
884.0,230.0,41.0,93.0
882.0,230.0,41.0,89.0
879.0,230.0,41.0,87.0
877.0,231.0,40.0,86.0
874.0,231.0,41.0,86.0
872.0,230.0,40.0,87.0
869.0,230.0,41.0,88.0
866.0,231.0,41.0,88.0
862.0,230.0,41.0,90.0
859.0,231.0,41.0,91.0
855.0,230.0,41.0,92.0
852.0,231.0,41.0,92.0
849.0,233.0,41.0,92.0
845.0,232.0,39.0,94.0
841.0,233.0,40.0,94.0
836.0,234.0,40.0,95.0
831.0,232.0,40.0,98.0
827.0,234.0,41.0,97.0
821.0,234.0,42.0,98.0
817.0,235.0,43.0,97.0
812.0,234.0,42.0,96.0
808.0,235.0,43.0,94.0
803.0,234.0,44.0,91.0
799.0,233.0,43.0,89.0
793.0,234.0,45.0,85.0
788.0,234.0,45.0,85.0
783.0,235.0,45.0,86.0
778.0,234.0,46.0,86.0
774.0,234.0,46.0,88.0
764.0,235.0,51.0,90.0
759.0,236.0,51.0,90.0
755.0,236.0,51.0,90.0
751.0,237.0,50.0,91.0
748.0,237.0,47.0,92.0
745.0,239.0,45.0,92.0
743.0,239.0,42.0,93.0
741.0,241.0,41.0,92.0
740.0,243.0,39.0,91.0
739.0,244.0,37.0,91.0
738.0,245.0,37.0,90.0
736.0,247.0,37.0,91.0
736.0,247.0,36.0,92.0
735.0,249.0,34.0,92.0
735.0,251.0,34.0,90.0
735.0,252.0,33.0,91.0
734.0,254.0,34.0,89.0
735.0,255.0,34.0,88.0
734.0,257.0,34.0,88.0
734.0,259.0,35.0,89.0
734.0,262.0,35.0,90.0
735.0,264.0,35.0,89.0
736.0,266.0,35.0,89.0
736.0,269.0,35.0,89.0
736.0,271.0,36.0,89.0
735.0,273.0,36.0,89.0
736.0,275.0,36.0,90.0
736.0,277.0,36.0,90.0
736.0,278.0,36.0,91.0
735.0,280.0,38.0,90.0
734.0,282.0,39.0,92.0
731.0,284.0,40.0,92.0
730.0,286.0,42.0,90.0
727.0,288.0,44.0,91.0
724.0,290.0,45.0,91.0
724.0,291.0,45.0,91.0
724.0,293.0,43.0,92.0
722.0,294.0,42.0,93.0
721.0,297.0,41.0,94.0
718.0,298.0,41.0,93.0
716.0,300.0,40.0,93.0
712.0,302.0,39.0,95.0
707.0,303.0,39.0,94.0
703.0,305.0,39.0,94.0
698.0,306.0,38.0,94.0
693.0,307.0,38.0,93.0
688.0,308.0,37.0,94.0
684.0,309.0,37.0,94.0
678.0,311.0,37.0,95.0
674.0,311.0,36.0,95.0
669.0,312.0,36.0,96.0
663.0,315.0,36.0,96.0
658.0,316.0,36.0,97.0
654.0,318.0,36.0,96.0
648.0,320.0,37.0,96.0
645.0,322.0,35.0,95.0
640.0,324.0,36.0,96.0
636.0,326.0,36.0,96.0
632.0,329.0,37.0,96.0
628.0,332.0,36.0,95.0
623.0,334.0,36.0,95.0
619.0,337.0,36.0,95.0
613.0,340.0,38.0,93.0
609.0,343.0,39.0,94.0
604.0,346.0,36.0,91.0
600.0,349.0,38.0,91.0
595.0,352.0,37.0,89.0
591.0,355.0,38.0,89.0
585.0,359.0,37.0,89.0
580.0,361.0,37.0,87.0
575.0,364.0,36.0,86.0
569.0,366.0,37.0,86.0
563.0,371.0,37.0,85.0
558.0,373.0,38.0,82.0
553.0,377.0,39.0,81.0
548.0,381.0,40.0,84.0
543.0,386.0,41.0,88.0
538.0,388.0,43.0,93.0
532.0,393.0,44.0,96.0
527.0,396.0,44.0,92.0
524.0,401.0,46.0,91.0
519.0,405.0,47.0,89.0
516.0,409.0,48.0,88.0
513.0,414.0,48.0,85.0
510.0,418.0,47.0,85.0
507.0,420.0,48.0,86.0
503.0,425.0,47.0,83.0
502.0,430.0,48.0,81.0
497.0,436.0,46.0,79.0
496.0,439.0,46.0,79.0
493.0,445.0,43.0,80.0
492.0,450.0,43.0,81.0
488.0,455.0,43.0,81.0
486.0,462.0,46.0,83.0
484.0,468.0,45.0,82.0
480.0,474.0,48.0,84.0
475.0,476.0,50.0,84.0
470.0,482.0,52.0,82.0
466.0,487.0,54.0,81.0
464.0,491.0,52.0,80.0
462.0,496.0,53.0,80.0
462.0,501.0,53.0,81.0
462.0,505.0,52.0,78.0
468.0,510.0,48.0,77.0
473.0,515.0,44.0,76.0
476.0,521.0,42.0,81.0
477.0,527.0,42.0,87.0
476.0,532.0,44.0,93.0
474.0,540.0,49.0,95.0
472.0,547.0,55.0,95.0
471.0,554.0,58.0,95.0
471.0,560.0,63.0,93.0
