669.0,392.0,22.0,65.0
667.0,391.0,22.0,64.0
665.0,391.0,23.0,65.0
664.0,391.0,24.0,65.0
664.0,390.0,25.0,66.0
662.0,390.0,26.0,66.0
660.0,389.0,27.0,67.0
659.0,389.0,28.0,66.0
658.0,389.0,29.0,66.0
656.0,389.0,29.0,66.0
655.0,386.0,30.0,67.0
654.0,387.0,30.0,68.0
653.0,385.0,29.0,68.0
651.0,385.0,28.0,68.0
649.0,384.0,26.0,68.0
647.0,384.0,26.0,65.0
646.0,384.0,26.0,65.0
644.0,383.0,27.0,66.0
642.0,383.0,27.0,64.0
640.0,382.0,29.0,64.0
637.0,382.0,31.0,63.0
634.0,382.0,33.0,62.0
632.0,382.0,33.0,61.0
630.0,381.0,34.0,62.0
628.0,380.0,34.0,62.0
626.0,380.0,32.0,62.0
624.0,380.0,31.0,61.0
623.0,381.0,28.0,60.0
621.0,380.0,26.0,60.0
618.0,379.0,27.0,61.0
616.0,378.0,27.0,62.0
612.0,375.0,29.0,63.0
612.0,374.0,29.0,63.0
611.0,372.0,30.0,64.0
610.0,371.0,30.0,65.0
611.0,370.0,31.0,64.0
611.0,370.0,30.0,64.0
612.0,369.0,26.0,64.0
615.0,369.0,25.0,65.0
615.0,369.0,23.0,64.0
618.0,368.0,22.0,64.0
620.0,366.0,23.0,64.0
622.0,365.0,24.0,63.0
624.0,364.0,26.0,63.0
625.0,361.0,28.0,63.0
629.0,359.0,27.0,64.0
631.0,358.0,26.0,63.0
635.0,359.0,26.0,64.0
636.0,358.0,24.0,63.0
639.0,359.0,22.0,62.0
642.0,359.0,21.0,61.0
642.0,358.0,22.0,61.0
644.0,357.0,24.0,63.0
646.0,355.0,25.0,63.0
649.0,353.0,24.0,64.0
652.0,351.0,25.0,66.0
654.0,349.0,25.0,66.0
655.0,348.0,26.0,66.0
658.0,347.0,25.0,65.0
660.0,348.0,25.0,65.0
664.0,348.0,21.0,63.0
665.0,348.0,21.0,64.0
666.0,348.0,20.0,64.0
669.0,346.0,20.0,62.0
669.0,345.0,21.0,64.0
672.0,342.0,22.0,65.0
673.0,342.0,23.0,64.0
675.0,340.0,25.0,65.0
677.0,340.0,25.0,64.0
678.0,338.0,25.0,64.0
680.0,339.0,25.0,63.0
682.0,339.0,23.0,62.0
683.0,340.0,22.0,61.0
686.0,338.0,21.0,61.0
688.0,336.0,21.0,62.0
690.0,335.0,22.0,64.0
693.0,333.0,21.0,65.0
694.0,332.0,22.0,66.0
696.0,330.0,23.0,67.0
695.0,330.0,26.0,66.0
699.0,327.0,24.0,66.0
701.0,327.0,23.0,66.0
703.0,327.0,22.0,65.0
705.0,327.0,21.0,64.0
706.0,327.0,21.0,62.0
706.0,326.0,21.0,61.0
706.0,324.0,22.0,63.0
708.0,322.0,21.0,64.0
707.0,319.0,22.0,65.0
708.0,318.0,22.0,65.0
710.0,317.0,23.0,65.0
708.0,316.0,24.0,63.0
710.0,317.0,22.0,62.0
710.0,316.0,22.0,62.0
710.0,316.0,21.0,60.0
710.0,315.0,22.0,60.0
712.0,314.0,21.0,61.0
713.0,312.0,21.0,63.0
714.0,309.0,21.0,64.0
714.0,307.0,21.0,65.0
715.0,305.0,22.0,68.0
715.0,305.0,22.0,66.0
716.0,305.0,22.0,64.0
717.0,304.0,21.0,63.0
718.0,304.0,20.0,62.0
718.0,304.0,21.0,61.0
719.0,304.0,20.0,56.0
717.0,301.0,21.0,60.0
717.0,301.0,21.0,59.0
718.0,297.0,21.0,61.0
718.0,298.0,22.0,60.0
718.0,295.0,23.0,61.0
714.0,294.0,27.0,60.0
714.0,295.0,27.0,59.0
716.0,295.0,24.0,57.0
717.0,292.0,24.0,57.0
718.0,291.0,24.0,59.0
721.0,289.0,21.0,58.0
721.0,288.0,22.0,61.0
722.0,285.0,21.0,64.0
723.0,284.0,22.0,64.0
724.0,283.0,22.0,62.0
725.0,282.0,22.0,60.0
725.0,282.0,21.0,57.0
726.0,283.0,19.0,53.0
726.0,280.0,19.0,56.0
727.0,279.0,19.0,57.0
725.0,278.0,22.0,59.0
727.0,276.0,21.0,60.0
726.0,276.0,21.0,59.0
729.0,275.0,20.0,59.0
728.0,275.0,20.0,56.0
729.0,277.0,19.0,56.0
730.0,278.0,19.0,55.0
730.0,280.0,18.0,53.0
731.0,281.0,19.0,55.0
732.0,282.0,20.0,53.0
735.0,282.0,19.0,51.0
734.0,281.0,20.0,44.0
736.0,283.0,19.0,43.0
736.0,289.0,21.0,45.0
732.0,295.0,27.0,43.0
732.0,298.0,31.0,46.0
728.0,301.0,34.0,52.0
719.0,312.0,47.0,45.0
722.0,319.0,51.0,39.0
729.0,320.0,47.0,39.0
734.0,319.0,44.0,39.0
741.0,320.0,41.0,38.0
745.0,320.0,41.0,39.0
745.0,322.0,43.0,38.0
745.0,324.0,45.0,38.0
745.0,325.0,47.0,39.0
751.0,327.0,44.0,40.0
758.0,325.0,40.0,38.0
758.0,327.0,41.0,38.0
762.0,328.0,42.0,38.0
763.0,329.0,42.0,40.0
760.0,332.0,47.0,38.0
762.0,333.0,49.0,39.0
768.0,333.0,44.0,38.0
770.0,335.0,46.0,39.0
773.0,335.0,44.0,39.0
776.0,337.0,44.0,39.0
776.0,339.0,48.0,40.0
779.0,341.0,46.0,39.0
782.0,340.0,46.0,40.0
782.0,341.0,47.0,40.0
788.0,342.0,45.0,39.0
787.0,343.0,46.0,40.0
788.0,346.0,46.0,40.0
789.0,345.0,46.0,41.0
789.0,348.0,47.0,41.0
795.0,349.0,44.0,39.0
794.0,349.0,44.0,40.0
795.0,351.0,46.0,39.0
794.0,354.0,46.0,39.0
789.0,356.0,48.0,40.0
795.0,354.0,47.0,40.0
793.0,357.0,48.0,41.0
798.0,358.0,45.0,41.0
797.0,359.0,47.0,40.0
798.0,359.0,46.0,43.0
797.0,359.0,48.0,44.0
799.0,362.0,48.0,42.0
795.0,364.0,50.0,43.0
803.0,366.0,46.0,41.0
800.0,366.0,47.0,41.0
801.0,366.0,48.0,44.0
800.0,370.0,50.0,42.0
801.0,372.0,49.0,43.0
803.0,373.0,46.0,43.0
804.0,373.0,47.0,44.0
805.0,374.0,48.0,44.0
804.0,376.0,50.0,44.0
807.0,378.0,48.0,45.0
809.0,380.0,48.0,45.0
809.0,381.0,48.0,44.0
815.0,384.0,46.0,41.0
815.0,387.0,47.0,42.0
821.0,388.0,47.0,43.0
820.0,392.0,49.0,42.0
824.0,393.0,48.0,42.0
830.0,396.0,47.0,41.0
831.0,396.0,49.0,44.0
840.0,401.0,49.0,41.0
842.0,401.0,48.0,43.0
850.0,405.0,48.0,41.0
854.0,408.0,46.0,41.0
856.0,412.0,51.0,39.0
868.0,415.0,46.0,39.0
869.0,417.0,50.0,41.0
874.0,419.0,51.0,43.0
881.0,421.0,49.0,43.0
888.0,425.0,48.0,40.0
892.0,430.0,51.0,41.0
898.0,433.0,50.0,40.0
901.0,435.0,52.0,41.0
910.0,438.0,48.0,42.0
909.0,445.0,51.0,40.0
919.0,444.0,49.0,42.0
923.0,450.0,49.0,39.0
924.0,451.0,51.0,42.0
927.0,456.0,51.0,41.0
931.0,459.0,53.0,42.0
935.0,463.0,53.0,42.0
937.0,466.0,53.0,42.0
943.0,468.0,52.0,41.0
944.0,473.0,52.0,41.0
949.0,475.0,51.0,41.0
950.0,481.0,54.0,41.0
952.0,483.0,53.0,42.0
954.0,486.0,52.0,40.0
959.0,489.0,49.0,41.0
959.0,491.0,52.0,42.0
961.0,494.0,52.0,44.0
964.0,497.0,52.0,42.0
965.0,502.0,52.0,42.0
969.0,503.0,51.0,42.0
975.0,507.0,46.0,38.0
976.0,513.0,44.0,39.0
986.0,514.0,36.0,37.0
992.0,516.0,31.0,35.0
997.0,522.0,31.0,30.0
1009.0,523.0,22.0,28.0
1013.0,528.0,20.0,27.0
1013.0,534.0,20.0,25.0
1018.0,535.0,18.0,25.0
1020.0,541.0,18.0,24.0
1020.0,543.0,19.0,24.0
1020.0,549.0,21.0,24.0
1022.0,553.0,21.0,24.0
1022.0,558.0,22.0,23.0
1024.0,563.0,22.0,23.0
1024.0,566.0,24.0,22.0
1030.0,571.0,22.0,23.0
1031.0,574.0,22.0,22.0
1032.0,579.0,22.0,22.0
1033.0,584.0,23.0,21.0
1033.0,589.0,23.0,21.0
1039.0,594.0,21.0,21.0
1040.0,600.0,21.0,20.0
1043.0,605.0,20.0,19.0
1045.0,610.0,19.0,18.0
1049.0,615.0,17.0,17.0
1051.0,624.0,15.0,15.0
1053.0,629.0,15.0,18.0
1049.0,629.0,13.0,23.0
1048.0,637.0,14.0,25.0
1047.0,646.0,16.0,26.0
1042.0,648.0,16.0,27.0
1042.0,657.0,17.0,27.0
1040.0,663.0,17.0,26.0
1041.0,667.0,18.0,26.0
1042.0,671.0,19.0,27.0
1037.0,683.0,22.0,28.0
1031.0,688.0,20.0,34.0
1021.0,689.0,24.0,31.0
1022.0,692.0,23.0,30.0
1022.0,697.0,25.0,25.0
1022.0,704.0,29.0,18.0
1024.0,707.0,27.0,17.0
1019.0,702.0,22.0,21.0
1003.0,703.0,23.0,20.0
986.0,701.0,24.0,22.0
991.0,702.0,20.0,20.0
993.0,700.0,16.0,22.0
991.0,697.0,15.0,24.0
992.0,698.0,17.0,23.0
991.0,699.0,20.0,22.0
993.0,701.0,20.0,22.0
996.0,700.0,20.0,22.0
998.0,692.0,17.0,25.0
999.0,692.0,17.0,25.0
998.0,695.0,18.0,25.0
999.0,699.0,17.0,24.0
992.0,702.0,18.0,21.0
988.0,702.0,17.0,21.0
982.0,703.0,18.0,20.0
977.0,702.0,18.0,20.0
971.0,702.0,19.0,20.0
955.0,701.0,20.0,20.0
953.0,703.0,19.0,19.0
956.0,702.0,17.0,20.0
950.0,700.0,18.0,21.0
946.0,699.0,17.0,23.0
946.0,698.0,18.0,23.0
941.0,697.0,19.0,23.0
936.0,695.0,20.0,24.0
931.0,691.0,19.0,28.0
905.0,682.0,21.0,35.0
894.0,683.0,28.0,36.0
896.0,685.0,30.0,37.0
898.0,691.0,30.0,32.0
900.0,694.0,30.0,28.0
905.0,695.0,21.0,29.0
910.0,700.0,20.0,25.0
911.0,704.0,19.0,20.0
907.0,701.0,15.0,23.0
902.0,696.0,15.0,24.0
903.0,683.0,14.0,28.0
902.0,675.0,14.0,29.0
902.0,672.0,15.0,29.0
890.0,665.0,16.0,28.0
889.0,667.0,16.0,28.0
882.0,670.0,17.0,28.0
881.0,674.0,17.0,28.0
879.0,679.0,18.0,28.0
881.0,685.0,17.0,30.0
881.0,689.0,18.0,27.0
881.0,694.0,19.0,25.0
882.0,689.0,18.0,27.0
875.0,690.0,19.0,27.0
870.0,683.0,18.0,30.0
869.0,678.0,20.0,31.0
862.0,671.0,21.0,31.0
857.0,665.0,20.0,33.0
858.0,661.0,21.0,33.0
858.0,655.0,22.0,32.0
859.0,649.0,22.0,32.0
863.0,652.0,20.0,33.0
863.0,653.0,22.0,32.0
863.0,653.0,21.0,32.0
863.0,654.0,21.0,32.0
862.0,654.0,21.0,33.0
861.0,657.0,22.0,34.0
861.0,659.0,23.0,35.0
854.0,651.0,22.0,36.0
845.0,643.0,23.0,34.0
840.0,636.0,20.0,30.0
841.0,638.0,18.0,31.0
833.0,641.0,20.0,28.0
827.0,637.0,18.0,28.0
827.0,641.0,19.0,29.0
828.0,644.0,20.0,29.0
829.0,647.0,20.0,30.0
830.0,657.0,20.0,32.0
830.0,662.0,21.0,31.0
832.0,664.0,22.0,32.0
833.0,666.0,23.0,33.0
834.0,668.0,24.0,34.0
835.0,662.0,24.0,34.0
839.0,662.0,22.0,34.0
843.0,665.0,21.0,33.0
847.0,669.0,20.0,32.0
848.0,672.0,20.0,32.0
849.0,676.0,20.0,32.0
843.0,670.0,20.0,32.0
838.0,664.0,18.0,32.0
840.0,667.0,19.0,33.0
839.0,670.0,20.0,32.0
839.0,663.0,21.0,33.0
839.0,656.0,20.0,33.0
839.0,653.0,20.0,33.0
832.0,652.0,21.0,33.0
836.0,649.0,19.0,31.0
837.0,656.0,18.0,30.0
842.0,663.0,17.0,30.0
844.0,668.0,16.0,27.0
846.0,672.0,15.0,25.0
848.0,684.0,14.0,24.0
851.0,689.0,14.0,24.0
852.0,693.0,13.0,23.0
854.0,697.0,13.0,21.0
854.0,698.0,13.0,21.0
850.0,698.0,13.0,22.0
849.0,693.0,13.0,23.0
850.0,695.0,14.0,21.0
852.0,696.0,12.0,21.0
847.0,699.0,14.0,20.0
847.0,700.0,15.0,20.0
842.0,699.0,15.0,20.0
841.0,695.0,15.0,22.0
842.0,690.0,15.0,24.0
836.0,682.0,15.0,26.0
836.0,682.0,14.0,24.0
836.0,674.0,15.0,27.0
837.0,668.0,16.0,27.0
832.0,663.0,17.0,26.0
835.0,664.0,16.0,25.0
838.0,669.0,15.0,25.0
839.0,675.0,16.0,24.0
835.0,677.0,16.0,25.0
836.0,681.0,17.0,26.0
838.0,685.0,17.0,26.0
833.0,678.0,16.0,28.0
826.0,680.0,17.0,28.0
822.0,684.0,16.0,29.0
815.0,680.0,17.0,29.0
814.0,681.0,18.0,30.0
814.0,682.0,18.0,29.0
816.0,678.0,19.0,29.0
817.0,673.0,18.0,31.0
810.0,676.0,19.0,31.0
805.0,677.0,19.0,31.0
806.0,680.0,19.0,30.0
807.0,675.0,19.0,31.0
807.0,677.0,20.0,31.0
801.0,678.0,20.0,31.0
800.0,680.0,21.0,32.0
800.0,680.0,21.0,33.0
801.0,673.0,21.0,34.0
801.0,671.0,21.0,34.0
802.0,675.0,20.0,32.0
803.0,679.0,19.0,31.0
804.0,681.0,20.0,31.0
804.0,684.0,20.0,31.0
799.0,678.0,19.0,32.0
791.0,672.0,20.0,32.0
792.0,664.0,21.0,34.0
784.0,657.0,21.0,33.0
785.0,652.0,21.0,33.0
784.0,654.0,21.0,33.0
785.0,657.0,21.0,33.0
785.0,660.0,22.0,33.0
786.0,660.0,22.0,35.0
787.0,648.0,23.0,38.0
788.0,642.0,24.0,38.0
789.0,635.0,24.0,37.0
781.0,629.0,25.0,37.0
782.0,631.0,25.0,37.0
774.0,633.0,24.0,37.0
774.0,637.0,24.0,36.0
768.0,638.0,23.0,36.0
769.0,641.0,24.0,36.0
770.0,642.0,23.0,36.0
771.0,642.0,24.0,37.0
770.0,643.0,25.0,37.0
772.0,645.0,24.0,38.0
773.0,648.0,25.0,38.0
774.0,652.0,25.0,39.0
767.0,654.0,25.0,38.0
768.0,656.0,25.0,38.0
770.0,658.0,25.0,38.0
771.0,659.0,25.0,38.0
772.0,659.0,25.0,39.0
772.0,653.0,25.0,39.0
772.0,655.0,25.0,40.0
765.0,657.0,25.0,39.0
758.0,649.0,24.0,40.0
760.0,644.0,23.0,39.0
752.0,644.0,24.0,39.0
744.0,635.0,24.0,40.0
745.0,628.0,25.0,39.0
750.0,619.0,23.0,38.0
753.0,625.0,21.0,36.0
756.0,629.0,20.0,34.0
758.0,634.0,19.0,32.0
761.0,640.0,17.0,31.0
763.0,647.0,15.0,28.0
765.0,656.0,15.0,25.0
768.0,662.0,13.0,25.0
769.0,667.0,13.0,24.0
771.0,673.0,13.0,23.0
773.0,680.0,11.0,22.0
774.0,685.0,12.0,21.0
776.0,690.0,11.0,21.0
778.0,696.0,11.0,21.0
779.0,703.0,11.0,19.0
780.0,704.0,12.0,18.0
777.0,691.0,11.0,20.0
776.0,687.0,11.0,21.0
770.0,688.0,12.0,21.0
767.0,689.0,14.0,20.0
764.0,686.0,13.0,22.0
759.0,688.0,14.0,22.0
758.0,690.0,14.0,22.0
755.0,691.0,14.0,23.0
754.0,692.0,15.0,23.0
749.0,685.0,15.0,26.0
744.0,680.0,16.0,26.0
741.0,677.0,16.0,26.0
741.0,681.0,17.0,26.0
742.0,685.0,17.0,26.0
745.0,691.0,17.0,25.0
748.0,699.0,16.0,22.0
749.0,701.0,16.0,21.0
749.0,703.0,16.0,19.0
746.0,696.0,14.0,22.0
742.0,689.0,15.0,24.0
741.0,683.0,15.0,25.0
742.0,679.0,16.0,26.0
742.0,674.0,16.0,27.0
744.0,671.0,17.0,26.0
746.0,674.0,17.0,26.0
747.0,675.0,17.0,25.0
748.0,673.0,17.0,29.0
745.0,655.0,16.0,32.0
749.0,650.0,16.0,31.0
753.0,653.0,15.0,31.0
755.0,659.0,14.0,30.0
756.0,665.0,15.0,29.0
758.0,670.0,14.0,30.0
759.0,677.0,14.0,29.0
761.0,681.0,13.0,30.0
763.0,687.0,14.0,29.0
764.0,691.0,14.0,28.0
765.0,694.0,16.0,26.0
767.0,697.0,15.0,26.0
768.0,694.0,16.0,24.0
763.0,685.0,16.0,26.0
757.0,671.0,13.0,28.0
759.0,676.0,12.0,23.0
762.0,683.0,11.0,20.0
764.0,688.0,11.0,20.0
766.0,695.0,10.0,20.0
767.0,702.0,10.0,18.0
767.0,704.0,12.0,16.0
767.0,708.0,12.0,15.0
763.0,706.0,11.0,16.0
759.0,700.0,11.0,17.0
759.0,693.0,12.0,20.0
763.0,689.0,13.0,22.0
765.0,690.0,14.0,22.0
767.0,693.0,14.0,23.0
768.0,695.0,15.0,23.0
770.0,696.0,14.0,24.0
764.0,697.0,16.0,23.0
758.0,697.0,17.0,23.0
758.0,691.0,17.0,25.0
759.0,686.0,17.0,25.0
759.0,681.0,17.0,25.0
753.0,676.0,17.0,26.0
753.0,671.0,17.0,26.0
753.0,672.0,17.0,27.0
752.0,674.0,17.0,27.0
747.0,668.0,18.0,28.0
746.0,663.0,20.0,29.0
746.0,656.0,20.0,28.0
740.0,649.0,19.0,30.0
740.0,651.0,20.0,30.0
742.0,644.0,18.0,30.0
741.0,646.0,19.0,30.0
741.0,649.0,19.0,29.0
736.0,649.0,19.0,30.0
736.0,653.0,20.0,30.0
736.0,656.0,20.0,31.0
735.0,659.0,22.0,31.0
733.0,662.0,22.0,31.0
733.0,665.0,22.0,31.0
732.0,666.0,23.0,32.0
732.0,667.0,24.0,32.0
733.0,668.0,24.0,33.0
733.0,669.0,25.0,34.0
733.0,670.0,26.0,35.0
732.0,670.0,27.0,36.0
733.0,664.0,27.0,39.0
733.0,663.0,28.0,41.0
733.0,657.0,29.0,42.0
735.0,647.0,29.0,43.0
737.0,649.0,29.0,41.0
739.0,651.0,28.0,40.0
740.0,654.0,26.0,40.0
743.0,657.0,25.0,39.0
746.0,662.0,24.0,36.0
749.0,667.0,23.0,35.0
744.0,671.0,21.0,34.0
747.0,677.0,20.0,32.0
747.0,681.0,21.0,31.0
747.0,684.0,20.0,31.0
745.0,688.0,22.0,30.0
745.0,691.0,22.0,28.0
739.0,692.0,21.0,28.0
730.0,688.0,21.0,28.0
722.0,689.0,20.0,28.0
715.0,682.0,19.0,30.0
711.0,678.0,18.0,31.0
710.0,674.0,19.0,32.0
703.0,668.0,20.0,32.0
698.0,662.0,18.0,32.0
703.0,667.0,15.0,32.0
706.0,672.0,14.0,30.0
708.0,677.0,14.0,30.0
710.0,682.0,14.0,28.0
712.0,686.0,13.0,27.0
715.0,692.0,13.0,25.0
719.0,699.0,11.0,21.0
722.0,703.0,11.0,19.0
724.0,707.0,11.0,15.0
725.0,708.0,11.0,14.0
722.0,702.0,10.0,16.0
712.0,701.0,11.0,16.0
712.0,703.0,11.0,17.0
707.0,698.0,12.0,18.0
702.0,698.0,13.0,20.0
697.0,696.0,13.0,19.0
699.0,699.0,13.0,18.0
699.0,698.0,13.0,19.0
699.0,694.0,13.0,20.0
696.0,693.0,13.0,21.0
686.0,703.0,13.0,20.0
682.0,696.0,13.0,21.0
681.0,690.0,14.0,22.0
681.0,685.0,14.0,22.0
682.0,687.0,15.0,22.0
682.0,690.0,15.0,24.0
682.0,692.0,17.0,25.0
677.0,692.0,16.0,26.0
671.0,686.0,17.0,27.0
671.0,679.0,18.0,28.0
673.0,673.0,16.0,28.0
681.0,676.0,16.0,25.0
682.0,684.0,14.0,24.0
683.0,685.0,15.0,24.0
684.0,686.0,15.0,26.0
685.0,685.0,17.0,28.0
693.0,676.0,16.0,29.0
696.0,674.0,15.0,30.0
698.0,675.0,15.0,30.0
700.0,678.0,15.0,31.0
699.0,675.0,18.0,30.0
699.0,678.0,20.0,32.0
692.0,674.0,20.0,33.0
691.0,667.0,20.0,35.0
692.0,661.0,22.0,36.0
695.0,654.0,23.0,36.0
702.0,645.0,23.0,37.0
705.0,646.0,22.0,34.0
709.0,648.0,22.0,35.0
712.0,651.0,21.0,36.0
714.0,655.0,21.0,35.0
715.0,660.0,21.0,35.0
717.0,666.0,20.0,36.0
718.0,671.0,20.0,36.0
719.0,674.0,20.0,36.0
722.0,678.0,20.0,36.0
724.0,679.0,20.0,35.0
725.0,684.0,20.0,33.0
727.0,684.0,20.0,32.0
729.0,686.0,20.0,30.0
730.0,685.0,20.0,31.0
732.0,679.0,20.0,33.0
733.0,679.0,21.0,33.0
734.0,676.0,22.0,34.0
734.0,670.0,23.0,36.0
735.0,659.0,23.0,40.0
736.0,650.0,25.0,40.0
729.0,640.0,26.0,37.0
731.0,642.0,26.0,36.0
731.0,634.0,26.0,37.0
733.0,625.0,26.0,39.0
736.0,615.0,27.0,39.0
768.0,575.0,20.0,50.0
770.0,577.0,18.0,42.0
772.0,582.0,16.0,37.0
774.0,589.0,15.0,41.0
775.0,591.0,16.0,36.0
776.0,596.0,16.0,39.0
777.0,602.0,15.0,38.0
778.0,604.0,16.0,36.0
780.0,610.0,14.0,37.0
780.0,613.0,15.0,34.0
782.0,617.0,14.0,35.0
784.0,625.0,15.0,34.0
786.0,629.0,14.0,36.0
785.0,632.0,14.0,36.0
785.0,634.0,16.0,34.0
787.0,638.0,15.0,35.0
788.0,643.0,14.0,34.0
789.0,646.0,15.0,34.0
789.0,651.0,15.0,36.0
790.0,655.0,15.0,36.0
792.0,661.0,16.0,36.0
793.0,663.0,16.0,37.0
794.0,668.0,16.0,40.0
795.0,673.0,16.0,39.0
796.0,676.0,15.0,37.0
796.0,679.0,16.0,38.0
797.0,684.0,15.0,34.0
799.0,688.0,15.0,31.0
800.0,693.0,16.0,28.0
796.0,692.0,16.0,26.0
798.0,692.0,16.0,25.0
799.0,691.0,16.0,24.0
795.0,689.0,15.0,27.0
795.0,684.0,16.0,28.0
788.0,682.0,17.0,28.0
788.0,684.0,18.0,28.0
789.0,692.0,19.0,26.0
790.0,693.0,20.0,25.0
790.0,697.0,21.0,24.0
792.0,694.0,19.0,27.0
787.0,684.0,17.0,28.0
787.0,685.0,17.0,28.0
788.0,686.0,17.0,29.0
788.0,679.0,18.0,31.0
789.0,673.0,18.0,34.0
789.0,668.0,20.0,35.0
788.0,663.0,22.0,34.0
790.0,658.0,21.0,35.0
784.0,660.0,20.0,33.0
786.0,660.0,20.0,34.0
787.0,659.0,20.0,35.0
788.0,659.0,21.0,36.0
789.0,661.0,21.0,37.0
790.0,663.0,22.0,39.0
790.0,665.0,23.0,39.0
791.0,665.0,23.0,41.0
792.0,658.0,24.0,43.0
793.0,649.0,24.0,42.0
788.0,638.0,23.0,42.0
793.0,633.0,23.0,39.0
790.0,626.0,20.0,34.0
794.0,625.0,19.0,33.0
796.0,627.0,19.0,32.0
798.0,630.0,19.0,31.0
801.0,633.0,18.0,30.0
804.0,634.0,17.0,31.0
808.0,646.0,16.0,31.0
811.0,649.0,17.0,30.0
813.0,651.0,17.0,29.0
816.0,654.0,16.0,31.0
818.0,657.0,17.0,30.0
819.0,659.0,18.0,30.0
821.0,661.0,17.0,31.0
822.0,664.0,19.0,32.0
823.0,665.0,20.0,33.0
826.0,669.0,21.0,34.0
828.0,672.0,21.0,36.0
830.0,666.0,22.0,37.0
831.0,667.0,22.0,38.0
831.0,660.0,25.0,36.0
826.0,648.0,22.0,38.0
830.0,638.0,22.0,39.0
834.0,629.0,22.0,40.0
839.0,616.0,20.0,42.0
842.0,611.0,18.0,36.0
845.0,612.0,15.0,30.0
847.0,613.0,13.0,24.0
850.0,620.0,12.0,20.0
851.0,624.0,11.0,18.0
854.0,625.0,10.0,18.0
854.0,629.0,10.0,18.0
854.0,633.0,10.0,17.0
856.0,637.0,10.0,17.0
857.0,639.0,10.0,17.0
856.0,642.0,11.0,17.0
858.0,646.0,11.0,18.0
860.0,651.0,10.0,18.0
859.0,654.0,11.0,17.0
862.0,658.0,10.0,18.0
864.0,662.0,10.0,19.0
864.0,666.0,11.0,18.0
864.0,668.0,11.0,18.0
867.0,671.0,11.0,18.0
869.0,677.0,10.0,19.0
870.0,682.0,11.0,19.0
871.0,685.0,11.0,18.0
871.0,685.0,12.0,20.0
873.0,690.0,12.0,22.0
876.0,696.0,12.0,21.0
876.0,700.0,14.0,19.0
877.0,702.0,14.0,18.0
879.0,705.0,13.0,17.0
881.0,701.0,12.0,19.0
881.0,700.0,12.0,19.0
877.0,696.0,13.0,20.0
873.0,692.0,13.0,21.0
867.0,688.0,14.0,22.0
867.0,684.0,15.0,23.0
868.0,684.0,14.0,25.0
868.0,686.0,15.0,25.0
862.0,680.0,16.0,26.0
858.0,675.0,16.0,28.0
851.0,679.0,19.0,28.0
844.0,681.0,19.0,30.0
837.0,676.0,20.0,29.0
829.0,674.0,18.0,30.0
832.0,677.0,16.0,30.0
835.0,680.0,16.0,30.0
836.0,683.0,17.0,30.0
837.0,685.0,18.0,30.0
831.0,681.0,19.0,31.0
825.0,678.0,16.0,32.0
825.0,679.0,17.0,32.0
818.0,671.0,19.0,34.0
810.0,661.0,19.0,35.0
811.0,658.0,18.0,31.0
812.0,657.0,18.0,31.0
814.0,656.0,18.0,32.0
809.0,650.0,17.0,31.0
794.0,641.0,19.0,28.0
796.0,639.0,17.0,25.0
798.0,644.0,16.0,22.0
800.0,646.0,14.0,23.0
804.0,657.0,13.0,18.0
807.0,661.0,11.0,18.0
809.0,666.0,11.0,17.0
810.0,670.0,11.0,17.0
811.0,676.0,11.0,15.0
814.0,679.0,10.0,16.0
816.0,682.0,11.0,15.0
817.0,688.0,11.0,15.0
820.0,691.0,10.0,16.0
822.0,694.0,10.0,17.0
822.0,699.0,11.0,18.0
823.0,702.0,12.0,16.0
825.0,705.0,12.0,15.0
828.0,705.0,11.0,16.0
828.0,701.0,12.0,16.0
825.0,697.0,12.0,18.0
824.0,698.0,13.0,19.0
824.0,698.0,14.0,19.0
818.0,698.0,16.0,19.0
812.0,697.0,15.0,21.0
812.0,692.0,15.0,23.0
806.0,684.0,16.0,25.0
806.0,677.0,17.0,26.0
806.0,676.0,17.0,27.0
807.0,677.0,18.0,28.0
801.0,679.0,20.0,30.0
802.0,681.0,20.0,31.0
803.0,684.0,22.0,31.0
803.0,686.0,24.0,31.0
806.0,687.0,23.0,32.0
807.0,686.0,24.0,32.0
808.0,680.0,24.0,34.0
809.0,681.0,25.0,33.0
802.0,675.0,24.0,35.0
802.0,670.0,24.0,36.0
794.0,664.0,25.0,37.0
784.0,665.0,26.0,36.0
776.0,666.0,26.0,37.0
767.0,665.0,25.0,38.0
769.0,664.0,25.0,38.0
769.0,653.0,26.0,41.0
770.0,642.0,27.0,42.0
774.0,631.0,29.0,41.0
788.0,620.0,25.0,39.0
795.0,623.0,23.0,37.0
800.0,629.0,23.0,38.0
801.0,638.0,23.0,34.0
803.0,638.0,21.0,34.0
807.0,642.0,21.0,36.0
808.0,646.0,22.0,36.0
812.0,650.0,21.0,36.0
815.0,655.0,21.0,36.0
818.0,657.0,21.0,36.0
819.0,661.0,21.0,36.0
822.0,665.0,21.0,37.0
825.0,666.0,22.0,37.0
828.0,673.0,22.0,39.0
828.0,678.0,23.0,39.0
831.0,681.0,25.0,38.0
832.0,685.0,25.0,37.0
832.0,678.0,28.0,37.0
833.0,667.0,27.0,41.0
834.0,667.0,29.0,42.0
836.0,667.0,29.0,45.0
836.0,660.0,29.0,45.0
838.0,655.0,29.0,45.0
841.0,653.0,27.0,44.0
843.0,658.0,27.0,41.0
845.0,664.0,25.0,40.0
848.0,671.0,23.0,39.0
850.0,677.0,22.0,37.0
853.0,675.0,22.0,35.0
857.0,680.0,21.0,35.0
861.0,685.0,20.0,32.0
863.0,688.0,20.0,30.0
866.0,692.0,19.0,30.0
869.0,693.0,20.0,27.0
871.0,693.0,20.0,26.0
872.0,693.0,21.0,26.0
866.0,687.0,20.0,27.0
868.0,680.0,19.0,29.0
870.0,678.0,19.0,31.0
862.0,671.0,20.0,33.0
862.0,666.0,22.0,34.0
863.0,658.0,21.0,36.0
863.0,648.0,21.0,35.0
862.0,642.0,20.0,32.0
864.0,643.0,18.0,32.0
864.0,646.0,19.0,31.0
858.0,631.0,18.0,31.0
858.0,632.0,18.0,30.0
860.0,632.0,17.0,30.0
854.0,624.0,17.0,31.0
854.0,618.0,17.0,30.0
854.0,620.0,18.0,30.0
847.0,614.0,19.0,30.0
840.0,615.0,19.0,30.0
841.0,616.0,19.0,31.0
842.0,618.0,19.0,31.0
843.0,619.0,19.0,31.0
843.0,620.0,19.0,31.0
843.0,621.0,20.0,32.0
836.0,615.0,20.0,33.0
829.0,606.0,21.0,35.0
829.0,597.0,23.0,36.0
839.0,583.0,24.0,35.0
840.0,575.0,24.0,36.0
841.0,572.0,23.0,35.0
842.0,566.0,22.0,35.0
844.0,564.0,20.0,34.0
845.0,569.0,20.0,34.0
847.0,572.0,20.0,34.0
848.0,575.0,20.0,34.0
850.0,578.0,19.0,33.0
852.0,581.0,19.0,33.0
854.0,584.0,18.0,33.0
855.0,588.0,19.0,32.0
857.0,589.0,19.0,32.0
859.0,594.0,19.0,33.0
861.0,596.0,19.0,33.0
862.0,599.0,19.0,33.0
864.0,601.0,20.0,34.0
866.0,604.0,20.0,34.0
867.0,606.0,20.0,34.0
867.0,609.0,20.0,34.0
869.0,611.0,21.0,35.0
870.0,613.0,21.0,35.0
873.0,615.0,22.0,36.0
874.0,619.0,22.0,36.0
877.0,621.0,21.0,36.0
879.0,624.0,22.0,36.0
881.0,626.0,22.0,36.0
883.0,628.0,21.0,36.0
886.0,630.0,22.0,36.0
887.0,633.0,22.0,37.0
890.0,636.0,23.0,37.0
893.0,638.0,23.0,38.0
894.0,639.0,23.0,37.0
896.0,644.0,22.0,37.0
896.0,647.0,23.0,36.0
898.0,650.0,23.0,35.0
898.0,651.0,22.0,36.0
899.0,653.0,22.0,36.0
899.0,656.0,22.0,36.0
902.0,660.0,21.0,36.0
903.0,664.0,22.0,37.0
905.0,668.0,21.0,37.0
907.0,671.0,21.0,38.0
909.0,672.0,20.0,37.0
910.0,673.0,21.0,36.0
913.0,675.0,22.0,36.0
916.0,675.0,23.0,37.0
918.0,675.0,24.0,39.0
922.0,677.0,25.0,39.0
924.0,678.0,25.0,39.0
933.0,680.0,26.0,39.0
935.0,679.0,25.0,39.0
938.0,679.0,25.0,39.0
940.0,680.0,26.0,40.0
942.0,679.0,27.0,40.0
945.0,678.0,27.0,42.0
947.0,679.0,29.0,41.0
952.0,677.0,28.0,42.0
953.0,676.0,30.0,42.0
956.0,676.0,30.0,43.0
956.0,676.0,32.0,43.0
958.0,667.0,32.0,46.0
958.0,669.0,34.0,46.0
960.0,669.0,34.0,48.0
961.0,662.0,34.0,48.0
952.0,650.0,33.0,52.0
955.0,638.0,32.0,53.0
959.0,634.0,30.0,53.0
947.0,621.0,33.0,53.0
937.0,595.0,31.0,49.0
943.0,586.0,26.0,40.0
954.0,588.0,23.0,37.0
966.0,596.0,19.0,31.0
970.0,597.0,18.0,31.0
981.0,602.0,18.0,29.0
983.0,603.0,18.0,29.0
984.0,606.0,20.0,30.0
986.0,608.0,21.0,31.0
987.0,608.0,21.0,32.0
988.0,610.0,21.0,32.0
988.0,608.0,22.0,32.0
989.0,603.0,21.0,34.0
982.0,605.0,22.0,34.0
982.0,607.0,24.0,34.0
975.0,601.0,23.0,34.0
976.0,594.0,23.0,35.0
976.0,589.0,23.0,36.0
977.0,590.0,24.0,36.0
978.0,592.0,24.0,37.0
979.0,594.0,24.0,37.0
981.0,594.0,24.0,37.0
982.0,596.0,24.0,38.0
974.0,588.0,24.0,38.0
966.0,581.0,25.0,37.0
958.0,572.0,25.0,37.0
958.0,564.0,27.0,38.0
958.0,563.0,27.0,39.0
949.0,563.0,27.0,40.0
950.0,563.0,27.0,40.0
942.0,564.0,26.0,40.0
943.0,567.0,26.0,40.0
935.0,567.0,26.0,41.0
925.0,568.0,29.0,42.0
915.0,569.0,30.0,44.0
906.0,571.0,29.0,45.0
895.0,573.0,27.0,46.0
885.0,565.0,29.0,44.0
876.0,554.0,29.0,45.0
856.0,543.0,27.0,46.0
846.0,528.0,25.0,43.0
847.0,531.0,23.0,40.0
850.0,535.0,22.0,39.0
853.0,535.0,21.0,37.0
857.0,538.0,19.0,35.0
858.0,538.0,19.0,33.0
862.0,540.0,18.0,32.0
864.0,542.0,18.0,30.0
868.0,543.0,16.0,31.0
871.0,541.0,15.0,29.0
873.0,545.0,14.0,28.0
876.0,546.0,14.0,26.0
878.0,548.0,14.0,26.0
881.0,549.0,13.0,25.0
883.0,549.0,12.0,24.0
886.0,548.0,12.0,23.0
887.0,553.0,12.0,23.0
890.0,552.0,12.0,23.0
891.0,554.0,12.0,25.0
893.0,554.0,12.0,23.0
894.0,552.0,12.0,23.0
896.0,554.0,12.0,24.0
898.0,555.0,11.0,24.0
900.0,555.0,11.0,23.0
901.0,555.0,11.0,23.0
903.0,554.0,12.0,23.0
904.0,557.0,12.0,23.0
906.0,556.0,12.0,22.0
906.0,557.0,12.0,23.0
907.0,558.0,13.0,23.0
909.0,558.0,11.0,23.0
911.0,557.0,12.0,23.0
911.0,558.0,13.0,23.0
913.0,559.0,12.0,23.0
914.0,559.0,11.0,22.0
915.0,560.0,12.0,22.0
917.0,559.0,11.0,23.0
918.0,559.0,11.0,21.0
918.0,560.0,11.0,21.0
919.0,560.0,12.0,20.0
920.0,559.0,11.0,20.0
922.0,561.0,11.0,22.0
924.0,560.0,10.0,21.0
923.0,562.0,11.0,20.0
926.0,560.0,11.0,21.0
926.0,562.0,11.0,21.0
927.0,562.0,11.0,21.0
927.0,562.0,12.0,22.0
929.0,561.0,12.0,22.0
930.0,564.0,12.0,23.0
931.0,563.0,12.0,22.0
933.0,561.0,12.0,22.0
934.0,564.0,11.0,23.0
936.0,563.0,11.0,22.0
936.0,566.0,12.0,23.0
936.0,564.0,12.0,23.0
939.0,565.0,13.0,23.0
940.0,565.0,12.0,23.0
943.0,565.0,12.0,22.0
945.0,565.0,12.0,21.0
944.0,568.0,11.0,23.0
945.0,568.0,12.0,23.0
948.0,567.0,12.0,22.0
950.0,567.0,11.0,22.0
951.0,568.0,12.0,22.0
951.0,567.0,12.0,22.0
954.0,569.0,12.0,23.0
956.0,569.0,12.0,22.0
957.0,569.0,12.0,21.0
958.0,569.0,12.0,22.0
960.0,570.0,13.0,23.0
961.0,568.0,13.0,23.0
962.0,569.0,13.0,24.0
965.0,572.0,12.0,24.0
967.0,571.0,12.0,24.0
968.0,571.0,13.0,23.0
970.0,571.0,13.0,23.0
972.0,570.0,12.0,23.0
974.0,573.0,12.0,23.0
975.0,575.0,13.0,24.0
977.0,575.0,13.0,24.0
980.0,575.0,13.0,24.0
983.0,576.0,13.0,24.0
985.0,575.0,12.0,23.0
989.0,577.0,12.0,23.0
991.0,577.0,12.0,23.0
994.0,579.0,12.0,23.0
997.0,578.0,12.0,23.0
999.0,579.0,12.0,23.0
1002.0,581.0,13.0,23.0
1005.0,581.0,13.0,22.0
1008.0,582.0,13.0,22.0
1011.0,582.0,13.0,24.0
1014.0,584.0,13.0,24.0
1017.0,585.0,14.0,24.0
1019.0,584.0,13.0,23.0
1023.0,585.0,13.0,24.0
1026.0,586.0,13.0,25.0
1029.0,586.0,14.0,25.0
1032.0,587.0,14.0,25.0
1036.0,588.0,14.0,25.0
1039.0,589.0,14.0,25.0
1042.0,590.0,14.0,26.0
1046.0,591.0,15.0,25.0
1050.0,591.0,14.0,25.0
1054.0,592.0,14.0,25.0
1058.0,593.0,14.0,25.0
1062.0,595.0,15.0,26.0
1066.0,597.0,14.0,26.0
1070.0,598.0,14.0,25.0
1073.0,599.0,14.0,25.0
1079.0,600.0,15.0,25.0
1083.0,600.0,14.0,24.0
1088.0,601.0,14.0,24.0
1092.0,605.0,14.0,24.0
1095.0,603.0,14.0,23.0
1100.0,606.0,15.0,24.0
1104.0,606.0,15.0,24.0
1108.0,607.0,15.0,24.0
1112.0,607.0,14.0,25.0
1116.0,609.0,14.0,26.0
1120.0,610.0,15.0,25.0
1125.0,611.0,14.0,25.0
1129.0,612.0,14.0,24.0
1133.0,614.0,13.0,23.0
1136.0,614.0,13.0,23.0
1139.0,614.0,14.0,22.0
1144.0,615.0,13.0,24.0
1146.0,614.0,14.0,23.0
1149.0,613.0,13.0,23.0
1151.0,616.0,14.0,24.0
1153.0,616.0,15.0,24.0
1156.0,615.0,14.0,24.0
1158.0,618.0,15.0,25.0
1159.0,613.0,15.0,25.0
1162.0,613.0,15.0,24.0
1164.0,614.0,15.0,25.0
1167.0,614.0,15.0,25.0
1169.0,614.0,14.0,24.0
1171.0,613.0,13.0,24.0
1173.0,615.0,14.0,23.0
1175.0,612.0,14.0,24.0
1178.0,615.0,13.0,25.0
1180.0,614.0,13.0,24.0
1180.0,611.0,14.0,23.0
1182.0,612.0,13.0,23.0
1184.0,611.0,14.0,22.0
1186.0,610.0,14.0,24.0
1187.0,609.0,14.0,22.0
1189.0,610.0,14.0,22.0
1190.0,608.0,14.0,22.0
1191.0,608.0,14.0,22.0
1194.0,607.0,13.0,21.0
1195.0,605.0,13.0,21.0
1196.0,604.0,13.0,20.0
1199.0,604.0,12.0,21.0
1199.0,603.0,14.0,20.0
1201.0,604.0,13.0,20.0
1201.0,602.0,13.0,20.0
1202.0,600.0,13.0,20.0
1203.0,599.0,13.0,21.0
1206.0,599.0,13.0,22.0
1207.0,598.0,13.0,21.0
1206.0,596.0,13.0,22.0
1208.0,596.0,13.0,22.0
1208.0,595.0,14.0,21.0
1209.0,593.0,14.0,20.0
1210.0,593.0,14.0,20.0
1211.0,591.0,13.0,21.0
1212.0,590.0,13.0,20.0
1214.0,590.0,12.0,20.0
1215.0,588.0,13.0,21.0
1215.0,587.0,14.0,20.0
1216.0,586.0,14.0,19.0
1218.0,586.0,13.0,19.0
1219.0,585.0,13.0,20.0
1220.0,584.0,13.0,20.0
1222.0,583.0,12.0,21.0
1223.0,581.0,12.0,21.0
1223.0,580.0,14.0,20.0
1226.0,580.0,13.0,20.0
1227.0,578.0,12.0,20.0
1227.0,576.0,14.0,19.0
1228.0,575.0,13.0,20.0
1230.0,575.0,13.0,21.0
1231.0,575.0,13.0,20.0
1232.0,571.0,14.0,20.0
1232.0,572.0,14.0,20.0
1233.0,569.0,14.0,20.0
1235.0,567.0,14.0,21.0
1235.0,568.0,13.0,20.0
1237.0,568.0,13.0,21.0
1238.0,566.0,13.0,20.0
1239.0,563.0,14.0,21.0
1240.0,562.0,13.0,19.0
1241.0,562.0,13.0,20.0
1243.0,560.0,13.0,19.0
1243.0,558.0,12.0,19.0
1245.0,559.0,12.0,19.0
1246.0,556.0,11.0,20.0
1245.0,556.0,11.0,18.0
1247.0,554.0,12.0,19.0
1247.0,553.0,11.0,19.0
1247.0,551.0,12.0,18.0
1249.0,551.0,11.0,19.0
1247.0,548.0,12.0,19.0
1248.0,547.0,12.0,19.0
1248.0,545.0,12.0,19.0
1247.0,543.0,13.0,20.0
1247.0,543.0,12.0,21.0
1247.0,540.0,12.0,21.0
1246.0,538.0,13.0,21.0
1247.0,537.0,13.0,21.0
1246.0,535.0,12.0,21.0
1246.0,532.0,13.0,20.0
1245.0,532.0,13.0,20.0
1246.0,527.0,13.0,20.0
1246.0,528.0,13.0,20.0
1246.0,527.0,12.0,19.0
1245.0,525.0,12.0,19.0
1245.0,520.0,12.0,19.0
1245.0,520.0,12.0,17.0
1245.0,519.0,11.0,18.0
1245.0,518.0,11.0,18.0
1244.0,515.0,12.0,17.0
1243.0,515.0,12.0,17.0
1242.0,513.0,12.0,17.0
1244.0,511.0,11.0,17.0
1243.0,510.0,11.0,16.0
1241.0,509.0,12.0,16.0
1242.0,506.0,11.0,17.0
1242.0,505.0,11.0,16.0
1242.0,502.0,11.0,17.0
1240.0,501.0,12.0,17.0
1240.0,498.0,12.0,17.0
1239.0,497.0,11.0,18.0
1239.0,496.0,11.0,18.0
1239.0,495.0,12.0,18.0
1239.0,493.0,12.0,17.0
1238.0,490.0,12.0,17.0
1238.0,489.0,11.0,17.0
1238.0,488.0,12.0,16.0
1239.0,485.0,11.0,17.0
1239.0,487.0,11.0,17.0
1239.0,484.0,11.0,17.0
1239.0,481.0,11.0,18.0
1239.0,480.0,11.0,18.0
1240.0,478.0,12.0,17.0
1241.0,477.0,12.0,16.0
1243.0,477.0,11.0,18.0
1244.0,476.0,11.0,18.0
1246.0,475.0,11.0,17.0
1247.0,474.0,11.0,18.0
1249.0,473.0,12.0,18.0
1251.0,472.0,11.0,18.0
1253.0,472.0,11.0,18.0
1255.0,472.0,12.0,18.0
1258.0,469.0,11.0,19.0
1260.0,468.0,12.0,19.0
1262.0,466.0,12.0,21.0
1268.0,464.0,10.0,23.0
1270.0,464.0,10.0,26.0
1272.0,463.0,10.0,29.0
1272.0,462.0,10.0,32.0
1271.0,461.0,12.0,32.0
1269.0,461.0,13.0,33.0
1268.0,459.0,14.0,35.0
1267.0,454.0,15.0,38.0
1265.0,449.0,17.0,40.0
1265.0,439.0,17.0,45.0
1265.0,434.0,17.0,49.0
1265.0,433.0,18.0,50.0
1263.0,444.0,19.0,51.0
1265.0,452.0,18.0,52.0
1267.0,451.0,17.0,53.0
1268.0,453.0,17.0,54.0
1264.0,461.0,19.0,50.0
1264.0,470.0,19.0,47.0
1264.0,474.0,17.0,44.0
1265.0,475.0,16.0,43.0
1266.0,473.0,16.0,42.0
1266.0,472.0,15.0,40.0
1267.0,469.0,15.0,39.0
1266.0,470.0,15.0,36.0
1267.0,467.0,14.0,37.0
1267.0,469.0,13.0,35.0
1266.0,465.0,13.0,34.0
1265.0,463.0,13.0,33.0
1263.0,461.0,13.0,28.0
1263.0,462.0,13.0,26.0
1262.0,460.0,13.0,21.0
1260.0,460.0,12.0,20.0
1260.0,458.0,12.0,17.0
1260.0,457.0,10.0,16.0
1260.0,457.0,10.0,14.0
1258.0,454.0,10.0,14.0
1257.0,453.0,10.0,14.0
1257.0,451.0,10.0,13.0
1256.0,449.0,10.0,13.0
1256.0,448.0,10.0,12.0
1255.0,447.0,10.0,12.0
1255.0,445.0,10.0,13.0
1255.0,442.0,10.0,12.0
1255.0,440.0,10.0,12.0
1253.0,439.0,10.0,13.0
1254.0,438.0,10.0,13.0
1254.0,435.0,10.0,13.0
1253.0,435.0,10.0,12.0
1254.0,433.0,10.0,12.0
1254.0,431.0,10.0,12.0
1255.0,430.0,10.0,12.0
1255.0,429.0,10.0,12.0
1256.0,427.0,10.0,12.0
1257.0,427.0,10.0,12.0
1258.0,426.0,10.0,12.0
1259.0,425.0,10.0,13.0
1262.0,423.0,10.0,12.0
1263.0,422.0,10.0,12.0
1266.0,421.0,10.0,13.0
1268.0,419.0,10.0,14.0
1271.0,421.0,10.0,15.0
1272.0,416.0,10.0,18.0
1273.0,411.0,10.0,22.0
1273.0,405.0,10.0,26.0
1272.0,399.0,10.0,28.0
1272.0,392.0,10.0,30.0
1271.0,385.0,12.0,32.0
1255.0,376.0,16.0,29.0
1257.0,374.0,16.0,29.0
1260.0,373.0,17.0,31.0
1267.0,370.0,13.0,36.0
1267.0,371.0,14.0,37.0
1268.0,366.0,13.0,38.0
1267.0,362.0,15.0,37.0
1267.0,356.0,14.0,38.0
1268.0,355.0,14.0,38.0
1269.0,355.0,14.0,39.0
1270.0,358.0,13.0,40.0
1270.0,360.0,13.0,38.0
1269.0,365.0,14.0,38.0
1266.0,368.0,15.0,38.0
1265.0,370.0,16.0,38.0
1267.0,371.0,15.0,41.0
1267.0,370.0,14.0,42.0
1267.0,370.0,15.0,42.0
1267.0,368.0,15.0,44.0
1267.0,369.0,15.0,46.0
1267.0,368.0,16.0,48.0
1267.0,363.0,16.0,51.0
1267.0,364.0,15.0,53.0
1267.0,363.0,15.0,54.0
1268.0,366.0,16.0,59.0
1268.0,370.0,16.0,63.0
1267.0,378.0,16.0,64.0
1265.0,385.0,18.0,62.0
1266.0,388.0,18.0,61.0
1267.0,390.0,17.0,61.0
1268.0,393.0,16.0,60.0
1267.0,402.0,16.0,55.0
1268.0,407.0,15.0,52.0
1268.0,411.0,16.0,48.0
1267.0,413.0,16.0,48.0
1268.0,414.0,16.0,48.0
1268.0,415.0,16.0,49.0
1268.0,414.0,17.0,48.0
1267.0,414.0,17.0,48.0
1267.0,415.0,17.0,49.0
1266.0,410.0,18.0,48.0
1267.0,408.0,17.0,48.0
1268.0,397.0,17.0,50.0
1268.0,387.0,17.0,52.0
1267.0,384.0,17.0,54.0
1265.0,385.0,18.0,54.0
1267.0,383.0,17.0,56.0
1267.0,379.0,18.0,58.0
1267.0,380.0,18.0,58.0
1266.0,383.0,18.0,59.0
1265.0,382.0,19.0,58.0
1264.0,380.0,19.0,55.0
1265.0,379.0,18.0,54.0
1266.0,378.0,17.0,52.0
1266.0,381.0,18.0,48.0
1267.0,375.0,18.0,49.0
1265.0,369.0,19.0,50.0
1263.0,370.0,20.0,49.0
1263.0,366.0,19.0,49.0
1262.0,366.0,20.0,47.0
1260.0,366.0,22.0,46.0
1258.0,357.0,23.0,48.0
1256.0,361.0,25.0,43.0
1259.0,357.0,23.0,42.0
1266.0,354.0,16.0,48.0
1269.0,349.0,15.0,48.0
1269.0,341.0,16.0,50.0
1269.0,338.0,16.0,52.0
1270.0,324.0,16.0,55.0
1269.0,315.0,17.0,53.0
1269.0,304.0,17.0,55.0
1270.0,302.0,17.0,58.0
1268.0,300.0,18.0,57.0
1270.0,289.0,16.0,60.0
1268.0,296.0,18.0,59.0
1266.0,298.0,19.0,58.0
1265.0,303.0,20.0,58.0
1263.0,307.0,22.0,57.0
1261.0,311.0,22.0,58.0
1261.0,315.0,22.0,59.0
1266.0,322.0,19.0,57.0
1263.0,311.0,22.0,58.0
1265.0,288.0,20.0,58.0
1265.0,292.0,18.0,51.0
1262.0,298.0,20.0,49.0
1263.0,290.0,19.0,53.0
1263.0,296.0,21.0,55.0
1263.0,299.0,20.0,55.0
1267.0,305.0,17.0,50.0
1266.0,307.0,17.0,52.0
1267.0,306.0,17.0,52.0
1266.0,309.0,18.0,51.0
1263.0,313.0,20.0,49.0
1263.0,312.0,19.0,50.0
1270.0,315.0,17.0,53.0
1271.0,318.0,15.0,56.0
1268.0,321.0,18.0,54.0
1266.0,322.0,19.0,54.0
1267.0,315.0,17.0,52.0
1265.0,318.0,18.0,51.0
1264.0,322.0,18.0,52.0
1265.0,327.0,18.0,55.0
1265.0,316.0,19.0,53.0
1263.0,315.0,20.0,53.0
1264.0,309.0,18.0,51.0
1265.0,310.0,17.0,51.0
1264.0,314.0,18.0,49.0
1266.0,314.0,16.0,49.0
1268.0,310.0,16.0,50.0
1268.0,299.0,17.0,53.0
1268.0,302.0,18.0,57.0
1268.0,307.0,17.0,63.0
1267.0,314.0,18.0,65.0
1266.0,319.0,20.0,64.0
1268.0,314.0,18.0,64.0
1269.0,297.0,19.0,68.0
1268.0,301.0,20.0,66.0
1266.0,291.0,22.0,65.0
1268.0,279.0,20.0,66.0
1269.0,266.0,19.0,67.0
1268.0,269.0,21.0,67.0
1269.0,270.0,20.0,70.0
1268.0,274.0,20.0,69.0
1266.0,277.0,23.0,68.0
1266.0,280.0,22.0,69.0
1266.0,282.0,22.0,68.0
1265.0,287.0,22.0,69.0
1266.0,277.0,21.0,71.0
1267.0,282.0,21.0,73.0
1267.0,286.0,21.0,75.0
1266.0,291.0,23.0,73.0
1266.0,295.0,23.0,74.0
1266.0,296.0,21.0,76.0
1267.0,297.0,20.0,75.0
1266.0,284.0,22.0,74.0
1266.0,271.0,23.0,73.0
1266.0,273.0,22.0,74.0
1265.0,276.0,22.0,72.0
1263.0,280.0,24.0,70.0
1262.0,282.0,26.0,68.0
1262.0,287.0,24.0,70.0
1261.0,289.0,25.0,69.0
1260.0,293.0,25.0,68.0
1259.0,299.0,26.0,67.0
1258.0,301.0,25.0,65.0
1257.0,303.0,26.0,63.0
1257.0,305.0,26.0,63.0
1258.0,309.0,25.0,64.0
1260.0,315.0,23.0,64.0
1268.0,315.0,18.0,61.0
1265.0,317.0,22.0,59.0
1265.0,321.0,21.0,61.0
1265.0,314.0,20.0,63.0
1265.0,321.0,21.0,66.0
1265.0,326.0,21.0,68.0
1262.0,332.0,24.0,68.0
1262.0,338.0,23.0,71.0
1259.0,329.0,27.0,69.0
1261.0,314.0,26.0,71.0
1261.0,301.0,25.0,70.0
1262.0,304.0,23.0,72.0
1259.0,308.0,27.0,71.0
1260.0,308.0,25.0,76.0
1260.0,296.0,27.0,76.0
1260.0,277.0,28.0,79.0
1261.0,260.0,27.0,78.0
1260.0,251.0,28.0,76.0
1259.0,242.0,29.0,75.0
1258.0,246.0,28.0,73.0
1257.0,236.0,29.0,72.0
1257.0,238.0,28.0,73.0
1258.0,239.0,27.0,72.0
1261.0,237.0,24.0,74.0
1258.0,239.0,28.0,70.0
1260.0,221.0,26.0,74.0
1261.0,202.0,26.0,75.0
1263.0,185.0,25.0,75.0
1263.0,185.0,26.0,76.0
1261.0,188.0,27.0,76.0
1260.0,192.0,28.0,76.0
1259.0,199.0,29.0,78.0
1257.0,204.0,30.0,76.0
1258.0,209.0,27.0,78.0
1243.0,218.0,34.0,70.0
1244.0,224.0,33.0,71.0
1244.0,232.0,32.0,71.0
1260.0,235.0,24.0,73.0
1260.0,245.0,26.0,68.0
1261.0,250.0,24.0,67.0
1262.0,242.0,23.0,66.0
1263.0,246.0,22.0,64.0
1261.0,250.0,24.0,62.0
1261.0,253.0,23.0,65.0
1263.0,260.0,21.0,70.0
1262.0,268.0,23.0,69.0
1264.0,273.0,22.0,71.0
1265.0,278.0,22.0,75.0
1263.0,269.0,25.0,70.0
1262.0,256.0,24.0,68.0
1262.0,257.0,23.0,66.0
1262.0,257.0,23.0,65.0
1260.0,260.0,25.0,63.0
1261.0,260.0,23.0,65.0
1261.0,263.0,24.0,62.0
1263.0,265.0,21.0,64.0
1265.0,270.0,20.0,64.0
1266.0,261.0,20.0,64.0
1265.0,262.0,21.0,62.0
1265.0,266.0,21.0,62.0
1264.0,258.0,22.0,61.0
1264.0,261.0,21.0,61.0
1264.0,253.0,22.0,59.0
1265.0,244.0,21.0,60.0
1264.0,245.0,22.0,57.0
1266.0,246.0,20.0,56.0
1269.0,248.0,17.0,54.0
1267.0,250.0,19.0,52.0
1266.0,251.0,19.0,53.0
1266.0,245.0,18.0,54.0
1266.0,249.0,18.0,54.0
1266.0,251.0,19.0,53.0
1267.0,253.0,18.0,53.0
1267.0,256.0,18.0,53.0
1266.0,250.0,18.0,53.0
1266.0,251.0,18.0,52.0
1264.0,254.0,19.0,50.0
1266.0,255.0,18.0,51.0
1265.0,256.0,18.0,50.0
1267.0,256.0,17.0,52.0
1266.0,259.0,18.0,50.0
1266.0,260.0,18.0,49.0
1267.0,261.0,18.0,50.0
1269.0,259.0,17.0,49.0
1269.0,259.0,16.0,49.0
1268.0,261.0,17.0,49.0
1268.0,256.0,17.0,51.0
1267.0,258.0,18.0,50.0
1266.0,254.0,18.0,52.0
1266.0,257.0,19.0,52.0
1265.0,254.0,19.0,52.0
1267.0,249.0,18.0,55.0
1266.0,244.0,19.0,55.0
1266.0,246.0,19.0,54.0
1265.0,250.0,20.0,54.0
1266.0,253.0,19.0,55.0
1266.0,245.0,19.0,56.0
1266.0,245.0,20.0,55.0
1267.0,244.0,18.0,57.0
1267.0,245.0,18.0,57.0
1267.0,245.0,19.0,55.0
1255.0,239.0,24.0,51.0
1246.0,228.0,23.0,48.0
1248.0,227.0,23.0,48.0
1250.0,228.0,23.0,49.0
1261.0,227.0,20.0,53.0
1264.0,229.0,19.0,56.0
1267.0,233.0,17.0,59.0
1266.0,235.0,20.0,56.0
1265.0,237.0,21.0,57.0
1265.0,240.0,20.0,60.0
1267.0,242.0,20.0,61.0
1267.0,246.0,19.0,63.0
1266.0,252.0,19.0,64.0
1263.0,257.0,21.0,62.0
1263.0,259.0,21.0,62.0
1263.0,258.0,21.0,62.0
1263.0,250.0,22.0,62.0
1263.0,245.0,21.0,63.0
1264.0,253.0,20.0,66.0
1265.0,261.0,19.0,71.0
1264.0,252.0,22.0,71.0
1265.0,245.0,21.0,69.0
1266.0,251.0,20.0,70.0
1267.0,241.0,19.0,70.0
1269.0,231.0,18.0,71.0
1270.0,221.0,18.0,73.0
1270.0,225.0,19.0,71.0
1270.0,232.0,18.0,72.0
1270.0,239.0,18.0,74.0
1270.0,247.0,18.0,77.0
1271.0,256.0,17.0,81.0
1270.0,251.0,19.0,81.0
1270.0,242.0,19.0,82.0
1269.0,247.0,20.0,81.0
1269.0,254.0,20.0,81.0
1270.0,262.0,18.0,83.0
1269.0,270.0,20.0,82.0
1269.0,277.0,20.0,82.0
1268.0,284.0,23.0,77.0
1268.0,287.0,22.0,79.0
1268.0,292.0,22.0,78.0
1268.0,299.0,22.0,78.0
1270.0,302.0,19.0,82.0
1269.0,305.0,21.0,80.0
1269.0,308.0,21.0,78.0
1269.0,310.0,21.0,77.0
1269.0,314.0,21.0,77.0
1268.0,319.0,23.0,74.0
1269.0,321.0,21.0,76.0
1269.0,328.0,21.0,77.0
1268.0,333.0,22.0,75.0
1268.0,337.0,22.0,76.0
1268.0,339.0,22.0,76.0
1268.0,342.0,22.0,76.0
1269.0,342.0,21.0,77.0
1268.0,346.0,22.0,74.0
1269.0,348.0,21.0,75.0
1269.0,348.0,20.0,76.0
1269.0,349.0,21.0,75.0
1269.0,351.0,21.0,76.0
1268.0,354.0,22.0,75.0
1268.0,356.0,22.0,75.0
1269.0,360.0,21.0,76.0
1269.0,364.0,21.0,75.0
1269.0,367.0,21.0,75.0
1268.0,369.0,22.0,75.0
1268.0,369.0,22.0,74.0
1269.0,368.0,21.0,76.0
1268.0,370.0,22.0,74.0
1270.0,369.0,19.0,77.0
1269.0,372.0,21.0,74.0
1270.0,373.0,19.0,77.0
1270.0,377.0,19.0,76.0
1268.0,381.0,22.0,73.0
1269.0,380.0,20.0,76.0
1269.0,382.0,21.0,76.0
1269.0,380.0,20.0,77.0
1268.0,366.0,22.0,75.0
1268.0,369.0,22.0,75.0
1269.0,356.0,21.0,77.0
1270.0,358.0,19.0,81.0
1269.0,366.0,21.0,79.0
1268.0,369.0,22.0,79.0
1269.0,357.0,21.0,79.0
1269.0,359.0,20.0,77.0
1269.0,362.0,21.0,75.0
1269.0,367.0,21.0,75.0
1268.0,373.0,22.0,74.0
1269.0,376.0,21.0,75.0
1269.0,381.0,21.0,73.0
1268.0,385.0,22.0,71.0
1268.0,389.0,20.0,72.0
1270.0,388.0,17.0,74.0
1270.0,388.0,17.0,74.0
1268.0,394.0,20.0,71.0
1269.0,395.0,17.0,73.0
1269.0,394.0,18.0,74.0
1269.0,398.0,17.0,75.0
1269.0,396.0,18.0,75.0
1269.0,387.0,19.0,73.0
1270.0,389.0,19.0,73.0
1268.0,394.0,21.0,70.0
1268.0,398.0,20.0,68.0
1268.0,387.0,19.0,68.0
1268.0,390.0,20.0,67.0
1267.0,393.0,20.0,67.0
1268.0,393.0,19.0,68.0
1268.0,395.0,19.0,69.0
1267.0,398.0,20.0,68.0
1266.0,401.0,21.0,66.0
1267.0,404.0,20.0,68.0
1267.0,406.0,20.0,69.0
1266.0,411.0,21.0,67.0
1266.0,414.0,21.0,67.0
1267.0,420.0,20.0,68.0
1266.0,423.0,21.0,66.0
1267.0,427.0,20.0,65.0
1268.0,429.0,20.0,64.0
1269.0,432.0,19.0,65.0
1268.0,436.0,20.0,63.0
1268.0,425.0,20.0,62.0
1268.0,424.0,20.0,61.0
1267.0,409.0,20.0,61.0
1269.0,390.0,17.0,63.0
1269.0,375.0,18.0,63.0
1270.0,359.0,16.0,67.0
1269.0,349.0,16.0,67.0
1268.0,352.0,17.0,67.0
1268.0,344.0,17.0,63.0
1267.0,335.0,19.0,62.0
1267.0,338.0,19.0,62.0
1267.0,328.0,19.0,61.0
1267.0,320.0,19.0,60.0
1267.0,310.0,19.0,58.0
1266.0,312.0,19.0,58.0
1266.0,316.0,19.0,58.0
1266.0,318.0,19.0,59.0
1266.0,321.0,19.0,60.0
1266.0,322.0,20.0,59.0
1267.0,324.0,18.0,62.0
1266.0,313.0,20.0,59.0
1266.0,303.0,20.0,58.0
1267.0,303.0,19.0,58.0
1268.0,304.0,19.0,59.0
1270.0,294.0,16.0,63.0
1270.0,295.0,18.0,62.0
1270.0,298.0,17.0,65.0
1271.0,299.0,17.0,67.0
1270.0,302.0,18.0,68.0
1270.0,305.0,18.0,71.0
1269.0,304.0,20.0,71.0
1270.0,306.0,19.0,72.0
1269.0,294.0,20.0,70.0
1270.0,284.0,19.0,73.0
1270.0,275.0,19.0,73.0
1269.0,267.0,20.0,73.0
1270.0,272.0,19.0,73.0
1269.0,277.0,20.0,74.0
1270.0,284.0,19.0,77.0
1269.0,294.0,20.0,77.0
1270.0,304.0,19.0,79.0
1269.0,311.0,20.0,81.0
1269.0,307.0,20.0,81.0
1269.0,314.0,20.0,80.0
1269.0,319.0,21.0,79.0
1269.0,324.0,21.0,79.0
1269.0,330.0,20.0,80.0
1269.0,338.0,21.0,80.0
1269.0,330.0,21.0,78.0
1269.0,337.0,21.0,79.0
1268.0,344.0,22.0,78.0
1268.0,351.0,22.0,76.0
1268.0,355.0,22.0,76.0
1268.0,360.0,22.0,77.0
1269.0,365.0,21.0,77.0
1268.0,371.0,21.0,76.0
1268.0,375.0,21.0,76.0
1268.0,382.0,21.0,75.0
1269.0,371.0,21.0,77.0
1268.0,376.0,21.0,76.0
1268.0,381.0,21.0,77.0
1268.0,386.0,21.0,77.0
1269.0,391.0,20.0,78.0
1269.0,395.0,21.0,78.0
1269.0,397.0,21.0,78.0
1269.0,385.0,21.0,77.0
1269.0,389.0,21.0,76.0
1268.0,395.0,22.0,74.0
1268.0,399.0,21.0,74.0
1269.0,403.0,20.0,76.0
1269.0,393.0,20.0,76.0
1269.0,395.0,20.0,75.0
1269.0,383.0,20.0,75.0
1270.0,386.0,19.0,75.0
1269.0,389.0,20.0,75.0
1270.0,391.0,19.0,75.0
1270.0,396.0,19.0,74.0
1270.0,402.0,18.0,73.0
1270.0,407.0,19.0,73.0
1270.0,410.0,18.0,73.0
1271.0,415.0,17.0,72.0
1270.0,407.0,18.0,70.0
1271.0,411.0,17.0,71.0
1270.0,418.0,18.0,70.0
1271.0,408.0,17.0,71.0
1271.0,411.0,17.0,72.0
1270.0,418.0,18.0,72.0
1270.0,423.0,18.0,73.0
1271.0,427.0,17.0,73.0
1270.0,436.0,18.0,73.0
1270.0,444.0,19.0,71.0
1270.0,450.0,19.0,73.0
1271.0,441.0,17.0,75.0
1270.0,432.0,19.0,73.0
1270.0,434.0,18.0,75.0
1270.0,436.0,18.0,74.0
1271.0,438.0,17.0,75.0
1270.0,442.0,19.0,74.0
1271.0,444.0,17.0,76.0
1269.0,453.0,20.0,72.0
1270.0,459.0,19.0,73.0
1271.0,463.0,17.0,76.0
1270.0,471.0,19.0,75.0
1270.0,477.0,19.0,76.0
1270.0,483.0,18.0,79.0
1270.0,488.0,18.0,81.0
1269.0,497.0,21.0,80.0
1269.0,507.0,21.0,82.0
1269.0,515.0,21.0,83.0
1268.0,524.0,22.0,82.0
1268.0,530.0,22.0,82.0
1268.0,539.0,22.0,82.0
1268.0,548.0,22.0,82.0
1269.0,556.0,21.0,83.0
1268.0,562.0,22.0,82.0
1268.0,565.0,22.0,80.0
1268.0,568.0,22.0,77.0
1270.0,555.0,19.0,79.0
1269.0,561.0,21.0,74.0
1269.0,567.0,20.0,75.0
1270.0,574.0,19.0,75.0
1269.0,581.0,21.0,74.0
1269.0,588.0,20.0,76.0
1269.0,594.0,20.0,75.0
1269.0,601.0,20.0,74.0
1269.0,608.0,21.0,74.0
1270.0,613.0,19.0,75.0
1269.0,615.0,20.0,74.0
1269.0,617.0,20.0,73.0
1268.0,621.0,22.0,69.0
1269.0,620.0,20.0,68.0
1269.0,610.0,20.0,67.0
1270.0,600.0,19.0,66.0
1271.0,589.0,17.0,67.0
1270.0,592.0,18.0,65.0
1271.0,582.0,16.0,67.0
1271.0,574.0,17.0,66.0
1270.0,565.0,18.0,65.0
1272.0,557.0,15.0,66.0
1270.0,550.0,18.0,61.0
1271.0,552.0,17.0,60.0
1271.0,554.0,17.0,59.0
1271.0,556.0,16.0,59.0
1271.0,560.0,16.0,58.0
1271.0,551.0,16.0,56.0
1271.0,546.0,15.0,54.0
1273.0,550.0,13.0,56.0
1272.0,543.0,15.0,55.0
1272.0,545.0,15.0,53.0
1272.0,548.0,15.0,53.0
1272.0,551.0,14.0,53.0
1272.0,553.0,14.0,52.0
1272.0,557.0,14.0,52.0
1272.0,549.0,14.0,52.0
1273.0,553.0,13.0,53.0
1273.0,558.0,13.0,52.0
1272.0,563.0,15.0,50.0
1272.0,567.0,15.0,51.0
1272.0,559.0,15.0,51.0
1272.0,552.0,15.0,53.0
1272.0,554.0,14.0,54.0
1272.0,546.0,15.0,56.0
1272.0,537.0,15.0,56.0
1272.0,529.0,14.0,58.0
1272.0,533.0,15.0,57.0
1272.0,525.0,14.0,59.0
1271.0,529.0,16.0,58.0
1272.0,523.0,15.0,58.0
1271.0,528.0,16.0,58.0
1271.0,533.0,16.0,57.0
1271.0,539.0,16.0,59.0
1272.0,544.0,15.0,58.0
1271.0,549.0,16.0,58.0
1272.0,554.0,15.0,58.0
1271.0,547.0,16.0,57.0
1271.0,539.0,16.0,58.0
1271.0,534.0,16.0,57.0
1272.0,536.0,15.0,58.0
1272.0,541.0,15.0,58.0
1271.0,546.0,16.0,58.0
1271.0,549.0,16.0,59.0
1271.0,554.0,17.0,57.0
1271.0,557.0,16.0,58.0
1271.0,558.0,16.0,57.0
1272.0,550.0,15.0,57.0
1271.0,543.0,16.0,55.0
1271.0,534.0,16.0,54.0
1271.0,523.0,16.0,55.0
1272.0,514.0,15.0,56.0
1272.0,505.0,15.0,57.0
1272.0,497.0,14.0,57.0
1272.0,500.0,15.0,54.0
1271.0,493.0,16.0,54.0
1272.0,486.0,15.0,54.0
1272.0,476.0,15.0,55.0
1272.0,476.0,15.0,55.0
1272.0,468.0,14.0,56.0
1272.0,472.0,14.0,57.0
1272.0,477.0,15.0,55.0
1272.0,469.0,14.0,57.0
1273.0,475.0,13.0,59.0
1272.0,482.0,14.0,60.0
1272.0,487.0,14.0,59.0
1272.0,490.0,14.0,59.0
1272.0,493.0,15.0,59.0
1271.0,498.0,16.0,57.0
1272.0,503.0,15.0,59.0
1271.0,510.0,16.0,57.0
1272.0,515.0,15.0,59.0
1272.0,521.0,15.0,59.0
1272.0,525.0,15.0,59.0
1272.0,519.0,15.0,59.0
1272.0,525.0,15.0,59.0
1272.0,519.0,15.0,60.0
1272.0,524.0,15.0,61.0
1271.0,528.0,16.0,61.0
1272.0,523.0,15.0,62.0
1271.0,528.0,16.0,63.0
1272.0,533.0,15.0,65.0
1271.0,528.0,17.0,65.0
1271.0,522.0,16.0,65.0
1271.0,512.0,16.0,66.0
1271.0,503.0,17.0,64.0
1270.0,508.0,17.0,60.0
1272.0,501.0,14.0,64.0
1271.0,494.0,17.0,59.0
1271.0,496.0,17.0,57.0
1271.0,500.0,16.0,57.0
1271.0,503.0,16.0,56.0
1272.0,494.0,15.0,57.0
1271.0,498.0,16.0,55.0
1272.0,499.0,14.0,56.0
1272.0,502.0,14.0,55.0
1272.0,507.0,15.0,54.0
1272.0,514.0,14.0,56.0
1272.0,525.0,14.0,57.0
1273.0,531.0,13.0,60.0
1272.0,537.0,14.0,59.0
1271.0,534.0,16.0,59.0
1271.0,540.0,16.0,58.0
1272.0,536.0,15.0,59.0
1271.0,532.0,16.0,57.0
1272.0,527.0,14.0,59.0
1272.0,536.0,15.0,59.0
1272.0,540.0,15.0,60.0
1272.0,545.0,15.0,60.0
1272.0,549.0,15.0,60.0
1272.0,557.0,14.0,63.0
1271.0,562.0,16.0,60.0
1272.0,554.0,15.0,61.0
1271.0,546.0,16.0,60.0
1272.0,548.0,15.0,61.0
1271.0,540.0,16.0,60.0
1271.0,532.0,16.0,59.0
1271.0,536.0,16.0,59.0
1271.0,539.0,17.0,59.0
1271.0,545.0,16.0,60.0
1272.0,551.0,15.0,61.0
1272.0,559.0,15.0,61.0
1271.0,565.0,16.0,61.0
1271.0,571.0,17.0,59.0
1271.0,563.0,17.0,58.0
1272.0,567.0,14.0,62.0
1271.0,572.0,16.0,60.0
1271.0,564.0,16.0,59.0
1271.0,552.0,16.0,60.0
1272.0,553.0,15.0,61.0
1272.0,553.0,15.0,61.0
1271.0,544.0,16.0,60.0
1271.0,536.0,16.0,61.0
1271.0,521.0,16.0,63.0
1271.0,509.0,16.0,64.0
1271.0,502.0,16.0,63.0
1271.0,494.0,16.0,63.0
1272.0,483.0,15.0,64.0
1271.0,474.0,17.0,63.0
1271.0,478.0,16.0,64.0
1272.0,483.0,15.0,66.0
1271.0,489.0,17.0,64.0
1270.0,495.0,18.0,62.0
1271.0,498.0,16.0,65.0
1271.0,505.0,17.0,63.0
1270.0,508.0,18.0,60.0
1271.0,500.0,16.0,61.0
1271.0,494.0,17.0,58.0
1270.0,499.0,18.0,56.0
1271.0,490.0,17.0,56.0
1271.0,492.0,16.0,56.0
1271.0,480.0,16.0,57.0
1271.0,470.0,16.0,56.0
1271.0,470.0,16.0,59.0
1271.0,471.0,17.0,60.0
1271.0,471.0,17.0,62.0
1270.0,471.0,18.0,62.0
1271.0,470.0,17.0,64.0
1269.0,475.0,19.0,62.0
1267.0,479.0,19.0,62.0
1265.0,483.0,20.0,58.0
1264.0,482.0,20.0,56.0
1266.0,471.0,18.0,55.0
1265.0,471.0,18.0,52.0
1265.0,470.0,19.0,49.0
1267.0,460.0,17.0,51.0
1269.0,445.0,16.0,53.0
1269.0,438.0,16.0,54.0
1269.0,431.0,16.0,56.0
1269.0,426.0,15.0,58.0
1267.0,419.0,18.0,56.0
1264.0,410.0,20.0,53.0
1264.0,403.0,19.0,51.0
1265.0,396.0,18.0,50.0
1265.0,399.0,18.0,51.0
1267.0,392.0,17.0,53.0
1267.0,385.0,18.0,54.0
1266.0,377.0,19.0,53.0
1266.0,379.0,20.0,54.0
1266.0,371.0,19.0,55.0
1267.0,374.0,18.0,57.0
1268.0,373.0,17.0,55.0
1267.0,367.0,18.0,56.0
1268.0,372.0,18.0,57.0
1267.0,375.0,18.0,56.0
1265.0,370.0,20.0,53.0
1265.0,365.0,20.0,53.0
1265.0,357.0,20.0,53.0
1267.0,348.0,19.0,53.0
1267.0,351.0,19.0,53.0
1267.0,354.0,18.0,54.0
1267.0,346.0,17.0,52.0
1267.0,350.0,18.0,52.0
1267.0,353.0,18.0,52.0
1267.0,357.0,19.0,52.0
1267.0,347.0,17.0,53.0
1267.0,341.0,19.0,51.0
1267.0,342.0,19.0,52.0
1267.0,334.0,19.0,53.0
1268.0,323.0,17.0,52.0
1267.0,325.0,18.0,51.0
1267.0,317.0,18.0,50.0
1266.0,310.0,18.0,51.0
1268.0,312.0,16.0,55.0
1266.0,317.0,18.0,55.0
1266.0,316.0,18.0,54.0
1266.0,313.0,18.0,54.0
1266.0,311.0,18.0,53.0
1265.0,312.0,19.0,53.0
1265.0,310.0,19.0,52.0
1266.0,314.0,18.0,57.0
1265.0,323.0,20.0,57.0
1263.0,329.0,21.0,56.0
1263.0,332.0,20.0,57.0
1263.0,319.0,20.0,59.0
1263.0,306.0,22.0,59.0
1264.0,309.0,20.0,60.0
1262.0,314.0,22.0,59.0
1264.0,309.0,20.0,59.0
1262.0,307.0,21.0,58.0
1262.0,306.0,21.0,58.0
1264.0,301.0,20.0,59.0
1264.0,304.0,20.0,61.0
1263.0,304.0,20.0,61.0
1265.0,284.0,19.0,63.0
1265.0,290.0,20.0,63.0
1265.0,291.0,19.0,62.0
1266.0,292.0,19.0,63.0
1265.0,283.0,19.0,62.0
1263.0,276.0,21.0,59.0
1264.0,276.0,20.0,59.0
1266.0,265.0,20.0,60.0
1266.0,257.0,20.0,59.0
1266.0,264.0,19.0,62.0
1266.0,258.0,20.0,61.0
1268.0,247.0,18.0,62.0
1268.0,240.0,19.0,63.0
1271.0,243.0,15.0,66.0
1272.0,238.0,15.0,68.0
1270.0,244.0,19.0,63.0
1271.0,239.0,17.0,67.0
1270.0,246.0,19.0,64.0
1271.0,239.0,17.0,66.0
1271.0,245.0,17.0,67.0
1270.0,250.0,19.0,62.0
1271.0,252.0,17.0,63.0
1270.0,254.0,18.0,59.0
1272.0,256.0,15.0,63.0
1271.0,262.0,16.0,63.0
1271.0,267.0,17.0,63.0
1270.0,271.0,19.0,60.0
1271.0,258.0,17.0,63.0
1270.0,262.0,19.0,62.0
1271.0,265.0,17.0,65.0
1270.0,257.0,18.0,64.0
1269.0,256.0,19.0,63.0
1269.0,254.0,19.0,65.0
1267.0,255.0,20.0,64.0
1266.0,256.0,22.0,63.0
1265.0,243.0,21.0,63.0
1265.0,228.0,21.0,63.0
1263.0,229.0,22.0,62.0
1262.0,230.0,23.0,61.0
1261.0,228.0,23.0,61.0
1262.0,215.0,22.0,63.0
1262.0,214.0,22.0,66.0
1263.0,206.0,22.0,67.0
1262.0,196.0,23.0,64.0
1262.0,198.0,24.0,65.0
1265.0,197.0,20.0,68.0
1263.0,190.0,23.0,62.0
1264.0,181.0,22.0,63.0
1264.0,169.0,22.0,62.0
1262.0,172.0,23.0,60.0
1262.0,175.0,22.0,63.0
1265.0,179.0,20.0,67.0
1263.0,184.0,23.0,63.0
1263.0,173.0,22.0,63.0
1264.0,167.0,21.0,63.0
1263.0,160.0,23.0,61.0
1263.0,162.0,22.0,62.0
1263.0,153.0,22.0,61.0
1265.0,144.0,21.0,62.0
1265.0,147.0,20.0,62.0
1264.0,140.0,21.0,61.0
1266.0,131.0,20.0,61.0
1265.0,134.0,20.0,61.0
1264.0,138.0,21.0,61.0
1266.0,144.0,20.0,67.0
1264.0,150.0,21.0,67.0
1260.0,151.0,25.0,65.0
1259.0,139.0,25.0,66.0
1256.0,140.0,27.0,65.0
1257.0,125.0,27.0,66.0
1257.0,112.0,27.0,67.0
1254.0,102.0,28.0,64.0
1267.0,102.0,22.0,71.0
1266.0,105.0,21.0,69.0
1263.0,110.0,23.0,68.0
1260.0,115.0,25.0,66.0
1259.0,118.0,25.0,67.0
1262.0,105.0,23.0,69.0
1262.0,96.0,24.0,68.0
1263.0,87.0,24.0,69.0
1266.0,90.0,21.0,71.0
1264.0,94.0,23.0,68.0
1263.0,99.0,23.0,67.0
1262.0,104.0,23.0,67.0
1262.0,95.0,23.0,66.0
1263.0,98.0,23.0,66.0
1265.0,89.0,21.0,67.0
1264.0,84.0,22.0,66.0
1263.0,89.0,23.0,64.0
1262.0,91.0,22.0,63.0
1262.0,94.0,23.0,62.0
1262.0,96.0,22.0,63.0
1263.0,88.0,22.0,62.0
1262.0,81.0,22.0,61.0
1262.0,83.0,23.0,61.0
1262.0,85.0,22.0,61.0
1261.0,77.0,22.0,60.0
1261.0,79.0,22.0,60.0
1263.0,71.0,22.0,62.0
1262.0,74.0,22.0,62.0
1261.0,76.0,23.0,62.0
1262.0,80.0,22.0,65.0
1261.0,82.0,24.0,66.0
1259.0,82.0,25.0,66.0
1263.0,81.0,22.0,66.0
1263.0,88.0,18.0,50.0
1249.0,86.0,27.0,40.0
1235.0,84.0,28.0,40.0
1216.0,80.0,29.0,41.0
1200.0,79.0,30.0,45.0
1185.0,76.0,29.0,45.0
1170.0,74.0,30.0,46.0
1157.0,70.0,27.0,43.0
1137.0,68.0,29.0,45.0
1124.0,65.0,26.0,44.0
1111.0,63.0,26.0,42.0
1098.0,62.0,26.0,41.0
1085.0,60.0,25.0,41.0
1069.0,57.0,25.0,43.0
1057.0,55.0,24.0,42.0
1046.0,54.0,24.0,40.0
1034.0,54.0,22.0,41.0
1023.0,51.0,23.0,41.0
1009.0,48.0,23.0,40.0
1000.0,48.0,20.0,40.0
991.0,47.0,19.0,39.0
981.0,46.0,20.0,38.0
970.0,45.0,21.0,36.0
959.0,42.0,20.0,39.0
950.0,41.0,19.0,38.0
942.0,40.0,19.0,39.0
933.0,38.0,20.0,38.0
925.0,38.0,18.0,38.0
913.0,36.0,19.0,38.0
905.0,34.0,18.0,39.0
897.0,34.0,18.0,38.0
890.0,32.0,19.0,38.0
882.0,33.0,18.0,37.0
874.0,31.0,18.0,36.0
867.0,30.0,18.0,37.0
861.0,30.0,17.0,39.0
855.0,28.0,18.0,38.0
850.0,28.0,18.0,38.0
843.0,27.0,17.0,38.0
839.0,26.0,17.0,37.0
834.0,24.0,18.0,38.0
830.0,24.0,15.0,39.0
825.0,24.0,16.0,38.0
817.0,23.0,16.0,38.0
811.0,23.0,17.0,36.0
804.0,23.0,16.0,37.0
797.0,22.0,16.0,37.0
791.0,20.0,16.0,37.0
782.0,20.0,15.0,37.0
774.0,18.0,15.0,37.0
767.0,20.0,15.0,36.0
759.0,18.0,15.0,37.0
751.0,19.0,15.0,36.0
742.0,17.0,15.0,34.0
734.0,16.0,14.0,35.0
727.0,16.0,15.0,35.0
719.0,16.0,15.0,36.0
710.0,14.0,15.0,34.0
699.0,13.0,15.0,34.0
691.0,13.0,14.0,34.0
682.0,11.0,15.0,34.0
672.0,11.0,14.0,33.0
664.0,12.0,13.0,33.0
654.0,10.0,15.0,33.0
645.0,10.0,13.0,34.0
638.0,10.0,14.0,34.0
630.0,10.0,14.0,34.0
624.0,8.0,15.0,33.0
616.0,8.0,14.0,35.0
610.0,7.0,14.0,36.0
604.0,7.0,15.0,34.0
600.0,7.0,15.0,35.0
595.0,6.0,14.0,36.0
589.0,7.0,14.0,35.0
585.0,5.0,15.0,35.0
581.0,5.0,15.0,35.0
578.0,5.0,14.0,33.0
574.0,4.0,14.0,33.0
569.0,5.0,14.0,33.0
566.0,5.0,14.0,33.0
563.0,4.0,13.0,32.0
560.0,4.0,13.0,32.0
557.0,6.0,12.0,31.0
553.0,5.0,13.0,31.0
549.0,3.0,13.0,31.0
546.0,3.0,13.0,32.0
542.0,1.0,14.0,32.0
539.0,2.0,13.0,32.0
534.0,3.0,12.0,32.0
530.0,2.0,13.0,31.0
527.0,1.0,13.0,33.0
523.0,0.0,13.0,31.0
519.0,2.0,13.0,31.0
513.0,0.0,13.0,33.0
509.0,0.0,13.0,33.0
504.0,1.0,12.0,33.0
499.0,0.0,13.0,33.0
494.0,0.0,12.0,32.0
487.0,0.0,13.0,29.0
482.0,0.0,13.0,29.0
476.0,0.0,13.0,29.0
471.0,0.0,12.0,29.0
465.0,0.0,13.0,28.0
457.0,0.0,13.0,29.0
453.0,0.0,12.0,29.0
447.0,0.0,12.0,29.0
441.0,0.0,12.0,28.0
434.0,0.0,12.0,28.0
426.0,0.0,13.0,29.0
420.0,0.0,13.0,29.0
413.0,-1.0,12.0,29.0
408.0,0.0,12.0,28.0
403.0,-1.0,12.0,27.0
396.0,0.0,12.0,28.0
391.0,0.0,12.0,28.0
387.0,0.0,13.0,27.0
383.0,-1.0,12.0,27.0
379.0,-1.0,12.0,26.0
375.0,0.0,12.0,26.0
372.0,0.0,12.0,26.0
369.0,-1.0,12.0,25.0
367.0,-1.0,12.0,25.0
365.0,-1.0,11.0,25.0
363.0,-1.0,12.0,25.0
361.0,-1.0,12.0,25.0
359.0,0.0,12.0,25.0
358.0,-1.0,11.0,25.0
358.0,-1.0,12.0,24.0
356.0,-1.0,11.0,23.0
356.0,-1.0,12.0,23.0
354.0,-1.0,12.0,22.0
354.0,-1.0,12.0,22.0
353.0,-2.0,12.0,22.0
353.0,-1.0,12.0,22.0
353.0,-1.0,11.0,21.0
352.0,-1.0,10.0,21.0
352.0,-1.0,11.0,20.0
351.0,-2.0,11.0,20.0
352.0,-1.0,11.0,20.0
352.0,-1.0,11.0,20.0
352.0,-2.0,11.0,19.0
353.0,-1.0,11.0,19.0
352.0,0.0,11.0,19.0
353.0,-2.0,10.0,19.0
353.0,-2.0,11.0,18.0
353.0,-1.0,11.0,18.0
351.0,-1.0,10.0,18.0
353.0,-1.0,10.0,18.0
353.0,-1.0,10.0,19.0
353.0,-2.0,10.0,20.0
351.0,-2.0,10.0,19.0
350.0,-2.0,10.0,19.0
351.0,-1.0,10.0,18.0
349.0,-1.0,10.0,19.0
349.0,-1.0,11.0,19.0
349.0,-1.0,11.0,20.0
346.0,0.0,11.0,20.0
345.0,0.0,12.0,20.0
342.0,0.0,12.0,21.0
342.0,2.0,12.0,22.0
337.0,3.0,12.0,22.0
333.0,4.0,12.0,23.0
328.0,5.0,13.0,24.0
322.0,6.0,14.0,23.0
318.0,7.0,15.0,24.0
318.0,9.0,16.0,25.0
318.0,10.0,17.0,26.0
319.0,11.0,17.0,27.0
314.0,6.0,17.0,28.0
308.0,7.0,18.0,29.0
303.0,8.0,18.0,29.0
297.0,9.0,19.0,30.0
291.0,11.0,19.0,30.0
285.0,13.0,20.0,32.0
279.0,14.0,20.0,33.0
273.0,16.0,20.0,34.0
267.0,18.0,21.0,34.0
261.0,20.0,21.0,34.0
261.0,22.0,22.0,35.0
262.0,24.0,22.0,36.0
263.0,25.0,23.0,36.0
264.0,27.0,23.0,37.0
257.0,28.0,23.0,38.0
250.0,29.0,23.0,38.0
243.0,31.0,23.0,39.0
236.0,32.0,24.0,40.0
228.0,33.0,24.0,40.0
220.0,34.0,24.0,40.0
213.0,35.0,24.0,40.0
205.0,36.0,24.0,41.0
206.0,37.0,25.0,41.0
206.0,39.0,25.0,41.0
207.0,40.0,25.0,41.0
208.0,42.0,26.0,42.0
210.0,35.0,25.0,42.0
211.0,37.0,26.0,42.0
212.0,38.0,26.0,43.0
213.0,39.0,27.0,44.0
205.0,41.0,27.0,44.0
205.0,42.0,27.0,44.0
206.0,44.0,27.0,45.0
207.0,45.0,28.0,45.0
198.0,46.0,28.0,46.0
199.0,39.0,28.0,46.0
200.0,41.0,28.0,46.0
200.0,43.0,29.0,47.0
201.0,36.0,29.0,47.0
202.0,38.0,29.0,47.0
203.0,40.0,29.0,48.0
203.0,42.0,30.0,48.0
204.0,43.0,31.0,48.0
205.0,36.0,31.0,49.0
206.0,28.0,31.0,49.0
207.0,31.0,32.0,49.0
198.0,33.0,32.0,50.0
199.0,36.0,33.0,50.0
200.0,38.0,33.0,51.0
201.0,30.0,33.0,51.0
202.0,32.0,33.0,51.0
192.0,34.0,33.0,52.0
192.0,37.0,35.0,52.0
194.0,29.0,35.0,52.0
195.0,32.0,35.0,52.0
195.0,34.0,36.0,53.0
196.0,36.0,37.0,54.0
196.0,28.0,38.0,55.0
197.0,30.0,38.0,56.0
186.0,32.0,38.0,57.0
186.0,35.0,40.0,56.0
187.0,37.0,40.0,57.0
188.0,40.0,41.0,58.0
189.0,30.0,41.0,59.0
178.0,32.0,42.0,59.0
179.0,36.0,43.0,60.0
167.0,39.0,43.0,62.0
168.0,29.0,44.0,62.0
170.0,17.0,45.0,62.0
172.0,20.0,45.0,62.0
175.0,23.0,45.0,62.0
177.0,26.0,45.0,62.0
180.0,15.0,44.0,62.0
183.0,17.0,44.0,62.0
186.0,18.0,45.0,62.0
187.0,22.0,45.0,62.0
189.0,23.0,44.0,64.0
190.0,27.0,45.0,63.0
193.0,30.0,46.0,61.0
181.0,18.0,42.0,64.0
181.0,21.0,44.0,61.0
169.0,24.0,43.0,62.0
170.0,27.0,44.0,61.0
159.0,29.0,44.0,63.0
147.0,31.0,44.0,64.0
148.0,20.0,45.0,63.0
148.0,23.0,46.0,62.0
149.0,26.0,46.0,61.0
150.0,15.0,45.0,63.0
150.0,18.0,45.0,63.0
137.0,21.0,44.0,63.0
139.0,24.0,45.0,62.0
127.0,26.0,44.0,64.0
127.0,16.0,45.0,63.0
128.0,19.0,45.0,63.0
129.0,23.0,46.0,63.0
117.0,24.0,45.0,64.0
117.0,27.0,46.0,63.0
118.0,30.0,48.0,62.0
107.0,31.0,46.0,64.0
108.0,19.0,45.0,65.0
95.0,22.0,45.0,65.0
96.0,26.0,47.0,64.0
98.0,29.0,47.0,64.0
99.0,18.0,46.0,65.0
100.0,21.0,46.0,64.0
88.0,24.0,46.0,64.0
76.0,27.0,45.0,64.0
77.0,29.0,46.0,64.0
80.0,31.0,46.0,63.0
81.0,19.0,46.0,64.0
82.0,23.0,46.0,63.0
84.0,25.0,45.0,63.0
86.0,27.0,44.0,63.0
88.0,30.0,43.0,64.0
76.0,33.0,43.0,63.0
79.0,35.0,41.0,63.0
80.0,39.0,41.0,61.0
70.0,42.0,40.0,61.0
58.0,33.0,40.0,60.0
47.0,36.0,39.0,60.0
48.0,39.0,40.0,59.0
51.0,30.0,40.0,59.0
51.0,33.0,40.0,58.0
54.0,35.0,39.0,60.0
42.0,28.0,40.0,58.0
44.0,31.0,40.0,58.0
33.0,33.0,38.0,60.0
34.0,36.0,39.0,59.0
35.0,40.0,40.0,59.0
36.0,44.0,40.0,59.0
26.0,47.0,38.0,61.0
16.0,49.0,36.0,63.0
7.0,49.0,32.0,67.0
0.0,52.0,29.0,67.0
-7.0,54.0,24.0,70.0
-5.0,58.0,26.0,65.0
-11.0,45.0,22.0,66.0
-8.0,45.0,21.0,64.0
-6.0,36.0,23.0,58.0
-4.0,37.0,23.0,56.0
-9.0,35.0,18.0,59.0
-7.0,37.0,19.0,57.0
-5.0,39.0,19.0,54.0
-3.0,40.0,21.0,49.0
-1.0,40.0,19.0,48.0
-7.0,38.0,16.0,50.0
-5.0,39.0,16.0,49.0
-3.0,39.0,17.0,46.0
-2.0,40.0,18.0,44.0
-7.0,39.0,15.0,46.0
-5.0,40.0,16.0,43.0
-3.0,39.0,16.0,42.0
-7.0,39.0,14.0,42.0
-5.0,39.0,14.0,41.0
-3.0,38.0,15.0,40.0
-2.0,40.0,16.0,37.0
-6.0,39.0,13.0,39.0
-4.0,40.0,13.0,39.0
-3.0,41.0,15.0,37.0
-2.0,38.0,16.0,36.0
-6.0,37.0,13.0,39.0
-4.0,39.0,13.0,39.0
-3.0,41.0,14.0,38.0
-2.0,43.0,15.0,37.0
-6.0,42.0,13.0,39.0
-4.0,44.0,13.0,39.0
-3.0,48.0,14.0,39.0
-2.0,51.0,15.0,36.0
-6.0,50.0,12.0,39.0
-4.0,46.0,13.0,38.0
-3.0,41.0,14.0,37.0
-2.0,44.0,14.0,36.0
-6.0,43.0,12.0,38.0
-4.0,46.0,12.0,38.0
-3.0,49.0,13.0,37.0
-2.0,52.0,14.0,36.0
-6.0,52.0,12.0,40.0
-4.0,48.0,12.0,40.0
-3.0,50.0,13.0,38.0
-2.0,51.0,14.0,36.0
-1.0,52.0,14.0,36.0
-5.0,52.0,11.0,38.0
-4.0,55.0,12.0,36.0
-3.0,57.0,12.0,35.0
-2.0,58.0,13.0,34.0
-1.0,54.0,13.0,34.0
-5.0,52.0,11.0,37.0
-4.0,54.0,12.0,37.0
-3.0,55.0,13.0,37.0
-2.0,56.0,14.0,36.0
-6.0,56.0,12.0,39.0
-4.0,61.0,12.0,40.0
-3.0,65.0,14.0,39.0
-2.0,65.0,15.0,37.0
-6.0,65.0,12.0,40.0
-4.0,59.0,13.0,40.0
-3.0,59.0,14.0,38.0
-1.0,51.0,15.0,37.0
-6.0,47.0,13.0,39.0
-4.0,40.0,14.0,38.0
-2.0,33.0,15.0,36.0
-1.0,25.0,14.0,37.0
-5.0,25.0,14.0,37.0
-3.0,24.0,14.0,37.0
-2.0,26.0,16.0,35.0
-5.0,23.0,13.0,38.0
-4.0,24.0,14.0,37.0
-2.0,25.0,15.0,36.0
-6.0,22.0,13.0,38.0
-4.0,23.0,13.0,38.0
-3.0,24.0,14.0,36.0
-1.0,24.0,15.0,36.0
-5.0,22.0,13.0,39.0
-3.0,24.0,14.0,38.0
-2.0,25.0,15.0,37.0
0.0,19.0,16.0,36.0
0.0,16.0,17.0,35.0
1.0,18.0,17.0,35.0
3.0,19.0,18.0,35.0
-1.0,14.0,16.0,37.0
0.0,17.0,17.0,37.0
-3.0,18.0,16.0,38.0
-2.0,21.0,17.0,37.0
0.0,22.0,16.0,38.0
-4.0,22.0,14.0,39.0
-3.0,24.0,16.0,38.0
-1.0,19.0,16.0,37.0
-5.0,19.0,14.0,38.0
-3.0,21.0,13.0,39.0
-3.0,22.0,15.0,39.0
-7.0,22.0,14.0,42.0
-4.0,21.0,15.0,42.0
-3.0,23.0,17.0,40.0
-6.0,15.0,13.0,43.0
-5.0,15.0,14.0,42.0
-4.0,16.0,16.0,41.0
-2.0,11.0,17.0,40.0
-6.0,11.0,14.0,44.0
-4.0,14.0,14.0,44.0
-3.0,16.0,15.0,43.0
-2.0,12.0,15.0,42.0
-7.0,14.0,14.0,42.0
-5.0,15.0,15.0,42.0
-3.0,18.0,15.0,41.0
-2.0,9.0,16.0,41.0
0.0,0.0,16.0,41.0
0.0,2.0,16.0,38.0
0.0,2.0,18.0,36.0
0.0,4.0,19.0,36.0
0.0,5.0,19.0,36.0
-2.0,5.0,16.0,37.0
-1.0,6.0,16.0,38.0
-4.0,7.0,14.0,39.0
-2.0,9.0,15.0,38.0
-1.0,11.0,15.0,37.0
-5.0,11.0,14.0,39.0
-3.0,14.0,16.0,37.0
-2.0,16.0,17.0,36.0
-5.0,14.0,15.0,39.0
-3.0,16.0,16.0,38.0
-1.0,18.0,17.0,37.0
0.0,20.0,18.0,38.0
0.0,23.0,18.0,38.0
2.0,24.0,18.0,39.0
3.0,25.0,18.0,38.0
-1.0,27.0,16.0,39.0
-6.0,29.0,15.0,39.0
-3.0,31.0,15.0,38.0
-7.0,31.0,14.0,39.0
-5.0,32.0,14.0,37.0
-3.0,26.0,13.0,36.0
-2.0,26.0,14.0,34.0
-6.0,26.0,12.0,36.0
-3.0,24.0,13.0,35.0
-2.0,25.0,14.0,34.0
-6.0,25.0,12.0,35.0
-4.0,27.0,13.0,34.0
-2.0,28.0,14.0,33.0
-1.0,24.0,15.0,32.0
-4.0,23.0,13.0,34.0
-2.0,24.0,13.0,33.0
-1.0,23.0,14.0,33.0
-4.0,23.0,13.0,34.0
-3.0,22.0,14.0,34.0
-6.0,20.0,13.0,35.0
-4.0,20.0,14.0,33.0
-2.0,21.0,14.0,32.0
-1.0,22.0,14.0,32.0
0.0,23.0,15.0,32.0
0.0,24.0,16.0,32.0
-3.0,17.0,15.0,33.0
-2.0,20.0,16.0,33.0
-5.0,20.0,14.0,35.0
-3.0,23.0,15.0,34.0
-2.0,26.0,15.0,34.0
-5.0,20.0,14.0,36.0
-4.0,22.0,14.0,35.0
-2.0,22.0,14.0,36.0
-6.0,15.0,13.0,36.0
-5.0,17.0,14.0,35.0
-3.0,18.0,14.0,34.0
-6.0,17.0,13.0,35.0
-4.0,18.0,13.0,35.0
-2.0,21.0,14.0,36.0
-6.0,21.0,13.0,37.0
-5.0,25.0,14.0,36.0
-3.0,27.0,14.0,36.0
-6.0,28.0,13.0,37.0
-4.0,30.0,12.0,35.0
-3.0,32.0,13.0,33.0
-2.0,34.0,14.0,33.0
-6.0,27.0,12.0,35.0
-4.0,29.0,12.0,33.0
-3.0,32.0,13.0,33.0
-2.0,35.0,14.0,33.0
-5.0,38.0,12.0,36.0
-3.0,41.0,14.0,35.0
-2.0,37.0,14.0,36.0
-2.0,33.0,15.0,36.0
-6.0,34.0,13.0,37.0
-3.0,32.0,13.0,38.0
-2.0,32.0,13.0,39.0
-6.0,36.0,12.0,40.0
-4.0,35.0,14.0,38.0
-3.0,38.0,14.0,36.0
-6.0,41.0,13.0,39.0
-4.0,43.0,14.0,36.0
-2.0,43.0,14.0,34.0
-1.0,39.0,14.0,33.0
-4.0,39.0,13.0,33.0
-3.0,40.0,13.0,33.0
-2.0,40.0,12.0,32.0
-1.0,42.0,13.0,31.0
-4.0,37.0,12.0,32.0
-2.0,39.0,12.0,31.0
-1.0,42.0,13.0,31.0
-4.0,43.0,11.0,33.0
-2.0,44.0,12.0,32.0
-6.0,46.0,12.0,33.0
-3.0,41.0,12.0,32.0
-2.0,43.0,12.0,32.0
-2.0,47.0,12.0,33.0
-5.0,43.0,11.0,33.0
-4.0,38.0,12.0,32.0
-2.0,40.0,12.0,33.0
-2.0,43.0,14.0,31.0
-4.0,41.0,11.0,33.0
-3.0,43.0,13.0,31.0
-1.0,44.0,13.0,32.0
-4.0,44.0,12.0,34.0
-2.0,45.0,13.0,33.0
-1.0,47.0,14.0,33.0
-4.0,47.0,13.0,34.0
-2.0,50.0,13.0,34.0
-1.0,53.0,14.0,35.0
-4.0,53.0,12.0,37.0
-3.0,56.0,14.0,36.0
-2.0,52.0,15.0,36.0
-5.0,53.0,13.0,38.0
-3.0,56.0,14.0,38.0
-2.0,59.0,15.0,36.0
-1.0,61.0,15.0,36.0
-5.0,62.0,14.0,37.0
-3.0,57.0,14.0,37.0
-6.0,57.0,13.0,37.0
-4.0,57.0,14.0,36.0
-2.0,57.0,14.0,35.0
-1.0,60.0,15.0,34.0
0.0,61.0,15.0,34.0
-4.0,60.0,14.0,35.0
-2.0,59.0,14.0,34.0
-1.0,60.0,14.0,35.0
-1.0,60.0,15.0,35.0
-4.0,54.0,14.0,36.0
-3.0,56.0,15.0,36.0
-1.0,57.0,16.0,35.0
-4.0,50.0,13.0,37.0
-3.0,52.0,14.0,36.0
-2.0,52.0,16.0,35.0
0.0,53.0,16.0,36.0
1.0,55.0,17.0,36.0
-2.0,55.0,16.0,39.0
0.0,56.0,17.0,38.0
0.0,49.0,18.0,38.0
1.0,50.0,19.0,38.0
2.0,43.0,19.0,39.0
3.0,45.0,20.0,39.0
4.0,47.0,20.0,40.0
5.0,49.0,21.0,41.0
6.0,52.0,21.0,41.0
7.0,55.0,22.0,42.0
8.0,57.0,23.0,43.0
9.0,60.0,24.0,43.0
2.0,60.0,22.0,45.0
-2.0,59.0,20.0,46.0
0.0,53.0,20.0,46.0
0.0,55.0,21.0,46.0
-3.0,49.0,18.0,47.0
-1.0,45.0,19.0,46.0
-6.0,46.0,16.0,49.0
-4.0,51.0,17.0,48.0
-3.0,54.0,18.0,46.0
-1.0,57.0,20.0,45.0
0.0,60.0,21.0,45.0
-4.0,60.0,19.0,47.0
-2.0,62.0,20.0,47.0
0.0,64.0,21.0,47.0
-4.0,63.0,19.0,48.0
-2.0,62.0,19.0,48.0
0.0,63.0,20.0,47.0
-5.0,62.0,19.0,48.0
-3.0,63.0,20.0,48.0
-7.0,54.0,17.0,49.0
-4.0,45.0,17.0,49.0
-8.0,45.0,17.0,50.0
-5.0,48.0,19.0,48.0
-4.0,51.0,20.0,47.0
-1.0,44.0,20.0,48.0
-6.0,34.0,19.0,50.0
-4.0,34.0,19.0,49.0
-8.0,24.0,17.0,50.0
-6.0,25.0,18.0,48.0
-4.0,26.0,20.0,46.0
-8.0,15.0,17.0,48.0
-5.0,7.0,17.0,45.0
-3.0,9.0,18.0,42.0
-1.0,8.0,18.0,40.0
0.0,2.0,19.0,37.0
0.0,4.0,19.0,36.0
1.0,3.0,20.0,35.0
-1.0,3.0,17.0,36.0
0.0,3.0,17.0,34.0
-2.0,3.0,16.0,34.0
0.0,5.0,14.0,33.0
-3.0,3.0,13.0,33.0
-1.0,3.0,13.0,31.0
0.0,5.0,13.0,32.0
0.0,3.0,15.0,31.0
-3.0,3.0,14.0,32.0
-2.0,4.0,14.0,33.0
0.0,0.0,14.0,33.0
0.0,3.0,16.0,34.0
-3.0,2.0,14.0,36.0
-2.0,3.0,14.0,36.0
-1.0,5.0,14.0,36.0
-4.0,7.0,13.0,40.0
-3.0,9.0,14.0,40.0
-2.0,5.0,16.0,37.0
-1.0,1.0,17.0,37.0
-1.0,2.0,17.0,37.0
-1.0,3.0,18.0,37.0
-1.0,3.0,18.0,37.0
-1.0,-1.0,17.0,37.0
-1.0,0.0,17.0,36.0
-4.0,0.0,14.0,38.0
-3.0,3.0,14.0,37.0
-2.0,4.0,13.0,35.0
-2.0,0.0,13.0,34.0
-1.0,1.0,14.0,32.0
-1.0,1.0,14.0,32.0
-4.0,0.0,12.0,35.0
-2.0,3.0,13.0,36.0
-2.0,5.0,13.0,36.0
-1.0,7.0,14.0,36.0
-1.0,9.0,14.0,38.0
-1.0,12.0,14.0,39.0
-6.0,15.0,12.0,43.0
-4.0,15.0,13.0,42.0
-3.0,9.0,16.0,40.0
-2.0,4.0,16.0,38.0
-2.0,5.0,15.0,38.0
-2.0,4.0,14.0,39.0
-2.0,4.0,15.0,38.0
-2.0,2.0,14.0,36.0
-2.0,2.0,13.0,35.0
-1.0,3.0,13.0,33.0
-2.0,3.0,14.0,33.0
-2.0,2.0,14.0,33.0
-1.0,2.0,12.0,32.0
-2.0,2.0,12.0,32.0
-1.0,1.0,12.0,31.0
-1.0,0.0,12.0,30.0
-1.0,1.0,11.0,29.0
-1.0,0.0,11.0,28.0
-2.0,0.0,11.0,27.0
-1.0,0.0,11.0,26.0
-1.0,1.0,12.0,26.0
-3.0,1.0,11.0,27.0
-1.0,3.0,11.0,27.0
0.0,6.0,12.0,28.0
0.0,8.0,13.0,28.0
0.0,8.0,13.0,29.0
0.0,9.0,13.0,30.0
-3.0,9.0,12.0,32.0
-2.0,10.0,11.0,31.0
-2.0,10.0,11.0,30.0
-2.0,11.0,10.0,28.0
-1.0,10.0,10.0,27.0
-1.0,10.0,10.0,27.0
-2.0,11.0,10.0,27.0
-1.0,12.0,11.0,27.0
-1.0,12.0,11.0,28.0
-1.0,1.0,11.0,29.0
-1.0,1.0,12.0,28.0
-2.0,3.0,13.0,28.0
-1.0,4.0,13.0,29.0
0.0,5.0,12.0,32.0
-3.0,0.0,12.0,32.0
-2.0,4.0,13.0,31.0
-1.0,5.0,14.0,32.0
0.0,8.0,12.0,34.0
-5.0,9.0,12.0,35.0
-3.0,10.0,13.0,33.0
-2.0,6.0,12.0,32.0
-1.0,3.0,14.0,30.0
-4.0,4.0,12.0,31.0
-2.0,6.0,13.0,30.0
-1.0,10.0,13.0,30.0
0.0,11.0,14.0,29.0
-3.0,12.0,13.0,30.0
-1.0,11.0,13.0,30.0
0.0,13.0,14.0,28.0
0.0,14.0,14.0,29.0
1.0,14.0,15.0,29.0
-1.0,6.0,14.0,32.0
0.0,6.0,15.0,31.0
0.0,6.0,16.0,31.0
0.0,7.0,16.0,31.0
1.0,8.0,16.0,31.0
-2.0,7.0,15.0,33.0
-1.0,6.0,14.0,33.0
0.0,7.0,16.0,32.0
0.0,7.0,16.0,32.0
1.0,9.0,17.0,32.0
2.0,11.0,17.0,32.0
2.0,12.0,18.0,33.0
-1.0,13.0,16.0,34.0
0.0,15.0,16.0,34.0
-3.0,16.0,15.0,35.0
-1.0,17.0,15.0,35.0
-5.0,18.0,13.0,36.0
-3.0,19.0,14.0,35.0
-1.0,14.0,15.0,34.0
0.0,8.0,16.0,33.0
0.0,9.0,16.0,33.0
-3.0,9.0,15.0,34.0
-1.0,10.0,15.0,34.0
0.0,11.0,16.0,33.0
0.0,12.0,17.0,32.0
-3.0,11.0,15.0,35.0
-1.0,11.0,15.0,35.0
0.0,5.0,16.0,34.0
0.0,6.0,17.0,33.0
0.0,7.0,17.0,34.0
1.0,7.0,18.0,35.0
1.0,2.0,19.0,33.0
-2.0,2.0,16.0,35.0
0.0,4.0,16.0,34.0
0.0,5.0,18.0,33.0
0.0,5.0,18.0,33.0
1.0,5.0,18.0,33.0
2.0,7.0,18.0,34.0
3.0,8.0,19.0,34.0
-1.0,8.0,18.0,35.0
0.0,8.0,18.0,35.0
0.0,3.0,19.0,34.0
-2.0,3.0,16.0,36.0
-1.0,5.0,17.0,34.0
0.0,6.0,18.0,33.0
0.0,5.0,18.0,34.0
1.0,6.0,19.0,34.0
2.0,1.0,19.0,33.0
