572.0,174.0,27.0,62.0
573.0,172.0,24.0,64.0
572.0,172.0,24.0,64.0
572.0,172.0,25.0,66.0
571.0,172.0,24.0,65.0
572.0,172.0,24.0,66.0
572.0,172.0,24.0,67.0
572.0,172.0,24.0,66.0
572.0,171.0,24.0,66.0
571.0,172.0,25.0,65.0
572.0,172.0,25.0,63.0
572.0,172.0,24.0,64.0
571.0,172.0,24.0,63.0
573.0,173.0,23.0,61.0
572.0,173.0,24.0,62.0
572.0,173.0,24.0,62.0
573.0,174.0,24.0,64.0
573.0,173.0,24.0,65.0
573.0,174.0,24.0,67.0
573.0,175.0,24.0,65.0
574.0,176.0,25.0,64.0
574.0,176.0,25.0,65.0
575.0,176.0,24.0,64.0
575.0,176.0,25.0,65.0
575.0,176.0,25.0,65.0
575.0,176.0,24.0,64.0
576.0,176.0,25.0,64.0
577.0,176.0,25.0,64.0
577.0,177.0,25.0,64.0
577.0,176.0,25.0,63.0
578.0,177.0,25.0,63.0
579.0,178.0,25.0,61.0
578.0,177.0,26.0,62.0
580.0,177.0,26.0,64.0
580.0,178.0,26.0,63.0
580.0,178.0,27.0,64.0
581.0,178.0,26.0,64.0
582.0,179.0,27.0,64.0
583.0,179.0,27.0,64.0
583.0,180.0,26.0,64.0
584.0,180.0,27.0,64.0
584.0,180.0,28.0,64.0
585.0,180.0,27.0,64.0
587.0,180.0,27.0,64.0
588.0,179.0,25.0,64.0
590.0,179.0,24.0,64.0
591.0,179.0,24.0,65.0
591.0,180.0,24.0,65.0
593.0,181.0,23.0,64.0
594.0,180.0,22.0,65.0
597.0,182.0,22.0,64.0
598.0,182.0,23.0,65.0
599.0,183.0,23.0,63.0
598.0,184.0,25.0,63.0
600.0,185.0,26.0,62.0
600.0,186.0,28.0,61.0
601.0,188.0,30.0,59.0
601.0,188.0,32.0,58.0
602.0,188.0,29.0,60.0
603.0,189.0,29.0,59.0
605.0,189.0,29.0,60.0
607.0,189.0,28.0,62.0
607.0,190.0,28.0,62.0
610.0,190.0,26.0,62.0
613.0,189.0,26.0,61.0
614.0,189.0,26.0,62.0
615.0,191.0,26.0,60.0
617.0,191.0,26.0,61.0
618.0,192.0,26.0,64.0
618.0,192.0,28.0,66.0
619.0,193.0,28.0,67.0
621.0,193.0,29.0,65.0
621.0,195.0,30.0,68.0
622.0,195.0,31.0,68.0
623.0,195.0,31.0,68.0
623.0,196.0,32.0,67.0
624.0,197.0,32.0,66.0
627.0,196.0,31.0,67.0
628.0,196.0,29.0,69.0
631.0,196.0,29.0,68.0
633.0,197.0,27.0,67.0
635.0,197.0,25.0,65.0
638.0,198.0,24.0,62.0
639.0,199.0,25.0,63.0
641.0,199.0,24.0,63.0
643.0,200.0,25.0,65.0
643.0,200.0,24.0,64.0
645.0,201.0,25.0,63.0
645.0,203.0,26.0,62.0
647.0,204.0,28.0,62.0
647.0,205.0,30.0,62.0
648.0,206.0,31.0,63.0
649.0,206.0,31.0,64.0
649.0,208.0,33.0,64.0
649.0,209.0,33.0,65.0
651.0,209.0,32.0,65.0
651.0,210.0,32.0,66.0
653.0,212.0,32.0,65.0
655.0,212.0,32.0,66.0
658.0,213.0,30.0,66.0
659.0,214.0,30.0,66.0
661.0,214.0,29.0,65.0
664.0,215.0,28.0,65.0
664.0,216.0,27.0,64.0
666.0,217.0,27.0,64.0
668.0,219.0,26.0,62.0
669.0,219.0,27.0,62.0
670.0,220.0,27.0,62.0
671.0,222.0,29.0,63.0
672.0,224.0,30.0,61.0
673.0,225.0,31.0,60.0
674.0,227.0,32.0,61.0
675.0,227.0,32.0,61.0
677.0,228.0,31.0,62.0
680.0,228.0,30.0,63.0
684.0,230.0,28.0,62.0
685.0,230.0,28.0,64.0
688.0,231.0,27.0,63.0
692.0,231.0,25.0,61.0
694.0,232.0,24.0,60.0
697.0,233.0,24.0,61.0
698.0,233.0,22.0,62.0
701.0,234.0,22.0,62.0
701.0,236.0,23.0,62.0
703.0,236.0,25.0,62.0
704.0,237.0,27.0,63.0
704.0,238.0,30.0,62.0
703.0,240.0,33.0,62.0
704.0,240.0,34.0,63.0
703.0,241.0,34.0,62.0
707.0,243.0,33.0,62.0
709.0,244.0,32.0,62.0
711.0,244.0,31.0,63.0
714.0,245.0,29.0,62.0
719.0,245.0,27.0,61.0
721.0,245.0,27.0,62.0
724.0,246.0,25.0,63.0
726.0,246.0,26.0,62.0
728.0,246.0,25.0,61.0
728.0,247.0,25.0,61.0
726.0,248.0,27.0,62.0
722.0,247.0,29.0,65.0
718.0,248.0,29.0,65.0
711.0,248.0,31.0,67.0
705.0,248.0,31.0,67.0
697.0,248.0,32.0,69.0
689.0,248.0,31.0,70.0
681.0,247.0,31.0,70.0
673.0,247.0,30.0,70.0
665.0,246.0,30.0,72.0
659.0,246.0,28.0,71.0
652.0,247.0,27.0,70.0
646.0,247.0,26.0,67.0
639.0,247.0,26.0,66.0
632.0,247.0,25.0,67.0
627.0,247.0,24.0,67.0
621.0,248.0,24.0,67.0
615.0,248.0,24.0,66.0
610.0,249.0,24.0,67.0
605.0,250.0,26.0,66.0
601.0,251.0,26.0,67.0
597.0,251.0,28.0,67.0
594.0,253.0,29.0,66.0
592.0,254.0,29.0,68.0
591.0,254.0,29.0,69.0
590.0,254.0,29.0,68.0
590.0,255.0,29.0,68.0
590.0,255.0,29.0,69.0
591.0,255.0,31.0,69.0
593.0,256.0,30.0,69.0
594.0,255.0,30.0,70.0
596.0,255.0,28.0,70.0
599.0,255.0,28.0,68.0
600.0,256.0,28.0,66.0
601.0,257.0,28.0,64.0
603.0,257.0,29.0,65.0
605.0,258.0,29.0,66.0
607.0,259.0,30.0,66.0
608.0,259.0,30.0,66.0
609.0,260.0,30.0,65.0
610.0,261.0,30.0,65.0
613.0,261.0,30.0,65.0
614.0,261.0,30.0,67.0
616.0,261.0,31.0,69.0
618.0,261.0,30.0,70.0
620.0,261.0,29.0,69.0
623.0,260.0,28.0,70.0
625.0,260.0,27.0,68.0
627.0,260.0,26.0,67.0
630.0,260.0,25.0,66.0
631.0,261.0,25.0,67.0
634.0,261.0,25.0,66.0
636.0,260.0,25.0,67.0
637.0,261.0,24.0,69.0
639.0,261.0,26.0,68.0
639.0,261.0,27.0,69.0
641.0,262.0,29.0,69.0
642.0,262.0,29.0,69.0
643.0,263.0,30.0,68.0
644.0,263.0,30.0,68.0
646.0,263.0,30.0,67.0
648.0,263.0,30.0,68.0
649.0,263.0,30.0,71.0
652.0,262.0,29.0,69.0
654.0,262.0,29.0,71.0
657.0,261.0,29.0,69.0
658.0,261.0,28.0,68.0
659.0,261.0,29.0,70.0
662.0,260.0,29.0,70.0
664.0,260.0,28.0,72.0
665.0,260.0,28.0,72.0
667.0,260.0,29.0,71.0
668.0,261.0,29.0,72.0
669.0,261.0,31.0,75.0
670.0,261.0,31.0,75.0
672.0,261.0,31.0,72.0
673.0,262.0,31.0,74.0
674.0,262.0,32.0,71.0
676.0,263.0,32.0,73.0
677.0,262.0,31.0,72.0
679.0,262.0,31.0,73.0
681.0,262.0,30.0,72.0
682.0,262.0,30.0,72.0
682.0,262.0,29.0,72.0
681.0,261.0,28.0,73.0
680.0,261.0,27.0,71.0
676.0,261.0,27.0,70.0
672.0,261.0,27.0,73.0
667.0,261.0,26.0,74.0
662.0,260.0,26.0,71.0
656.0,260.0,26.0,73.0
648.0,260.0,26.0,73.0
640.0,260.0,26.0,76.0
632.0,260.0,27.0,76.0
622.0,260.0,28.0,76.0
614.0,261.0,29.0,75.0
605.0,261.0,29.0,78.0
596.0,261.0,30.0,77.0
587.0,261.0,29.0,76.0
577.0,262.0,30.0,80.0
568.0,261.0,30.0,81.0
560.0,262.0,31.0,79.0
551.0,262.0,31.0,81.0
545.0,261.0,30.0,79.0
538.0,261.0,31.0,80.0
532.0,262.0,31.0,79.0
527.0,261.0,31.0,79.0
522.0,263.0,32.0,75.0
518.0,262.0,32.0,77.0
514.0,263.0,32.0,75.0
512.0,265.0,33.0,74.0
508.0,265.0,33.0,77.0
507.0,265.0,33.0,77.0
504.0,266.0,33.0,78.0
504.0,266.0,33.0,80.0
502.0,266.0,33.0,83.0
502.0,267.0,33.0,82.0
502.0,266.0,33.0,82.0
502.0,266.0,32.0,82.0
503.0,265.0,32.0,81.0
505.0,264.0,31.0,83.0
506.0,263.0,31.0,79.0
508.0,263.0,30.0,80.0
508.0,263.0,31.0,80.0
510.0,264.0,31.0,82.0
513.0,263.0,29.0,79.0
512.0,262.0,30.0,79.0
515.0,262.0,30.0,79.0
516.0,263.0,30.0,80.0
518.0,262.0,30.0,80.0
520.0,262.0,31.0,82.0
521.0,263.0,32.0,83.0
522.0,263.0,32.0,84.0
525.0,263.0,31.0,80.0
527.0,262.0,31.0,82.0
528.0,262.0,31.0,81.0
530.0,261.0,31.0,81.0
532.0,261.0,30.0,81.0
533.0,260.0,30.0,80.0
535.0,260.0,30.0,79.0
537.0,260.0,31.0,77.0
539.0,258.0,31.0,76.0
540.0,258.0,31.0,77.0
543.0,258.0,31.0,79.0
544.0,258.0,31.0,75.0
545.0,257.0,32.0,75.0
546.0,257.0,32.0,75.0
548.0,257.0,32.0,77.0
550.0,257.0,33.0,79.0
552.0,257.0,32.0,80.0
553.0,256.0,32.0,81.0
555.0,256.0,32.0,81.0
555.0,254.0,32.0,83.0
558.0,254.0,32.0,83.0
559.0,252.0,31.0,83.0
561.0,252.0,31.0,81.0
562.0,252.0,31.0,79.0
564.0,250.0,31.0,80.0
564.0,249.0,31.0,77.0
567.0,249.0,30.0,77.0
567.0,248.0,31.0,81.0
570.0,247.0,30.0,82.0
570.0,247.0,31.0,79.0
572.0,247.0,30.0,75.0
574.0,247.0,29.0,77.0
575.0,247.0,31.0,80.0
575.0,247.0,31.0,80.0
577.0,246.0,31.0,81.0
579.0,247.0,30.0,80.0
581.0,247.0,31.0,79.0
582.0,246.0,30.0,79.0
584.0,245.0,30.0,80.0
585.0,245.0,30.0,79.0
587.0,243.0,31.0,79.0
588.0,243.0,32.0,80.0
590.0,242.0,32.0,80.0
591.0,241.0,33.0,78.0
593.0,239.0,33.0,78.0
594.0,239.0,32.0,79.0
596.0,238.0,34.0,79.0
598.0,237.0,33.0,78.0
601.0,236.0,32.0,80.0
603.0,237.0,32.0,79.0
604.0,237.0,32.0,79.0
606.0,237.0,31.0,79.0
607.0,235.0,32.0,80.0
609.0,235.0,31.0,81.0
610.0,235.0,32.0,82.0
611.0,234.0,31.0,81.0
613.0,233.0,31.0,81.0
615.0,233.0,32.0,81.0
617.0,232.0,31.0,80.0
617.0,231.0,32.0,78.0
620.0,231.0,31.0,76.0
619.0,229.0,31.0,76.0
620.0,229.0,31.0,77.0
621.0,227.0,31.0,78.0
620.0,227.0,30.0,75.0
620.0,226.0,31.0,76.0
619.0,226.0,31.0,79.0
619.0,226.0,31.0,80.0
619.0,226.0,31.0,81.0
619.0,226.0,31.0,82.0
618.0,226.0,31.0,81.0
618.0,225.0,30.0,80.0
617.0,226.0,30.0,78.0
616.0,225.0,30.0,78.0
616.0,224.0,29.0,78.0
615.0,223.0,30.0,79.0
613.0,222.0,29.0,78.0
611.0,222.0,29.0,76.0
610.0,221.0,29.0,74.0
609.0,221.0,29.0,74.0
606.0,220.0,29.0,76.0
603.0,219.0,29.0,76.0
600.0,218.0,29.0,76.0
598.0,217.0,29.0,76.0
595.0,217.0,30.0,76.0
592.0,217.0,30.0,76.0
589.0,218.0,30.0,76.0
585.0,217.0,30.0,77.0
581.0,218.0,32.0,78.0
577.0,217.0,32.0,79.0
573.0,217.0,33.0,79.0
569.0,217.0,34.0,79.0
566.0,217.0,35.0,81.0
563.0,217.0,35.0,79.0
560.0,217.0,36.0,79.0
561.0,217.0,35.0,77.0
559.0,215.0,33.0,77.0
557.0,215.0,34.0,76.0
556.0,214.0,34.0,76.0
555.0,213.0,33.0,78.0
554.0,213.0,33.0,77.0
551.0,214.0,33.0,76.0
550.0,214.0,32.0,76.0
548.0,214.0,33.0,78.0
548.0,214.0,32.0,80.0
546.0,214.0,32.0,79.0
546.0,215.0,32.0,80.0
545.0,215.0,31.0,80.0
544.0,215.0,31.0,80.0
542.0,215.0,31.0,80.0
542.0,214.0,31.0,81.0
541.0,213.0,31.0,82.0
540.0,213.0,32.0,82.0
539.0,212.0,30.0,81.0
540.0,213.0,30.0,79.0
539.0,211.0,31.0,79.0
539.0,212.0,31.0,78.0
539.0,211.0,31.0,77.0
539.0,211.0,32.0,79.0
538.0,211.0,32.0,78.0
540.0,212.0,32.0,77.0
539.0,212.0,32.0,78.0
541.0,212.0,32.0,79.0
542.0,213.0,32.0,79.0
543.0,213.0,32.0,80.0
545.0,213.0,32.0,82.0
544.0,212.0,32.0,82.0
546.0,214.0,32.0,81.0
547.0,214.0,32.0,81.0
547.0,214.0,32.0,81.0
548.0,214.0,32.0,81.0
550.0,213.0,31.0,81.0
551.0,212.0,30.0,81.0
552.0,212.0,30.0,81.0
552.0,212.0,30.0,81.0
553.0,212.0,31.0,82.0
554.0,212.0,31.0,83.0
555.0,211.0,31.0,85.0
556.0,211.0,31.0,83.0
556.0,212.0,31.0,84.0
557.0,212.0,30.0,81.0
558.0,214.0,31.0,81.0
558.0,214.0,32.0,82.0
560.0,215.0,32.0,84.0
560.0,214.0,33.0,84.0
561.0,215.0,33.0,87.0
562.0,216.0,33.0,85.0
563.0,216.0,33.0,86.0
563.0,217.0,33.0,86.0
566.0,217.0,33.0,85.0
568.0,217.0,32.0,84.0
569.0,217.0,31.0,83.0
572.0,218.0,31.0,82.0
573.0,217.0,30.0,84.0
576.0,218.0,29.0,81.0
576.0,219.0,29.0,81.0
578.0,219.0,28.0,79.0
580.0,220.0,28.0,77.0
580.0,219.0,29.0,79.0
583.0,221.0,28.0,76.0
583.0,221.0,29.0,76.0
584.0,222.0,28.0,78.0
583.0,222.0,29.0,77.0
584.0,222.0,29.0,79.0
584.0,222.0,30.0,82.0
584.0,223.0,29.0,80.0
585.0,224.0,30.0,81.0
585.0,225.0,29.0,81.0
585.0,225.0,29.0,81.0
586.0,227.0,29.0,80.0
586.0,226.0,29.0,81.0
588.0,228.0,29.0,80.0
588.0,228.0,29.0,82.0
590.0,229.0,29.0,81.0
591.0,229.0,29.0,82.0
591.0,229.0,29.0,82.0
592.0,229.0,29.0,84.0
594.0,230.0,29.0,83.0
595.0,230.0,29.0,82.0
596.0,230.0,28.0,81.0
596.0,231.0,29.0,79.0
597.0,231.0,30.0,82.0
598.0,231.0,30.0,79.0
599.0,233.0,30.0,77.0
599.0,233.0,31.0,79.0
600.0,234.0,31.0,78.0
600.0,234.0,31.0,77.0
601.0,233.0,31.0,80.0
600.0,233.0,32.0,81.0
601.0,234.0,32.0,83.0
601.0,234.0,32.0,81.0
601.0,234.0,32.0,83.0
601.0,234.0,32.0,83.0
602.0,234.0,32.0,85.0
602.0,234.0,31.0,84.0
603.0,234.0,32.0,85.0
604.0,234.0,30.0,86.0
606.0,234.0,30.0,87.0
608.0,234.0,29.0,85.0
608.0,233.0,29.0,87.0
610.0,233.0,28.0,87.0
612.0,233.0,28.0,86.0
613.0,233.0,27.0,87.0
615.0,233.0,28.0,85.0
616.0,233.0,28.0,84.0
617.0,233.0,28.0,83.0
618.0,233.0,28.0,82.0
619.0,233.0,29.0,83.0
619.0,233.0,29.0,82.0
621.0,234.0,30.0,79.0
621.0,232.0,30.0,83.0
621.0,234.0,30.0,81.0
620.0,233.0,30.0,81.0
619.0,234.0,31.0,81.0
619.0,234.0,32.0,81.0
617.0,233.0,32.0,82.0
616.0,234.0,34.0,82.0
615.0,233.0,32.0,83.0
614.0,233.0,33.0,85.0
613.0,234.0,32.0,85.0
610.0,234.0,33.0,86.0
609.0,233.0,31.0,87.0
607.0,234.0,31.0,88.0
605.0,234.0,32.0,87.0
602.0,235.0,32.0,87.0
600.0,235.0,32.0,88.0
598.0,236.0,32.0,85.0
595.0,236.0,33.0,85.0
593.0,237.0,32.0,84.0
590.0,237.0,33.0,86.0
589.0,238.0,33.0,86.0
585.0,238.0,33.0,86.0
583.0,239.0,34.0,87.0
580.0,239.0,34.0,87.0
577.0,239.0,34.0,88.0
574.0,239.0,34.0,87.0
572.0,240.0,34.0,87.0
570.0,240.0,35.0,87.0
568.0,241.0,36.0,88.0
566.0,240.0,36.0,88.0
563.0,241.0,37.0,89.0
563.0,241.0,37.0,88.0
563.0,242.0,38.0,89.0
562.0,242.0,38.0,89.0
564.0,243.0,37.0,87.0
564.0,242.0,38.0,91.0
568.0,243.0,37.0,90.0
568.0,243.0,38.0,93.0
571.0,244.0,37.0,90.0
572.0,243.0,38.0,90.0
575.0,245.0,37.0,90.0
576.0,245.0,38.0,90.0
578.0,246.0,37.0,89.0
580.0,247.0,38.0,86.0
582.0,247.0,37.0,86.0
584.0,248.0,37.0,86.0
585.0,248.0,36.0,87.0
587.0,250.0,36.0,86.0
589.0,250.0,36.0,85.0
590.0,251.0,35.0,85.0
592.0,251.0,36.0,85.0
593.0,252.0,36.0,86.0
596.0,253.0,35.0,85.0
596.0,253.0,35.0,86.0
598.0,255.0,35.0,84.0
601.0,256.0,35.0,83.0
601.0,257.0,35.0,83.0
603.0,258.0,35.0,82.0
605.0,258.0,34.0,84.0
606.0,259.0,35.0,83.0
608.0,260.0,35.0,85.0
609.0,261.0,35.0,83.0
611.0,261.0,35.0,86.0
611.0,263.0,36.0,84.0
612.0,264.0,36.0,84.0
613.0,265.0,36.0,83.0
612.0,265.0,36.0,87.0
612.0,266.0,36.0,85.0
610.0,266.0,36.0,86.0
609.0,267.0,37.0,87.0
608.0,268.0,36.0,86.0
605.0,268.0,36.0,88.0
604.0,271.0,36.0,86.0
602.0,270.0,35.0,88.0
600.0,272.0,36.0,85.0
598.0,272.0,36.0,87.0
596.0,273.0,35.0,87.0
594.0,273.0,36.0,89.0
591.0,275.0,35.0,88.0
590.0,276.0,35.0,87.0
587.0,276.0,35.0,88.0
585.0,278.0,35.0,87.0
582.0,278.0,36.0,88.0
580.0,278.0,36.0,88.0
579.0,280.0,35.0,88.0
577.0,281.0,36.0,88.0
576.0,281.0,35.0,88.0
575.0,282.0,35.0,87.0
574.0,282.0,35.0,88.0
573.0,283.0,35.0,87.0
571.0,284.0,35.0,88.0
570.0,284.0,35.0,88.0
569.0,284.0,35.0,88.0
568.0,285.0,35.0,88.0
567.0,286.0,35.0,88.0
566.0,286.0,35.0,89.0
565.0,287.0,36.0,89.0
564.0,286.0,35.0,90.0
564.0,286.0,36.0,90.0
562.0,287.0,35.0,90.0
561.0,287.0,36.0,90.0
560.0,288.0,36.0,90.0
560.0,287.0,35.0,90.0
557.0,287.0,36.0,91.0
557.0,288.0,37.0,91.0
556.0,288.0,36.0,92.0
554.0,288.0,35.0,90.0
554.0,288.0,36.0,91.0
551.0,288.0,36.0,90.0
550.0,288.0,36.0,90.0
549.0,288.0,37.0,91.0
547.0,288.0,36.0,91.0
545.0,287.0,36.0,92.0
544.0,287.0,36.0,92.0
542.0,287.0,37.0,92.0
540.0,286.0,36.0,92.0
538.0,287.0,37.0,92.0
537.0,286.0,36.0,91.0
535.0,286.0,36.0,91.0
533.0,284.0,36.0,93.0
531.0,285.0,37.0,93.0
530.0,284.0,35.0,92.0
528.0,284.0,36.0,92.0
526.0,283.0,36.0,93.0
524.0,282.0,36.0,93.0
524.0,282.0,36.0,93.0
522.0,281.0,36.0,93.0
521.0,279.0,36.0,94.0
519.0,279.0,37.0,94.0
519.0,279.0,36.0,94.0
517.0,278.0,37.0,94.0
517.0,277.0,36.0,94.0
516.0,277.0,36.0,94.0
515.0,276.0,36.0,94.0
514.0,275.0,36.0,94.0
514.0,274.0,36.0,94.0
513.0,273.0,37.0,93.0
513.0,271.0,37.0,93.0
512.0,270.0,37.0,94.0
512.0,270.0,38.0,94.0
513.0,268.0,38.0,93.0
513.0,268.0,38.0,93.0
513.0,266.0,38.0,93.0
513.0,265.0,38.0,94.0
514.0,264.0,39.0,94.0
514.0,263.0,38.0,94.0
513.0,262.0,38.0,94.0
514.0,260.0,38.0,95.0
514.0,259.0,38.0,95.0
516.0,257.0,37.0,95.0
516.0,257.0,39.0,95.0
517.0,254.0,38.0,96.0
519.0,254.0,38.0,94.0
519.0,251.0,39.0,95.0
520.0,250.0,38.0,95.0
521.0,249.0,38.0,95.0
521.0,247.0,38.0,95.0
522.0,245.0,38.0,94.0
522.0,244.0,39.0,95.0
523.0,243.0,38.0,94.0
525.0,241.0,38.0,94.0
525.0,240.0,38.0,94.0
525.0,239.0,38.0,94.0
526.0,238.0,38.0,94.0
525.0,237.0,38.0,93.0
525.0,235.0,38.0,93.0
525.0,234.0,38.0,92.0
526.0,234.0,38.0,92.0
527.0,233.0,37.0,92.0
527.0,232.0,37.0,91.0
527.0,229.0,36.0,92.0
526.0,229.0,38.0,94.0
526.0,228.0,37.0,92.0
525.0,227.0,38.0,92.0
526.0,225.0,38.0,92.0
524.0,225.0,40.0,92.0
524.0,223.0,41.0,92.0
523.0,221.0,42.0,92.0
523.0,220.0,44.0,94.0
520.0,219.0,46.0,92.0
518.0,218.0,50.0,91.0
516.0,217.0,54.0,90.0
515.0,215.0,56.0,90.0
514.0,214.0,58.0,90.0
514.0,213.0,59.0,90.0
514.0,211.0,59.0,91.0
514.0,209.0,60.0,91.0
515.0,207.0,60.0,91.0
515.0,206.0,59.0,91.0
516.0,204.0,59.0,90.0
516.0,202.0,57.0,93.0
516.0,200.0,56.0,95.0
515.0,198.0,56.0,95.0
515.0,197.0,54.0,95.0
517.0,195.0,49.0,96.0
516.0,194.0,46.0,95.0
517.0,194.0,43.0,94.0
516.0,193.0,38.0,94.0
515.0,190.0,36.0,96.0
514.0,189.0,37.0,100.0
514.0,188.0,35.0,101.0
515.0,187.0,34.0,103.0
513.0,186.0,37.0,105.0
513.0,185.0,38.0,106.0
512.0,185.0,39.0,106.0
510.0,184.0,41.0,106.0
509.0,183.0,42.0,107.0
509.0,183.0,44.0,106.0
509.0,183.0,45.0,107.0
508.0,183.0,45.0,107.0
508.0,184.0,45.0,106.0
509.0,184.0,45.0,106.0
509.0,184.0,45.0,106.0
508.0,184.0,46.0,105.0
508.0,184.0,45.0,104.0
507.0,184.0,46.0,104.0
507.0,183.0,45.0,104.0
506.0,183.0,45.0,104.0
506.0,182.0,44.0,104.0
506.0,181.0,43.0,102.0
505.0,181.0,43.0,102.0
505.0,180.0,42.0,101.0
505.0,180.0,43.0,100.0
504.0,180.0,43.0,101.0
504.0,179.0,43.0,99.0
504.0,179.0,44.0,98.0
503.0,178.0,44.0,98.0
504.0,178.0,45.0,97.0
503.0,178.0,46.0,98.0
502.0,178.0,46.0,97.0
500.0,178.0,48.0,97.0
499.0,177.0,48.0,99.0
499.0,177.0,49.0,98.0
497.0,177.0,50.0,98.0
496.0,176.0,52.0,98.0
494.0,176.0,53.0,99.0
495.0,176.0,54.0,100.0
494.0,177.0,53.0,99.0
492.0,176.0,55.0,100.0
491.0,176.0,55.0,102.0
490.0,176.0,56.0,103.0
489.0,175.0,56.0,103.0
488.0,176.0,56.0,104.0
488.0,176.0,55.0,103.0
487.0,176.0,56.0,104.0
486.0,176.0,56.0,104.0
485.0,175.0,56.0,105.0
484.0,175.0,57.0,105.0
484.0,175.0,58.0,104.0
481.0,175.0,59.0,105.0
479.0,175.0,61.0,106.0
477.0,174.0,61.0,107.0
475.0,174.0,60.0,108.0
473.0,174.0,59.0,107.0
472.0,173.0,58.0,106.0
472.0,174.0,55.0,104.0
469.0,173.0,52.0,106.0
469.0,173.0,50.0,110.0
467.0,173.0,50.0,111.0
464.0,175.0,51.0,115.0
462.0,176.0,53.0,116.0
463.0,177.0,53.0,119.0
461.0,178.0,55.0,120.0
459.0,180.0,57.0,121.0
457.0,180.0,59.0,120.0
457.0,181.0,59.0,122.0
456.0,183.0,58.0,120.0
455.0,183.0,59.0,121.0
455.0,184.0,60.0,119.0
454.0,184.0,61.0,119.0
453.0,185.0,60.0,119.0
455.0,185.0,57.0,117.0
454.0,185.0,55.0,117.0
454.0,185.0,52.0,117.0
454.0,185.0,49.0,116.0
452.0,185.0,49.0,116.0
451.0,185.0,49.0,114.0
450.0,184.0,50.0,113.0
449.0,184.0,51.0,115.0
447.0,184.0,53.0,114.0
446.0,184.0,54.0,115.0
443.0,184.0,56.0,113.0
440.0,184.0,58.0,116.0
437.0,184.0,60.0,117.0
433.0,183.0,63.0,119.0
428.0,183.0,69.0,119.0
426.0,184.0,71.0,118.0
422.0,185.0,72.0,118.0
419.0,184.0,73.0,118.0
418.0,184.0,76.0,120.0
417.0,185.0,77.0,121.0
414.0,186.0,78.0,121.0
411.0,185.0,80.0,122.0
410.0,185.0,81.0,123.0
408.0,184.0,83.0,124.0
406.0,184.0,83.0,123.0
403.0,183.0,83.0,123.0
401.0,182.0,79.0,124.0
399.0,182.0,76.0,124.0
396.0,181.0,74.0,123.0
394.0,180.0,71.0,123.0
392.0,180.0,66.0,122.0
388.0,179.0,64.0,122.0
387.0,177.0,62.0,127.0
387.0,177.0,62.0,132.0
386.0,177.0,61.0,135.0
386.0,177.0,63.0,135.0
386.0,177.0,65.0,136.0
385.0,177.0,67.0,136.0
384.0,177.0,70.0,137.0
384.0,177.0,72.0,136.0
383.0,177.0,75.0,135.0
384.0,179.0,80.0,135.0
387.0,180.0,82.0,137.0
388.0,180.0,85.0,138.0
390.0,181.0,87.0,137.0
393.0,180.0,87.0,136.0
395.0,180.0,87.0,135.0
393.0,179.0,86.0,136.0
394.0,178.0,86.0,135.0
394.0,177.0,82.0,134.0
392.0,176.0,81.0,133.0
391.0,173.0,77.0,135.0
388.0,172.0,70.0,135.0
386.0,170.0,65.0,138.0
383.0,170.0,64.0,137.0
377.0,169.0,68.0,136.0
373.0,169.0,73.0,134.0
370.0,167.0,78.0,135.0
363.0,167.0,83.0,133.0
355.0,169.0,89.0,131.0
350.0,167.0,94.0,133.0
347.0,166.0,98.0,133.0
342.0,167.0,101.0,133.0
338.0,167.0,105.0,132.0
336.0,166.0,107.0,133.0
332.0,166.0,110.0,135.0
328.0,165.0,110.0,137.0
326.0,165.0,107.0,136.0
322.0,166.0,107.0,135.0
320.0,165.0,91.0,137.0
319.0,163.0,79.0,138.0
311.0,159.0,59.0,138.0
308.0,157.0,61.0,140.0
303.0,155.0,60.0,139.0
299.0,152.0,61.0,142.0
296.0,151.0,56.0,141.0
292.0,149.0,60.0,141.0
289.0,147.0,63.0,142.0
287.0,147.0,67.0,140.0
288.0,148.0,71.0,139.0
287.0,145.0,75.0,142.0
286.0,145.0,82.0,139.0
287.0,145.0,89.0,137.0
293.0,144.0,98.0,135.0
300.0,141.0,103.0,134.0
314.0,141.0,104.0,132.0
326.0,139.0,104.0,131.0
341.0,136.0,106.0,130.0
354.0,131.0,104.0,131.0
370.0,126.0,102.0,132.0
386.0,121.0,101.0,133.0
400.0,119.0,98.0,129.0
415.0,113.0,97.0,131.0
433.0,109.0,92.0,134.0
447.0,102.0,90.0,140.0
463.0,97.0,84.0,142.0
480.0,92.0,83.0,144.0
495.0,88.0,78.0,146.0
512.0,82.0,73.0,150.0
525.0,79.0,73.0,150.0
537.0,79.0,73.0,149.0
548.0,75.0,72.0,152.0
557.0,77.0,73.0,148.0
565.0,74.0,72.0,152.0
573.0,72.0,72.0,152.0
577.0,72.0,74.0,150.0
584.0,73.0,73.0,151.0
588.0,73.0,73.0,149.0
591.0,73.0,73.0,149.0
594.0,71.0,73.0,150.0
597.0,71.0,73.0,148.0
597.0,69.0,72.0,149.0
599.0,69.0,72.0,150.0
598.0,68.0,72.0,150.0
596.0,68.0,73.0,148.0
597.0,67.0,72.0,149.0
596.0,66.0,72.0,150.0
595.0,65.0,73.0,151.0
594.0,61.0,72.0,152.0
593.0,64.0,73.0,150.0
592.0,61.0,73.0,151.0
590.0,62.0,73.0,150.0
589.0,60.0,74.0,151.0
588.0,62.0,74.0,148.0
588.0,58.0,74.0,151.0
585.0,59.0,76.0,150.0
584.0,61.0,77.0,147.0
583.0,59.0,77.0,148.0
581.0,57.0,78.0,150.0
581.0,61.0,80.0,147.0
580.0,58.0,79.0,150.0
579.0,58.0,79.0,152.0
577.0,57.0,80.0,152.0
576.0,58.0,82.0,151.0
576.0,57.0,81.0,156.0
574.0,58.0,83.0,154.0
574.0,56.0,83.0,158.0
574.0,54.0,82.0,160.0
573.0,55.0,83.0,160.0
575.0,56.0,82.0,159.0
575.0,56.0,81.0,160.0
576.0,58.0,81.0,159.0
577.0,61.0,80.0,155.0
579.0,59.0,77.0,158.0
582.0,60.0,75.0,156.0
585.0,59.0,72.0,158.0
587.0,60.0,73.0,159.0
589.0,64.0,71.0,153.0
592.0,64.0,70.0,153.0
596.0,64.0,69.0,152.0
599.0,65.0,66.0,151.0
605.0,62.0,63.0,154.0
609.0,62.0,61.0,153.0
612.0,62.0,64.0,152.0
614.0,59.0,62.0,156.0
613.0,59.0,62.0,154.0
616.0,58.0,61.0,157.0
617.0,59.0,62.0,155.0
620.0,59.0,63.0,155.0
623.0,61.0,66.0,153.0
623.0,59.0,70.0,153.0
624.0,63.0,78.0,151.0
624.0,63.0,82.0,151.0
623.0,63.0,88.0,151.0
621.0,62.0,93.0,151.0
622.0,63.0,96.0,151.0
621.0,62.0,100.0,149.0
621.0,63.0,103.0,150.0
625.0,61.0,102.0,150.0
630.0,60.0,102.0,149.0
636.0,60.0,98.0,147.0
648.0,59.0,91.0,144.0
655.0,60.0,85.0,148.0
662.0,56.0,82.0,151.0
674.0,55.0,72.0,148.0
683.0,54.0,66.0,142.0
684.0,54.0,65.0,148.0
684.0,53.0,67.0,148.0
680.0,54.0,70.0,148.0
676.0,55.0,74.0,148.0
668.0,55.0,81.0,145.0
661.0,55.0,85.0,143.0
656.0,55.0,90.0,141.0
648.0,57.0,95.0,139.0
641.0,57.0,95.0,140.0
633.0,58.0,97.0,142.0
627.0,56.0,99.0,140.0
618.0,57.0,103.0,140.0
614.0,55.0,105.0,143.0
609.0,54.0,101.0,141.0
609.0,53.0,96.0,142.0
610.0,48.0,86.0,147.0
614.0,45.0,74.0,150.0
614.0,42.0,65.0,150.0
611.0,41.0,60.0,149.0
607.0,39.0,57.0,150.0
600.0,39.0,59.0,151.0
592.0,38.0,64.0,152.0
585.0,38.0,70.0,152.0
577.0,40.0,79.0,150.0
571.0,40.0,87.0,148.0
566.0,38.0,89.0,150.0
562.0,39.0,95.0,146.0
558.0,38.0,95.0,147.0
557.0,35.0,91.0,151.0
566.0,34.0,77.0,152.0
574.0,32.0,67.0,151.0
579.0,32.0,60.0,150.0
580.0,28.0,61.0,152.0
585.0,28.0,57.0,152.0
591.0,24.0,54.0,154.0
597.0,22.0,50.0,153.0
601.0,21.0,49.0,154.0
606.0,21.0,49.0,152.0
606.0,22.0,55.0,152.0
605.0,21.0,63.0,151.0
606.0,22.0,73.0,148.0
607.0,22.0,87.0,147.0
606.0,23.0,93.0,145.0
607.0,23.0,95.0,144.0
607.0,24.0,99.0,144.0
608.0,23.0,100.0,145.0
608.0,22.0,100.0,147.0
612.0,21.0,95.0,147.0
616.0,23.0,91.0,145.0
624.0,20.0,86.0,148.0
631.0,15.0,78.0,153.0
641.0,15.0,69.0,153.0
642.0,14.0,65.0,155.0
646.0,13.0,58.0,154.0
644.0,11.0,57.0,155.0
643.0,9.0,55.0,155.0
639.0,8.0,55.0,157.0
632.0,6.0,57.0,158.0
625.0,8.0,59.0,156.0
616.0,10.0,67.0,153.0
606.0,11.0,74.0,153.0
595.0,9.0,80.0,156.0
584.0,9.0,81.0,156.0
572.0,8.0,83.0,157.0
561.0,9.0,82.0,156.0
552.0,7.0,79.0,157.0
546.0,7.0,73.0,157.0
540.0,8.0,67.0,156.0
533.0,5.0,66.0,157.0
526.0,3.0,62.0,160.0
520.0,3.0,57.0,162.0
513.0,1.0,55.0,160.0
505.0,0.0,55.0,158.0
498.0,1.0,54.0,160.0
492.0,1.0,55.0,158.0
486.0,4.0,58.0,157.0
480.0,3.0,63.0,155.0
476.0,6.0,73.0,152.0
473.0,4.0,83.0,153.0
471.0,4.0,86.0,152.0
470.0,6.0,88.0,151.0
470.0,6.0,89.0,152.0
470.0,7.0,88.0,151.0
472.0,6.0,84.0,152.0
473.0,4.0,81.0,153.0
479.0,5.0,76.0,153.0
485.0,5.0,71.0,152.0
493.0,4.0,65.0,150.0
501.0,1.0,58.0,150.0
509.0,0.0,54.0,150.0
515.0,0.0,50.0,153.0
520.0,0.0,51.0,151.0
524.0,-3.0,51.0,152.0
527.0,0.0,54.0,152.0
531.0,-2.0,55.0,153.0
534.0,-1.0,59.0,152.0
537.0,0.0,62.0,151.0
539.0,0.0,67.0,149.0
541.0,1.0,68.0,148.0
543.0,0.0,72.0,149.0
546.0,0.0,74.0,150.0
547.0,0.0,75.0,152.0
549.0,0.0,76.0,153.0
550.0,-2.0,75.0,155.0
551.0,-2.0,71.0,155.0
550.0,-2.0,67.0,154.0
549.0,-2.0,63.0,153.0
549.0,-4.0,58.0,154.0
545.0,-3.0,55.0,152.0
542.0,-4.0,53.0,150.0
537.0,-4.0,51.0,150.0
530.0,-2.0,50.0,149.0
524.0,-4.0,51.0,151.0
516.0,-4.0,53.0,152.0
508.0,-3.0,55.0,150.0
501.0,-1.0,61.0,148.0
491.0,1.0,70.0,144.0
483.0,0.0,70.0,147.0
473.0,1.0,71.0,149.0
463.0,0.0,71.0,152.0
454.0,0.0,71.0,154.0
445.0,0.0,69.0,154.0
435.0,0.0,67.0,155.0
428.0,-1.0,66.0,157.0
421.0,-1.0,63.0,156.0
415.0,0.0,61.0,155.0
409.0,-3.0,59.0,156.0
402.0,-1.0,59.0,152.0
397.0,-3.0,60.0,154.0
392.0,-4.0,61.0,155.0
387.0,-2.0,63.0,153.0
382.0,-3.0,67.0,153.0
379.0,-1.0,68.0,153.0
377.0,-2.0,68.0,155.0
376.0,-2.0,71.0,157.0
376.0,-2.0,73.0,157.0
377.0,-1.0,74.0,157.0
379.0,0.0,73.0,158.0
380.0,-1.0,74.0,159.0
382.0,0.0,73.0,159.0
386.0,0.0,72.0,158.0
390.0,-2.0,69.0,159.0
392.0,-2.0,67.0,159.0
395.0,-6.0,66.0,162.0
398.0,-5.0,61.0,158.0
400.0,-7.0,59.0,158.0
405.0,-7.0,56.0,155.0
406.0,-6.0,57.0,152.0
412.0,-6.0,54.0,148.0
411.0,-8.0,57.0,150.0
416.0,-6.0,54.0,147.0
418.0,-7.0,55.0,149.0
423.0,-4.0,53.0,147.0
424.0,-6.0,57.0,148.0
428.0,-3.0,61.0,146.0
429.0,-4.0,66.0,147.0
432.0,-3.0,68.0,145.0
434.0,-4.0,71.0,149.0
436.0,-3.0,73.0,150.0
437.0,-5.0,73.0,152.0
439.0,-4.0,72.0,151.0
443.0,-4.0,68.0,151.0
446.0,-5.0,64.0,151.0
449.0,-5.0,60.0,150.0
453.0,-4.0,57.0,148.0
454.0,-5.0,58.0,148.0
460.0,-6.0,55.0,144.0
458.0,-6.0,57.0,147.0
461.0,-5.0,57.0,146.0
459.0,-5.0,60.0,147.0
459.0,-6.0,62.0,149.0
459.0,-5.0,63.0,151.0
458.0,-4.0,64.0,152.0
459.0,-4.0,64.0,154.0
458.0,-3.0,65.0,156.0
457.0,-4.0,64.0,159.0
456.0,-1.0,65.0,159.0
455.0,-3.0,65.0,162.0
453.0,-3.0,64.0,163.0
451.0,-2.0,64.0,164.0
449.0,-2.0,62.0,166.0
446.0,-2.0,63.0,167.0
443.0,-3.0,62.0,168.0
440.0,-3.0,61.0,168.0
436.0,-3.0,60.0,170.0
433.0,-3.0,59.0,169.0
429.0,-2.0,59.0,166.0
425.0,-1.0,60.0,165.0
421.0,-2.0,60.0,162.0
417.0,0.0,60.0,163.0
413.0,0.0,60.0,163.0
411.0,3.0,61.0,160.0
408.0,1.0,61.0,162.0
406.0,4.0,61.0,162.0
407.0,5.0,62.0,162.0
404.0,4.0,65.0,164.0
405.0,8.0,65.0,163.0
405.0,8.0,68.0,164.0
405.0,9.0,70.0,166.0
406.0,10.0,70.0,167.0
408.0,10.0,70.0,168.0
410.0,11.0,65.0,169.0
412.0,12.0,60.0,170.0
414.0,10.0,58.0,170.0
415.0,11.0,57.0,169.0
416.0,12.0,58.0,169.0
416.0,10.0,60.0,166.0
417.0,12.0,62.0,164.0
418.0,12.0,64.0,163.0
419.0,12.0,65.0,161.0
421.0,11.0,66.0,164.0
420.0,13.0,68.0,161.0
424.0,14.0,67.0,162.0
424.0,13.0,70.0,164.0
424.0,12.0,71.0,167.0
425.0,15.0,71.0,166.0
425.0,16.0,71.0,167.0
424.0,16.0,72.0,168.0
421.0,18.0,73.0,168.0
420.0,18.0,73.0,170.0
416.0,20.0,73.0,170.0
414.0,20.0,73.0,172.0
412.0,19.0,72.0,175.0
406.0,21.0,71.0,177.0
403.0,21.0,70.0,176.0
400.0,19.0,66.0,174.0
396.0,21.0,66.0,173.0
391.0,22.0,65.0,169.0
386.0,23.0,65.0,167.0
381.0,25.0,65.0,165.0
376.0,26.0,65.0,166.0
372.0,30.0,64.0,164.0
366.0,30.0,65.0,165.0
362.0,31.0,66.0,166.0
358.0,34.0,68.0,165.0
354.0,35.0,69.0,166.0
350.0,36.0,70.0,168.0
346.0,38.0,72.0,167.0
343.0,41.0,72.0,167.0
341.0,41.0,73.0,169.0
338.0,42.0,72.0,170.0
335.0,45.0,73.0,172.0
334.0,45.0,71.0,173.0
333.0,44.0,71.0,176.0
334.0,46.0,69.0,176.0
335.0,44.0,67.0,176.0
334.0,45.0,67.0,177.0
338.0,43.0,62.0,174.0
336.0,43.0,65.0,173.0
336.0,43.0,66.0,168.0
338.0,43.0,66.0,166.0
338.0,43.0,68.0,165.0
341.0,44.0,68.0,164.0
341.0,43.0,68.0,164.0
344.0,43.0,68.0,165.0
346.0,43.0,68.0,167.0
348.0,43.0,69.0,168.0
349.0,42.0,69.0,169.0
352.0,44.0,69.0,169.0
355.0,43.0,67.0,171.0
358.0,43.0,66.0,171.0
360.0,42.0,65.0,174.0
362.0,41.0,65.0,175.0
365.0,41.0,63.0,175.0
368.0,41.0,63.0,176.0
370.0,38.0,63.0,175.0
371.0,37.0,64.0,176.0
376.0,36.0,61.0,174.0
376.0,35.0,62.0,172.0
379.0,36.0,62.0,166.0
381.0,33.0,64.0,164.0
382.0,32.0,64.0,164.0
385.0,32.0,64.0,162.0
386.0,32.0,65.0,162.0
390.0,30.0,64.0,164.0
393.0,31.0,64.0,162.0
393.0,31.0,66.0,164.0
398.0,29.0,64.0,165.0
400.0,31.0,65.0,164.0
403.0,29.0,64.0,168.0
406.0,30.0,63.0,167.0
410.0,29.0,61.0,167.0
413.0,28.0,63.0,169.0
414.0,27.0,61.0,170.0
419.0,27.0,59.0,168.0
420.0,26.0,58.0,169.0
423.0,26.0,56.0,169.0
426.0,23.0,55.0,169.0
428.0,22.0,56.0,168.0
429.0,21.0,57.0,166.0
430.0,19.0,58.0,165.0
430.0,19.0,60.0,161.0
431.0,18.0,62.0,160.0
430.0,15.0,63.0,160.0
432.0,16.0,65.0,159.0
432.0,14.0,65.0,158.0
435.0,13.0,65.0,159.0
436.0,14.0,66.0,161.0
436.0,14.0,67.0,162.0
437.0,13.0,66.0,163.0
439.0,11.0,65.0,164.0
439.0,12.0,65.0,166.0
441.0,10.0,64.0,168.0
441.0,10.0,65.0,169.0
443.0,9.0,64.0,170.0
444.0,9.0,62.0,170.0
445.0,6.0,61.0,172.0
446.0,4.0,60.0,173.0
449.0,3.0,59.0,172.0
449.0,2.0,59.0,171.0
450.0,1.0,59.0,167.0
453.0,0.0,58.0,163.0
453.0,1.0,60.0,161.0
456.0,0.0,60.0,159.0
456.0,0.0,61.0,159.0
459.0,-2.0,60.0,160.0
460.0,-2.0,61.0,159.0
462.0,-2.0,60.0,159.0
463.0,-3.0,61.0,160.0
466.0,-2.0,60.0,161.0
467.0,-4.0,61.0,164.0
470.0,-3.0,60.0,164.0
473.0,-4.0,59.0,164.0
475.0,-4.0,59.0,164.0
475.0,-4.0,60.0,166.0
480.0,-2.0,58.0,164.0
480.0,-4.0,59.0,166.0
486.0,-2.0,57.0,165.0
485.0,-5.0,58.0,167.0
490.0,-4.0,54.0,165.0
492.0,-6.0,56.0,165.0
492.0,-8.0,56.0,164.0
495.0,-7.0,55.0,162.0
495.0,-8.0,58.0,159.0
498.0,-7.0,58.0,153.0
498.0,-8.0,59.0,151.0
500.0,-8.0,60.0,148.0
501.0,-8.0,60.0,145.0
501.0,-7.0,62.0,144.0
502.0,-8.0,62.0,144.0
502.0,-9.0,62.0,144.0
503.0,-7.0,62.0,144.0
502.0,-8.0,63.0,147.0
503.0,-6.0,62.0,146.0
502.0,-7.0,62.0,148.0
500.0,-7.0,61.0,148.0
500.0,-7.0,60.0,148.0
497.0,-7.0,61.0,149.0
493.0,-8.0,61.0,150.0
492.0,-9.0,61.0,150.0
489.0,-10.0,61.0,149.0
487.0,-8.0,58.0,144.0
485.0,-8.0,58.0,143.0
481.0,-9.0,57.0,141.0
477.0,-8.0,57.0,135.0
473.0,-7.0,59.0,132.0
468.0,-9.0,59.0,132.0
462.0,-9.0,58.0,131.0
456.0,-9.0,58.0,131.0
449.0,-10.0,59.0,134.0
443.0,-9.0,57.0,134.0
436.0,-10.0,57.0,136.0
428.0,-10.0,57.0,138.0
421.0,-11.0,57.0,140.0
413.0,-10.0,58.0,140.0
406.0,-11.0,57.0,141.0
400.0,-9.0,58.0,142.0
394.0,-10.0,58.0,143.0
389.0,-10.0,58.0,144.0
384.0,-10.0,58.0,145.0
381.0,-11.0,58.0,146.0
377.0,-9.0,59.0,143.0
374.0,-11.0,60.0,142.0
372.0,-10.0,59.0,138.0
371.0,-6.0,60.0,133.0
372.0,-9.0,60.0,131.0
371.0,-7.0,62.0,126.0
373.0,-7.0,62.0,122.0
374.0,-8.0,62.0,119.0
376.0,-7.0,63.0,118.0
377.0,-7.0,63.0,116.0
380.0,-8.0,64.0,117.0
383.0,-5.0,62.0,114.0
385.0,-6.0,62.0,116.0
385.0,-6.0,63.0,117.0
388.0,-7.0,64.0,118.0
389.0,-7.0,65.0,118.0
392.0,-5.0,64.0,118.0
393.0,-8.0,65.0,120.0
395.0,-6.0,65.0,121.0
398.0,-5.0,64.0,120.0
401.0,-5.0,64.0,119.0
403.0,-5.0,63.0,118.0
405.0,-6.0,63.0,117.0
406.0,-6.0,64.0,116.0
408.0,-6.0,63.0,111.0
409.0,-4.0,64.0,105.0
410.0,-3.0,65.0,102.0
411.0,-3.0,65.0,101.0
412.0,-3.0,65.0,101.0
413.0,-3.0,65.0,103.0
414.0,-3.0,66.0,104.0
415.0,-4.0,66.0,106.0
416.0,-4.0,65.0,107.0
419.0,-4.0,64.0,108.0
419.0,-4.0,65.0,110.0
422.0,-5.0,64.0,111.0
422.0,-5.0,65.0,113.0
426.0,-5.0,62.0,113.0
427.0,-5.0,62.0,115.0
427.0,-7.0,62.0,118.0
428.0,-7.0,61.0,118.0
430.0,-3.0,61.0,115.0
429.0,-4.0,60.0,115.0
432.0,-4.0,59.0,113.0
434.0,-4.0,57.0,110.0
434.0,-5.0,59.0,108.0
434.0,-4.0,59.0,103.0
436.0,-4.0,59.0,100.0
436.0,-4.0,61.0,99.0
437.0,-4.0,61.0,100.0
438.0,-4.0,59.0,99.0
438.0,-5.0,59.0,100.0
438.0,-3.0,60.0,101.0
438.0,-5.0,61.0,104.0
437.0,-3.0,62.0,105.0
438.0,-4.0,62.0,107.0
437.0,-3.0,63.0,108.0
438.0,-5.0,62.0,110.0
437.0,-5.0,63.0,113.0
437.0,-4.0,63.0,113.0
436.0,-5.0,64.0,115.0
435.0,-5.0,65.0,115.0
437.0,-5.0,63.0,113.0
436.0,-5.0,62.0,112.0
436.0,-5.0,63.0,109.0
437.0,-5.0,63.0,106.0
435.0,-6.0,64.0,105.0
433.0,-5.0,67.0,104.0
434.0,-4.0,67.0,103.0
433.0,-5.0,68.0,105.0
433.0,-5.0,67.0,107.0
433.0,-4.0,67.0,108.0
435.0,-4.0,66.0,110.0
434.0,-3.0,67.0,112.0
434.0,-4.0,68.0,115.0
434.0,-4.0,68.0,117.0
434.0,-5.0,68.0,121.0
435.0,-6.0,68.0,125.0
439.0,-6.0,67.0,127.0
440.0,-6.0,66.0,129.0
439.0,-7.0,66.0,131.0
441.0,-7.0,65.0,132.0
441.0,-7.0,66.0,134.0
441.0,-9.0,66.0,136.0
443.0,-7.0,64.0,134.0
443.0,-6.0,65.0,131.0
444.0,-10.0,65.0,132.0
444.0,-8.0,65.0,130.0
446.0,-9.0,66.0,131.0
446.0,-10.0,65.0,134.0
444.0,-11.0,67.0,137.0
444.0,-10.0,68.0,141.0
445.0,-9.0,68.0,145.0
446.0,-9.0,68.0,149.0
448.0,-8.0,66.0,152.0
446.0,-8.0,69.0,156.0
446.0,-8.0,69.0,158.0
446.0,-7.0,69.0,161.0
446.0,-7.0,69.0,164.0
446.0,-7.0,69.0,166.0
446.0,-5.0,71.0,170.0
447.0,-6.0,71.0,173.0
447.0,-6.0,71.0,173.0
448.0,-5.0,70.0,174.0
450.0,-3.0,69.0,175.0
448.0,-5.0,70.0,174.0
449.0,-6.0,70.0,172.0
450.0,-6.0,70.0,173.0
450.0,-8.0,71.0,175.0
450.0,-9.0,71.0,177.0
451.0,-8.0,71.0,180.0
451.0,-8.0,74.0,181.0
452.0,-6.0,73.0,184.0
452.0,-5.0,75.0,184.0
452.0,-4.0,76.0,189.0
452.0,-2.0,78.0,191.0
454.0,-2.0,79.0,191.0
455.0,0.0,80.0,196.0
457.0,-1.0,78.0,199.0
460.0,1.0,78.0,201.0
461.0,1.0,79.0,204.0
463.0,4.0,80.0,203.0
464.0,3.0,76.0,207.0
466.0,3.0,76.0,209.0
468.0,4.0,70.0,209.0
472.0,4.0,68.0,207.0
471.0,7.0,69.0,207.0
475.0,6.0,69.0,204.0
476.0,5.0,71.0,200.0
477.0,7.0,73.0,200.0
478.0,6.0,76.0,199.0
481.0,10.0,76.0,197.0
481.0,10.0,78.0,200.0
484.0,11.0,78.0,201.0
484.0,11.0,80.0,202.0
486.0,15.0,81.0,203.0
489.0,15.0,80.0,205.0
491.0,19.0,80.0,207.0
494.0,20.0,78.0,210.0
496.0,22.0,76.0,212.0
499.0,23.0,75.0,212.0
498.0,25.0,77.0,217.0
502.0,26.0,74.0,214.0
504.0,27.0,74.0,214.0
505.0,26.0,75.0,215.0
508.0,27.0,72.0,215.0
510.0,28.0,72.0,213.0
512.0,26.0,72.0,209.0
513.0,30.0,70.0,203.0
517.0,30.0,69.0,200.0
519.0,33.0,70.0,196.0
520.0,34.0,72.0,197.0
522.0,35.0,70.0,195.0
527.0,38.0,68.0,196.0
530.0,38.0,67.0,197.0
532.0,40.0,68.0,199.0
536.0,45.0,70.0,200.0
539.0,46.0,74.0,199.0
539.0,51.0,82.0,199.0
540.0,51.0,84.0,202.0
544.0,55.0,84.0,203.0
545.0,57.0,86.0,205.0
546.0,60.0,84.0,206.0
550.0,60.0,83.0,206.0
552.0,60.0,83.0,207.0
553.0,61.0,85.0,208.0
557.0,64.0,85.0,205.0
561.0,65.0,84.0,202.0
564.0,64.0,84.0,202.0
569.0,66.0,83.0,198.0
575.0,67.0,81.0,196.0
580.0,69.0,81.0,196.0
585.0,73.0,80.0,196.0
591.0,74.0,77.0,197.0
591.0,74.0,78.0,198.0
596.0,75.0,74.0,199.0
593.0,77.0,76.0,204.0
595.0,78.0,72.0,204.0
594.0,82.0,73.0,206.0
591.0,85.0,73.0,207.0
585.0,86.0,73.0,209.0
582.0,89.0,71.0,210.0
574.0,90.0,73.0,213.0
567.0,91.0,75.0,216.0
558.0,92.0,77.0,221.0
550.0,95.0,78.0,223.0
539.0,94.0,79.0,226.0
528.0,94.0,78.0,227.0
521.0,97.0,77.0,227.0
510.0,94.0,77.0,231.0
500.0,96.0,76.0,230.0
489.0,97.0,77.0,225.0
477.0,100.0,78.0,221.0
467.0,103.0,79.0,213.0
454.0,105.0,81.0,212.0
444.0,107.0,82.0,208.0
435.0,112.0,82.0,208.0
427.0,113.0,82.0,211.0
420.0,116.0,84.0,211.0
413.0,117.0,84.0,214.0
407.0,119.0,86.0,215.0
403.0,123.0,90.0,217.0
399.0,125.0,93.0,217.0
396.0,126.0,93.0,219.0
395.0,126.0,92.0,221.0
393.0,126.0,92.0,224.0
392.0,127.0,91.0,227.0
394.0,129.0,90.0,226.0
394.0,128.0,85.0,228.0
397.0,126.0,81.0,228.0
399.0,125.0,80.0,224.0
399.0,126.0,81.0,222.0
403.0,125.0,78.0,220.0
403.0,123.0,80.0,215.0
404.0,124.0,82.0,211.0
406.0,124.0,83.0,210.0
408.0,122.0,83.0,210.0
409.0,123.0,86.0,208.0
412.0,121.0,85.0,210.0
413.0,122.0,86.0,213.0
415.0,121.0,86.0,214.0
417.0,121.0,86.0,216.0
415.0,122.0,86.0,217.0
416.0,122.0,86.0,220.0
415.0,122.0,86.0,222.0
413.0,121.0,86.0,228.0
409.0,121.0,84.0,230.0
406.0,121.0,84.0,232.0
401.0,118.0,83.0,234.0
395.0,115.0,84.0,235.0
390.0,118.0,84.0,233.0
383.0,114.0,84.0,232.0
375.0,114.0,85.0,229.0
367.0,115.0,87.0,221.0
358.0,118.0,89.0,214.0
349.0,120.0,90.0,211.0
340.0,119.0,91.0,211.0
330.0,121.0,91.0,211.0
321.0,123.0,92.0,210.0
311.0,123.0,94.0,213.0
301.0,125.0,97.0,215.0
291.0,126.0,100.0,217.0
282.0,129.0,104.0,219.0
272.0,131.0,106.0,219.0
264.0,134.0,106.0,220.0
257.0,134.0,104.0,224.0
249.0,135.0,105.0,226.0
241.0,134.0,104.0,230.0
235.0,131.0,104.0,233.0
230.0,128.0,101.0,236.0
227.0,126.0,101.0,234.0
224.0,124.0,102.0,235.0
222.0,122.0,100.0,233.0
221.0,122.0,101.0,227.0
221.0,117.0,102.0,222.0
223.0,117.0,101.0,218.0
226.0,114.0,102.0,214.0
228.0,113.0,102.0,212.0
231.0,111.0,102.0,216.0
236.0,108.0,103.0,218.0
242.0,106.0,102.0,220.0
245.0,105.0,102.0,222.0
250.0,103.0,101.0,223.0
255.0,100.0,99.0,227.0
260.0,98.0,99.0,229.0
262.0,97.0,99.0,229.0
266.0,94.0,98.0,231.0
270.0,90.0,96.0,233.0
275.0,87.0,94.0,233.0
278.0,83.0,93.0,232.0
280.0,79.0,93.0,232.0
285.0,77.0,92.0,230.0
286.0,75.0,92.0,224.0
290.0,71.0,94.0,221.0
289.0,71.0,94.0,214.0
293.0,68.0,93.0,211.0
296.0,67.0,95.0,211.0
299.0,66.0,94.0,211.0
302.0,65.0,92.0,211.0
309.0,64.0,91.0,212.0
310.0,63.0,92.0,215.0
315.0,63.0,91.0,216.0
317.0,62.0,90.0,218.0
325.0,60.0,88.0,220.0
327.0,62.0,89.0,220.0
332.0,60.0,88.0,221.0
335.0,61.0,88.0,220.0
341.0,62.0,86.0,221.0
344.0,59.0,88.0,225.0
347.0,58.0,87.0,227.0
353.0,55.0,86.0,230.0
355.0,54.0,88.0,229.0
358.0,52.0,89.0,227.0
362.0,51.0,90.0,224.0
364.0,49.0,92.0,221.0
367.0,51.0,94.0,212.0
370.0,50.0,93.0,208.0
373.0,50.0,93.0,205.0
376.0,48.0,93.0,206.0
379.0,48.0,93.0,207.0
383.0,48.0,93.0,210.0
386.0,48.0,91.0,212.0
391.0,48.0,90.0,214.0
394.0,48.0,88.0,216.0
398.0,47.0,86.0,218.0
400.0,48.0,87.0,221.0
401.0,49.0,88.0,222.0
404.0,50.0,88.0,222.0
405.0,50.0,90.0,223.0
408.0,49.0,89.0,224.0
411.0,47.0,89.0,226.0
415.0,48.0,88.0,223.0
418.0,46.0,87.0,224.0
421.0,47.0,88.0,220.0
423.0,47.0,88.0,217.0
425.0,46.0,88.0,214.0
424.0,47.0,92.0,209.0
430.0,49.0,91.0,206.0
434.0,48.0,86.0,207.0
441.0,49.0,83.0,209.0
442.0,52.0,83.0,212.0
445.0,50.0,81.0,215.0
449.0,53.0,81.0,218.0
451.0,54.0,80.0,218.0
456.0,53.0,79.0,219.0
458.0,57.0,76.0,217.0
463.0,58.0,74.0,219.0
464.0,59.0,73.0,221.0
468.0,59.0,73.0,224.0
471.0,59.0,73.0,224.0
472.0,57.0,75.0,227.0
476.0,57.0,74.0,225.0
477.0,57.0,74.0,224.0
478.0,57.0,77.0,221.0
479.0,57.0,79.0,214.0
481.0,57.0,83.0,208.0
483.0,59.0,85.0,204.0
482.0,58.0,88.0,202.0
484.0,59.0,89.0,203.0
487.0,60.0,90.0,204.0
487.0,60.0,91.0,206.0
490.0,62.0,92.0,210.0
492.0,63.0,93.0,212.0
495.0,65.0,90.0,215.0
496.0,67.0,90.0,218.0
498.0,71.0,90.0,219.0
496.0,71.0,89.0,220.0
496.0,74.0,88.0,225.0
495.0,76.0,87.0,228.0
492.0,77.0,87.0,230.0
488.0,75.0,87.0,236.0
483.0,76.0,88.0,239.0
477.0,75.0,89.0,238.0
471.0,76.0,88.0,233.0
465.0,80.0,89.0,230.0
459.0,83.0,89.0,224.0
452.0,83.0,88.0,221.0
443.0,86.0,91.0,218.0
433.0,88.0,96.0,217.0
424.0,91.0,100.0,218.0
420.0,93.0,101.0,216.0
418.0,95.0,98.0,221.0
418.0,96.0,97.0,226.0
416.0,100.0,92.0,227.0
413.0,103.0,92.0,227.0
409.0,106.0,94.0,229.0
407.0,107.0,92.0,229.0
405.0,109.0,91.0,235.0
405.0,112.0,92.0,235.0
403.0,113.0,94.0,237.0
405.0,111.0,91.0,242.0
403.0,109.0,93.0,245.0
407.0,110.0,90.0,246.0
407.0,107.0,92.0,246.0
409.0,106.0,92.0,245.0
409.0,105.0,93.0,240.0
410.0,107.0,94.0,232.0
409.0,105.0,95.0,226.0
408.0,104.0,98.0,220.0
407.0,105.0,98.0,213.0
409.0,103.0,96.0,214.0
411.0,103.0,96.0,216.0
411.0,103.0,98.0,217.0
412.0,102.0,98.0,224.0
415.0,103.0,98.0,226.0
415.0,103.0,100.0,228.0
416.0,102.0,102.0,229.0
418.0,104.0,101.0,231.0
420.0,102.0,100.0,234.0
422.0,103.0,96.0,236.0
424.0,102.0,94.0,238.0
425.0,99.0,92.0,243.0
427.0,98.0,91.0,242.0
425.0,95.0,96.0,241.0
422.0,96.0,100.0,236.0
422.0,96.0,104.0,228.0
421.0,96.0,105.0,224.0
424.0,97.0,103.0,221.0
424.0,97.0,102.0,216.0
427.0,97.0,101.0,216.0
430.0,98.0,100.0,216.0
431.0,97.0,101.0,218.0
434.0,98.0,99.0,221.0
434.0,99.0,98.0,226.0
435.0,101.0,100.0,225.0
436.0,101.0,99.0,229.0
437.0,102.0,97.0,231.0
440.0,102.0,96.0,235.0
445.0,104.0,95.0,235.0
445.0,102.0,93.0,241.0
447.0,100.0,93.0,243.0
447.0,100.0,94.0,244.0
449.0,101.0,91.0,244.0
450.0,99.0,93.0,245.0
449.0,99.0,97.0,241.0
449.0,98.0,101.0,237.0
450.0,100.0,98.0,228.0
450.0,98.0,98.0,223.0
449.0,99.0,99.0,216.0
450.0,101.0,101.0,215.0
450.0,101.0,99.0,216.0
449.0,102.0,101.0,219.0
451.0,104.0,105.0,221.0
452.0,104.0,106.0,226.0
452.0,105.0,106.0,230.0
453.0,106.0,103.0,233.0
453.0,107.0,105.0,235.0
454.0,108.0,107.0,239.0
453.0,111.0,104.0,241.0
456.0,111.0,100.0,241.0
457.0,110.0,98.0,245.0
458.0,109.0,94.0,247.0
459.0,108.0,93.0,245.0
460.0,109.0,94.0,243.0
459.0,109.0,96.0,235.0
459.0,112.0,102.0,226.0
459.0,113.0,99.0,225.0
460.0,115.0,104.0,221.0
459.0,116.0,101.0,222.0
460.0,119.0,104.0,224.0
461.0,122.0,103.0,224.0
462.0,124.0,101.0,228.0
464.0,124.0,101.0,231.0
464.0,125.0,98.0,234.0
466.0,129.0,98.0,235.0
465.0,131.0,98.0,238.0
468.0,133.0,95.0,241.0
468.0,133.0,104.0,244.0
468.0,136.0,106.0,246.0
469.0,135.0,100.0,249.0
469.0,133.0,95.0,253.0
473.0,132.0,91.0,250.0
472.0,132.0,95.0,248.0
470.0,135.0,100.0,240.0
469.0,134.0,99.0,233.0
469.0,135.0,100.0,226.0
467.0,136.0,102.0,221.0
468.0,138.0,102.0,217.0
470.0,138.0,101.0,218.0
469.0,140.0,105.0,217.0
470.0,140.0,103.0,222.0
471.0,143.0,109.0,225.0
471.0,143.0,103.0,231.0
470.0,146.0,103.0,234.0
472.0,148.0,107.0,237.0
472.0,151.0,108.0,238.0
472.0,153.0,108.0,242.0
472.0,151.0,102.0,247.0
473.0,154.0,105.0,248.0
472.0,154.0,102.0,251.0
475.0,153.0,99.0,248.0
474.0,153.0,100.0,253.0
475.0,154.0,98.0,244.0
473.0,155.0,101.0,241.0
471.0,157.0,107.0,231.0
470.0,159.0,109.0,223.0
471.0,161.0,105.0,218.0
471.0,161.0,102.0,218.0
472.0,163.0,104.0,219.0
471.0,164.0,104.0,220.0
474.0,166.0,104.0,225.0
474.0,168.0,108.0,229.0
475.0,169.0,104.0,230.0
476.0,168.0,108.0,236.0
478.0,170.0,101.0,237.0
479.0,173.0,106.0,239.0
479.0,171.0,98.0,243.0
482.0,173.0,103.0,248.0
483.0,171.0,97.0,248.0
486.0,173.0,102.0,250.0
486.0,168.0,98.0,252.0
489.0,169.0,97.0,251.0
490.0,169.0,98.0,252.0
492.0,167.0,101.0,245.0
490.0,167.0,104.0,240.0
494.0,167.0,104.0,233.0
494.0,166.0,98.0,225.0
496.0,167.0,107.0,218.0
497.0,168.0,100.0,218.0
499.0,168.0,103.0,221.0
500.0,168.0,105.0,224.0
502.0,169.0,104.0,230.0
503.0,170.0,104.0,234.0
504.0,171.0,103.0,237.0
506.0,173.0,105.0,238.0
507.0,173.0,97.0,243.0
511.0,174.0,102.0,241.0
507.0,176.0,102.0,244.0
513.0,174.0,100.0,247.0
511.0,174.0,98.0,249.0
514.0,172.0,98.0,244.0
514.0,171.0,99.0,247.0
516.0,171.0,98.0,243.0
516.0,170.0,98.0,235.0
516.0,171.0,105.0,227.0
517.0,171.0,104.0,223.0
517.0,171.0,105.0,221.0
519.0,172.0,105.0,221.0
520.0,173.0,106.0,221.0
521.0,174.0,106.0,225.0
524.0,176.0,107.0,230.0
526.0,176.0,103.0,235.0
528.0,178.0,106.0,238.0
530.0,179.0,105.0,240.0
532.0,180.0,105.0,243.0
533.0,181.0,102.0,245.0
535.0,182.0,106.0,251.0
536.0,179.0,103.0,254.0
540.0,179.0,107.0,255.0
540.0,174.0,105.0,260.0
541.0,176.0,104.0,255.0
541.0,175.0,107.0,257.0
541.0,175.0,106.0,251.0
540.0,175.0,105.0,244.0
540.0,176.0,106.0,237.0
539.0,178.0,106.0,231.0
539.0,181.0,107.0,232.0
536.0,181.0,108.0,234.0
535.0,182.0,111.0,242.0
531.0,184.0,111.0,247.0
528.0,186.0,111.0,253.0
524.0,188.0,110.0,258.0
520.0,190.0,111.0,263.0
514.0,192.0,111.0,267.0
509.0,193.0,112.0,271.0
501.0,195.0,110.0,277.0
494.0,195.0,110.0,280.0
487.0,195.0,113.0,280.0
478.0,196.0,115.0,280.0
469.0,196.0,114.0,281.0
460.0,198.0,117.0,273.0
452.0,201.0,120.0,261.0
444.0,203.0,120.0,252.0
435.0,206.0,119.0,247.0
429.0,209.0,115.0,243.0
422.0,213.0,117.0,244.0
417.0,215.0,119.0,248.0
410.0,218.0,120.0,255.0
404.0,219.0,124.0,261.0
399.0,219.0,127.0,268.0
397.0,224.0,128.0,270.0
394.0,225.0,128.0,276.0
392.0,224.0,133.0,277.0
390.0,225.0,131.0,283.0
389.0,223.0,131.0,288.0
391.0,220.0,130.0,290.0
393.0,215.0,128.0,294.0
395.0,217.0,128.0,292.0
400.0,216.0,124.0,286.0
404.0,216.0,124.0,278.0
405.0,218.0,124.0,266.0
408.0,217.0,123.0,258.0
410.0,217.0,124.0,254.0
414.0,217.0,124.0,249.0
415.0,215.0,124.0,254.0
418.0,214.0,123.0,261.0
421.0,210.0,123.0,269.0
425.0,209.0,121.0,269.0
425.0,209.0,126.0,272.0
430.0,209.0,123.0,276.0
429.0,209.0,127.0,279.0
436.0,208.0,122.0,281.0
434.0,205.0,124.0,282.0
440.0,204.0,122.0,282.0
442.0,198.0,123.0,281.0
446.0,198.0,123.0,279.0
450.0,191.0,121.0,282.0
453.0,190.0,119.0,274.0
457.0,188.0,118.0,266.0
463.0,189.0,117.0,258.0
466.0,185.0,115.0,251.0
472.0,184.0,114.0,244.0
477.0,184.0,110.0,240.0
486.0,182.0,102.0,240.0
492.0,184.0,99.0,240.0
496.0,182.0,98.0,239.0
496.0,183.0,103.0,244.0
495.0,183.0,113.0,242.0
493.0,181.0,123.0,245.0
491.0,181.0,125.0,248.0
488.0,180.0,123.0,250.0
485.0,178.0,123.0,252.0
479.0,176.0,117.0,251.0
476.0,175.0,115.0,247.0
473.0,172.0,116.0,245.0
469.0,171.0,119.0,245.0
466.0,169.0,117.0,244.0
464.0,165.0,117.0,241.0
463.0,163.0,112.0,235.0
463.0,160.0,108.0,232.0
466.0,157.0,104.0,238.0
463.0,155.0,104.0,232.0
461.0,154.0,106.0,238.0
459.0,152.0,106.0,238.0
457.0,151.0,105.0,242.0
456.0,150.0,104.0,241.0
452.0,149.0,109.0,239.0
449.0,149.0,115.0,239.0
447.0,149.0,122.0,240.0
445.0,147.0,126.0,242.0
443.0,144.0,125.0,242.0
443.0,142.0,127.0,240.0
441.0,140.0,126.0,243.0
443.0,136.0,124.0,242.0
447.0,132.0,117.0,244.0
452.0,131.0,111.0,240.0
462.0,127.0,99.0,239.0
469.0,123.0,93.0,233.0
476.0,122.0,92.0,235.0
479.0,121.0,92.0,232.0
482.0,119.0,95.0,228.0
485.0,118.0,96.0,230.0
490.0,117.0,95.0,226.0
492.0,117.0,98.0,224.0
496.0,118.0,104.0,217.0
499.0,116.0,116.0,218.0
499.0,115.0,130.0,216.0
502.0,115.0,135.0,214.0
503.0,113.0,137.0,214.0
502.0,113.0,138.0,213.0
503.0,112.0,136.0,214.0
502.0,108.0,135.0,216.0
504.0,106.0,128.0,219.0
505.0,104.0,125.0,219.0
510.0,103.0,119.0,218.0
515.0,99.0,113.0,219.0
519.0,95.0,107.0,222.0
524.0,94.0,98.0,224.0
527.0,89.0,94.0,232.0
530.0,86.0,89.0,235.0
525.0,84.0,93.0,236.0
519.0,84.0,98.0,236.0
513.0,84.0,104.0,238.0
508.0,83.0,107.0,240.0
501.0,81.0,111.0,242.0
496.0,78.0,111.0,247.0
489.0,79.0,111.0,249.0
483.0,77.0,109.0,253.0
476.0,78.0,108.0,253.0
468.0,75.0,108.0,253.0
460.0,71.0,105.0,258.0
451.0,69.0,101.0,261.0
443.0,66.0,99.0,266.0
432.0,63.0,99.0,268.0
421.0,60.0,101.0,265.0
409.0,60.0,102.0,262.0
398.0,61.0,103.0,258.0
388.0,61.0,103.0,254.0
379.0,62.0,104.0,246.0
371.0,64.0,105.0,242.0
363.0,65.0,103.0,242.0
355.0,66.0,105.0,241.0
349.0,68.0,107.0,241.0
344.0,66.0,108.0,246.0
342.0,67.0,109.0,247.0
338.0,69.0,111.0,246.0
338.0,71.0,114.0,246.0
335.0,71.0,111.0,248.0
337.0,71.0,108.0,251.0
334.0,71.0,110.0,253.0
338.0,69.0,104.0,252.0
341.0,67.0,102.0,255.0
345.0,65.0,98.0,255.0
343.0,62.0,100.0,253.0
348.0,58.0,97.0,252.0
348.0,59.0,101.0,248.0
351.0,56.0,100.0,242.0
357.0,56.0,98.0,237.0
359.0,56.0,97.0,232.0
362.0,56.0,98.0,230.0
364.0,53.0,99.0,230.0
366.0,52.0,101.0,235.0
367.0,52.0,103.0,235.0
371.0,53.0,102.0,236.0
372.0,52.0,104.0,238.0
374.0,54.0,105.0,239.0
375.0,55.0,105.0,240.0
380.0,54.0,102.0,242.0
384.0,51.0,101.0,244.0
387.0,54.0,101.0,243.0
390.0,53.0,100.0,245.0
391.0,50.0,100.0,246.0
399.0,49.0,96.0,248.0
401.0,46.0,94.0,248.0
408.0,43.0,90.0,249.0
410.0,41.0,88.0,248.0
415.0,40.0,88.0,247.0
418.0,40.0,84.0,241.0
424.0,39.0,86.0,239.0
423.0,39.0,88.0,234.0
426.0,40.0,88.0,229.0
427.0,41.0,89.0,227.0
428.0,40.0,91.0,223.0
433.0,42.0,90.0,224.0
432.0,43.0,92.0,221.0
438.0,45.0,92.0,222.0
440.0,46.0,91.0,221.0
444.0,49.0,94.0,222.0
447.0,50.0,94.0,221.0
449.0,54.0,95.0,222.0
453.0,52.0,93.0,223.0
457.0,56.0,95.0,227.0
460.0,55.0,93.0,227.0
466.0,54.0,91.0,228.0
469.0,53.0,90.0,227.0
474.0,57.0,88.0,229.0
480.0,55.0,84.0,225.0
480.0,56.0,87.0,226.0
485.0,53.0,85.0,221.0
486.0,56.0,87.0,214.0
487.0,57.0,89.0,210.0
490.0,58.0,90.0,208.0
494.0,59.0,89.0,204.0
496.0,59.0,90.0,206.0
503.0,61.0,87.0,208.0
506.0,63.0,88.0,209.0
511.0,65.0,86.0,209.0
512.0,68.0,87.0,208.0
518.0,70.0,84.0,209.0
520.0,74.0,85.0,210.0
526.0,77.0,82.0,211.0
526.0,79.0,86.0,213.0
532.0,82.0,82.0,211.0
533.0,85.0,83.0,213.0
538.0,87.0,81.0,213.0
541.0,88.0,81.0,216.0
542.0,89.0,82.0,217.0
545.0,89.0,83.0,219.0
550.0,92.0,82.0,218.0
554.0,91.0,83.0,216.0
560.0,96.0,80.0,211.0
565.0,95.0,78.0,207.0
570.0,99.0,78.0,204.0
576.0,102.0,74.0,197.0
578.0,106.0,74.0,198.0
584.0,108.0,72.0,195.0
588.0,112.0,70.0,193.0
590.0,116.0,70.0,193.0
592.0,119.0,69.0,193.0
592.0,122.0,71.0,193.0
591.0,127.0,75.0,196.0
588.0,131.0,78.0,195.0
585.0,134.0,82.0,196.0
578.0,137.0,83.0,198.0
582.0,137.0,80.0,195.0
575.0,139.0,84.0,202.0
567.0,142.0,86.0,201.0
560.0,144.0,86.0,206.0
552.0,145.0,88.0,205.0
544.0,145.0,89.0,205.0
536.0,147.0,87.0,207.0
529.0,149.0,86.0,207.0
519.0,151.0,88.0,203.0
509.0,152.0,88.0,199.0
499.0,154.0,88.0,196.0
487.0,157.0,88.0,193.0
476.0,160.0,89.0,190.0
464.0,163.0,91.0,189.0
453.0,167.0,92.0,191.0
440.0,171.0,93.0,194.0
431.0,174.0,94.0,197.0
421.0,179.0,94.0,199.0
411.0,183.0,93.0,201.0
403.0,187.0,93.0,203.0
394.0,190.0,93.0,204.0
387.0,194.0,92.0,210.0
379.0,198.0,93.0,210.0
374.0,201.0,92.0,213.0
370.0,203.0,91.0,216.0
367.0,205.0,89.0,219.0
364.0,207.0,87.0,216.0
363.0,207.0,85.0,218.0
361.0,209.0,85.0,213.0
361.0,210.0,84.0,208.0
361.0,212.0,87.0,204.0
361.0,214.0,85.0,200.0
362.0,216.0,86.0,195.0
364.0,218.0,85.0,191.0
366.0,221.0,84.0,187.0
370.0,223.0,83.0,187.0
372.0,225.0,84.0,188.0
375.0,226.0,83.0,191.0
378.0,228.0,82.0,193.0
382.0,229.0,81.0,194.0
385.0,231.0,80.0,195.0
388.0,232.0,78.0,196.0
391.0,233.0,76.0,200.0
393.0,233.0,76.0,200.0
395.0,233.0,76.0,205.0
400.0,233.0,76.0,206.0
401.0,231.0,79.0,208.0
402.0,229.0,81.0,209.0
404.0,229.0,81.0,209.0
406.0,229.0,82.0,208.0
407.0,228.0,83.0,207.0
409.0,229.0,86.0,203.0
411.0,230.0,89.0,197.0
412.0,231.0,90.0,191.0
414.0,232.0,89.0,185.0
415.0,233.0,90.0,183.0
417.0,233.0,90.0,182.0
421.0,233.0,88.0,186.0
423.0,235.0,89.0,187.0
428.0,235.0,86.0,191.0
430.0,237.0,86.0,191.0
435.0,238.0,84.0,194.0
437.0,239.0,85.0,197.0
438.0,239.0,84.0,199.0
447.0,241.0,79.0,200.0
449.0,241.0,78.0,201.0
452.0,240.0,78.0,203.0
456.0,240.0,77.0,206.0
460.0,238.0,77.0,207.0
463.0,239.0,79.0,206.0
467.0,238.0,77.0,202.0
469.0,239.0,78.0,197.0
470.0,241.0,80.0,193.0
475.0,242.0,79.0,190.0
479.0,244.0,79.0,186.0
482.0,246.0,79.0,182.0
486.0,247.0,78.0,179.0
491.0,250.0,77.0,182.0
494.0,251.0,78.0,186.0
498.0,255.0,79.0,186.0
503.0,257.0,80.0,184.0
507.0,260.0,78.0,185.0
512.0,264.0,76.0,186.0
516.0,265.0,74.0,187.0
521.0,267.0,75.0,189.0
525.0,269.0,75.0,189.0
528.0,270.0,76.0,192.0
532.0,271.0,77.0,189.0
536.0,273.0,78.0,192.0
538.0,274.0,79.0,189.0
543.0,276.0,79.0,188.0
547.0,279.0,80.0,183.0
549.0,281.0,82.0,177.0
555.0,284.0,83.0,173.0
560.0,286.0,83.0,170.0
563.0,289.0,82.0,168.0
567.0,293.0,84.0,166.0
571.0,295.0,86.0,170.0
574.0,298.0,84.0,172.0
581.0,302.0,83.0,174.0
585.0,306.0,82.0,175.0
589.0,309.0,83.0,177.0
593.0,314.0,83.0,177.0
597.0,317.0,82.0,179.0
601.0,320.0,83.0,183.0
606.0,323.0,83.0,185.0
609.0,325.0,82.0,188.0
612.0,326.0,82.0,190.0
618.0,328.0,82.0,191.0
623.0,330.0,81.0,193.0
627.0,333.0,82.0,190.0
631.0,335.0,81.0,189.0
636.0,340.0,81.0,183.0
639.0,343.0,80.0,178.0
646.0,346.0,80.0,175.0
653.0,350.0,76.0,167.0
658.0,355.0,74.0,163.0
663.0,360.0,73.0,163.0
669.0,364.0,71.0,165.0
673.0,368.0,71.0,166.0
677.0,374.0,72.0,166.0
677.0,378.0,74.0,168.0
683.0,382.0,73.0,169.0
687.0,386.0,75.0,172.0
688.0,389.0,77.0,172.0
690.0,393.0,80.0,172.0
691.0,396.0,83.0,174.0
691.0,398.0,84.0,172.0
693.0,399.0,84.0,173.0
692.0,399.0,84.0,173.0
692.0,400.0,83.0,172.0
690.0,403.0,85.0,165.0
688.0,406.0,84.0,158.0
683.0,408.0,84.0,154.0
679.0,409.0,83.0,149.0
674.0,410.0,83.0,152.0
669.0,413.0,82.0,156.0
662.0,414.0,83.0,158.0
655.0,417.0,82.0,161.0
649.0,418.0,81.0,166.0
641.0,419.0,82.0,169.0
633.0,421.0,82.0,174.0
623.0,422.0,84.0,177.0
616.0,423.0,84.0,180.0
609.0,423.0,84.0,183.0
602.0,422.0,83.0,186.0
594.0,422.0,81.0,188.0
587.0,421.0,81.0,189.0
579.0,420.0,79.0,186.0
573.0,420.0,76.0,185.0
564.0,420.0,78.0,182.0
557.0,422.0,77.0,175.0
550.0,424.0,79.0,169.0
544.0,424.0,77.0,163.0
539.0,425.0,77.0,160.0
535.0,427.0,76.0,164.0
531.0,428.0,75.0,164.0
526.0,429.0,75.0,167.0
524.0,430.0,76.0,169.0
522.0,430.0,77.0,173.0
519.0,430.0,76.0,175.0
520.0,430.0,74.0,178.0
518.0,429.0,75.0,180.0
519.0,426.0,76.0,182.0
521.0,424.0,76.0,184.0
521.0,420.0,78.0,184.0
523.0,417.0,78.0,183.0
524.0,415.0,79.0,179.0
525.0,413.0,80.0,174.0
527.0,410.0,81.0,172.0
529.0,408.0,81.0,165.0
531.0,405.0,80.0,156.0
535.0,402.0,79.0,155.0
538.0,401.0,77.0,154.0
539.0,399.0,78.0,155.0
542.0,397.0,77.0,158.0
545.0,394.0,76.0,161.0
546.0,392.0,77.0,163.0
549.0,389.0,77.0,165.0
550.0,386.0,77.0,168.0
552.0,383.0,77.0,169.0
556.0,381.0,76.0,173.0
557.0,375.0,75.0,177.0
560.0,372.0,74.0,176.0
562.0,366.0,73.0,178.0
566.0,362.0,71.0,177.0
565.0,359.0,72.0,172.0
569.0,356.0,69.0,166.0
568.0,354.0,71.0,162.0
570.0,352.0,71.0,157.0
571.0,349.0,72.0,154.0
573.0,347.0,70.0,149.0
576.0,344.0,68.0,148.0
578.0,342.0,67.0,151.0
578.0,339.0,67.0,154.0
580.0,337.0,67.0,153.0
583.0,332.0,67.0,154.0
584.0,330.0,66.0,157.0
586.0,327.0,64.0,158.0
588.0,323.0,64.0,159.0
588.0,319.0,65.0,162.0
588.0,315.0,66.0,162.0
587.0,310.0,67.0,164.0
585.0,308.0,68.0,163.0
584.0,304.0,70.0,160.0
582.0,302.0,71.0,156.0
580.0,300.0,72.0,150.0
579.0,297.0,71.0,146.0
579.0,295.0,69.0,143.0
577.0,293.0,69.0,141.0
575.0,292.0,69.0,140.0
575.0,290.0,68.0,142.0
573.0,289.0,67.0,143.0
572.0,288.0,67.0,145.0
569.0,286.0,68.0,147.0
567.0,285.0,67.0,150.0
564.0,284.0,66.0,152.0
562.0,282.0,66.0,154.0
560.0,281.0,65.0,155.0
559.0,279.0,62.0,155.0
557.0,276.0,61.0,156.0
556.0,275.0,61.0,155.0
554.0,273.0,60.0,154.0
554.0,272.0,57.0,150.0
554.0,273.0,56.0,145.0
554.0,272.0,56.0,141.0
555.0,273.0,56.0,137.0
555.0,273.0,55.0,133.0
560.0,274.0,52.0,129.0
558.0,274.0,53.0,128.0
562.0,275.0,53.0,130.0
562.0,276.0,55.0,130.0
563.0,276.0,55.0,131.0
565.0,277.0,54.0,131.0
568.0,276.0,54.0,132.0
569.0,276.0,54.0,132.0
571.0,277.0,54.0,133.0
574.0,277.0,54.0,132.0
575.0,274.0,54.0,135.0
578.0,275.0,53.0,131.0
580.0,274.0,53.0,130.0
584.0,274.0,52.0,128.0
583.0,274.0,53.0,124.0
588.0,274.0,51.0,120.0
588.0,275.0,52.0,119.0
589.0,276.0,52.0,117.0
592.0,276.0,52.0,118.0
593.0,276.0,51.0,120.0
595.0,277.0,51.0,121.0
596.0,278.0,52.0,122.0
597.0,279.0,52.0,124.0
599.0,280.0,52.0,125.0
599.0,280.0,53.0,126.0
600.0,281.0,52.0,128.0
601.0,281.0,53.0,129.0
603.0,282.0,52.0,130.0
604.0,282.0,52.0,133.0
605.0,283.0,51.0,131.0
607.0,283.0,51.0,130.0
607.0,283.0,49.0,128.0
609.0,285.0,48.0,125.0
610.0,286.0,49.0,123.0
611.0,287.0,48.0,120.0
609.0,289.0,49.0,116.0
610.0,291.0,48.0,112.0
608.0,292.0,48.0,112.0
605.0,294.0,48.0,111.0
605.0,295.0,46.0,111.0
602.0,296.0,47.0,112.0
598.0,297.0,47.0,113.0
596.0,298.0,47.0,114.0
592.0,300.0,47.0,116.0
589.0,301.0,48.0,117.0
587.0,302.0,48.0,117.0
584.0,303.0,49.0,119.0
582.0,303.0,50.0,118.0
582.0,303.0,49.0,119.0
580.0,303.0,49.0,119.0
579.0,304.0,49.0,116.0
580.0,306.0,48.0,111.0
579.0,307.0,49.0,110.0
581.0,308.0,48.0,108.0
581.0,309.0,49.0,106.0
583.0,311.0,49.0,105.0
583.0,311.0,49.0,107.0
585.0,313.0,49.0,109.0
585.0,314.0,50.0,109.0
587.0,316.0,50.0,109.0
588.0,317.0,50.0,111.0
590.0,318.0,50.0,112.0
591.0,319.0,51.0,115.0
592.0,320.0,52.0,115.0
591.0,322.0,52.0,117.0
595.0,322.0,50.0,119.0
597.0,323.0,50.0,119.0
597.0,323.0,49.0,119.0
599.0,324.0,47.0,119.0
601.0,326.0,46.0,118.0
603.0,328.0,44.0,115.0
605.0,331.0,43.0,112.0
607.0,332.0,42.0,109.0
608.0,334.0,42.0,107.0
611.0,337.0,41.0,105.0
611.0,339.0,42.0,103.0
613.0,341.0,41.0,102.0
615.0,344.0,40.0,102.0
617.0,346.0,41.0,103.0
619.0,348.0,41.0,103.0
620.0,350.0,43.0,104.0
620.0,352.0,45.0,107.0
622.0,354.0,45.0,107.0
624.0,356.0,45.0,107.0
624.0,357.0,46.0,109.0
626.0,359.0,46.0,107.0
629.0,362.0,46.0,106.0
630.0,363.0,47.0,106.0
632.0,365.0,47.0,105.0
636.0,367.0,47.0,102.0
637.0,369.0,47.0,101.0
639.0,372.0,46.0,99.0
642.0,373.0,45.0,99.0
645.0,375.0,44.0,97.0
646.0,379.0,44.0,97.0
647.0,381.0,45.0,99.0
651.0,382.0,45.0,100.0
652.0,385.0,45.0,101.0
653.0,386.0,46.0,103.0
655.0,388.0,46.0,104.0
655.0,390.0,47.0,106.0
658.0,392.0,46.0,107.0
658.0,395.0,47.0,107.0
660.0,395.0,47.0,108.0
660.0,396.0,48.0,110.0
662.0,397.0,47.0,110.0
665.0,398.0,46.0,109.0
668.0,399.0,45.0,108.0
669.0,401.0,44.0,107.0
671.0,403.0,43.0,104.0
673.0,404.0,43.0,103.0
674.0,406.0,42.0,102.0
674.0,408.0,42.0,99.0
674.0,410.0,42.0,97.0
672.0,412.0,42.0,95.0
671.0,413.0,42.0,95.0
667.0,414.0,42.0,96.0
664.0,415.0,42.0,97.0
658.0,415.0,42.0,99.0
653.0,416.0,42.0,101.0
647.0,417.0,42.0,102.0
640.0,417.0,42.0,103.0
634.0,418.0,41.0,104.0
626.0,417.0,41.0,103.0
617.0,417.0,42.0,104.0
608.0,416.0,42.0,105.0
600.0,417.0,42.0,103.0
590.0,417.0,42.0,103.0
580.0,417.0,43.0,100.0
570.0,417.0,43.0,98.0
559.0,418.0,42.0,95.0
548.0,418.0,43.0,96.0
539.0,419.0,43.0,95.0
528.0,421.0,44.0,95.0
518.0,421.0,44.0,96.0
510.0,422.0,45.0,100.0
503.0,423.0,45.0,101.0
495.0,425.0,45.0,102.0
489.0,425.0,45.0,104.0
483.0,426.0,45.0,105.0
478.0,426.0,46.0,107.0
473.0,427.0,45.0,107.0
469.0,426.0,45.0,109.0
466.0,425.0,44.0,109.0
463.0,425.0,44.0,110.0
462.0,424.0,43.0,109.0
460.0,424.0,43.0,107.0
458.0,424.0,43.0,105.0
457.0,423.0,43.0,103.0
456.0,423.0,43.0,101.0
457.0,423.0,42.0,98.0
456.0,423.0,42.0,96.0
457.0,423.0,42.0,93.0
457.0,423.0,43.0,95.0
459.0,423.0,43.0,95.0
459.0,422.0,44.0,97.0
461.0,420.0,45.0,100.0
462.0,419.0,45.0,101.0
463.0,418.0,44.0,102.0
464.0,417.0,44.0,102.0
466.0,415.0,43.0,102.0
467.0,413.0,43.0,102.0
470.0,411.0,42.0,102.0
470.0,409.0,43.0,101.0
471.0,408.0,41.0,99.0
474.0,407.0,41.0,97.0
475.0,406.0,41.0,94.0
477.0,405.0,40.0,91.0
477.0,404.0,43.0,90.0
479.0,403.0,42.0,90.0
480.0,401.0,43.0,92.0
480.0,400.0,43.0,93.0
482.0,400.0,43.0,94.0
483.0,398.0,43.0,96.0
484.0,396.0,43.0,97.0
485.0,396.0,43.0,98.0
485.0,394.0,43.0,99.0
486.0,392.0,43.0,100.0
488.0,391.0,42.0,101.0
488.0,389.0,41.0,102.0
490.0,387.0,41.0,102.0
490.0,385.0,40.0,102.0
491.0,384.0,39.0,99.0
492.0,383.0,38.0,97.0
493.0,383.0,37.0,95.0
492.0,382.0,38.0,91.0
493.0,382.0,38.0,89.0
494.0,382.0,37.0,87.0
496.0,381.0,37.0,87.0
495.0,380.0,37.0,86.0
496.0,379.0,37.0,87.0
498.0,379.0,37.0,88.0
497.0,377.0,38.0,90.0
499.0,377.0,37.0,90.0
499.0,375.0,36.0,92.0
501.0,375.0,36.0,92.0
501.0,373.0,37.0,93.0
503.0,372.0,36.0,93.0
504.0,371.0,37.0,93.0
503.0,368.0,38.0,94.0
506.0,368.0,38.0,92.0
505.0,366.0,39.0,90.0
507.0,366.0,38.0,87.0
506.0,364.0,39.0,86.0
508.0,364.0,38.0,82.0
507.0,362.0,38.0,82.0
509.0,361.0,37.0,82.0
510.0,360.0,37.0,83.0
510.0,360.0,37.0,83.0
510.0,359.0,37.0,85.0
511.0,358.0,37.0,87.0
513.0,357.0,37.0,88.0
511.0,356.0,38.0,89.0
514.0,356.0,37.0,88.0
514.0,355.0,37.0,90.0
515.0,354.0,37.0,90.0
516.0,352.0,36.0,91.0
517.0,352.0,36.0,91.0
518.0,349.0,35.0,92.0
519.0,350.0,34.0,90.0
520.0,349.0,34.0,89.0
520.0,347.0,34.0,87.0
522.0,347.0,33.0,85.0
522.0,348.0,34.0,83.0
523.0,348.0,34.0,82.0
524.0,348.0,34.0,82.0
525.0,348.0,33.0,80.0
526.0,347.0,33.0,81.0
528.0,347.0,34.0,82.0
529.0,346.0,34.0,83.0
528.0,347.0,35.0,85.0
531.0,346.0,34.0,86.0
531.0,345.0,34.0,86.0
533.0,346.0,33.0,84.0
533.0,345.0,34.0,85.0
536.0,345.0,33.0,85.0
537.0,344.0,33.0,84.0
537.0,344.0,33.0,82.0
539.0,343.0,34.0,82.0
540.0,342.0,33.0,81.0
541.0,342.0,34.0,80.0
542.0,342.0,33.0,79.0
543.0,341.0,33.0,77.0
544.0,340.0,34.0,76.0
546.0,340.0,34.0,76.0
545.0,340.0,34.0,78.0
547.0,340.0,35.0,79.0
548.0,339.0,35.0,80.0
549.0,340.0,35.0,80.0
551.0,340.0,34.0,81.0
551.0,340.0,34.0,82.0
552.0,340.0,35.0,83.0
553.0,340.0,34.0,83.0
553.0,339.0,35.0,84.0
555.0,338.0,34.0,85.0
555.0,337.0,34.0,85.0
556.0,336.0,34.0,86.0
556.0,336.0,33.0,86.0
559.0,337.0,31.0,83.0
559.0,336.0,32.0,82.0
560.0,336.0,31.0,82.0
561.0,335.0,31.0,81.0
563.0,336.0,31.0,81.0
564.0,336.0,31.0,79.0
564.0,337.0,30.0,76.0
565.0,338.0,30.0,75.0
567.0,338.0,29.0,75.0
568.0,338.0,30.0,75.0
568.0,339.0,30.0,76.0
570.0,338.0,31.0,80.0
569.0,338.0,31.0,79.0
572.0,339.0,30.0,80.0
572.0,339.0,31.0,82.0
574.0,339.0,30.0,81.0
574.0,337.0,31.0,81.0
575.0,337.0,32.0,82.0
577.0,336.0,32.0,82.0
577.0,337.0,32.0,80.0
578.0,336.0,33.0,79.0
579.0,336.0,33.0,78.0
581.0,336.0,32.0,75.0
580.0,336.0,34.0,74.0
582.0,336.0,33.0,74.0
583.0,336.0,34.0,74.0
583.0,336.0,33.0,75.0
584.0,336.0,33.0,76.0
585.0,336.0,33.0,76.0
585.0,336.0,34.0,78.0
586.0,336.0,34.0,78.0
586.0,336.0,34.0,79.0
588.0,336.0,33.0,79.0
588.0,336.0,34.0,80.0
589.0,334.0,33.0,81.0
590.0,333.0,32.0,82.0
591.0,333.0,32.0,83.0
592.0,332.0,32.0,82.0
592.0,332.0,31.0,80.0
593.0,333.0,31.0,79.0
592.0,332.0,31.0,78.0
594.0,333.0,31.0,77.0
595.0,333.0,31.0,76.0
595.0,333.0,31.0,74.0
597.0,334.0,30.0,71.0
598.0,334.0,29.0,72.0
598.0,333.0,30.0,73.0
599.0,333.0,30.0,75.0
599.0,332.0,31.0,76.0
600.0,333.0,30.0,77.0
601.0,332.0,31.0,77.0
602.0,332.0,30.0,77.0
602.0,332.0,31.0,77.0
603.0,331.0,31.0,78.0
604.0,330.0,32.0,79.0
605.0,330.0,31.0,79.0
605.0,329.0,32.0,78.0
606.0,328.0,32.0,79.0
607.0,328.0,32.0,76.0
608.0,327.0,32.0,73.0
609.0,327.0,31.0,71.0
608.0,327.0,32.0,71.0
609.0,325.0,31.0,72.0
610.0,325.0,31.0,72.0
611.0,325.0,30.0,72.0
611.0,325.0,30.0,74.0
613.0,325.0,29.0,74.0
613.0,324.0,30.0,75.0
614.0,323.0,30.0,76.0
614.0,323.0,30.0,77.0
615.0,322.0,30.0,77.0
616.0,322.0,30.0,78.0
617.0,322.0,30.0,77.0
618.0,319.0,30.0,78.0
618.0,320.0,30.0,77.0
619.0,318.0,29.0,76.0
619.0,318.0,30.0,75.0
621.0,318.0,29.0,74.0
620.0,316.0,30.0,74.0
621.0,316.0,29.0,71.0
622.0,316.0,29.0,70.0
621.0,316.0,30.0,70.0
623.0,315.0,30.0,71.0
623.0,315.0,30.0,70.0
624.0,313.0,30.0,72.0
625.0,313.0,30.0,73.0
625.0,311.0,30.0,75.0
627.0,310.0,29.0,75.0
626.0,310.0,30.0,77.0
627.0,308.0,30.0,76.0
628.0,307.0,30.0,76.0
628.0,306.0,32.0,76.0
630.0,305.0,31.0,75.0
630.0,304.0,32.0,74.0
632.0,303.0,31.0,73.0
631.0,301.0,32.0,72.0
633.0,300.0,31.0,69.0
632.0,299.0,31.0,68.0
633.0,299.0,31.0,68.0
635.0,297.0,30.0,69.0
634.0,297.0,30.0,69.0
636.0,295.0,30.0,71.0
637.0,295.0,29.0,71.0
637.0,294.0,30.0,73.0
638.0,293.0,30.0,75.0
636.0,291.0,31.0,76.0
638.0,290.0,30.0,76.0
638.0,289.0,31.0,76.0
638.0,289.0,31.0,76.0
639.0,287.0,30.0,78.0
639.0,285.0,30.0,78.0
640.0,285.0,30.0,78.0
641.0,283.0,29.0,77.0
640.0,280.0,30.0,77.0
642.0,281.0,29.0,75.0
641.0,279.0,30.0,74.0
641.0,278.0,30.0,72.0
641.0,277.0,30.0,72.0
642.0,276.0,29.0,70.0
641.0,276.0,29.0,68.0
641.0,275.0,29.0,68.0
642.0,274.0,29.0,69.0
642.0,272.0,29.0,71.0
642.0,272.0,30.0,72.0
641.0,270.0,30.0,73.0
643.0,270.0,29.0,73.0
643.0,269.0,29.0,73.0
643.0,268.0,29.0,74.0
643.0,266.0,29.0,75.0
644.0,264.0,29.0,75.0
645.0,263.0,29.0,75.0
644.0,260.0,31.0,75.0
644.0,259.0,31.0,75.0
645.0,258.0,32.0,72.0
644.0,257.0,33.0,71.0
645.0,255.0,32.0,70.0
645.0,255.0,32.0,69.0
644.0,253.0,32.0,70.0
645.0,252.0,32.0,67.0
645.0,251.0,32.0,68.0
645.0,250.0,32.0,69.0
644.0,248.0,32.0,71.0
644.0,247.0,32.0,71.0
644.0,246.0,32.0,72.0
644.0,245.0,31.0,72.0
643.0,243.0,31.0,73.0
643.0,241.0,31.0,74.0
644.0,240.0,30.0,74.0
643.0,238.0,29.0,74.0
644.0,237.0,28.0,75.0
643.0,235.0,29.0,76.0
643.0,234.0,28.0,75.0
643.0,232.0,28.0,74.0
642.0,231.0,29.0,74.0
643.0,230.0,28.0,72.0
642.0,228.0,28.0,72.0
641.0,228.0,28.0,70.0
642.0,228.0,27.0,68.0
641.0,226.0,28.0,69.0
641.0,226.0,28.0,69.0
640.0,225.0,28.0,71.0
640.0,223.0,27.0,71.0
640.0,223.0,28.0,71.0
640.0,222.0,28.0,72.0
639.0,222.0,28.0,72.0
640.0,220.0,28.0,72.0
640.0,219.0,28.0,72.0
640.0,218.0,28.0,73.0
639.0,216.0,29.0,73.0
639.0,215.0,29.0,73.0
639.0,214.0,29.0,73.0
639.0,213.0,29.0,72.0
640.0,211.0,30.0,71.0
639.0,210.0,30.0,71.0
640.0,209.0,30.0,70.0
640.0,208.0,29.0,69.0
641.0,207.0,29.0,70.0
641.0,205.0,29.0,68.0
642.0,206.0,28.0,66.0
641.0,205.0,29.0,67.0
642.0,204.0,29.0,69.0
642.0,203.0,29.0,70.0
643.0,202.0,28.0,71.0
643.0,201.0,28.0,71.0
644.0,200.0,28.0,70.0
644.0,200.0,27.0,71.0
645.0,199.0,27.0,72.0
644.0,197.0,28.0,73.0
645.0,196.0,26.0,73.0
646.0,194.0,26.0,74.0
645.0,193.0,26.0,74.0
647.0,192.0,26.0,72.0
