772.0,249.0,6.0,15.0
768.0,250.0,10.0,13.0
768.0,251.0,10.0,12.0
767.0,252.0,10.0,13.0
767.0,251.0,10.0,13.0
767.0,252.0,10.0,12.0
766.0,252.0,10.0,12.0
765.0,253.0,10.0,12.0
765.0,253.0,10.0,12.0
764.0,253.0,10.0,12.0
763.0,253.0,10.0,12.0
763.0,253.0,10.0,13.0
762.0,254.0,10.0,12.0
761.0,254.0,10.0,13.0
760.0,253.0,10.0,14.0
759.0,254.0,10.0,13.0
759.0,254.0,10.0,13.0
758.0,255.0,10.0,12.0
757.0,255.0,10.0,13.0
757.0,256.0,10.0,12.0
755.0,256.0,10.0,12.0
755.0,256.0,10.0,12.0
755.0,255.0,10.0,12.0
754.0,256.0,10.0,13.0
753.0,256.0,10.0,13.0
753.0,256.0,10.0,14.0
752.0,257.0,10.0,13.0
752.0,256.0,10.0,13.0
751.0,257.0,10.0,13.0
750.0,257.0,10.0,14.0
749.0,257.0,10.0,13.0
750.0,258.0,10.0,14.0
749.0,258.0,10.0,14.0
748.0,257.0,10.0,14.0
748.0,259.0,10.0,13.0
746.0,260.0,10.0,13.0
746.0,259.0,10.0,13.0
745.0,260.0,10.0,13.0
744.0,260.0,10.0,13.0
744.0,259.0,10.0,14.0
742.0,260.0,10.0,14.0
743.0,260.0,10.0,14.0
743.0,261.0,10.0,14.0
741.0,260.0,10.0,14.0
741.0,261.0,10.0,14.0
740.0,261.0,10.0,14.0
740.0,261.0,10.0,14.0
739.0,261.0,10.0,15.0
738.0,262.0,10.0,14.0
738.0,262.0,10.0,14.0
737.0,263.0,10.0,13.0
737.0,263.0,10.0,13.0
737.0,263.0,10.0,14.0
736.0,264.0,10.0,14.0
735.0,264.0,10.0,14.0
734.0,264.0,10.0,14.0
734.0,264.0,10.0,14.0
734.0,265.0,10.0,14.0
732.0,264.0,10.0,15.0
732.0,265.0,10.0,14.0
731.0,265.0,10.0,15.0
731.0,265.0,10.0,15.0
730.0,266.0,10.0,14.0
730.0,266.0,10.0,14.0
728.0,267.0,10.0,14.0
728.0,268.0,10.0,14.0
728.0,268.0,10.0,14.0
727.0,268.0,10.0,14.0
726.0,268.0,10.0,14.0
726.0,268.0,10.0,14.0
725.0,269.0,10.0,14.0
724.0,269.0,10.0,14.0
724.0,269.0,10.0,14.0
723.0,270.0,10.0,15.0
722.0,269.0,10.0,15.0
722.0,270.0,10.0,15.0
721.0,269.0,10.0,15.0
721.0,270.0,10.0,15.0
720.0,270.0,10.0,15.0
719.0,272.0,10.0,15.0
718.0,271.0,10.0,15.0
718.0,272.0,10.0,15.0
717.0,272.0,10.0,15.0
717.0,272.0,10.0,15.0
716.0,272.0,10.0,15.0
715.0,273.0,10.0,15.0
715.0,272.0,10.0,15.0
714.0,272.0,10.0,15.0
713.0,273.0,10.0,15.0
712.0,272.0,10.0,16.0
711.0,273.0,10.0,16.0
711.0,272.0,10.0,16.0
710.0,273.0,10.0,17.0
710.0,274.0,10.0,16.0
709.0,274.0,10.0,15.0
708.0,274.0,10.0,16.0
709.0,274.0,10.0,16.0
707.0,274.0,10.0,15.0
707.0,276.0,10.0,15.0
706.0,276.0,10.0,15.0
705.0,277.0,10.0,15.0
704.0,277.0,10.0,15.0
704.0,276.0,10.0,15.0
702.0,277.0,10.0,16.0
702.0,276.0,10.0,18.0
701.0,277.0,10.0,17.0
701.0,277.0,10.0,17.0
700.0,277.0,10.0,17.0
699.0,277.0,10.0,18.0
698.0,278.0,10.0,16.0
698.0,278.0,10.0,17.0
697.0,279.0,10.0,16.0
697.0,279.0,10.0,17.0
696.0,280.0,10.0,16.0
696.0,280.0,10.0,17.0
695.0,280.0,10.0,17.0
695.0,281.0,10.0,16.0
694.0,280.0,10.0,17.0
693.0,282.0,10.0,16.0
692.0,282.0,10.0,16.0
692.0,281.0,10.0,17.0
692.0,282.0,10.0,17.0
691.0,282.0,10.0,17.0
690.0,281.0,10.0,17.0
690.0,281.0,10.0,19.0
689.0,280.0,10.0,19.0
690.0,280.0,10.0,20.0
689.0,282.0,10.0,19.0
688.0,283.0,10.0,18.0
688.0,284.0,10.0,18.0
688.0,284.0,10.0,18.0
688.0,283.0,10.0,18.0
686.0,285.0,10.0,18.0
686.0,286.0,10.0,17.0
685.0,286.0,10.0,17.0
685.0,288.0,10.0,15.0
685.0,288.0,10.0,14.0
685.0,291.0,10.0,13.0
685.0,290.0,10.0,14.0
684.0,290.0,10.0,14.0
683.0,291.0,10.0,13.0
684.0,291.0,10.0,14.0
683.0,291.0,10.0,13.0
682.0,293.0,10.0,12.0
681.0,293.0,10.0,12.0
683.0,294.0,10.0,12.0
682.0,294.0,10.0,12.0
682.0,294.0,10.0,12.0
682.0,295.0,10.0,11.0
681.0,295.0,10.0,12.0
680.0,296.0,10.0,11.0
680.0,296.0,10.0,11.0
680.0,297.0,10.0,11.0
681.0,295.0,10.0,13.0
680.0,296.0,10.0,13.0
680.0,296.0,10.0,13.0
680.0,297.0,10.0,13.0
680.0,293.0,10.0,16.0
680.0,293.0,10.0,17.0
680.0,294.0,10.0,16.0
682.0,296.0,10.0,14.0
681.0,296.0,10.0,14.0
682.0,295.0,10.0,15.0
682.0,297.0,10.0,14.0
683.0,299.0,10.0,13.0
684.0,300.0,10.0,12.0
684.0,301.0,10.0,11.0
685.0,301.0,10.0,11.0
685.0,301.0,10.0,11.0
686.0,301.0,10.0,12.0
686.0,297.0,10.0,15.0
685.0,294.0,10.0,18.0
685.0,294.0,10.0,20.0
687.0,295.0,10.0,21.0
687.0,293.0,10.0,22.0
689.0,291.0,10.0,22.0
689.0,293.0,10.0,22.0
691.0,294.0,10.0,22.0
692.0,295.0,10.0,22.0
694.0,295.0,10.0,22.0
695.0,294.0,10.0,22.0
696.0,295.0,10.0,22.0
697.0,298.0,10.0,21.0
700.0,296.0,10.0,21.0
710.0,283.0,10.0,15.0
715.0,285.0,10.0,11.0
716.0,286.0,10.0,11.0
717.0,286.0,10.0,11.0
719.0,287.0,10.0,11.0
721.0,287.0,10.0,11.0
725.0,287.0,10.0,10.0
725.0,287.0,10.0,10.0
726.0,289.0,10.0,11.0
728.0,288.0,10.0,11.0
730.0,289.0,10.0,11.0
735.0,288.0,10.0,10.0
735.0,289.0,10.0,10.0
734.0,290.0,10.0,11.0
738.0,290.0,10.0,10.0
740.0,292.0,10.0,11.0
742.0,292.0,10.0,10.0
744.0,293.0,10.0,10.0
748.0,290.0,10.0,10.0
747.0,294.0,10.0,10.0
750.0,294.0,10.0,10.0
752.0,295.0,10.0,10.0
753.0,295.0,10.0,10.0
755.0,295.0,10.0,10.0
757.0,296.0,10.0,10.0
760.0,297.0,10.0,10.0
763.0,296.0,10.0,10.0
764.0,297.0,10.0,10.0
770.0,295.0,10.0,10.0
771.0,296.0,10.0,10.0
775.0,296.0,10.0,10.0
780.0,296.0,10.0,10.0
779.0,296.0,10.0,10.0
781.0,296.0,10.0,10.0
784.0,297.0,10.0,10.0
787.0,297.0,10.0,10.0
789.0,298.0,10.0,10.0
790.0,298.0,10.0,10.0
792.0,298.0,10.0,10.0
796.0,298.0,10.0,10.0
798.0,299.0,10.0,10.0
801.0,299.0,10.0,11.0
802.0,298.0,10.0,11.0
804.0,299.0,10.0,10.0
808.0,299.0,10.0,10.0
809.0,301.0,10.0,10.0
813.0,300.0,10.0,10.0
814.0,300.0,10.0,10.0
815.0,301.0,10.0,10.0
819.0,301.0,10.0,10.0
822.0,302.0,10.0,11.0
824.0,303.0,10.0,10.0
825.0,303.0,10.0,10.0
828.0,303.0,10.0,10.0
830.0,303.0,10.0,10.0
832.0,304.0,10.0,10.0
836.0,305.0,10.0,10.0
836.0,305.0,10.0,10.0
838.0,305.0,10.0,10.0
840.0,306.0,10.0,10.0
843.0,306.0,10.0,10.0
846.0,308.0,10.0,10.0
848.0,308.0,10.0,10.0
849.0,308.0,10.0,10.0
852.0,308.0,10.0,10.0
855.0,309.0,10.0,10.0
854.0,309.0,10.0,10.0
858.0,309.0,10.0,10.0
861.0,310.0,10.0,10.0
864.0,310.0,10.0,10.0
868.0,312.0,10.0,10.0
867.0,310.0,10.0,10.0
870.0,312.0,10.0,10.0
874.0,312.0,10.0,10.0
877.0,312.0,10.0,10.0
880.0,313.0,10.0,10.0
880.0,313.0,10.0,10.0
883.0,314.0,10.0,10.0
887.0,314.0,10.0,10.0
890.0,314.0,10.0,10.0
893.0,315.0,10.0,10.0
893.0,314.0,10.0,10.0
896.0,315.0,10.0,10.0
900.0,315.0,10.0,10.0
902.0,316.0,10.0,10.0
906.0,317.0,10.0,10.0
906.0,316.0,10.0,10.0
911.0,317.0,10.0,10.0
913.0,317.0,10.0,10.0
917.0,317.0,10.0,10.0
920.0,318.0,10.0,10.0
920.0,319.0,10.0,10.0
921.0,318.0,10.0,10.0
925.0,319.0,10.0,10.0
926.0,319.0,10.0,10.0
928.0,320.0,10.0,10.0
933.0,321.0,10.0,10.0
938.0,321.0,10.0,10.0
941.0,321.0,10.0,10.0
943.0,323.0,10.0,10.0
946.0,323.0,10.0,10.0
947.0,323.0,10.0,10.0
949.0,323.0,10.0,10.0
951.0,324.0,10.0,10.0
950.0,322.0,10.0,10.0
952.0,323.0,10.0,10.0
950.0,323.0,10.0,10.0
944.0,319.0,10.0,10.0
945.0,320.0,10.0,10.0
950.0,321.0,10.0,10.0
953.0,321.0,10.0,10.0
953.0,320.0,10.0,10.0
956.0,322.0,10.0,10.0
960.0,323.0,10.0,10.0
963.0,323.0,10.0,10.0
966.0,324.0,10.0,10.0
967.0,324.0,10.0,10.0
969.0,324.0,10.0,10.0
970.0,325.0,10.0,10.0
975.0,326.0,10.0,10.0
980.0,327.0,10.0,10.0
980.0,326.0,10.0,10.0
981.0,327.0,10.0,10.0
986.0,328.0,10.0,10.0
989.0,329.0,10.0,10.0
991.0,330.0,10.0,10.0
992.0,330.0,10.0,10.0
996.0,330.0,10.0,10.0
999.0,332.0,10.0,10.0
1001.0,332.0,10.0,10.0
1005.0,333.0,10.0,10.0
1005.0,332.0,10.0,10.0
1008.0,334.0,10.0,10.0
1010.0,334.0,10.0,10.0
1013.0,335.0,10.0,10.0
1015.0,336.0,10.0,10.0
1017.0,336.0,10.0,10.0
1019.0,336.0,10.0,10.0
1022.0,338.0,10.0,10.0
1026.0,339.0,10.0,10.0
1029.0,340.0,10.0,10.0
1029.0,339.0,10.0,10.0
1032.0,340.0,10.0,10.0
1034.0,342.0,10.0,10.0
1040.0,341.0,10.0,11.0
1043.0,343.0,10.0,10.0
1042.0,342.0,10.0,10.0
1047.0,342.0,10.0,10.0
1050.0,344.0,10.0,10.0
1054.0,345.0,10.0,10.0
1057.0,345.0,10.0,10.0
1058.0,345.0,10.0,11.0
1061.0,346.0,10.0,10.0
1064.0,347.0,10.0,11.0
1067.0,348.0,10.0,10.0
1071.0,350.0,10.0,11.0
1072.0,349.0,10.0,10.0
1074.0,350.0,10.0,10.0
1075.0,351.0,10.0,10.0
1077.0,352.0,11.0,11.0
1079.0,354.0,10.0,11.0
1080.0,354.0,10.0,11.0
1083.0,353.0,11.0,11.0
1089.0,355.0,10.0,13.0
1095.0,356.0,10.0,13.0
1107.0,361.0,11.0,10.0
1110.0,362.0,10.0,10.0
1112.0,362.0,10.0,10.0
1117.0,363.0,10.0,10.0
1119.0,364.0,10.0,10.0
1123.0,366.0,10.0,10.0
1123.0,366.0,10.0,10.0
1124.0,366.0,10.0,10.0
1126.0,368.0,10.0,10.0
1128.0,369.0,10.0,10.0
1127.0,370.0,10.0,10.0
1128.0,370.0,10.0,11.0
1130.0,371.0,10.0,11.0
1136.0,372.0,10.0,10.0
1139.0,372.0,10.0,10.0
1142.0,374.0,10.0,10.0
1144.0,374.0,10.0,10.0
1150.0,375.0,10.0,10.0
1151.0,376.0,10.0,11.0
1155.0,377.0,10.0,10.0
1159.0,378.0,10.0,10.0
1159.0,379.0,10.0,10.0
1161.0,380.0,10.0,10.0
1164.0,381.0,10.0,10.0
1168.0,382.0,10.0,10.0
1169.0,383.0,10.0,10.0
1169.0,383.0,10.0,10.0
1172.0,384.0,10.0,10.0
1174.0,385.0,10.0,11.0
1176.0,387.0,10.0,11.0
1178.0,388.0,10.0,11.0
1179.0,390.0,10.0,10.0
1181.0,391.0,10.0,10.0
1183.0,392.0,10.0,10.0
1187.0,393.0,10.0,10.0
1188.0,395.0,10.0,10.0
1188.0,395.0,10.0,10.0
1191.0,396.0,10.0,10.0
1192.0,397.0,10.0,10.0
1194.0,398.0,10.0,10.0
1196.0,399.0,10.0,10.0
1198.0,400.0,10.0,10.0
1200.0,401.0,10.0,10.0
1201.0,402.0,10.0,10.0
1202.0,403.0,10.0,10.0
1204.0,405.0,10.0,10.0
1205.0,405.0,10.0,10.0
1206.0,406.0,10.0,10.0
1207.0,406.0,10.0,11.0
1211.0,408.0,10.0,11.0
1213.0,410.0,10.0,10.0
1213.0,411.0,10.0,10.0
1214.0,413.0,10.0,10.0
1216.0,413.0,10.0,10.0
1218.0,415.0,10.0,10.0
1219.0,416.0,10.0,10.0
1222.0,417.0,10.0,10.0
1223.0,418.0,10.0,10.0
1223.0,419.0,10.0,10.0
1224.0,420.0,11.0,11.0
1225.0,421.0,12.0,11.0
1227.0,422.0,11.0,11.0
1228.0,424.0,11.0,10.0
1229.0,425.0,11.0,11.0
1230.0,425.0,12.0,11.0
1231.0,427.0,13.0,13.0
1230.0,427.0,14.0,13.0
1229.0,427.0,15.0,14.0
1228.0,428.0,16.0,15.0
1234.0,430.0,16.0,15.0
1236.0,432.0,16.0,15.0
1237.0,433.0,16.0,15.0
1237.0,434.0,17.0,15.0
1232.0,435.0,17.0,16.0
1225.0,435.0,18.0,16.0
1205.0,457.0,14.0,20.0
1206.0,458.0,11.0,15.0
1208.0,461.0,10.0,11.0
1208.0,463.0,10.0,11.0
1209.0,465.0,10.0,11.0
1211.0,467.0,10.0,11.0
1210.0,467.0,10.0,11.0
1211.0,469.0,10.0,10.0
1212.0,472.0,10.0,10.0
1214.0,473.0,10.0,11.0
1213.0,474.0,10.0,11.0
1213.0,475.0,10.0,11.0
1215.0,477.0,10.0,11.0
1215.0,479.0,10.0,11.0
1215.0,480.0,10.0,11.0
1217.0,483.0,10.0,11.0
1216.0,483.0,10.0,11.0
1217.0,484.0,10.0,12.0
1217.0,486.0,10.0,11.0
1218.0,489.0,10.0,11.0
1219.0,490.0,10.0,11.0
1218.0,490.0,10.0,11.0
1219.0,492.0,10.0,11.0
1220.0,495.0,10.0,11.0
1220.0,496.0,10.0,12.0
1221.0,498.0,10.0,12.0
1220.0,498.0,10.0,12.0
1221.0,500.0,10.0,11.0
1220.0,504.0,10.0,11.0
1221.0,504.0,10.0,12.0
1220.0,506.0,10.0,11.0
1221.0,507.0,10.0,11.0
1220.0,508.0,10.0,11.0
1221.0,511.0,10.0,11.0
1220.0,513.0,10.0,12.0
1219.0,515.0,10.0,12.0
1220.0,515.0,10.0,12.0
1219.0,517.0,10.0,12.0
1219.0,519.0,10.0,12.0
1217.0,522.0,10.0,12.0
1216.0,524.0,10.0,12.0
1217.0,524.0,10.0,12.0
1215.0,526.0,10.0,11.0
1214.0,527.0,10.0,12.0
1213.0,529.0,10.0,12.0
1211.0,532.0,10.0,12.0
1211.0,532.0,10.0,12.0
1210.0,534.0,10.0,12.0
1208.0,536.0,10.0,12.0
1207.0,538.0,10.0,12.0
1204.0,540.0,10.0,12.0
1204.0,539.0,10.0,12.0
1202.0,541.0,10.0,12.0
1201.0,543.0,10.0,12.0
1199.0,545.0,10.0,13.0
1196.0,546.0,10.0,13.0
1196.0,546.0,10.0,12.0
1194.0,549.0,10.0,12.0
1191.0,551.0,10.0,12.0
1188.0,552.0,10.0,13.0
1185.0,555.0,10.0,13.0
1186.0,554.0,10.0,13.0
1183.0,556.0,10.0,13.0
