807.0,242.0,38.0,99.0
806.0,240.0,38.0,100.0
806.0,241.0,38.0,99.0
806.0,241.0,39.0,99.0
806.0,241.0,39.0,99.0
808.0,242.0,39.0,98.0
808.0,242.0,39.0,98.0
808.0,241.0,39.0,98.0
808.0,242.0,39.0,98.0
808.0,242.0,39.0,98.0
808.0,242.0,39.0,98.0
809.0,242.0,40.0,98.0
809.0,242.0,40.0,99.0
808.0,241.0,41.0,100.0
809.0,241.0,42.0,100.0
809.0,241.0,42.0,101.0
809.0,240.0,43.0,102.0
808.0,239.0,43.0,103.0
808.0,239.0,43.0,103.0
809.0,237.0,44.0,104.0
809.0,237.0,43.0,106.0
809.0,236.0,43.0,106.0
809.0,234.0,44.0,108.0
808.0,233.0,44.0,109.0
809.0,232.0,44.0,111.0
809.0,230.0,45.0,111.0
810.0,230.0,44.0,113.0
810.0,229.0,43.0,114.0
810.0,228.0,43.0,115.0
809.0,227.0,42.0,115.0
810.0,226.0,41.0,115.0
810.0,225.0,39.0,113.0
812.0,225.0,39.0,115.0
811.0,225.0,38.0,111.0
811.0,224.0,39.0,111.0
809.0,224.0,40.0,111.0
808.0,223.0,40.0,110.0
806.0,222.0,42.0,109.0
806.0,222.0,43.0,109.0
803.0,221.0,46.0,108.0
803.0,220.0,46.0,106.0
803.0,220.0,46.0,105.0
803.0,220.0,47.0,104.0
803.0,220.0,46.0,103.0
802.0,219.0,47.0,103.0
802.0,219.0,46.0,103.0
803.0,219.0,46.0,102.0
802.0,219.0,46.0,102.0
803.0,218.0,46.0,103.0
803.0,218.0,45.0,103.0
804.0,218.0,45.0,104.0
804.0,218.0,45.0,104.0
805.0,217.0,44.0,105.0
804.0,217.0,45.0,106.0
805.0,216.0,44.0,107.0
806.0,216.0,45.0,107.0
805.0,216.0,46.0,106.0
805.0,215.0,46.0,108.0
805.0,215.0,47.0,108.0
806.0,214.0,47.0,110.0
804.0,214.0,48.0,109.0
806.0,212.0,48.0,110.0
806.0,210.0,49.0,111.0
806.0,210.0,50.0,111.0
805.0,210.0,51.0,111.0
805.0,209.0,51.0,112.0
805.0,207.0,51.0,111.0
806.0,206.0,52.0,112.0
805.0,206.0,52.0,110.0
805.0,205.0,52.0,109.0
805.0,205.0,53.0,107.0
806.0,205.0,52.0,104.0
808.0,204.0,50.0,103.0
808.0,203.0,50.0,103.0
809.0,202.0,49.0,102.0
810.0,202.0,48.0,104.0
809.0,202.0,48.0,104.0
810.0,200.0,47.0,105.0
810.0,200.0,47.0,106.0
811.0,200.0,46.0,107.0
811.0,199.0,46.0,108.0
811.0,198.0,45.0,109.0
810.0,197.0,45.0,110.0
811.0,196.0,44.0,112.0
811.0,195.0,43.0,112.0
811.0,195.0,42.0,113.0
810.0,192.0,42.0,113.0
810.0,192.0,41.0,113.0
810.0,189.0,41.0,114.0
810.0,188.0,41.0,114.0
810.0,185.0,41.0,115.0
809.0,184.0,41.0,114.0
809.0,184.0,41.0,111.0
808.0,182.0,42.0,107.0
809.0,182.0,41.0,105.0
807.0,180.0,42.0,102.0
807.0,180.0,42.0,100.0
807.0,180.0,43.0,99.0
806.0,179.0,45.0,98.0
806.0,178.0,45.0,99.0
804.0,177.0,46.0,100.0
804.0,176.0,46.0,103.0
804.0,175.0,46.0,104.0
805.0,175.0,45.0,104.0
805.0,174.0,45.0,104.0
805.0,173.0,45.0,105.0
806.0,173.0,44.0,106.0
807.0,171.0,43.0,106.0
807.0,170.0,43.0,107.0
808.0,168.0,42.0,107.0
810.0,166.0,41.0,107.0
810.0,165.0,41.0,106.0
811.0,162.0,42.0,109.0
810.0,160.0,43.0,108.0
808.0,159.0,43.0,107.0
806.0,157.0,45.0,105.0
805.0,156.0,44.0,102.0
803.0,154.0,45.0,100.0
799.0,152.0,45.0,98.0
796.0,151.0,45.0,97.0
791.0,150.0,45.0,96.0
784.0,148.0,45.0,96.0
778.0,146.0,46.0,97.0
772.0,145.0,44.0,98.0
766.0,142.0,44.0,99.0
757.0,141.0,44.0,100.0
749.0,139.0,43.0,101.0
741.0,137.0,41.0,102.0
732.0,135.0,41.0,103.0
723.0,132.0,40.0,105.0
712.0,131.0,39.0,106.0
701.0,128.0,39.0,107.0
691.0,127.0,39.0,107.0
680.0,124.0,38.0,108.0
669.0,122.0,38.0,108.0
659.0,119.0,39.0,107.0
648.0,117.0,40.0,106.0
639.0,116.0,39.0,104.0
630.0,115.0,40.0,102.0
622.0,113.0,40.0,100.0
615.0,111.0,41.0,98.0
607.0,110.0,42.0,98.0
601.0,108.0,42.0,97.0
595.0,108.0,43.0,97.0
590.0,107.0,43.0,98.0
586.0,106.0,43.0,98.0
583.0,106.0,42.0,98.0
580.0,105.0,42.0,100.0
577.0,105.0,41.0,101.0
576.0,103.0,40.0,102.0
575.0,102.0,39.0,103.0
573.0,102.0,39.0,103.0
572.0,101.0,39.0,103.0
570.0,100.0,38.0,103.0
570.0,99.0,37.0,103.0
568.0,98.0,37.0,104.0
568.0,97.0,36.0,104.0
567.0,95.0,37.0,104.0
566.0,93.0,36.0,104.0
566.0,92.0,36.0,104.0
564.0,91.0,37.0,102.0
563.0,89.0,36.0,102.0
562.0,88.0,37.0,100.0
561.0,88.0,37.0,97.0
561.0,87.0,37.0,95.0
559.0,85.0,38.0,95.0
559.0,85.0,38.0,94.0
558.0,85.0,38.0,94.0
558.0,85.0,39.0,94.0
557.0,83.0,38.0,96.0
557.0,83.0,37.0,97.0
556.0,82.0,37.0,98.0
556.0,81.0,36.0,99.0
557.0,80.0,34.0,100.0
555.0,81.0,34.0,100.0
556.0,80.0,33.0,100.0
553.0,79.0,34.0,102.0
553.0,79.0,33.0,101.0
552.0,78.0,32.0,101.0
552.0,77.0,31.0,101.0
550.0,76.0,32.0,100.0
549.0,76.0,33.0,100.0
548.0,75.0,33.0,96.0
548.0,74.0,33.0,95.0
545.0,74.0,34.0,94.0
546.0,74.0,33.0,93.0
544.0,73.0,34.0,92.0
543.0,73.0,34.0,93.0
544.0,73.0,33.0,94.0
544.0,72.0,32.0,93.0
542.0,72.0,33.0,95.0
543.0,72.0,32.0,96.0
541.0,73.0,32.0,98.0
541.0,73.0,31.0,99.0
541.0,73.0,31.0,100.0
540.0,73.0,32.0,99.0
541.0,74.0,30.0,100.0
539.0,74.0,31.0,100.0
539.0,74.0,31.0,100.0
539.0,74.0,30.0,100.0
539.0,74.0,30.0,100.0
538.0,73.0,30.0,101.0
538.0,74.0,30.0,100.0
536.0,73.0,31.0,101.0
536.0,73.0,32.0,99.0
534.0,74.0,32.0,98.0
534.0,74.0,33.0,96.0
533.0,75.0,33.0,96.0
533.0,75.0,34.0,94.0
532.0,76.0,34.0,94.0
531.0,77.0,34.0,93.0
530.0,78.0,35.0,94.0
530.0,80.0,35.0,94.0
531.0,80.0,35.0,95.0
528.0,81.0,36.0,96.0
530.0,82.0,35.0,96.0
529.0,84.0,35.0,97.0
528.0,85.0,35.0,98.0
528.0,86.0,34.0,99.0
528.0,88.0,34.0,99.0
527.0,88.0,35.0,101.0
528.0,89.0,34.0,100.0
527.0,91.0,34.0,100.0
527.0,91.0,34.0,100.0
526.0,92.0,34.0,100.0
526.0,93.0,34.0,99.0
523.0,94.0,35.0,99.0
525.0,96.0,35.0,97.0
525.0,96.0,34.0,96.0
522.0,98.0,36.0,95.0
524.0,99.0,35.0,95.0
523.0,101.0,36.0,93.0
521.0,103.0,36.0,93.0
523.0,104.0,35.0,93.0
521.0,107.0,36.0,93.0
523.0,108.0,35.0,93.0
521.0,110.0,36.0,94.0
521.0,112.0,36.0,97.0
522.0,114.0,35.0,97.0
522.0,117.0,35.0,99.0
520.0,119.0,35.0,99.0
522.0,121.0,34.0,100.0
521.0,124.0,35.0,101.0
522.0,124.0,34.0,100.0
522.0,127.0,35.0,102.0
521.0,130.0,35.0,103.0
522.0,130.0,34.0,103.0
521.0,133.0,34.0,103.0
522.0,133.0,34.0,104.0
521.0,134.0,34.0,104.0
521.0,136.0,34.0,104.0
522.0,138.0,33.0,105.0
520.0,140.0,35.0,105.0
521.0,141.0,34.0,103.0
519.0,142.0,35.0,102.0
519.0,145.0,36.0,99.0
517.0,146.0,37.0,98.0
517.0,149.0,37.0,97.0
518.0,151.0,37.0,96.0
516.0,152.0,38.0,96.0
515.0,155.0,39.0,98.0
516.0,157.0,39.0,99.0
515.0,160.0,39.0,100.0
516.0,162.0,39.0,101.0
516.0,164.0,39.0,102.0
516.0,166.0,38.0,104.0
516.0,168.0,38.0,105.0
516.0,171.0,37.0,105.0
515.0,173.0,37.0,106.0
516.0,175.0,36.0,106.0
517.0,175.0,35.0,106.0
515.0,176.0,36.0,107.0
517.0,177.0,35.0,107.0
515.0,178.0,37.0,107.0
515.0,179.0,37.0,104.0
515.0,180.0,38.0,101.0
513.0,182.0,40.0,99.0
512.0,183.0,40.0,98.0
512.0,185.0,40.0,98.0
513.0,187.0,40.0,98.0
512.0,189.0,41.0,99.0
513.0,191.0,41.0,99.0
513.0,193.0,41.0,102.0
513.0,194.0,41.0,103.0
515.0,198.0,41.0,103.0
515.0,200.0,41.0,106.0
516.0,202.0,40.0,105.0
515.0,204.0,42.0,107.0
517.0,206.0,41.0,108.0
517.0,208.0,40.0,110.0
519.0,209.0,40.0,110.0
518.0,210.0,40.0,109.0
520.0,211.0,40.0,109.0
520.0,212.0,40.0,110.0
521.0,212.0,39.0,109.0
522.0,214.0,40.0,108.0
521.0,215.0,41.0,105.0
522.0,217.0,41.0,103.0
523.0,218.0,41.0,102.0
525.0,221.0,40.0,100.0
524.0,222.0,42.0,99.0
525.0,223.0,42.0,99.0
526.0,225.0,42.0,99.0
526.0,228.0,42.0,101.0
528.0,230.0,43.0,102.0
527.0,232.0,44.0,104.0
530.0,233.0,42.0,106.0
528.0,234.0,44.0,106.0
530.0,236.0,43.0,108.0
530.0,238.0,43.0,109.0
529.0,240.0,44.0,110.0
531.0,241.0,43.0,111.0
532.0,242.0,44.0,110.0
532.0,242.0,45.0,110.0
532.0,242.0,46.0,109.0
534.0,243.0,45.0,109.0
533.0,244.0,46.0,106.0
534.0,245.0,45.0,105.0
535.0,247.0,45.0,103.0
537.0,248.0,44.0,100.0
539.0,250.0,44.0,99.0
540.0,251.0,44.0,99.0
542.0,252.0,43.0,101.0
544.0,253.0,42.0,102.0
545.0,255.0,43.0,104.0
547.0,257.0,42.0,105.0
549.0,259.0,42.0,107.0
549.0,260.0,44.0,108.0
551.0,261.0,42.0,109.0
552.0,263.0,43.0,111.0
554.0,264.0,43.0,111.0
556.0,264.0,42.0,113.0
557.0,265.0,43.0,113.0
559.0,264.0,43.0,115.0
561.0,264.0,43.0,115.0
562.0,263.0,44.0,116.0
563.0,264.0,44.0,116.0
564.0,264.0,45.0,115.0
565.0,265.0,45.0,113.0
567.0,266.0,46.0,108.0
568.0,266.0,47.0,105.0
569.0,268.0,47.0,103.0
570.0,269.0,47.0,102.0
572.0,269.0,48.0,103.0
574.0,270.0,47.0,105.0
577.0,271.0,46.0,108.0
580.0,272.0,44.0,109.0
580.0,273.0,45.0,111.0
584.0,275.0,44.0,111.0
585.0,276.0,44.0,113.0
587.0,276.0,44.0,113.0
589.0,278.0,44.0,117.0
591.0,278.0,43.0,116.0
593.0,279.0,43.0,116.0
595.0,279.0,43.0,116.0
596.0,278.0,43.0,118.0
599.0,278.0,44.0,116.0
600.0,278.0,45.0,116.0
603.0,278.0,45.0,112.0
605.0,280.0,47.0,108.0
607.0,280.0,46.0,105.0
608.0,280.0,47.0,103.0
611.0,281.0,47.0,101.0
612.0,281.0,47.0,101.0
615.0,281.0,47.0,102.0
617.0,283.0,47.0,105.0
621.0,284.0,46.0,106.0
622.0,286.0,47.0,107.0
625.0,287.0,47.0,107.0
626.0,288.0,48.0,108.0
629.0,289.0,49.0,110.0
632.0,290.0,47.0,110.0
635.0,291.0,48.0,112.0
638.0,292.0,48.0,113.0
641.0,291.0,48.0,113.0
646.0,291.0,48.0,113.0
649.0,291.0,47.0,112.0
652.0,290.0,47.0,112.0
655.0,290.0,49.0,112.0
659.0,291.0,49.0,108.0
661.0,290.0,49.0,106.0
664.0,290.0,50.0,102.0
667.0,290.0,50.0,101.0
671.0,290.0,51.0,101.0
672.0,290.0,53.0,102.0
676.0,291.0,52.0,103.0
677.0,291.0,54.0,105.0
681.0,291.0,53.0,106.0
683.0,293.0,54.0,107.0
688.0,292.0,52.0,108.0
689.0,293.0,53.0,111.0
692.0,293.0,53.0,111.0
696.0,294.0,52.0,112.0
700.0,294.0,51.0,114.0
702.0,294.0,52.0,114.0
705.0,293.0,51.0,115.0
709.0,292.0,50.0,114.0
709.0,292.0,51.0,115.0
715.0,290.0,49.0,115.0
714.0,289.0,51.0,114.0
719.0,288.0,49.0,111.0
722.0,289.0,50.0,108.0
723.0,288.0,51.0,106.0
725.0,288.0,51.0,102.0
727.0,288.0,50.0,102.0
729.0,288.0,51.0,102.0
731.0,287.0,50.0,105.0
733.0,288.0,49.0,105.0
734.0,288.0,50.0,107.0
736.0,288.0,50.0,109.0
736.0,288.0,52.0,109.0
737.0,288.0,52.0,109.0
737.0,288.0,53.0,112.0
738.0,289.0,55.0,110.0
739.0,289.0,56.0,111.0
739.0,288.0,57.0,110.0
743.0,288.0,56.0,110.0
743.0,287.0,58.0,109.0
744.0,286.0,58.0,110.0
744.0,285.0,58.0,107.0
746.0,285.0,58.0,104.0
744.0,283.0,58.0,103.0
742.0,281.0,56.0,102.0
736.0,281.0,57.0,98.0
729.0,280.0,56.0,97.0
721.0,278.0,55.0,99.0
712.0,278.0,52.0,100.0
703.0,276.0,51.0,102.0
691.0,276.0,52.0,105.0
678.0,275.0,53.0,105.0
665.0,274.0,52.0,107.0
652.0,273.0,52.0,108.0
639.0,273.0,51.0,110.0
625.0,272.0,52.0,111.0
612.0,270.0,51.0,112.0
598.0,270.0,49.0,113.0
583.0,268.0,49.0,114.0
570.0,267.0,49.0,117.0
557.0,266.0,47.0,117.0
544.0,267.0,48.0,117.0
531.0,266.0,47.0,115.0
520.0,266.0,47.0,113.0
509.0,267.0,48.0,111.0
500.0,267.0,47.0,107.0
491.0,267.0,48.0,105.0
484.0,267.0,47.0,106.0
477.0,267.0,47.0,106.0
469.0,268.0,49.0,107.0
462.0,269.0,52.0,109.0
456.0,269.0,54.0,111.0
451.0,269.0,56.0,113.0
447.0,270.0,56.0,114.0
444.0,271.0,56.0,115.0
440.0,271.0,56.0,115.0
438.0,271.0,56.0,116.0
438.0,270.0,56.0,116.0
437.0,269.0,53.0,117.0
438.0,268.0,52.0,115.0
436.0,266.0,51.0,116.0
436.0,266.0,50.0,114.0
434.0,265.0,50.0,112.0
435.0,263.0,48.0,110.0
433.0,262.0,49.0,108.0
432.0,261.0,49.0,106.0
431.0,260.0,48.0,103.0
430.0,259.0,50.0,102.0
429.0,258.0,50.0,103.0
429.0,257.0,49.0,104.0
429.0,256.0,49.0,106.0
428.0,255.0,49.0,107.0
428.0,253.0,48.0,109.0
428.0,252.0,48.0,110.0
428.0,251.0,48.0,111.0
428.0,250.0,48.0,113.0
427.0,248.0,48.0,114.0
427.0,245.0,49.0,115.0
425.0,245.0,52.0,116.0
425.0,241.0,52.0,118.0
427.0,240.0,50.0,118.0
424.0,237.0,50.0,117.0
426.0,233.0,49.0,117.0
424.0,231.0,49.0,116.0
426.0,229.0,47.0,114.0
425.0,228.0,47.0,111.0
424.0,225.0,47.0,109.0
423.0,225.0,49.0,107.0
424.0,223.0,48.0,105.0
424.0,221.0,49.0,105.0
423.0,220.0,49.0,104.0
424.0,218.0,49.0,105.0
423.0,216.0,50.0,107.0
424.0,215.0,49.0,108.0
423.0,213.0,50.0,110.0
425.0,213.0,48.0,110.0
423.0,211.0,49.0,112.0
424.0,209.0,48.0,113.0
424.0,208.0,48.0,115.0
425.0,207.0,46.0,114.0
425.0,205.0,46.0,115.0
425.0,204.0,46.0,116.0
426.0,202.0,45.0,115.0
427.0,199.0,44.0,115.0
427.0,198.0,44.0,115.0
427.0,196.0,44.0,113.0
427.0,194.0,45.0,113.0
426.0,192.0,45.0,112.0
426.0,191.0,46.0,109.0
425.0,189.0,46.0,106.0
424.0,188.0,47.0,104.0
425.0,186.0,46.0,102.0
424.0,185.0,47.0,102.0
426.0,183.0,47.0,103.0
425.0,182.0,47.0,104.0
425.0,180.0,48.0,106.0
426.0,180.0,47.0,107.0
426.0,179.0,47.0,107.0
425.0,178.0,48.0,108.0
427.0,177.0,48.0,109.0
427.0,175.0,47.0,111.0
428.0,174.0,47.0,111.0
428.0,174.0,47.0,112.0
427.0,172.0,47.0,113.0
429.0,170.0,46.0,114.0
428.0,168.0,45.0,113.0
429.0,165.0,43.0,114.0
429.0,162.0,43.0,114.0
429.0,162.0,43.0,113.0
428.0,160.0,43.0,110.0
429.0,159.0,44.0,108.0
429.0,158.0,44.0,107.0
430.0,156.0,44.0,106.0
429.0,155.0,45.0,104.0
429.0,154.0,45.0,104.0
429.0,153.0,46.0,104.0
430.0,152.0,45.0,105.0
430.0,152.0,45.0,105.0
431.0,150.0,45.0,107.0
432.0,150.0,45.0,109.0
433.0,149.0,44.0,109.0
433.0,149.0,44.0,111.0
433.0,148.0,44.0,112.0
434.0,149.0,43.0,112.0
434.0,148.0,43.0,112.0
436.0,147.0,43.0,111.0
435.0,146.0,44.0,111.0
437.0,145.0,43.0,112.0
437.0,143.0,42.0,112.0
439.0,142.0,42.0,111.0
439.0,141.0,43.0,110.0
439.0,140.0,43.0,109.0
438.0,139.0,44.0,106.0
437.0,139.0,44.0,105.0
436.0,139.0,44.0,103.0
436.0,137.0,44.0,103.0
432.0,138.0,46.0,103.0
432.0,138.0,45.0,105.0
430.0,138.0,46.0,106.0
427.0,138.0,46.0,108.0
426.0,139.0,45.0,108.0
423.0,140.0,46.0,109.0
421.0,140.0,46.0,110.0
418.0,141.0,45.0,112.0
416.0,141.0,44.0,113.0
413.0,141.0,45.0,113.0
411.0,141.0,45.0,113.0
408.0,141.0,45.0,113.0
408.0,140.0,43.0,116.0
406.0,140.0,43.0,117.0
405.0,139.0,43.0,115.0
404.0,139.0,43.0,113.0
400.0,139.0,45.0,111.0
400.0,139.0,45.0,108.0
399.0,138.0,45.0,106.0
398.0,138.0,46.0,104.0
397.0,139.0,47.0,102.0
396.0,138.0,48.0,102.0
395.0,137.0,49.0,103.0
394.0,138.0,49.0,102.0
395.0,138.0,49.0,104.0
393.0,138.0,49.0,105.0
394.0,138.0,48.0,107.0
393.0,138.0,47.0,109.0
392.0,139.0,46.0,110.0
392.0,139.0,45.0,109.0
392.0,140.0,45.0,111.0
391.0,140.0,45.0,112.0
392.0,141.0,45.0,114.0
390.0,139.0,45.0,113.0
389.0,139.0,44.0,114.0
389.0,137.0,44.0,115.0
388.0,136.0,44.0,116.0
387.0,135.0,45.0,115.0
386.0,135.0,44.0,113.0
385.0,136.0,45.0,110.0
383.0,136.0,46.0,108.0
382.0,136.0,46.0,107.0
382.0,136.0,46.0,106.0
379.0,136.0,46.0,104.0
379.0,137.0,47.0,103.0
377.0,138.0,47.0,103.0
375.0,138.0,48.0,103.0
374.0,139.0,49.0,103.0
374.0,139.0,49.0,104.0
372.0,141.0,50.0,105.0
369.0,142.0,51.0,105.0
368.0,142.0,53.0,107.0
366.0,143.0,53.0,107.0
364.0,144.0,55.0,107.0
362.0,145.0,57.0,107.0
359.0,146.0,59.0,107.0
356.0,146.0,61.0,107.0
353.0,146.0,64.0,107.0
351.0,146.0,65.0,106.0
348.0,147.0,65.0,105.0
346.0,147.0,65.0,103.0
344.0,147.0,63.0,103.0
341.0,147.0,62.0,102.0
340.0,148.0,61.0,102.0
338.0,148.0,58.0,103.0
336.0,149.0,55.0,103.0
335.0,151.0,53.0,103.0
331.0,152.0,52.0,104.0
329.0,153.0,52.0,106.0
329.0,155.0,52.0,107.0
327.0,156.0,54.0,106.0
325.0,157.0,55.0,107.0
325.0,159.0,54.0,107.0
322.0,160.0,56.0,108.0
322.0,162.0,55.0,108.0
323.0,162.0,56.0,108.0
324.0,162.0,56.0,109.0
326.0,163.0,57.0,110.0
329.0,163.0,57.0,110.0
333.0,162.0,56.0,109.0
338.0,160.0,55.0,109.0
343.0,160.0,53.0,110.0
350.0,159.0,51.0,108.0
357.0,158.0,49.0,107.0
365.0,158.0,46.0,106.0
372.0,158.0,44.0,105.0
379.0,157.0,43.0,105.0
387.0,156.0,44.0,106.0
395.0,156.0,44.0,105.0
402.0,157.0,44.0,103.0
409.0,157.0,45.0,103.0
416.0,157.0,44.0,103.0
422.0,159.0,45.0,104.0
428.0,159.0,48.0,103.0
432.0,160.0,51.0,104.0
438.0,160.0,53.0,106.0
442.0,161.0,55.0,106.0
448.0,163.0,56.0,105.0
451.0,164.0,57.0,105.0
455.0,165.0,58.0,104.0
456.0,165.0,59.0,105.0
458.0,167.0,59.0,104.0
460.0,167.0,59.0,103.0
460.0,168.0,59.0,103.0
459.0,169.0,58.0,103.0
458.0,170.0,55.0,103.0
458.0,171.0,53.0,103.0
457.0,173.0,52.0,103.0
455.0,174.0,49.0,103.0
452.0,176.0,49.0,104.0
451.0,179.0,47.0,105.0
447.0,181.0,48.0,105.0
446.0,182.0,49.0,107.0
446.0,185.0,50.0,109.0
443.0,187.0,51.0,110.0
442.0,189.0,52.0,109.0
440.0,190.0,53.0,111.0
439.0,192.0,53.0,111.0
437.0,195.0,54.0,112.0
437.0,197.0,54.0,113.0
436.0,198.0,54.0,114.0
435.0,199.0,54.0,114.0
434.0,199.0,54.0,116.0
432.0,201.0,53.0,116.0
430.0,202.0,51.0,114.0
429.0,204.0,48.0,112.0
428.0,205.0,46.0,112.0
426.0,206.0,45.0,112.0
424.0,208.0,44.0,110.0
423.0,210.0,44.0,110.0
421.0,211.0,44.0,108.0
420.0,213.0,44.0,109.0
418.0,216.0,44.0,108.0
416.0,218.0,45.0,109.0
415.0,220.0,46.0,108.0
413.0,223.0,48.0,110.0
411.0,225.0,48.0,110.0
408.0,227.0,50.0,112.0
407.0,229.0,52.0,113.0
404.0,231.0,53.0,115.0
403.0,234.0,54.0,115.0
400.0,236.0,56.0,116.0
398.0,238.0,57.0,116.0
396.0,239.0,59.0,116.0
393.0,240.0,60.0,115.0
391.0,242.0,60.0,114.0
389.0,243.0,61.0,114.0
387.0,246.0,61.0,113.0
385.0,247.0,60.0,110.0
384.0,250.0,58.0,108.0
381.0,252.0,58.0,108.0
380.0,254.0,56.0,108.0
378.0,256.0,55.0,108.0
376.0,258.0,54.0,109.0
375.0,260.0,54.0,110.0
372.0,262.0,54.0,112.0
372.0,266.0,54.0,113.0
371.0,267.0,56.0,114.0
369.0,270.0,56.0,115.0
368.0,272.0,58.0,116.0
366.0,274.0,58.0,117.0
366.0,277.0,58.0,117.0
365.0,279.0,58.0,117.0
362.0,280.0,59.0,118.0
361.0,282.0,60.0,119.0
359.0,283.0,60.0,120.0
357.0,284.0,60.0,120.0
355.0,285.0,60.0,120.0
354.0,286.0,59.0,121.0
352.0,288.0,58.0,120.0
350.0,289.0,57.0,118.0
350.0,292.0,56.0,115.0
349.0,293.0,55.0,115.0
347.0,295.0,55.0,111.0
346.0,297.0,55.0,110.0
344.0,298.0,55.0,111.0
343.0,301.0,56.0,109.0
342.0,303.0,57.0,110.0
340.0,305.0,60.0,110.0
338.0,306.0,62.0,112.0
337.0,308.0,64.0,112.0
336.0,310.0,67.0,112.0
335.0,312.0,69.0,113.0
335.0,313.0,71.0,113.0
334.0,315.0,73.0,112.0
333.0,315.0,75.0,112.0
333.0,315.0,75.0,111.0
332.0,315.0,76.0,110.0
331.0,316.0,75.0,109.0
333.0,316.0,75.0,108.0
333.0,315.0,72.0,107.0
336.0,315.0,69.0,106.0
339.0,315.0,66.0,105.0
341.0,315.0,64.0,105.0
344.0,314.0,63.0,106.0
347.0,313.0,61.0,107.0
349.0,313.0,60.0,109.0
351.0,313.0,62.0,110.0
353.0,313.0,62.0,111.0
356.0,312.0,62.0,112.0
358.0,312.0,63.0,113.0
360.0,310.0,64.0,114.0
363.0,310.0,64.0,115.0
366.0,309.0,63.0,116.0
368.0,308.0,63.0,116.0
370.0,306.0,63.0,117.0
374.0,304.0,61.0,118.0
375.0,302.0,61.0,121.0
378.0,299.0,60.0,121.0
379.0,296.0,59.0,122.0
381.0,294.0,57.0,120.0
382.0,293.0,56.0,120.0
382.0,292.0,56.0,119.0
383.0,290.0,55.0,116.0
384.0,290.0,55.0,113.0
385.0,289.0,55.0,110.0
385.0,288.0,54.0,108.0
386.0,287.0,54.0,108.0
385.0,287.0,54.0,108.0
385.0,286.0,54.0,110.0
385.0,285.0,55.0,110.0
386.0,285.0,55.0,111.0
386.0,284.0,55.0,112.0
387.0,283.0,55.0,112.0
387.0,283.0,56.0,114.0
387.0,282.0,56.0,113.0
387.0,281.0,58.0,114.0
388.0,278.0,59.0,114.0
390.0,276.0,59.0,114.0
392.0,274.0,60.0,113.0
394.0,271.0,60.0,111.0
397.0,270.0,60.0,110.0
401.0,268.0,59.0,107.0
405.0,265.0,58.0,106.0
409.0,264.0,58.0,105.0
413.0,262.0,57.0,105.0
418.0,260.0,56.0,105.0
422.0,259.0,57.0,106.0
427.0,257.0,56.0,108.0
430.0,255.0,56.0,110.0
435.0,255.0,57.0,109.0
441.0,254.0,56.0,111.0
445.0,252.0,57.0,113.0
450.0,251.0,55.0,112.0
455.0,250.0,55.0,114.0
