760.0,465.0,71.0,169.0
762.0,464.0,68.0,171.0
764.0,461.0,68.0,175.0
767.0,458.0,67.0,180.0
769.0,458.0,70.0,184.0
769.0,458.0,73.0,195.0
769.0,461.0,75.0,191.0
772.0,467.0,76.0,190.0
773.0,474.0,80.0,187.0
779.0,481.0,80.0,189.0
783.0,481.0,79.0,191.0
789.0,485.0,74.0,186.0
791.0,482.0,77.0,194.0
794.0,479.0,78.0,198.0
799.0,478.0,77.0,205.0
800.0,478.0,80.0,205.0
804.0,478.0,78.0,214.0
809.0,481.0,78.0,205.0
810.0,484.0,80.0,205.0
812.0,490.0,81.0,202.0
817.0,493.0,81.0,202.0
817.0,497.0,84.0,199.0
820.0,497.0,85.0,202.0
819.0,488.0,91.0,213.0
823.0,477.0,91.0,220.0
821.0,474.0,92.0,226.0
821.0,473.0,91.0,230.0
825.0,476.0,90.0,228.0
825.0,481.0,92.0,228.0
826.0,485.0,93.0,221.0
827.0,489.0,90.0,211.0
828.0,489.0,91.0,216.0
832.0,488.0,86.0,218.0
832.0,485.0,88.0,221.0
833.0,485.0,90.0,222.0
835.0,481.0,89.0,217.0
835.0,479.0,92.0,226.0
837.0,483.0,88.0,222.0
838.0,487.0,90.0,211.0
838.0,484.0,92.0,218.0
837.0,489.0,95.0,208.0
840.0,489.0,91.0,205.0
840.0,489.0,90.0,201.0
841.0,484.0,88.0,201.0
840.0,483.0,90.0,206.0
839.0,478.0,86.0,211.0
838.0,477.0,92.0,208.0
836.0,481.0,89.0,206.0
833.0,486.0,91.0,200.0
836.0,489.0,92.0,196.0
837.0,494.0,84.0,186.0
837.0,494.0,80.0,177.0
842.0,490.0,75.0,180.0
842.0,485.0,75.0,190.0
840.0,482.0,77.0,192.0
843.0,480.0,75.0,193.0
843.0,477.0,76.0,190.0
845.0,476.0,75.0,194.0
847.0,477.0,74.0,192.0
846.0,484.0,74.0,187.0
848.0,487.0,74.0,180.0
852.0,490.0,74.0,178.0
846.0,492.0,79.0,178.0
852.0,489.0,75.0,177.0
852.0,485.0,79.0,180.0
853.0,481.0,78.0,183.0
851.0,477.0,83.0,190.0
852.0,478.0,83.0,194.0
853.0,482.0,85.0,190.0
856.0,486.0,83.0,188.0
855.0,493.0,88.0,189.0
862.0,492.0,82.0,186.0
861.0,495.0,85.0,177.0
866.0,490.0,80.0,188.0
870.0,490.0,79.0,187.0
871.0,483.0,80.0,201.0
873.0,482.0,82.0,204.0
878.0,487.0,83.0,199.0
879.0,486.0,83.0,199.0
884.0,496.0,80.0,185.0
887.0,497.0,80.0,181.0
890.0,502.0,80.0,186.0
889.0,504.0,85.0,181.0
895.0,502.0,81.0,189.0
895.0,502.0,85.0,191.0
897.0,501.0,86.0,192.0
898.0,495.0,87.0,197.0
896.0,493.0,91.0,202.0
894.0,494.0,93.0,204.0
897.0,496.0,91.0,198.0
895.0,502.0,95.0,189.0
897.0,505.0,93.0,181.0
899.0,506.0,89.0,179.0
902.0,502.0,90.0,182.0
903.0,497.0,82.0,186.0
901.0,498.0,89.0,184.0
902.0,493.0,85.0,185.0
904.0,488.0,81.0,190.0
904.0,490.0,81.0,182.0
905.0,489.0,82.0,178.0
904.0,496.0,83.0,172.0
905.0,494.0,81.0,173.0
907.0,500.0,81.0,167.0
906.0,496.0,80.0,172.0
905.0,494.0,82.0,173.0
903.0,489.0,82.0,178.0
902.0,486.0,84.0,176.0
901.0,479.0,82.0,179.0
900.0,473.0,80.0,187.0
897.0,473.0,81.0,189.0
896.0,481.0,82.0,182.0
894.0,484.0,81.0,181.0
892.0,482.0,77.0,186.0
890.0,482.0,73.0,182.0
888.0,479.0,75.0,189.0
886.0,477.0,74.0,190.0
884.0,473.0,74.0,192.0
880.0,469.0,75.0,195.0
876.0,469.0,72.0,192.0
871.0,469.0,72.0,191.0
866.0,470.0,71.0,185.0
861.0,476.0,69.0,180.0
855.0,477.0,70.0,181.0
849.0,479.0,70.0,181.0
843.0,474.0,70.0,186.0
835.0,472.0,70.0,188.0
827.0,467.0,71.0,190.0
819.0,465.0,72.0,198.0
812.0,461.0,71.0,195.0
801.0,466.0,72.0,184.0
792.0,468.0,69.0,180.0
784.0,470.0,71.0,183.0
774.0,472.0,69.0,176.0
767.0,472.0,69.0,180.0
758.0,471.0,68.0,178.0
753.0,467.0,66.0,181.0
746.0,463.0,67.0,181.0
739.0,460.0,68.0,187.0
731.0,459.0,68.0,186.0
724.0,456.0,68.0,187.0
718.0,457.0,69.0,174.0
714.0,461.0,70.0,172.0
711.0,462.0,68.0,172.0
706.0,468.0,69.0,163.0
704.0,464.0,64.0,165.0
701.0,461.0,63.0,168.0
697.0,453.0,61.0,172.0
691.0,446.0,62.0,176.0
688.0,446.0,61.0,173.0
682.0,444.0,61.0,168.0
677.0,445.0,64.0,163.0
673.0,451.0,64.0,156.0
669.0,454.0,61.0,153.0
665.0,456.0,60.0,154.0
662.0,460.0,58.0,150.0
658.0,460.0,59.0,149.0
653.0,461.0,59.0,146.0
650.0,462.0,58.0,148.0
647.0,460.0,58.0,153.0
642.0,458.0,58.0,153.0
638.0,457.0,57.0,148.0
635.0,455.0,57.0,148.0
630.0,455.0,58.0,145.0
628.0,455.0,57.0,146.0
626.0,456.0,55.0,148.0
623.0,455.0,56.0,148.0
619.0,456.0,55.0,147.0
616.0,454.0,54.0,148.0
612.0,455.0,54.0,153.0
608.0,457.0,55.0,151.0
604.0,461.0,55.0,147.0
601.0,464.0,54.0,143.0
599.0,466.0,55.0,143.0
595.0,465.0,57.0,141.0
592.0,466.0,57.0,141.0
590.0,465.0,57.0,141.0
586.0,463.0,59.0,143.0
583.0,460.0,60.0,144.0
580.0,457.0,60.0,147.0
577.0,457.0,59.0,148.0
574.0,456.0,59.0,146.0
571.0,457.0,61.0,143.0
568.0,462.0,60.0,140.0
567.0,465.0,59.0,141.0
566.0,470.0,56.0,141.0
564.0,469.0,55.0,147.0
561.0,470.0,54.0,146.0
558.0,467.0,53.0,149.0
555.0,465.0,53.0,152.0
552.0,463.0,52.0,152.0
548.0,460.0,53.0,152.0
546.0,460.0,52.0,148.0
543.0,462.0,53.0,147.0
539.0,464.0,55.0,144.0
536.0,464.0,56.0,145.0
533.0,465.0,57.0,148.0
530.0,467.0,60.0,151.0
528.0,467.0,60.0,151.0
526.0,469.0,61.0,155.0
523.0,470.0,63.0,156.0
521.0,471.0,61.0,155.0
519.0,471.0,62.0,151.0
516.0,475.0,63.0,145.0
513.0,475.0,65.0,146.0
516.0,474.0,61.0,147.0
515.0,477.0,58.0,149.0
513.0,478.0,58.0,149.0
512.0,475.0,55.0,154.0
510.0,472.0,54.0,161.0
508.0,474.0,54.0,162.0
503.0,477.0,55.0,162.0
501.0,479.0,56.0,161.0
498.0,485.0,59.0,158.0
493.0,490.0,58.0,153.0
491.0,492.0,61.0,157.0
487.0,493.0,62.0,157.0
484.0,492.0,64.0,159.0
481.0,491.0,67.0,163.0
477.0,487.0,71.0,166.0
477.0,489.0,70.0,166.0
476.0,486.0,69.0,169.0
473.0,489.0,68.0,165.0
471.0,495.0,70.0,157.0
471.0,498.0,71.0,158.0
471.0,503.0,70.0,157.0
475.0,509.0,65.0,162.0
474.0,513.0,67.0,161.0
475.0,514.0,65.0,166.0
476.0,515.0,63.0,166.0
477.0,514.0,62.0,170.0
475.0,509.0,62.0,171.0
478.0,511.0,60.0,167.0
476.0,509.0,62.0,164.0
475.0,511.0,63.0,161.0
477.0,513.0,63.0,161.0
475.0,514.0,67.0,160.0
475.0,516.0,69.0,164.0
476.0,515.0,68.0,165.0
476.0,514.0,70.0,168.0
478.0,515.0,70.0,168.0
478.0,509.0,69.0,175.0
478.0,511.0,69.0,176.0
480.0,509.0,69.0,161.0
479.0,511.0,71.0,157.0
482.0,510.0,69.0,154.0
487.0,513.0,65.0,152.0
492.0,510.0,61.0,154.0
492.0,511.0,60.0,153.0
498.0,506.0,56.0,152.0
501.0,501.0,55.0,155.0
