810.0,165.0,50.0,111.0
807.0,164.0,53.0,106.0
807.0,162.0,53.0,105.0
806.0,161.0,52.0,103.0
806.0,160.0,52.0,101.0
806.0,159.0,52.0,100.0
806.0,158.0,51.0,99.0
806.0,157.0,50.0,99.0
806.0,156.0,50.0,99.0
807.0,155.0,49.0,100.0
807.0,153.0,49.0,101.0
806.0,152.0,49.0,103.0
806.0,151.0,48.0,103.0
807.0,150.0,49.0,104.0
805.0,150.0,49.0,105.0
806.0,149.0,49.0,106.0
806.0,148.0,49.0,107.0
806.0,148.0,48.0,107.0
806.0,147.0,49.0,108.0
807.0,145.0,49.0,108.0
806.0,144.0,49.0,110.0
807.0,142.0,49.0,109.0
809.0,140.0,48.0,109.0
811.0,139.0,48.0,109.0
811.0,139.0,48.0,106.0
813.0,138.0,48.0,105.0
814.0,138.0,48.0,103.0
817.0,137.0,46.0,103.0
817.0,136.0,48.0,102.0
819.0,136.0,47.0,101.0
821.0,135.0,48.0,101.0
823.0,135.0,47.0,100.0
826.0,135.0,47.0,100.0
827.0,135.0,47.0,101.0
830.0,134.0,47.0,101.0
832.0,135.0,47.0,102.0
832.0,134.0,48.0,102.0
834.0,134.0,48.0,102.0
836.0,134.0,50.0,103.0
838.0,134.0,50.0,103.0
841.0,134.0,49.0,103.0
843.0,133.0,50.0,102.0
846.0,133.0,50.0,102.0
848.0,133.0,51.0,102.0
850.0,132.0,51.0,101.0
852.0,132.0,52.0,100.0
855.0,131.0,51.0,99.0
859.0,130.0,51.0,98.0
861.0,129.0,51.0,97.0
865.0,129.0,49.0,97.0
867.0,129.0,49.0,95.0
867.0,128.0,49.0,96.0
867.0,127.0,48.0,96.0
868.0,127.0,48.0,98.0
867.0,126.0,48.0,98.0
865.0,125.0,48.0,99.0
863.0,125.0,48.0,101.0
859.0,124.0,49.0,101.0
855.0,124.0,49.0,102.0
851.0,123.0,50.0,103.0
847.0,123.0,50.0,104.0
843.0,121.0,50.0,105.0
840.0,120.0,50.0,105.0
836.0,119.0,49.0,106.0
833.0,118.0,48.0,106.0
829.0,116.0,48.0,107.0
826.0,116.0,47.0,105.0
821.0,114.0,46.0,106.0
818.0,113.0,44.0,103.0
814.0,112.0,44.0,101.0
810.0,112.0,44.0,101.0
804.0,111.0,43.0,99.0
800.0,109.0,43.0,99.0
796.0,109.0,42.0,98.0
791.0,109.0,42.0,98.0
787.0,108.0,42.0,99.0
783.0,107.0,42.0,98.0
780.0,107.0,43.0,98.0
776.0,107.0,43.0,98.0
775.0,106.0,42.0,100.0
771.0,106.0,42.0,100.0
770.0,105.0,42.0,100.0
767.0,104.0,43.0,101.0
765.0,104.0,43.0,101.0
764.0,104.0,44.0,102.0
761.0,103.0,44.0,101.0
760.0,102.0,45.0,102.0
760.0,101.0,46.0,103.0
760.0,100.0,46.0,103.0
760.0,98.0,46.0,103.0
760.0,98.0,46.0,101.0
761.0,97.0,46.0,100.0
762.0,96.0,46.0,98.0
761.0,95.0,45.0,97.0
762.0,94.0,45.0,96.0
761.0,94.0,45.0,96.0
761.0,93.0,45.0,96.0
759.0,93.0,43.0,96.0
758.0,91.0,43.0,97.0
756.0,90.0,43.0,99.0
753.0,90.0,43.0,100.0
751.0,89.0,43.0,100.0
746.0,87.0,43.0,102.0
742.0,86.0,44.0,103.0
738.0,86.0,44.0,103.0
734.0,85.0,43.0,105.0
731.0,83.0,42.0,105.0
725.0,82.0,42.0,105.0
723.0,81.0,42.0,105.0
718.0,80.0,41.0,106.0
714.0,79.0,41.0,106.0
710.0,77.0,41.0,107.0
706.0,75.0,40.0,107.0
702.0,74.0,41.0,107.0
700.0,73.0,39.0,104.0
694.0,71.0,41.0,103.0
691.0,72.0,41.0,102.0
686.0,70.0,41.0,100.0
683.0,70.0,40.0,99.0
680.0,70.0,41.0,98.0
677.0,68.0,40.0,97.0
674.0,69.0,41.0,96.0
672.0,69.0,40.0,96.0
671.0,69.0,39.0,96.0
671.0,68.0,38.0,98.0
670.0,68.0,39.0,98.0
669.0,68.0,39.0,99.0
670.0,67.0,39.0,99.0
670.0,67.0,39.0,101.0
670.0,66.0,39.0,101.0
671.0,66.0,39.0,101.0
672.0,66.0,39.0,103.0
673.0,65.0,39.0,102.0
675.0,65.0,39.0,103.0
676.0,63.0,38.0,103.0
678.0,63.0,39.0,104.0
679.0,62.0,39.0,103.0
679.0,61.0,40.0,103.0
679.0,60.0,41.0,103.0
680.0,60.0,42.0,100.0
682.0,60.0,42.0,99.0
682.0,60.0,41.0,98.0
684.0,60.0,41.0,98.0
686.0,60.0,41.0,98.0
685.0,60.0,42.0,98.0
687.0,60.0,41.0,98.0
686.0,61.0,42.0,97.0
687.0,60.0,41.0,98.0
685.0,60.0,43.0,99.0
685.0,61.0,41.0,100.0
682.0,60.0,42.0,101.0
681.0,61.0,41.0,102.0
679.0,62.0,40.0,102.0
676.0,61.0,40.0,103.0
673.0,62.0,40.0,104.0
671.0,63.0,39.0,104.0
667.0,63.0,40.0,104.0
664.0,63.0,39.0,104.0
661.0,64.0,39.0,103.0
658.0,64.0,40.0,104.0
655.0,64.0,40.0,104.0
653.0,64.0,41.0,103.0
649.0,64.0,41.0,102.0
647.0,64.0,42.0,101.0
644.0,64.0,42.0,100.0
643.0,63.0,41.0,99.0
641.0,64.0,41.0,98.0
640.0,64.0,40.0,98.0
639.0,65.0,40.0,97.0
639.0,65.0,40.0,98.0
637.0,66.0,40.0,98.0
638.0,66.0,40.0,98.0
636.0,67.0,39.0,98.0
636.0,68.0,38.0,99.0
637.0,70.0,37.0,100.0
638.0,71.0,37.0,99.0
637.0,70.0,37.0,101.0
638.0,71.0,37.0,100.0
638.0,72.0,37.0,101.0
637.0,72.0,37.0,101.0
637.0,72.0,36.0,103.0
637.0,73.0,35.0,103.0
638.0,73.0,34.0,103.0
636.0,73.0,34.0,104.0
636.0,72.0,34.0,103.0
636.0,71.0,34.0,104.0
633.0,73.0,35.0,104.0
633.0,72.0,35.0,103.0
631.0,72.0,37.0,105.0
630.0,72.0,38.0,103.0
629.0,73.0,38.0,103.0
628.0,74.0,39.0,101.0
627.0,74.0,39.0,100.0
627.0,74.0,40.0,100.0
627.0,76.0,39.0,99.0
626.0,77.0,40.0,99.0
627.0,77.0,39.0,99.0
626.0,78.0,40.0,100.0
623.0,80.0,42.0,100.0
621.0,80.0,44.0,100.0
617.0,82.0,46.0,100.0
614.0,82.0,48.0,101.0
613.0,85.0,48.0,100.0
612.0,85.0,49.0,100.0
612.0,87.0,48.0,99.0
613.0,89.0,48.0,97.0
612.0,90.0,49.0,97.0
610.0,91.0,49.0,97.0
609.0,92.0,49.0,96.0
609.0,93.0,50.0,95.0
608.0,92.0,49.0,95.0
608.0,93.0,47.0,95.0
607.0,94.0,46.0,95.0
607.0,94.0,42.0,95.0
606.0,95.0,39.0,95.0
604.0,96.0,38.0,95.0
602.0,96.0,37.0,97.0
600.0,97.0,37.0,96.0
600.0,99.0,37.0,96.0
597.0,100.0,38.0,97.0
596.0,100.0,39.0,99.0
595.0,101.0,39.0,99.0
594.0,102.0,41.0,99.0
592.0,102.0,42.0,99.0
591.0,103.0,43.0,100.0
589.0,104.0,45.0,100.0
586.0,105.0,46.0,100.0
586.0,106.0,47.0,100.0
585.0,107.0,48.0,99.0
584.0,107.0,47.0,100.0
586.0,109.0,47.0,99.0
585.0,109.0,48.0,99.0
585.0,109.0,48.0,100.0
586.0,109.0,47.0,100.0
586.0,109.0,46.0,101.0
586.0,110.0,45.0,101.0
586.0,110.0,43.0,101.0
585.0,110.0,41.0,100.0
586.0,109.0,38.0,101.0
584.0,109.0,38.0,101.0
585.0,111.0,36.0,100.0
584.0,111.0,36.0,100.0
583.0,111.0,35.0,100.0
584.0,112.0,35.0,99.0
582.0,113.0,35.0,98.0
583.0,113.0,36.0,98.0
578.0,114.0,39.0,98.0
577.0,114.0,40.0,98.0
574.0,115.0,44.0,99.0
572.0,116.0,46.0,99.0
568.0,116.0,50.0,100.0
567.0,117.0,50.0,100.0
567.0,118.0,51.0,99.0
568.0,119.0,52.0,98.0
570.0,121.0,51.0,97.0
571.0,123.0,51.0,96.0
571.0,124.0,52.0,95.0
570.0,124.0,53.0,96.0
570.0,124.0,52.0,95.0
570.0,124.0,52.0,95.0
569.0,124.0,50.0,95.0
568.0,123.0,48.0,97.0
569.0,124.0,45.0,97.0
569.0,125.0,43.0,97.0
566.0,124.0,41.0,98.0
565.0,126.0,41.0,98.0
564.0,126.0,40.0,99.0
563.0,126.0,40.0,99.0
562.0,127.0,41.0,100.0
560.0,126.0,42.0,102.0
558.0,126.0,43.0,103.0
559.0,127.0,42.0,103.0
560.0,127.0,42.0,103.0
559.0,128.0,43.0,103.0
556.0,129.0,45.0,103.0
557.0,129.0,46.0,104.0
555.0,128.0,47.0,106.0
554.0,130.0,47.0,105.0
556.0,130.0,47.0,105.0
554.0,131.0,47.0,105.0
556.0,129.0,46.0,107.0
557.0,131.0,44.0,105.0
557.0,132.0,46.0,105.0
558.0,132.0,46.0,105.0
557.0,132.0,46.0,104.0
558.0,132.0,45.0,105.0
556.0,131.0,42.0,104.0
555.0,130.0,42.0,104.0
555.0,131.0,40.0,104.0
554.0,129.0,40.0,104.0
553.0,130.0,40.0,105.0
553.0,130.0,40.0,103.0
552.0,129.0,39.0,103.0
552.0,130.0,39.0,103.0
552.0,130.0,38.0,102.0
551.0,130.0,39.0,102.0
551.0,131.0,39.0,102.0
551.0,130.0,39.0,102.0
550.0,131.0,40.0,102.0
548.0,131.0,42.0,102.0
548.0,131.0,43.0,104.0
546.0,132.0,45.0,104.0
545.0,132.0,47.0,104.0
545.0,133.0,47.0,104.0
547.0,134.0,47.0,103.0
546.0,134.0,47.0,103.0
546.0,135.0,47.0,102.0
546.0,135.0,47.0,102.0
547.0,134.0,47.0,103.0
547.0,135.0,47.0,102.0
547.0,135.0,47.0,101.0
545.0,134.0,46.0,100.0
545.0,134.0,44.0,99.0
545.0,134.0,41.0,98.0
545.0,134.0,40.0,98.0
544.0,135.0,40.0,98.0
543.0,135.0,40.0,98.0
543.0,136.0,40.0,98.0
541.0,136.0,40.0,99.0
543.0,137.0,39.0,100.0
541.0,137.0,41.0,102.0
542.0,138.0,40.0,100.0
541.0,138.0,41.0,101.0
542.0,139.0,40.0,101.0
539.0,141.0,42.0,101.0
539.0,139.0,42.0,103.0
539.0,140.0,43.0,104.0
538.0,140.0,44.0,105.0
539.0,141.0,43.0,104.0
540.0,142.0,43.0,105.0
540.0,142.0,43.0,104.0
540.0,143.0,43.0,104.0
541.0,143.0,43.0,105.0
541.0,143.0,43.0,106.0
540.0,143.0,43.0,105.0
541.0,142.0,43.0,106.0
539.0,143.0,44.0,106.0
539.0,143.0,43.0,106.0
534.0,143.0,44.0,106.0
536.0,144.0,42.0,105.0
533.0,144.0,43.0,105.0
534.0,145.0,41.0,105.0
533.0,146.0,42.0,104.0
533.0,146.0,41.0,104.0
533.0,146.0,40.0,104.0
533.0,148.0,40.0,103.0
531.0,149.0,40.0,103.0
533.0,150.0,38.0,103.0
532.0,151.0,40.0,103.0
531.0,153.0,42.0,102.0
529.0,154.0,44.0,102.0
527.0,155.0,46.0,102.0
524.0,158.0,49.0,101.0
523.0,158.0,51.0,102.0
522.0,160.0,52.0,102.0
523.0,161.0,53.0,101.0
524.0,163.0,51.0,100.0
524.0,164.0,53.0,99.0
525.0,166.0,52.0,99.0
522.0,165.0,54.0,99.0
522.0,167.0,53.0,98.0
522.0,167.0,53.0,98.0
522.0,168.0,52.0,98.0
521.0,168.0,49.0,100.0
521.0,170.0,47.0,97.0
521.0,170.0,44.0,98.0
519.0,171.0,42.0,99.0
517.0,172.0,40.0,99.0
516.0,173.0,39.0,100.0
514.0,174.0,39.0,101.0
513.0,176.0,40.0,102.0
512.0,177.0,40.0,102.0
509.0,177.0,43.0,103.0
508.0,178.0,44.0,104.0
507.0,180.0,46.0,104.0
504.0,180.0,48.0,105.0
503.0,183.0,50.0,104.0
503.0,183.0,51.0,104.0
502.0,185.0,51.0,105.0
501.0,186.0,52.0,104.0
500.0,187.0,52.0,105.0
501.0,187.0,53.0,105.0
500.0,189.0,53.0,104.0
499.0,189.0,54.0,105.0
499.0,189.0,54.0,105.0
500.0,189.0,53.0,106.0
499.0,189.0,52.0,106.0
501.0,190.0,49.0,105.0
500.0,190.0,48.0,105.0
498.0,190.0,45.0,104.0
498.0,190.0,44.0,103.0
499.0,191.0,41.0,105.0
499.0,192.0,40.0,103.0
497.0,193.0,41.0,103.0
498.0,194.0,39.0,103.0
498.0,192.0,39.0,103.0
496.0,195.0,41.0,102.0
495.0,196.0,42.0,101.0
493.0,197.0,43.0,100.0
492.0,198.0,45.0,101.0
492.0,199.0,46.0,100.0
489.0,200.0,49.0,100.0
487.0,200.0,51.0,101.0
485.0,202.0,54.0,99.0
484.0,204.0,55.0,99.0
485.0,206.0,56.0,98.0
484.0,206.0,57.0,97.0
483.0,206.0,59.0,97.0
483.0,208.0,60.0,96.0
481.0,210.0,60.0,95.0
480.0,210.0,61.0,95.0
479.0,211.0,61.0,94.0
478.0,212.0,60.0,93.0
476.0,212.0,59.0,93.0
475.0,211.0,57.0,94.0
473.0,212.0,56.0,94.0
471.0,212.0,55.0,93.0
470.0,213.0,52.0,94.0
468.0,214.0,51.0,94.0
467.0,216.0,49.0,94.0
465.0,216.0,49.0,95.0
466.0,217.0,48.0,95.0
467.0,218.0,48.0,96.0
466.0,219.0,50.0,94.0
463.0,220.0,53.0,93.0
463.0,222.0,55.0,93.0
460.0,223.0,59.0,92.0
455.0,224.0,64.0,92.0
454.0,225.0,66.0,92.0
454.0,225.0,68.0,93.0
454.0,226.0,68.0,93.0
453.0,224.0,69.0,94.0
454.0,225.0,70.0,95.0
452.0,225.0,70.0,95.0
451.0,225.0,66.0,95.0
451.0,225.0,64.0,96.0
449.0,224.0,63.0,96.0
448.0,224.0,60.0,96.0
447.0,223.0,57.0,98.0
446.0,223.0,52.0,99.0
444.0,223.0,49.0,101.0
444.0,224.0,44.0,100.0
443.0,225.0,42.0,101.0
444.0,226.0,41.0,101.0
442.0,226.0,42.0,101.0
441.0,226.0,42.0,100.0
439.0,226.0,44.0,100.0
437.0,227.0,47.0,99.0
433.0,227.0,52.0,98.0
429.0,227.0,56.0,98.0
426.0,228.0,61.0,97.0
424.0,228.0,63.0,96.0
423.0,229.0,65.0,96.0
423.0,230.0,66.0,94.0
424.0,230.0,67.0,95.0
423.0,230.0,67.0,95.0
422.0,230.0,69.0,95.0
422.0,230.0,69.0,96.0
419.0,231.0,68.0,96.0
418.0,230.0,68.0,95.0
415.0,230.0,68.0,95.0
415.0,229.0,66.0,96.0
414.0,228.0,65.0,97.0
414.0,228.0,62.0,97.0
413.0,227.0,60.0,97.0
412.0,227.0,58.0,96.0
412.0,226.0,54.0,97.0
410.0,227.0,51.0,97.0
408.0,226.0,50.0,97.0
407.0,227.0,49.0,97.0
406.0,227.0,48.0,98.0
407.0,226.0,48.0,99.0
407.0,226.0,49.0,98.0
406.0,227.0,50.0,97.0
405.0,227.0,52.0,97.0
403.0,227.0,54.0,96.0
399.0,228.0,58.0,96.0
397.0,227.0,60.0,96.0
396.0,227.0,63.0,95.0
395.0,226.0,66.0,95.0
395.0,225.0,67.0,96.0
395.0,225.0,67.0,96.0
394.0,224.0,68.0,95.0
393.0,223.0,69.0,95.0
391.0,221.0,70.0,96.0
391.0,221.0,70.0,97.0
388.0,219.0,69.0,98.0
387.0,217.0,69.0,98.0
384.0,217.0,67.0,98.0
383.0,215.0,66.0,98.0
382.0,214.0,63.0,99.0
381.0,212.0,60.0,100.0
380.0,212.0,57.0,100.0
383.0,212.0,53.0,100.0
385.0,209.0,50.0,101.0
392.0,207.0,46.0,102.0
400.0,205.0,44.0,102.0
409.0,203.0,44.0,101.0
418.0,201.0,44.0,100.0
429.0,199.0,44.0,98.0
439.0,197.0,46.0,97.0
448.0,195.0,49.0,96.0
459.0,193.0,51.0,95.0
469.0,190.0,54.0,94.0
480.0,188.0,56.0,95.0
492.0,186.0,57.0,95.0
507.0,185.0,56.0,95.0
520.0,183.0,56.0,96.0
535.0,183.0,56.0,95.0
550.0,181.0,55.0,94.0
564.0,180.0,56.0,94.0
578.0,179.0,56.0,94.0
593.0,177.0,54.0,94.0
607.0,177.0,53.0,94.0
621.0,176.0,49.0,94.0
633.0,175.0,47.0,93.0
643.0,175.0,45.0,93.0
652.0,175.0,44.0,94.0
659.0,175.0,43.0,94.0
666.0,174.0,42.0,94.0
669.0,174.0,42.0,95.0
674.0,174.0,41.0,96.0
679.0,174.0,40.0,96.0
682.0,174.0,41.0,97.0
686.0,174.0,40.0,96.0
686.0,174.0,41.0,96.0
687.0,174.0,42.0,96.0
684.0,174.0,44.0,96.0
681.0,174.0,48.0,98.0
679.0,174.0,50.0,98.0
677.0,173.0,51.0,98.0
676.0,173.0,50.0,98.0
675.0,173.0,51.0,98.0
674.0,173.0,51.0,97.0
671.0,173.0,52.0,96.0
669.0,172.0,54.0,96.0
668.0,172.0,55.0,96.0
668.0,171.0,54.0,97.0
667.0,170.0,54.0,97.0
665.0,169.0,53.0,97.0
665.0,168.0,50.0,97.0
663.0,168.0,49.0,97.0
661.0,167.0,44.0,97.0
660.0,167.0,44.0,97.0
659.0,168.0,40.0,96.0
657.0,166.0,37.0,96.0
656.0,166.0,34.0,96.0
654.0,165.0,33.0,97.0
651.0,164.0,32.0,96.0
650.0,164.0,32.0,95.0
647.0,163.0,34.0,96.0
642.0,165.0,38.0,94.0
637.0,164.0,41.0,94.0
632.0,164.0,45.0,94.0
627.0,163.0,48.0,96.0
623.0,162.0,52.0,95.0
619.0,162.0,54.0,95.0
618.0,164.0,56.0,94.0
617.0,163.0,57.0,95.0
618.0,164.0,58.0,94.0
618.0,165.0,57.0,92.0
622.0,165.0,55.0,93.0
621.0,165.0,56.0,92.0
622.0,166.0,57.0,90.0
623.0,166.0,57.0,91.0
625.0,167.0,56.0,90.0
625.0,166.0,55.0,90.0
627.0,166.0,52.0,90.0
628.0,166.0,52.0,89.0
630.0,165.0,50.0,89.0
632.0,165.0,48.0,89.0
633.0,165.0,45.0,89.0
634.0,165.0,42.0,90.0
635.0,164.0,40.0,89.0
638.0,164.0,37.0,89.0
638.0,164.0,33.0,90.0
642.0,164.0,29.0,90.0
643.0,164.0,30.0,90.0
644.0,165.0,31.0,90.0
642.0,165.0,35.0,90.0
640.0,165.0,41.0,89.0
638.0,165.0,46.0,89.0
635.0,165.0,52.0,90.0
633.0,166.0,57.0,88.0
632.0,165.0,60.0,89.0
633.0,167.0,61.0,88.0
635.0,167.0,60.0,88.0
635.0,165.0,62.0,89.0
637.0,165.0,61.0,88.0
638.0,165.0,62.0,89.0
640.0,165.0,58.0,89.0
641.0,163.0,55.0,91.0
642.0,162.0,52.0,91.0
642.0,162.0,49.0,92.0
643.0,161.0,46.0,93.0
644.0,161.0,42.0,93.0
645.0,161.0,38.0,92.0
645.0,161.0,33.0,92.0
645.0,159.0,29.0,94.0
645.0,159.0,29.0,94.0
646.0,158.0,28.0,95.0
643.0,159.0,30.0,93.0
643.0,159.0,32.0,94.0
640.0,159.0,35.0,94.0
635.0,160.0,40.0,94.0
632.0,160.0,45.0,92.0
628.0,160.0,50.0,93.0
627.0,159.0,53.0,92.0
626.0,161.0,56.0,92.0
627.0,161.0,58.0,92.0
630.0,163.0,57.0,91.0
631.0,162.0,58.0,91.0
631.0,164.0,60.0,89.0
633.0,165.0,60.0,89.0
636.0,164.0,58.0,89.0
638.0,165.0,55.0,89.0
641.0,165.0,52.0,89.0
643.0,165.0,50.0,89.0
644.0,165.0,47.0,89.0
647.0,166.0,44.0,89.0
647.0,166.0,41.0,89.0
649.0,166.0,37.0,90.0
650.0,167.0,34.0,89.0
652.0,167.0,33.0,89.0
653.0,167.0,30.0,88.0
653.0,168.0,31.0,90.0
656.0,168.0,32.0,89.0
655.0,169.0,34.0,88.0
655.0,170.0,38.0,89.0
652.0,170.0,43.0,88.0
649.0,171.0,49.0,87.0
649.0,172.0,53.0,87.0
650.0,173.0,55.0,87.0
652.0,173.0,57.0,87.0
655.0,174.0,57.0,86.0
658.0,175.0,58.0,86.0
662.0,174.0,57.0,87.0
665.0,174.0,56.0,87.0
667.0,173.0,54.0,89.0
669.0,173.0,52.0,89.0
672.0,172.0,48.0,89.0
675.0,173.0,44.0,90.0
678.0,173.0,41.0,90.0
679.0,174.0,37.0,90.0
681.0,175.0,34.0,89.0
682.0,175.0,31.0,91.0
682.0,175.0,32.0,90.0
681.0,176.0,34.0,90.0
682.0,176.0,34.0,90.0
679.0,177.0,38.0,90.0
675.0,177.0,43.0,90.0
672.0,177.0,48.0,90.0
669.0,178.0,52.0,91.0
668.0,179.0,55.0,90.0
668.0,179.0,56.0,89.0
671.0,181.0,56.0,88.0
673.0,183.0,56.0,86.0
674.0,185.0,58.0,84.0
676.0,184.0,56.0,85.0
679.0,184.0,56.0,86.0
681.0,186.0,54.0,85.0
683.0,186.0,53.0,85.0
686.0,186.0,49.0,85.0
687.0,187.0,47.0,85.0
690.0,187.0,44.0,86.0
692.0,187.0,41.0,87.0
695.0,189.0,37.0,85.0
697.0,189.0,35.0,85.0
698.0,189.0,34.0,86.0
699.0,189.0,33.0,86.0
699.0,190.0,34.0,86.0
699.0,191.0,36.0,86.0
698.0,192.0,37.0,85.0
695.0,191.0,41.0,86.0
694.0,192.0,44.0,86.0
690.0,193.0,50.0,86.0
689.0,193.0,53.0,85.0
687.0,194.0,56.0,85.0
686.0,196.0,59.0,85.0
687.0,196.0,59.0,85.0
687.0,196.0,60.0,86.0
689.0,197.0,60.0,86.0
690.0,197.0,59.0,85.0
691.0,198.0,59.0,85.0
692.0,198.0,59.0,85.0
693.0,198.0,57.0,86.0
694.0,198.0,55.0,87.0
696.0,197.0,52.0,87.0
698.0,197.0,49.0,89.0
698.0,197.0,46.0,90.0
698.0,197.0,43.0,91.0
699.0,198.0,40.0,91.0
700.0,198.0,38.0,91.0
699.0,198.0,37.0,92.0
699.0,199.0,33.0,93.0
697.0,198.0,30.0,94.0
695.0,199.0,32.0,93.0
691.0,199.0,37.0,95.0
688.0,200.0,42.0,93.0
682.0,200.0,48.0,92.0
678.0,201.0,51.0,91.0
676.0,202.0,54.0,91.0
672.0,203.0,57.0,89.0
671.0,204.0,56.0,89.0
670.0,204.0,57.0,89.0
672.0,206.0,58.0,87.0
671.0,209.0,58.0,86.0
671.0,209.0,57.0,86.0
670.0,208.0,57.0,87.0
671.0,210.0,56.0,86.0
670.0,209.0,55.0,87.0
672.0,210.0,52.0,86.0
672.0,208.0,49.0,89.0
673.0,209.0,47.0,89.0
673.0,209.0,40.0,90.0
673.0,209.0,38.0,89.0
674.0,209.0,32.0,88.0
673.0,209.0,29.0,89.0
673.0,209.0,28.0,90.0
671.0,210.0,29.0,89.0
669.0,209.0,31.0,90.0
668.0,210.0,33.0,89.0
662.0,211.0,38.0,88.0
659.0,210.0,43.0,88.0
652.0,211.0,51.0,88.0
649.0,210.0,57.0,88.0
646.0,212.0,61.0,88.0
644.0,211.0,64.0,89.0
642.0,212.0,67.0,89.0
642.0,212.0,67.0,89.0
644.0,213.0,66.0,89.0
643.0,213.0,68.0,88.0
645.0,213.0,65.0,88.0
645.0,211.0,63.0,89.0
646.0,210.0,61.0,90.0
647.0,209.0,58.0,92.0
647.0,207.0,56.0,94.0
646.0,206.0,55.0,95.0
648.0,206.0,52.0,96.0
648.0,205.0,45.0,99.0
648.0,207.0,41.0,97.0
646.0,207.0,37.0,96.0
645.0,207.0,33.0,97.0
644.0,207.0,31.0,95.0
644.0,207.0,32.0,95.0
641.0,207.0,36.0,95.0
639.0,208.0,40.0,93.0
631.0,209.0,48.0,93.0
625.0,209.0,55.0,93.0
622.0,209.0,61.0,93.0
618.0,211.0,67.0,93.0
616.0,211.0,71.0,93.0
616.0,212.0,71.0,91.0
616.0,213.0,70.0,90.0
615.0,215.0,69.0,89.0
615.0,213.0,68.0,90.0
614.0,214.0,66.0,91.0
613.0,215.0,62.0,89.0
611.0,215.0,61.0,87.0
610.0,216.0,60.0,88.0
608.0,216.0,58.0,88.0
606.0,214.0,49.0,90.0
604.0,214.0,39.0,92.0
601.0,215.0,39.0,92.0
600.0,216.0,34.0,90.0
597.0,216.0,33.0,92.0
595.0,217.0,36.0,91.0
593.0,218.0,38.0,90.0
590.0,218.0,42.0,90.0
585.0,219.0,49.0,90.0
581.0,219.0,56.0,90.0
577.0,221.0,62.0,89.0
574.0,222.0,72.0,90.0
575.0,222.0,72.0,90.0
577.0,223.0,72.0,90.0
579.0,222.0,69.0,92.0
581.0,220.0,68.0,94.0
582.0,219.0,64.0,94.0
584.0,220.0,61.0,94.0
584.0,219.0,58.0,94.0
586.0,220.0,53.0,95.0
588.0,221.0,46.0,94.0
589.0,221.0,41.0,96.0
589.0,222.0,37.0,96.0
591.0,223.0,33.0,96.0
592.0,222.0,32.0,97.0
593.0,222.0,34.0,98.0
593.0,223.0,38.0,98.0
588.0,224.0,46.0,97.0
584.0,224.0,53.0,96.0
581.0,225.0,61.0,95.0
580.0,227.0,65.0,94.0
582.0,228.0,67.0,94.0
585.0,230.0,68.0,94.0
588.0,231.0,69.0,94.0
591.0,233.0,71.0,93.0
594.0,232.0,70.0,95.0
596.0,233.0,66.0,95.0
597.0,234.0,65.0,94.0
597.0,235.0,63.0,94.0
598.0,236.0,58.0,94.0
597.0,236.0,53.0,96.0
598.0,238.0,47.0,96.0
598.0,239.0,43.0,97.0
595.0,240.0,42.0,97.0
592.0,240.0,41.0,97.0
591.0,240.0,39.0,99.0
589.0,241.0,43.0,99.0
587.0,242.0,44.0,98.0
585.0,242.0,46.0,100.0
582.0,242.0,50.0,100.0
579.0,244.0,52.0,100.0
576.0,245.0,54.0,100.0
573.0,245.0,56.0,101.0
572.0,246.0,57.0,101.0
571.0,245.0,58.0,103.0
570.0,244.0,58.0,104.0
570.0,244.0,58.0,104.0
571.0,242.0,58.0,107.0
570.0,240.0,57.0,108.0
571.0,239.0,53.0,108.0
570.0,239.0,49.0,106.0
571.0,239.0,44.0,105.0
571.0,239.0,42.0,102.0
571.0,237.0,40.0,104.0
571.0,237.0,35.0,102.0
571.0,235.0,35.0,103.0
571.0,234.0,35.0,102.0
572.0,233.0,35.0,103.0
575.0,232.0,36.0,103.0
574.0,233.0,39.0,102.0
572.0,231.0,45.0,103.0
570.0,231.0,50.0,103.0
570.0,230.0,53.0,104.0
569.0,230.0,56.0,104.0
575.0,230.0,56.0,105.0
581.0,229.0,55.0,104.0
587.0,228.0,55.0,105.0
591.0,228.0,55.0,106.0
597.0,227.0,55.0,105.0
601.0,227.0,53.0,104.0
603.0,226.0,52.0,103.0
608.0,224.0,48.0,101.0
612.0,224.0,47.0,99.0
615.0,223.0,48.0,97.0
618.0,222.0,45.0,96.0
622.0,221.0,46.0,97.0
623.0,219.0,47.0,98.0
627.0,219.0,47.0,99.0
630.0,218.0,48.0,100.0
632.0,217.0,50.0,102.0
636.0,216.0,50.0,103.0
640.0,216.0,49.0,104.0
643.0,215.0,51.0,106.0
645.0,216.0,52.0,107.0
648.0,215.0,51.0,108.0
652.0,215.0,51.0,108.0
654.0,215.0,52.0,108.0
655.0,214.0,52.0,109.0
658.0,213.0,52.0,110.0
660.0,211.0,50.0,111.0
663.0,210.0,49.0,110.0
665.0,210.0,47.0,109.0
665.0,209.0,45.0,108.0
668.0,208.0,43.0,106.0
668.0,207.0,42.0,104.0
668.0,208.0,39.0,102.0
671.0,207.0,35.0,101.0
672.0,208.0,35.0,100.0
672.0,206.0,35.0,98.0
671.0,206.0,35.0,99.0
672.0,205.0,37.0,99.0
667.0,205.0,43.0,100.0
664.0,205.0,48.0,100.0
660.0,204.0,53.0,102.0
660.0,204.0,55.0,104.0
663.0,203.0,54.0,105.0
665.0,204.0,55.0,106.0
667.0,203.0,56.0,106.0
672.0,202.0,56.0,106.0
675.0,202.0,52.0,105.0
680.0,201.0,49.0,104.0
682.0,202.0,46.0,101.0
685.0,201.0,46.0,99.0
686.0,199.0,43.0,97.0
689.0,199.0,42.0,97.0
688.0,199.0,42.0,97.0
690.0,197.0,43.0,98.0
691.0,196.0,45.0,99.0
693.0,196.0,47.0,101.0
692.0,195.0,49.0,102.0
696.0,195.0,49.0,104.0
700.0,195.0,48.0,104.0
704.0,195.0,48.0,105.0
706.0,195.0,50.0,105.0
709.0,195.0,50.0,106.0
714.0,194.0,50.0,107.0
717.0,194.0,50.0,107.0
722.0,193.0,49.0,108.0
725.0,191.0,50.0,111.0
730.0,189.0,48.0,113.0
736.0,188.0,46.0,114.0
739.0,185.0,45.0,116.0
744.0,185.0,43.0,112.0
748.0,183.0,41.0,111.0
751.0,183.0,40.0,107.0
754.0,181.0,40.0,106.0
759.0,182.0,39.0,105.0
761.0,181.0,38.0,103.0
764.0,180.0,39.0,102.0
766.0,181.0,38.0,99.0
769.0,181.0,39.0,101.0
770.0,180.0,40.0,101.0
770.0,180.0,44.0,101.0
769.0,179.0,48.0,103.0
769.0,177.0,50.0,105.0
768.0,177.0,52.0,108.0
771.0,177.0,50.0,109.0
773.0,176.0,49.0,110.0
774.0,176.0,48.0,110.0
776.0,175.0,47.0,110.0
776.0,175.0,45.0,110.0
778.0,174.0,43.0,109.0
777.0,172.0,42.0,107.0
776.0,171.0,43.0,105.0
775.0,170.0,42.0,102.0
773.0,168.0,41.0,101.0
771.0,168.0,42.0,100.0
769.0,167.0,42.0,99.0
768.0,166.0,42.0,100.0
764.0,165.0,44.0,100.0
763.0,164.0,44.0,102.0
761.0,162.0,45.0,103.0
758.0,162.0,47.0,105.0
757.0,162.0,46.0,107.0
756.0,162.0,47.0,106.0
754.0,162.0,47.0,106.0
753.0,161.0,47.0,108.0
752.0,160.0,46.0,109.0
752.0,159.0,47.0,110.0
751.0,158.0,45.0,110.0
751.0,156.0,44.0,113.0
751.0,153.0,42.0,113.0
751.0,152.0,41.0,111.0
752.0,151.0,39.0,108.0
751.0,150.0,38.0,106.0
750.0,149.0,37.0,103.0
749.0,148.0,37.0,103.0
748.0,148.0,37.0,101.0
747.0,146.0,37.0,100.0
746.0,146.0,35.0,98.0
745.0,146.0,36.0,98.0
742.0,145.0,37.0,99.0
740.0,146.0,39.0,99.0
736.0,145.0,40.0,101.0
733.0,145.0,43.0,100.0
729.0,145.0,46.0,103.0
729.0,145.0,45.0,103.0
729.0,145.0,43.0,103.0
728.0,144.0,42.0,104.0
727.0,142.0,41.0,105.0
725.0,142.0,41.0,104.0
724.0,139.0,40.0,104.0
722.0,140.0,42.0,101.0
720.0,139.0,41.0,99.0
720.0,137.0,41.0,98.0
718.0,138.0,41.0,97.0
716.0,137.0,41.0,96.0
715.0,137.0,41.0,95.0
712.0,136.0,41.0,95.0
711.0,135.0,41.0,98.0
709.0,135.0,42.0,99.0
706.0,135.0,42.0,99.0
705.0,135.0,43.0,101.0
704.0,135.0,43.0,102.0
703.0,134.0,43.0,103.0
703.0,133.0,44.0,105.0
702.0,133.0,44.0,105.0
701.0,133.0,44.0,106.0
700.0,131.0,43.0,107.0
700.0,130.0,42.0,108.0
700.0,127.0,42.0,110.0
699.0,127.0,41.0,108.0
699.0,127.0,39.0,108.0
699.0,125.0,38.0,106.0
697.0,125.0,37.0,104.0
696.0,125.0,36.0,102.0
695.0,124.0,36.0,101.0
693.0,124.0,35.0,100.0
693.0,123.0,35.0,99.0
691.0,123.0,34.0,98.0
691.0,123.0,34.0,99.0
688.0,123.0,34.0,99.0
687.0,125.0,36.0,98.0
683.0,125.0,38.0,100.0
681.0,125.0,40.0,101.0
679.0,125.0,42.0,101.0
677.0,125.0,42.0,104.0
678.0,125.0,41.0,103.0
676.0,126.0,40.0,105.0
677.0,126.0,39.0,104.0
676.0,125.0,39.0,105.0
674.0,125.0,40.0,106.0
674.0,125.0,40.0,105.0
672.0,124.0,40.0,104.0
670.0,125.0,40.0,101.0
669.0,126.0,40.0,97.0
667.0,125.0,41.0,97.0
666.0,125.0,40.0,97.0
663.0,126.0,41.0,96.0
662.0,125.0,38.0,96.0
659.0,126.0,39.0,97.0
659.0,126.0,38.0,98.0
657.0,125.0,38.0,99.0
654.0,126.0,39.0,101.0
654.0,126.0,39.0,102.0
652.0,127.0,40.0,103.0
650.0,126.0,40.0,103.0
649.0,127.0,40.0,105.0
648.0,128.0,40.0,104.0
647.0,127.0,40.0,106.0
646.0,127.0,40.0,106.0
644.0,125.0,40.0,108.0
644.0,126.0,39.0,108.0
643.0,124.0,38.0,108.0
643.0,125.0,36.0,105.0
642.0,124.0,36.0,103.0
640.0,124.0,36.0,102.0
640.0,124.0,34.0,101.0
638.0,124.0,34.0,99.0
638.0,123.0,33.0,98.0
636.0,124.0,33.0,96.0
634.0,123.0,33.0,97.0
634.0,124.0,33.0,96.0
631.0,123.0,34.0,97.0
629.0,124.0,35.0,98.0
627.0,123.0,36.0,100.0
624.0,123.0,38.0,101.0
625.0,124.0,37.0,101.0
623.0,124.0,38.0,101.0
620.0,124.0,38.0,102.0
619.0,123.0,38.0,101.0
619.0,123.0,39.0,102.0
616.0,121.0,38.0,100.0
614.0,121.0,39.0,98.0
612.0,121.0,39.0,96.0
610.0,121.0,38.0,95.0
608.0,120.0,38.0,95.0
606.0,120.0,37.0,94.0
605.0,120.0,37.0,94.0
601.0,119.0,38.0,96.0
599.0,120.0,38.0,97.0
597.0,119.0,39.0,99.0
595.0,119.0,39.0,99.0
593.0,120.0,39.0,101.0
591.0,119.0,40.0,102.0
589.0,120.0,39.0,102.0
588.0,119.0,41.0,103.0
586.0,119.0,41.0,104.0
586.0,119.0,40.0,103.0
585.0,118.0,40.0,104.0
582.0,117.0,40.0,105.0
582.0,115.0,39.0,107.0
581.0,116.0,38.0,107.0
580.0,114.0,37.0,106.0
578.0,113.0,37.0,106.0
579.0,113.0,35.0,102.0
576.0,113.0,35.0,101.0
578.0,111.0,33.0,99.0
577.0,111.0,32.0,98.0
578.0,111.0,32.0,97.0
580.0,110.0,31.0,96.0
582.0,111.0,31.0,97.0
584.0,111.0,30.0,96.0
587.0,110.0,32.0,98.0
590.0,110.0,34.0,99.0
593.0,110.0,35.0,100.0
598.0,111.0,36.0,101.0
602.0,110.0,36.0,102.0
608.0,110.0,36.0,103.0
613.0,110.0,36.0,102.0
619.0,109.0,36.0,103.0
625.0,108.0,36.0,102.0
630.0,109.0,36.0,101.0
636.0,108.0,36.0,100.0
641.0,108.0,36.0,98.0
647.0,108.0,36.0,96.0
653.0,109.0,36.0,95.0
658.0,109.0,36.0,95.0
662.0,109.0,37.0,95.0
667.0,109.0,37.0,96.0
671.0,110.0,38.0,97.0
674.0,110.0,38.0,97.0
677.0,111.0,39.0,99.0
679.0,111.0,39.0,101.0
682.0,111.0,39.0,101.0
682.0,111.0,41.0,102.0
684.0,112.0,40.0,103.0
685.0,112.0,40.0,104.0
685.0,111.0,41.0,105.0
686.0,112.0,40.0,105.0
685.0,111.0,40.0,107.0
686.0,110.0,38.0,108.0
685.0,110.0,37.0,108.0
686.0,109.0,35.0,107.0
685.0,109.0,36.0,105.0
684.0,108.0,35.0,102.0
683.0,108.0,36.0,100.0
682.0,107.0,35.0,99.0
681.0,107.0,35.0,98.0
681.0,108.0,35.0,97.0
678.0,108.0,34.0,96.0
679.0,107.0,34.0,98.0
676.0,108.0,34.0,98.0
677.0,108.0,35.0,98.0
676.0,107.0,35.0,100.0
677.0,109.0,36.0,100.0
676.0,108.0,36.0,103.0
678.0,109.0,35.0,103.0
678.0,109.0,35.0,105.0
680.0,109.0,35.0,105.0
681.0,108.0,35.0,106.0
682.0,107.0,34.0,106.0
684.0,106.0,37.0,107.0
687.0,106.0,36.0,104.0
689.0,106.0,38.0,102.0
691.0,105.0,39.0,100.0
693.0,104.0,41.0,98.0
696.0,104.0,42.0,97.0
699.0,104.0,43.0,97.0
702.0,104.0,44.0,97.0
704.0,104.0,46.0,98.0
707.0,104.0,46.0,99.0
709.0,104.0,47.0,101.0
713.0,105.0,48.0,103.0
715.0,105.0,49.0,104.0
720.0,106.0,47.0,104.0
721.0,106.0,50.0,105.0
728.0,106.0,48.0,106.0
730.0,106.0,49.0,107.0
736.0,106.0,47.0,108.0
739.0,105.0,47.0,109.0
745.0,105.0,45.0,109.0
750.0,104.0,44.0,109.0
754.0,105.0,43.0,108.0
759.0,104.0,42.0,107.0
764.0,105.0,42.0,105.0
767.0,106.0,41.0,104.0
772.0,105.0,40.0,103.0
775.0,106.0,40.0,102.0
777.0,106.0,39.0,101.0
782.0,107.0,38.0,101.0
784.0,107.0,39.0,102.0
785.0,109.0,39.0,104.0
786.0,108.0,41.0,105.0
786.0,110.0,44.0,106.0
785.0,111.0,45.0,107.0
787.0,111.0,45.0,107.0
788.0,112.0,45.0,108.0
788.0,112.0,47.0,108.0
790.0,112.0,47.0,109.0
792.0,113.0,46.0,108.0
795.0,113.0,45.0,105.0
796.0,113.0,45.0,104.0
799.0,114.0,44.0,102.0
800.0,114.0,43.0,101.0
799.0,114.0,44.0,99.0
800.0,114.0,45.0,98.0
799.0,114.0,45.0,99.0
800.0,114.0,45.0,100.0
800.0,114.0,46.0,102.0
801.0,115.0,46.0,103.0
801.0,115.0,45.0,104.0
800.0,116.0,46.0,105.0
800.0,117.0,45.0,104.0
797.0,118.0,47.0,105.0
798.0,118.0,47.0,106.0
794.0,119.0,49.0,108.0
794.0,119.0,49.0,108.0
791.0,120.0,50.0,109.0
791.0,120.0,50.0,109.0
789.0,119.0,49.0,110.0
788.0,119.0,47.0,111.0
787.0,118.0,46.0,109.0
787.0,118.0,43.0,108.0
787.0,117.0,40.0,105.0
785.0,119.0,37.0,104.0
781.0,119.0,38.0,102.0
780.0,119.0,36.0,99.0
776.0,119.0,35.0,101.0
773.0,120.0,35.0,99.0
769.0,120.0,35.0,99.0
765.0,120.0,35.0,99.0
760.0,121.0,37.0,99.0
753.0,121.0,42.0,99.0
747.0,121.0,45.0,99.0
741.0,121.0,49.0,101.0
737.0,123.0,50.0,102.0
735.0,122.0,51.0,104.0
732.0,124.0,52.0,104.0
731.0,124.0,52.0,104.0
730.0,125.0,51.0,101.0
727.0,125.0,50.0,102.0
725.0,126.0,49.0,101.0
722.0,125.0,46.0,100.0
720.0,125.0,44.0,99.0
718.0,125.0,41.0,99.0
715.0,125.0,40.0,99.0
710.0,124.0,41.0,101.0
708.0,124.0,42.0,101.0
705.0,124.0,44.0,101.0
703.0,124.0,45.0,104.0
699.0,125.0,47.0,104.0
697.0,125.0,47.0,106.0
694.0,125.0,48.0,106.0
693.0,126.0,48.0,106.0
692.0,126.0,48.0,108.0
690.0,126.0,49.0,111.0
689.0,126.0,48.0,111.0
687.0,126.0,47.0,111.0
686.0,125.0,45.0,113.0
685.0,123.0,43.0,113.0
686.0,123.0,40.0,112.0
684.0,121.0,38.0,111.0
683.0,121.0,37.0,108.0
681.0,120.0,37.0,106.0
679.0,121.0,35.0,103.0
677.0,121.0,35.0,103.0
676.0,122.0,35.0,102.0
673.0,121.0,36.0,103.0
671.0,122.0,35.0,101.0
667.0,122.0,35.0,101.0
665.0,122.0,37.0,101.0
660.0,124.0,40.0,102.0
658.0,123.0,43.0,104.0
656.0,123.0,43.0,105.0
655.0,123.0,45.0,106.0
655.0,124.0,45.0,106.0
654.0,124.0,45.0,105.0
653.0,124.0,46.0,106.0
652.0,124.0,43.0,106.0
651.0,123.0,43.0,104.0
651.0,123.0,40.0,102.0
649.0,122.0,41.0,100.0
647.0,122.0,41.0,99.0
645.0,122.0,42.0,99.0
644.0,122.0,42.0,99.0
642.0,121.0,44.0,100.0
641.0,121.0,45.0,102.0
639.0,121.0,46.0,104.0
638.0,122.0,47.0,105.0
638.0,122.0,47.0,106.0
637.0,122.0,49.0,106.0
638.0,122.0,49.0,106.0
638.0,122.0,50.0,108.0
637.0,123.0,50.0,109.0
637.0,123.0,49.0,109.0
637.0,123.0,48.0,110.0
637.0,122.0,48.0,111.0
639.0,122.0,46.0,112.0
640.0,121.0,41.0,111.0
641.0,119.0,40.0,109.0
640.0,120.0,38.0,107.0
642.0,120.0,36.0,105.0
641.0,120.0,36.0,103.0
642.0,120.0,35.0,100.0
641.0,119.0,36.0,102.0
640.0,120.0,35.0,102.0
639.0,121.0,35.0,102.0
639.0,121.0,34.0,102.0
637.0,122.0,36.0,102.0
634.0,122.0,39.0,102.0
630.0,123.0,42.0,103.0
625.0,123.0,47.0,104.0
624.0,123.0,47.0,106.0
624.0,124.0,48.0,106.0
624.0,125.0,49.0,105.0
625.0,126.0,49.0,105.0
625.0,127.0,48.0,106.0
626.0,128.0,48.0,106.0
625.0,127.0,47.0,106.0
626.0,128.0,46.0,104.0
626.0,126.0,44.0,104.0
626.0,127.0,42.0,101.0
626.0,127.0,40.0,99.0
625.0,127.0,40.0,98.0
623.0,127.0,40.0,99.0
625.0,128.0,40.0,99.0
622.0,128.0,43.0,102.0
624.0,128.0,41.0,103.0
624.0,129.0,43.0,102.0
623.0,129.0,46.0,104.0
624.0,129.0,46.0,105.0
625.0,130.0,48.0,108.0
625.0,131.0,50.0,109.0
626.0,131.0,51.0,111.0
629.0,131.0,51.0,114.0
630.0,130.0,52.0,115.0
633.0,129.0,50.0,115.0
634.0,128.0,47.0,114.0
635.0,129.0,44.0,111.0
638.0,128.0,41.0,108.0
640.0,128.0,39.0,105.0
640.0,127.0,37.0,103.0
642.0,128.0,35.0,101.0
642.0,127.0,34.0,101.0
643.0,127.0,34.0,103.0
643.0,128.0,34.0,102.0
645.0,128.0,33.0,102.0
644.0,128.0,34.0,102.0
641.0,129.0,36.0,104.0
640.0,129.0,39.0,103.0
639.0,130.0,41.0,106.0
638.0,131.0,44.0,106.0
639.0,132.0,44.0,107.0
640.0,132.0,45.0,108.0
641.0,133.0,48.0,108.0
642.0,133.0,46.0,110.0
643.0,134.0,45.0,109.0
643.0,133.0,44.0,108.0
645.0,134.0,42.0,107.0
644.0,134.0,41.0,106.0
644.0,135.0,42.0,105.0
642.0,135.0,43.0,104.0
642.0,135.0,44.0,105.0
642.0,135.0,44.0,105.0
641.0,134.0,45.0,107.0
638.0,135.0,47.0,111.0
640.0,136.0,46.0,110.0
640.0,136.0,46.0,112.0
639.0,137.0,47.0,112.0
639.0,138.0,48.0,114.0
638.0,137.0,49.0,116.0
638.0,137.0,49.0,118.0
638.0,137.0,50.0,120.0
639.0,136.0,49.0,122.0
638.0,135.0,47.0,122.0
641.0,134.0,43.0,122.0
642.0,134.0,41.0,119.0
643.0,132.0,40.0,114.0
643.0,133.0,39.0,111.0
643.0,132.0,37.0,108.0
645.0,134.0,36.0,104.0
645.0,133.0,36.0,106.0
646.0,133.0,35.0,104.0
646.0,133.0,34.0,105.0
648.0,133.0,33.0,104.0
647.0,134.0,34.0,106.0
646.0,134.0,36.0,106.0
643.0,134.0,38.0,110.0
643.0,135.0,39.0,110.0
643.0,135.0,40.0,113.0
644.0,134.0,40.0,114.0
644.0,136.0,40.0,114.0
644.0,135.0,41.0,115.0
643.0,135.0,40.0,115.0
642.0,135.0,41.0,113.0
642.0,135.0,41.0,112.0
639.0,134.0,42.0,111.0
638.0,134.0,42.0,109.0
636.0,133.0,43.0,109.0
635.0,133.0,46.0,109.0
635.0,133.0,47.0,107.0
633.0,133.0,48.0,107.0
634.0,134.0,49.0,108.0
634.0,134.0,48.0,111.0
635.0,135.0,48.0,113.0
635.0,136.0,48.0,114.0
636.0,137.0,49.0,114.0
637.0,138.0,47.0,115.0
638.0,138.0,49.0,116.0
639.0,138.0,47.0,117.0
640.0,138.0,48.0,117.0
642.0,137.0,47.0,118.0
643.0,137.0,44.0,118.0
647.0,136.0,42.0,117.0
647.0,136.0,41.0,115.0
649.0,136.0,40.0,112.0
650.0,136.0,39.0,109.0
653.0,136.0,38.0,106.0
654.0,136.0,38.0,106.0
656.0,136.0,37.0,106.0
657.0,138.0,37.0,109.0
660.0,138.0,34.0,108.0
659.0,139.0,37.0,112.0
657.0,139.0,40.0,113.0
656.0,141.0,43.0,115.0
657.0,141.0,44.0,119.0
658.0,142.0,42.0,118.0
659.0,141.0,42.0,118.0
661.0,142.0,41.0,118.0
663.0,141.0,40.0,120.0
665.0,141.0,39.0,116.0
667.0,141.0,38.0,113.0
666.0,141.0,39.0,110.0
666.0,140.0,38.0,109.0
666.0,141.0,39.0,104.0
665.0,142.0,41.0,102.0
664.0,142.0,42.0,104.0
664.0,141.0,44.0,105.0
664.0,142.0,45.0,107.0
663.0,143.0,45.0,110.0
663.0,143.0,45.0,112.0
662.0,144.0,46.0,113.0
661.0,145.0,47.0,114.0
660.0,145.0,47.0,115.0
661.0,145.0,47.0,114.0
661.0,145.0,46.0,116.0
661.0,144.0,46.0,120.0
662.0,143.0,43.0,123.0
661.0,142.0,43.0,122.0
663.0,142.0,41.0,120.0
661.0,141.0,39.0,117.0
661.0,141.0,38.0,111.0
661.0,141.0,37.0,106.0
660.0,141.0,35.0,103.0
659.0,141.0,35.0,104.0
659.0,142.0,35.0,105.0
659.0,141.0,35.0,107.0
657.0,142.0,35.0,107.0
657.0,142.0,35.0,109.0
654.0,142.0,37.0,111.0
655.0,144.0,36.0,110.0
654.0,143.0,36.0,115.0
655.0,144.0,35.0,115.0
656.0,144.0,34.0,115.0
657.0,144.0,35.0,114.0
657.0,143.0,36.0,118.0
658.0,143.0,35.0,117.0
659.0,143.0,36.0,112.0
659.0,143.0,36.0,111.0
659.0,143.0,38.0,109.0
660.0,143.0,40.0,108.0
661.0,143.0,41.0,107.0
661.0,143.0,43.0,110.0
663.0,143.0,44.0,109.0
664.0,143.0,45.0,109.0
665.0,144.0,46.0,112.0
665.0,144.0,48.0,114.0
664.0,145.0,48.0,116.0
665.0,147.0,48.0,117.0
667.0,147.0,46.0,117.0
666.0,148.0,48.0,117.0
666.0,148.0,48.0,117.0
667.0,148.0,47.0,117.0
669.0,148.0,46.0,118.0
668.0,147.0,44.0,118.0
669.0,146.0,44.0,117.0
669.0,146.0,42.0,114.0
670.0,145.0,42.0,113.0
670.0,146.0,41.0,110.0
670.0,145.0,40.0,107.0
670.0,145.0,40.0,105.0
670.0,145.0,40.0,105.0
669.0,144.0,39.0,108.0
670.0,145.0,38.0,109.0
668.0,145.0,39.0,112.0
667.0,146.0,38.0,113.0
665.0,146.0,38.0,115.0
666.0,147.0,37.0,116.0
664.0,147.0,38.0,117.0
664.0,148.0,37.0,117.0
663.0,148.0,36.0,117.0
661.0,148.0,37.0,116.0
660.0,147.0,39.0,116.0
659.0,148.0,39.0,114.0
659.0,148.0,39.0,112.0
657.0,147.0,41.0,111.0
657.0,147.0,42.0,107.0
656.0,147.0,43.0,106.0
655.0,147.0,44.0,106.0
655.0,147.0,45.0,106.0
655.0,147.0,45.0,108.0
655.0,147.0,45.0,110.0
655.0,148.0,46.0,112.0
656.0,149.0,45.0,111.0
656.0,150.0,45.0,113.0
657.0,150.0,45.0,116.0
657.0,150.0,46.0,117.0
657.0,150.0,47.0,118.0
657.0,151.0,48.0,119.0
655.0,150.0,49.0,120.0
655.0,149.0,51.0,123.0
657.0,149.0,51.0,124.0
656.0,148.0,53.0,123.0
660.0,147.0,49.0,122.0
661.0,147.0,50.0,118.0
662.0,148.0,51.0,116.0
666.0,146.0,49.0,115.0
669.0,148.0,48.0,111.0
672.0,149.0,46.0,107.0
673.0,149.0,46.0,108.0
677.0,150.0,45.0,109.0
680.0,152.0,44.0,110.0
683.0,153.0,43.0,111.0
686.0,154.0,40.0,113.0
688.0,156.0,41.0,112.0
690.0,157.0,40.0,114.0
692.0,158.0,38.0,112.0
693.0,159.0,38.0,113.0
694.0,160.0,37.0,114.0
693.0,160.0,37.0,114.0
694.0,159.0,38.0,117.0
695.0,159.0,38.0,116.0
694.0,159.0,39.0,115.0
693.0,158.0,40.0,112.0
692.0,158.0,40.0,111.0
690.0,159.0,42.0,109.0
690.0,159.0,43.0,107.0
689.0,160.0,45.0,107.0
688.0,160.0,45.0,109.0
685.0,160.0,48.0,109.0
685.0,161.0,48.0,109.0
684.0,161.0,48.0,111.0
682.0,162.0,50.0,115.0
683.0,163.0,47.0,115.0
682.0,165.0,48.0,116.0
681.0,165.0,48.0,114.0
682.0,165.0,46.0,113.0
682.0,166.0,48.0,113.0
681.0,165.0,48.0,117.0
681.0,165.0,48.0,114.0
679.0,164.0,50.0,116.0
679.0,163.0,49.0,115.0
681.0,162.0,47.0,115.0
680.0,162.0,48.0,112.0
682.0,161.0,47.0,109.0
681.0,161.0,47.0,107.0
684.0,161.0,45.0,103.0
685.0,161.0,43.0,102.0
684.0,161.0,43.0,104.0
685.0,161.0,41.0,104.0
685.0,160.0,41.0,106.0
686.0,162.0,40.0,106.0
687.0,162.0,40.0,107.0
687.0,162.0,39.0,107.0
689.0,163.0,38.0,109.0
688.0,163.0,38.0,110.0
689.0,164.0,38.0,109.0
688.0,164.0,38.0,110.0
688.0,163.0,37.0,112.0
688.0,162.0,38.0,112.0
687.0,160.0,37.0,112.0
687.0,160.0,38.0,110.0
688.0,159.0,38.0,108.0
686.0,158.0,39.0,105.0
687.0,159.0,40.0,102.0
684.0,159.0,42.0,101.0
684.0,159.0,42.0,101.0
684.0,159.0,43.0,102.0
682.0,159.0,45.0,102.0
682.0,158.0,45.0,104.0
682.0,159.0,45.0,107.0
682.0,159.0,45.0,108.0
681.0,160.0,46.0,108.0
682.0,161.0,46.0,108.0
684.0,160.0,44.0,109.0
683.0,160.0,46.0,111.0
684.0,160.0,46.0,112.0
684.0,159.0,47.0,115.0
685.0,157.0,47.0,116.0
688.0,156.0,46.0,113.0
689.0,156.0,46.0,112.0
690.0,154.0,46.0,109.0
692.0,154.0,46.0,107.0
695.0,154.0,45.0,104.0
696.0,154.0,44.0,102.0
697.0,155.0,43.0,102.0
699.0,155.0,43.0,104.0
701.0,155.0,42.0,104.0
701.0,156.0,42.0,104.0
702.0,157.0,41.0,106.0
704.0,156.0,40.0,104.0
705.0,157.0,39.0,106.0
705.0,158.0,39.0,108.0
705.0,157.0,40.0,108.0
705.0,157.0,40.0,110.0
704.0,157.0,42.0,111.0
703.0,156.0,43.0,112.0
703.0,155.0,42.0,111.0
700.0,154.0,42.0,111.0
699.0,153.0,42.0,109.0
696.0,152.0,41.0,107.0
695.0,153.0,41.0,103.0
692.0,152.0,43.0,103.0
690.0,152.0,43.0,103.0
688.0,152.0,44.0,104.0
686.0,152.0,44.0,101.0
683.0,151.0,44.0,103.0
681.0,153.0,45.0,104.0
678.0,152.0,46.0,105.0
677.0,152.0,46.0,108.0
675.0,153.0,46.0,109.0
674.0,152.0,45.0,110.0
671.0,152.0,46.0,109.0
668.0,152.0,47.0,110.0
666.0,152.0,46.0,111.0
665.0,150.0,47.0,112.0
665.0,150.0,46.0,111.0
662.0,149.0,45.0,110.0
662.0,149.0,46.0,107.0
660.0,149.0,42.0,106.0
660.0,148.0,42.0,102.0
659.0,148.0,39.0,100.0
657.0,147.0,38.0,98.0
657.0,147.0,36.0,99.0
654.0,148.0,34.0,101.0
653.0,148.0,35.0,102.0
652.0,148.0,34.0,103.0
649.0,149.0,35.0,104.0
645.0,150.0,36.0,106.0
643.0,151.0,36.0,107.0
641.0,150.0,37.0,108.0
640.0,151.0,35.0,108.0
637.0,151.0,36.0,106.0
635.0,150.0,37.0,108.0
631.0,150.0,38.0,108.0
628.0,150.0,39.0,107.0
626.0,149.0,39.0,106.0
623.0,149.0,39.0,103.0
619.0,149.0,40.0,101.0
616.0,150.0,42.0,102.0
612.0,150.0,42.0,101.0
610.0,150.0,43.0,99.0
607.0,150.0,44.0,101.0
605.0,151.0,44.0,104.0
601.0,151.0,45.0,104.0
599.0,152.0,46.0,105.0
598.0,152.0,45.0,106.0
595.0,153.0,46.0,105.0
593.0,153.0,46.0,107.0
592.0,153.0,45.0,108.0
589.0,152.0,45.0,110.0
587.0,151.0,44.0,110.0
587.0,150.0,42.0,110.0
584.0,151.0,41.0,110.0
583.0,149.0,40.0,108.0
581.0,149.0,38.0,103.0
580.0,148.0,38.0,101.0
578.0,149.0,36.0,100.0
576.0,148.0,35.0,101.0
573.0,149.0,35.0,102.0
572.0,151.0,35.0,100.0
569.0,150.0,36.0,101.0
564.0,150.0,39.0,104.0
560.0,151.0,41.0,104.0
557.0,152.0,43.0,104.0
554.0,152.0,45.0,105.0
553.0,152.0,44.0,105.0
550.0,153.0,46.0,106.0
548.0,153.0,46.0,104.0
546.0,154.0,46.0,106.0
544.0,153.0,46.0,103.0
542.0,152.0,45.0,102.0
540.0,152.0,44.0,102.0
539.0,152.0,43.0,100.0
537.0,151.0,43.0,101.0
534.0,151.0,42.0,100.0
533.0,151.0,41.0,99.0
532.0,151.0,41.0,98.0
529.0,151.0,42.0,101.0
529.0,151.0,42.0,102.0
528.0,151.0,44.0,103.0
528.0,151.0,45.0,103.0
528.0,152.0,46.0,105.0
528.0,151.0,46.0,105.0
529.0,151.0,47.0,106.0
528.0,150.0,48.0,107.0
533.0,149.0,46.0,108.0
533.0,148.0,47.0,110.0
537.0,147.0,44.0,110.0
540.0,144.0,42.0,110.0
543.0,144.0,40.0,110.0
545.0,143.0,39.0,108.0
548.0,142.0,38.0,104.0
551.0,143.0,37.0,102.0
554.0,141.0,36.0,102.0
557.0,142.0,35.0,99.0
560.0,141.0,34.0,99.0
563.0,141.0,34.0,100.0
566.0,141.0,35.0,101.0
567.0,141.0,37.0,103.0
568.0,141.0,40.0,105.0
568.0,141.0,43.0,107.0
571.0,141.0,46.0,105.0
573.0,141.0,46.0,107.0
576.0,141.0,45.0,107.0
579.0,139.0,44.0,107.0
582.0,139.0,43.0,107.0
584.0,139.0,42.0,106.0
587.0,137.0,41.0,105.0
589.0,137.0,40.0,102.0
590.0,137.0,41.0,100.0
593.0,135.0,40.0,101.0
594.0,134.0,40.0,99.0
596.0,133.0,40.0,99.0
597.0,133.0,40.0,98.0
598.0,132.0,41.0,101.0
601.0,132.0,42.0,103.0
602.0,133.0,42.0,103.0
604.0,133.0,44.0,104.0
606.0,133.0,43.0,105.0
607.0,133.0,45.0,106.0
609.0,132.0,44.0,106.0
611.0,132.0,45.0,106.0
614.0,130.0,43.0,107.0
615.0,129.0,44.0,109.0
618.0,128.0,43.0,107.0
622.0,128.0,39.0,106.0
624.0,127.0,39.0,104.0
627.0,127.0,38.0,100.0
629.0,125.0,36.0,98.0
631.0,125.0,36.0,98.0
633.0,124.0,35.0,97.0
635.0,125.0,34.0,97.0
637.0,124.0,33.0,98.0
638.0,124.0,32.0,99.0
639.0,124.0,33.0,100.0
639.0,123.0,34.0,101.0
640.0,123.0,34.0,103.0
638.0,122.0,37.0,104.0
640.0,122.0,37.0,105.0
638.0,122.0,38.0,106.0
640.0,121.0,37.0,107.0
638.0,120.0,38.0,107.0
639.0,119.0,37.0,105.0
636.0,118.0,38.0,105.0
636.0,117.0,37.0,103.0
636.0,117.0,38.0,101.0
633.0,116.0,39.0,101.0
632.0,114.0,40.0,99.0
630.0,114.0,41.0,98.0
629.0,114.0,43.0,100.0
628.0,114.0,42.0,102.0
627.0,115.0,42.0,103.0
626.0,115.0,43.0,104.0
625.0,115.0,44.0,105.0
623.0,114.0,46.0,105.0
623.0,113.0,45.0,106.0
623.0,113.0,46.0,107.0
623.0,113.0,46.0,108.0
624.0,111.0,45.0,108.0
625.0,110.0,43.0,109.0
626.0,110.0,43.0,108.0
627.0,108.0,41.0,106.0
628.0,107.0,39.0,104.0
629.0,107.0,39.0,101.0
631.0,105.0,38.0,100.0
632.0,104.0,38.0,99.0
633.0,105.0,37.0,98.0
634.0,104.0,39.0,99.0
635.0,104.0,38.0,99.0
636.0,104.0,38.0,100.0
636.0,104.0,39.0,102.0
637.0,104.0,39.0,104.0
639.0,104.0,39.0,104.0
639.0,104.0,40.0,106.0
640.0,104.0,40.0,106.0
642.0,104.0,40.0,107.0
644.0,102.0,38.0,108.0
644.0,102.0,39.0,108.0
646.0,100.0,38.0,108.0
647.0,100.0,38.0,107.0
649.0,100.0,38.0,102.0
649.0,98.0,39.0,102.0
651.0,99.0,39.0,101.0
650.0,97.0,40.0,101.0
652.0,98.0,40.0,98.0
652.0,97.0,41.0,98.0
654.0,97.0,39.0,99.0
653.0,97.0,40.0,102.0
653.0,98.0,40.0,103.0
653.0,98.0,40.0,104.0
653.0,97.0,40.0,105.0
652.0,97.0,41.0,106.0
652.0,98.0,41.0,107.0
651.0,97.0,41.0,107.0
651.0,96.0,40.0,107.0
650.0,96.0,40.0,108.0
650.0,94.0,39.0,109.0
651.0,94.0,39.0,108.0
650.0,94.0,39.0,105.0
649.0,92.0,39.0,103.0
649.0,92.0,40.0,99.0
648.0,91.0,41.0,99.0
646.0,91.0,41.0,99.0
647.0,90.0,40.0,99.0
646.0,91.0,41.0,100.0
646.0,92.0,40.0,101.0
646.0,91.0,41.0,102.0
643.0,92.0,41.0,104.0
645.0,93.0,41.0,105.0
643.0,92.0,41.0,107.0
643.0,92.0,39.0,106.0
641.0,92.0,40.0,107.0
643.0,91.0,39.0,108.0
640.0,89.0,40.0,109.0
641.0,90.0,38.0,108.0
639.0,89.0,39.0,107.0
640.0,89.0,37.0,105.0
639.0,87.0,38.0,103.0
637.0,87.0,39.0,104.0
637.0,88.0,39.0,102.0
636.0,88.0,39.0,100.0
636.0,88.0,40.0,100.0
636.0,88.0,40.0,100.0
635.0,88.0,40.0,104.0
634.0,90.0,40.0,104.0
635.0,91.0,40.0,104.0
634.0,91.0,40.0,105.0
633.0,90.0,41.0,106.0
633.0,91.0,41.0,106.0
634.0,91.0,41.0,107.0
633.0,89.0,40.0,109.0
634.0,89.0,40.0,109.0
635.0,88.0,40.0,109.0
635.0,89.0,39.0,105.0
637.0,89.0,38.0,101.0
636.0,87.0,38.0,99.0
635.0,88.0,38.0,98.0
637.0,88.0,38.0,98.0
636.0,88.0,38.0,100.0
636.0,87.0,38.0,101.0
637.0,88.0,38.0,102.0
635.0,88.0,39.0,103.0
635.0,89.0,38.0,105.0
636.0,90.0,38.0,106.0
635.0,90.0,38.0,107.0
635.0,90.0,38.0,108.0
635.0,90.0,38.0,110.0
635.0,89.0,37.0,111.0
633.0,88.0,38.0,112.0
634.0,87.0,37.0,112.0
633.0,86.0,37.0,111.0
633.0,87.0,39.0,108.0
631.0,87.0,39.0,106.0
632.0,87.0,40.0,104.0
630.0,87.0,41.0,103.0
631.0,87.0,41.0,102.0
631.0,88.0,41.0,101.0
631.0,89.0,40.0,99.0
631.0,89.0,40.0,101.0
631.0,90.0,41.0,102.0
633.0,91.0,40.0,103.0
633.0,92.0,39.0,103.0
633.0,93.0,40.0,104.0
634.0,94.0,40.0,104.0
636.0,94.0,39.0,106.0
638.0,94.0,41.0,106.0
639.0,93.0,41.0,106.0
639.0,94.0,42.0,106.0
641.0,93.0,42.0,106.0
643.0,93.0,43.0,105.0
644.0,93.0,43.0,104.0
646.0,93.0,42.0,100.0
648.0,94.0,42.0,99.0
649.0,95.0,41.0,97.0
652.0,96.0,41.0,97.0
653.0,96.0,40.0,98.0
654.0,97.0,42.0,100.0
656.0,98.0,41.0,101.0
657.0,99.0,41.0,102.0
658.0,100.0,42.0,101.0
659.0,101.0,44.0,101.0
659.0,102.0,44.0,103.0
660.0,102.0,45.0,103.0
662.0,103.0,46.0,103.0
663.0,103.0,46.0,103.0
664.0,103.0,47.0,105.0
666.0,102.0,47.0,106.0
668.0,101.0,46.0,105.0
672.0,102.0,44.0,106.0
675.0,102.0,43.0,104.0
678.0,103.0,39.0,102.0
683.0,103.0,37.0,101.0
685.0,105.0,35.0,100.0
689.0,105.0,34.0,100.0
689.0,106.0,36.0,100.0
691.0,108.0,36.0,100.0
692.0,109.0,39.0,99.0
693.0,110.0,41.0,98.0
694.0,111.0,46.0,97.0
695.0,112.0,50.0,98.0
697.0,113.0,51.0,98.0
697.0,116.0,53.0,97.0
697.0,117.0,55.0,98.0
699.0,117.0,55.0,98.0
702.0,118.0,57.0,98.0
705.0,119.0,57.0,99.0
710.0,119.0,56.0,99.0
717.0,119.0,51.0,99.0
724.0,119.0,48.0,99.0
729.0,118.0,47.0,99.0
736.0,120.0,44.0,100.0
740.0,120.0,44.0,99.0
742.0,121.0,45.0,100.0
746.0,122.0,45.0,100.0
749.0,123.0,47.0,100.0
751.0,124.0,48.0,100.0
753.0,125.0,50.0,100.0
755.0,126.0,51.0,102.0
755.0,127.0,54.0,103.0
757.0,128.0,55.0,103.0
760.0,128.0,54.0,103.0
762.0,128.0,54.0,104.0
765.0,128.0,51.0,105.0
770.0,129.0,50.0,105.0
776.0,128.0,47.0,103.0
779.0,128.0,45.0,102.0
783.0,128.0,42.0,102.0
786.0,129.0,39.0,102.0
788.0,129.0,35.0,101.0
787.0,128.0,34.0,102.0
783.0,129.0,35.0,102.0
779.0,129.0,37.0,102.0
774.0,129.0,38.0,101.0
768.0,129.0,41.0,103.0
762.0,130.0,44.0,102.0
756.0,130.0,46.0,102.0
749.0,130.0,49.0,103.0
743.0,130.0,49.0,103.0
736.0,130.0,49.0,103.0
728.0,129.0,51.0,104.0
721.0,128.0,50.0,106.0
713.0,127.0,50.0,105.0
706.0,127.0,48.0,104.0
699.0,125.0,47.0,103.0
691.0,125.0,45.0,104.0
682.0,125.0,44.0,103.0
674.0,124.0,43.0,102.0
666.0,123.0,43.0,102.0
656.0,123.0,44.0,104.0
646.0,122.0,44.0,106.0
636.0,122.0,45.0,107.0
627.0,123.0,46.0,107.0
617.0,123.0,46.0,108.0
608.0,123.0,47.0,112.0
598.0,124.0,48.0,113.0
591.0,124.0,47.0,113.0
582.0,124.0,48.0,114.0
575.0,124.0,47.0,115.0
568.0,124.0,47.0,115.0
562.0,123.0,46.0,115.0
560.0,122.0,45.0,113.0
557.0,122.0,42.0,112.0
554.0,122.0,41.0,111.0
554.0,122.0,39.0,110.0
552.0,122.0,40.0,111.0
554.0,124.0,39.0,108.0
554.0,123.0,39.0,109.0
557.0,125.0,38.0,108.0
559.0,125.0,38.0,110.0
562.0,127.0,40.0,107.0
564.0,126.0,43.0,109.0
565.0,128.0,47.0,109.0
568.0,128.0,47.0,111.0
570.0,127.0,48.0,112.0
573.0,128.0,48.0,113.0
573.0,128.0,48.0,114.0
575.0,127.0,48.0,114.0
578.0,127.0,47.0,114.0
581.0,126.0,47.0,115.0
585.0,125.0,46.0,114.0
589.0,125.0,44.0,112.0
592.0,123.0,45.0,112.0
596.0,123.0,45.0,112.0
598.0,124.0,47.0,110.0
602.0,122.0,47.0,111.0
606.0,122.0,48.0,110.0
609.0,120.0,48.0,111.0
613.0,120.0,48.0,111.0
617.0,121.0,47.0,112.0
620.0,121.0,47.0,113.0
624.0,120.0,47.0,117.0
626.0,120.0,47.0,117.0
629.0,120.0,47.0,119.0
632.0,119.0,49.0,121.0
635.0,118.0,48.0,122.0
637.0,117.0,48.0,121.0
638.0,115.0,46.0,122.0
640.0,114.0,45.0,119.0
639.0,113.0,45.0,118.0
639.0,111.0,44.0,116.0
637.0,111.0,44.0,112.0
636.0,109.0,43.0,112.0
635.0,108.0,42.0,111.0
633.0,108.0,42.0,111.0
631.0,108.0,42.0,110.0
631.0,107.0,39.0,110.0
628.0,107.0,41.0,113.0
628.0,106.0,40.0,115.0
625.0,107.0,41.0,117.0
622.0,105.0,41.0,117.0
621.0,106.0,40.0,120.0
616.0,103.0,42.0,119.0
613.0,103.0,42.0,120.0
610.0,102.0,42.0,120.0
606.0,99.0,42.0,119.0
602.0,100.0,43.0,117.0
599.0,99.0,43.0,114.0
593.0,96.0,45.0,113.0
590.0,95.0,45.0,111.0
587.0,94.0,45.0,113.0
584.0,93.0,45.0,114.0
580.0,92.0,47.0,116.0
578.0,91.0,48.0,115.0
577.0,91.0,48.0,119.0
576.0,92.0,48.0,118.0
574.0,92.0,49.0,122.0
573.0,90.0,47.0,126.0
574.0,91.0,47.0,124.0
573.0,89.0,47.0,127.0
573.0,88.0,48.0,128.0
573.0,87.0,49.0,130.0
575.0,85.0,49.0,127.0
577.0,84.0,47.0,127.0
578.0,82.0,45.0,124.0
578.0,81.0,45.0,121.0
578.0,80.0,45.0,119.0
578.0,79.0,44.0,118.0
577.0,78.0,44.0,116.0
578.0,77.0,43.0,116.0
579.0,77.0,42.0,115.0
578.0,77.0,43.0,115.0
577.0,76.0,43.0,116.0
577.0,75.0,42.0,120.0
577.0,75.0,42.0,120.0
577.0,73.0,42.0,122.0
577.0,73.0,42.0,121.0
575.0,70.0,44.0,123.0
577.0,70.0,44.0,123.0
578.0,69.0,42.0,120.0
579.0,66.0,43.0,120.0
581.0,65.0,41.0,116.0
582.0,64.0,42.0,115.0
582.0,62.0,42.0,111.0
584.0,59.0,42.0,113.0
585.0,59.0,43.0,112.0
586.0,58.0,43.0,113.0
589.0,57.0,43.0,112.0
590.0,57.0,43.0,114.0
591.0,56.0,44.0,116.0
593.0,57.0,43.0,116.0
594.0,55.0,43.0,119.0
596.0,55.0,42.0,119.0
597.0,53.0,43.0,120.0
598.0,53.0,44.0,121.0
599.0,50.0,45.0,124.0
600.0,48.0,46.0,124.0
602.0,46.0,45.0,123.0
603.0,44.0,45.0,121.0
603.0,42.0,44.0,118.0
604.0,39.0,44.0,118.0
606.0,38.0,43.0,115.0
606.0,37.0,43.0,116.0
606.0,35.0,43.0,115.0
607.0,34.0,42.0,112.0
608.0,34.0,42.0,114.0
609.0,33.0,42.0,115.0
610.0,33.0,41.0,117.0
610.0,31.0,43.0,117.0
612.0,30.0,41.0,116.0
613.0,29.0,42.0,117.0
614.0,27.0,42.0,119.0
614.0,26.0,43.0,117.0
616.0,25.0,43.0,117.0
617.0,21.0,43.0,115.0
619.0,21.0,41.0,112.0
620.0,18.0,42.0,109.0
620.0,16.0,41.0,108.0
622.0,14.0,41.0,110.0
623.0,12.0,41.0,114.0
622.0,11.0,41.0,115.0
625.0,11.0,41.0,114.0
623.0,11.0,43.0,116.0
622.0,9.0,42.0,121.0
623.0,9.0,40.0,120.0
624.0,8.0,40.0,122.0
621.0,7.0,41.0,124.0
622.0,6.0,43.0,124.0
620.0,4.0,44.0,128.0
620.0,4.0,44.0,121.0
619.0,2.0,45.0,119.0
618.0,1.0,45.0,119.0
617.0,0.0,44.0,116.0
616.0,0.0,43.0,110.0
614.0,-2.0,43.0,109.0
615.0,-1.0,42.0,110.0
613.0,-2.0,42.0,111.0
611.0,-3.0,44.0,111.0
610.0,-3.0,44.0,109.0
609.0,-2.0,44.0,109.0
607.0,-2.0,44.0,112.0
608.0,-2.0,43.0,115.0
607.0,-2.0,43.0,115.0
606.0,-2.0,43.0,116.0
606.0,-2.0,43.0,116.0
605.0,-3.0,44.0,114.0
606.0,-3.0,44.0,114.0
608.0,-4.0,42.0,114.0
608.0,-4.0,41.0,112.0
607.0,-3.0,43.0,109.0
609.0,-5.0,42.0,108.0
610.0,-4.0,41.0,104.0
611.0,-5.0,41.0,103.0
611.0,-5.0,41.0,104.0
613.0,-5.0,40.0,106.0
616.0,-4.0,38.0,106.0
618.0,-5.0,39.0,106.0
618.0,-4.0,39.0,109.0
621.0,-5.0,38.0,111.0
621.0,-5.0,38.0,114.0
624.0,-3.0,38.0,116.0
626.0,-3.0,37.0,119.0
627.0,-4.0,37.0,118.0
629.0,-2.0,37.0,115.0
630.0,-4.0,38.0,117.0
631.0,-4.0,38.0,120.0
633.0,-4.0,39.0,118.0
634.0,-5.0,37.0,117.0
635.0,-5.0,38.0,116.0
636.0,-3.0,39.0,114.0
636.0,-5.0,40.0,113.0
638.0,-4.0,40.0,110.0
636.0,-4.0,43.0,107.0
637.0,-5.0,43.0,110.0
640.0,-6.0,43.0,113.0
639.0,-5.0,46.0,117.0
641.0,-5.0,45.0,121.0
641.0,-3.0,45.0,118.0
643.0,-4.0,46.0,121.0
644.0,-4.0,45.0,119.0
645.0,-4.0,46.0,120.0
644.0,-3.0,47.0,121.0
647.0,-3.0,46.0,122.0
650.0,-3.0,46.0,124.0
651.0,-3.0,46.0,124.0
655.0,-4.0,44.0,122.0
655.0,-3.0,44.0,116.0
657.0,-4.0,44.0,113.0
660.0,-4.0,43.0,110.0
660.0,-4.0,44.0,107.0
665.0,-5.0,42.0,108.0
665.0,-5.0,43.0,109.0
667.0,-5.0,42.0,113.0
670.0,-4.0,40.0,118.0
671.0,-4.0,39.0,119.0
674.0,-3.0,40.0,117.0
672.0,-3.0,39.0,121.0
674.0,-2.0,39.0,122.0
676.0,-2.0,39.0,124.0
678.0,-3.0,38.0,124.0
679.0,-2.0,39.0,124.0
680.0,-3.0,38.0,124.0
681.0,-2.0,38.0,123.0
682.0,-4.0,38.0,122.0
682.0,-3.0,39.0,119.0
683.0,-3.0,40.0,115.0
683.0,-4.0,42.0,113.0
684.0,-3.0,43.0,115.0
684.0,-3.0,44.0,115.0
683.0,-4.0,46.0,113.0
684.0,-3.0,47.0,113.0
684.0,-3.0,47.0,115.0
684.0,-2.0,48.0,117.0
685.0,-3.0,49.0,118.0
686.0,0.0,49.0,118.0
686.0,-2.0,50.0,121.0
691.0,-2.0,48.0,125.0
689.0,0.0,50.0,124.0
692.0,-3.0,49.0,127.0
695.0,-2.0,48.0,126.0
696.0,-2.0,49.0,123.0
699.0,-5.0,48.0,122.0
703.0,-3.0,46.0,117.0
705.0,-2.0,46.0,115.0
708.0,-2.0,44.0,112.0
710.0,-3.0,44.0,115.0
713.0,-2.0,43.0,115.0
715.0,-3.0,43.0,119.0
718.0,-1.0,42.0,116.0
719.0,-1.0,42.0,123.0
722.0,0.0,40.0,125.0
725.0,-1.0,39.0,128.0
726.0,0.0,38.0,128.0
727.0,0.0,39.0,128.0
729.0,0.0,38.0,129.0
730.0,0.0,39.0,128.0
732.0,0.0,40.0,127.0
731.0,1.0,41.0,125.0
732.0,1.0,42.0,123.0
731.0,1.0,43.0,120.0
730.0,0.0,45.0,121.0
731.0,0.0,45.0,119.0
731.0,0.0,46.0,121.0
731.0,1.0,46.0,121.0
730.0,2.0,47.0,124.0
728.0,3.0,48.0,123.0
727.0,3.0,48.0,126.0
726.0,6.0,49.0,127.0
725.0,8.0,49.0,127.0
725.0,8.0,48.0,127.0
723.0,9.0,49.0,127.0
722.0,8.0,49.0,129.0
721.0,8.0,49.0,129.0
721.0,7.0,48.0,128.0
721.0,7.0,47.0,126.0
720.0,5.0,47.0,125.0
720.0,5.0,46.0,123.0
720.0,4.0,45.0,122.0
720.0,4.0,44.0,122.0
720.0,2.0,43.0,125.0
720.0,5.0,40.0,125.0
720.0,4.0,40.0,128.0
717.0,5.0,40.0,127.0
718.0,7.0,40.0,129.0
716.0,7.0,40.0,130.0
715.0,8.0,39.0,133.0
714.0,10.0,38.0,134.0
715.0,9.0,36.0,133.0
714.0,12.0,36.0,132.0
714.0,10.0,36.0,130.0
712.0,10.0,38.0,126.0
711.0,10.0,38.0,126.0
710.0,10.0,38.0,122.0
707.0,9.0,42.0,119.0
705.0,9.0,44.0,118.0
704.0,7.0,46.0,122.0
703.0,9.0,46.0,120.0
701.0,9.0,48.0,121.0
700.0,11.0,49.0,123.0
698.0,12.0,50.0,127.0
696.0,14.0,52.0,129.0
694.0,15.0,53.0,131.0
692.0,15.0,53.0,134.0
691.0,17.0,54.0,133.0
690.0,16.0,53.0,136.0
688.0,16.0,53.0,132.0
687.0,17.0,51.0,131.0
687.0,17.0,48.0,130.0
686.0,16.0,46.0,125.0
687.0,16.0,43.0,120.0
686.0,15.0,42.0,120.0
685.0,15.0,40.0,121.0
683.0,16.0,38.0,122.0
679.0,17.0,38.0,120.0
675.0,19.0,39.0,125.0
669.0,19.0,42.0,125.0
663.0,20.0,45.0,126.0
657.0,21.0,46.0,124.0
656.0,22.0,46.0,126.0
652.0,24.0,46.0,127.0
649.0,23.0,45.0,127.0
646.0,23.0,44.0,129.0
644.0,25.0,42.0,127.0
641.0,25.0,42.0,125.0
636.0,25.0,41.0,121.0
631.0,24.0,42.0,121.0
626.0,24.0,43.0,122.0
623.0,25.0,45.0,124.0
617.0,26.0,48.0,125.0
614.0,27.0,51.0,127.0
611.0,29.0,53.0,126.0
609.0,31.0,55.0,129.0
606.0,32.0,57.0,132.0
605.0,35.0,58.0,135.0
604.0,36.0,60.0,138.0
600.0,36.0,62.0,140.0
602.0,37.0,60.0,140.0
604.0,37.0,58.0,142.0
606.0,38.0,56.0,141.0
609.0,38.0,52.0,138.0
612.0,38.0,50.0,132.0
615.0,39.0,46.0,128.0
618.0,38.0,44.0,126.0
621.0,39.0,42.0,125.0
623.0,39.0,39.0,124.0
626.0,41.0,38.0,126.0
627.0,43.0,39.0,128.0
626.0,43.0,40.0,129.0
623.0,45.0,44.0,129.0
621.0,47.0,47.0,133.0
621.0,49.0,48.0,133.0
623.0,50.0,48.0,134.0
626.0,52.0,46.0,132.0
628.0,52.0,46.0,135.0
630.0,54.0,45.0,138.0
633.0,51.0,43.0,137.0
637.0,55.0,41.0,129.0
637.0,55.0,42.0,128.0
637.0,56.0,41.0,125.0
636.0,55.0,43.0,124.0
634.0,55.0,48.0,127.0
631.0,57.0,52.0,128.0
630.0,58.0,55.0,132.0
631.0,60.0,56.0,132.0
632.0,61.0,56.0,134.0
631.0,64.0,59.0,136.0
630.0,66.0,62.0,138.0
631.0,67.0,63.0,140.0
631.0,68.0,63.0,143.0
633.0,68.0,62.0,143.0
636.0,70.0,61.0,145.0
639.0,69.0,58.0,144.0
643.0,69.0,54.0,143.0
647.0,68.0,50.0,138.0
649.0,69.0,49.0,135.0
654.0,70.0,45.0,130.0
655.0,71.0,42.0,128.0
658.0,72.0,42.0,129.0
659.0,74.0,41.0,130.0
658.0,76.0,44.0,133.0
655.0,78.0,47.0,135.0
650.0,78.0,53.0,138.0
648.0,80.0,56.0,141.0
650.0,82.0,57.0,142.0
652.0,84.0,55.0,141.0
654.0,85.0,55.0,140.0
655.0,87.0,54.0,143.0
658.0,87.0,52.0,142.0
661.0,88.0,50.0,138.0
664.0,89.0,47.0,133.0
665.0,90.0,45.0,129.0
663.0,91.0,46.0,131.0
664.0,91.0,48.0,128.0
661.0,93.0,53.0,132.0
661.0,94.0,54.0,133.0
659.0,95.0,57.0,138.0
656.0,96.0,60.0,139.0
654.0,99.0,62.0,140.0
655.0,102.0,61.0,142.0
654.0,104.0,62.0,142.0
653.0,105.0,63.0,146.0
652.0,106.0,63.0,144.0
653.0,108.0,61.0,146.0
651.0,108.0,61.0,144.0
652.0,109.0,58.0,144.0
653.0,109.0,54.0,140.0
653.0,110.0,51.0,138.0
654.0,110.0,46.0,132.0
652.0,111.0,44.0,130.0
650.0,110.0,43.0,127.0
648.0,112.0,43.0,129.0
643.0,113.0,45.0,130.0
640.0,114.0,48.0,132.0
633.0,115.0,52.0,133.0
625.0,116.0,55.0,132.0
618.0,116.0,59.0,137.0
615.0,118.0,60.0,139.0
614.0,119.0,59.0,139.0
613.0,121.0,58.0,139.0
612.0,122.0,57.0,138.0
613.0,123.0,55.0,138.0
613.0,125.0,52.0,134.0
613.0,126.0,50.0,131.0
612.0,126.0,46.0,127.0
608.0,125.0,45.0,124.0
605.0,124.0,44.0,127.0
602.0,123.0,46.0,130.0
598.0,123.0,49.0,133.0
596.0,124.0,52.0,135.0
595.0,124.0,54.0,135.0
592.0,126.0,57.0,137.0
589.0,127.0,60.0,140.0
587.0,128.0,62.0,141.0
587.0,127.0,63.0,142.0
588.0,128.0,63.0,139.0
586.0,128.0,63.0,141.0
589.0,127.0,60.0,143.0
591.0,126.0,56.0,144.0
594.0,125.0,53.0,141.0
594.0,124.0,49.0,134.0
597.0,124.0,44.0,128.0
598.0,123.0,40.0,129.0
598.0,123.0,38.0,128.0
597.0,123.0,38.0,128.0
595.0,123.0,40.0,128.0
592.0,123.0,43.0,129.0
588.0,122.0,48.0,132.0
581.0,123.0,56.0,130.0
576.0,124.0,63.0,130.0
575.0,124.0,66.0,133.0
576.0,125.0,67.0,133.0
577.0,125.0,67.0,133.0
578.0,125.0,66.0,131.0
580.0,126.0,63.0,132.0
581.0,126.0,61.0,130.0
583.0,127.0,58.0,128.0
583.0,126.0,53.0,126.0
581.0,126.0,50.0,124.0
581.0,125.0,44.0,127.0
578.0,123.0,43.0,129.0
574.0,122.0,45.0,134.0
572.0,123.0,46.0,133.0
568.0,124.0,51.0,132.0
566.0,124.0,55.0,132.0
563.0,124.0,61.0,136.0
560.0,124.0,64.0,139.0
557.0,124.0,66.0,139.0
556.0,123.0,66.0,140.0
554.0,123.0,67.0,143.0
555.0,122.0,65.0,144.0
555.0,121.0,62.0,141.0
557.0,121.0,60.0,138.0
560.0,121.0,54.0,135.0
561.0,122.0,46.0,131.0
563.0,121.0,40.0,128.0
563.0,120.0,40.0,130.0
563.0,120.0,40.0,130.0
562.0,120.0,40.0,131.0
559.0,120.0,44.0,132.0
555.0,120.0,51.0,135.0
550.0,120.0,57.0,134.0
544.0,121.0,64.0,136.0
542.0,122.0,69.0,137.0
546.0,124.0,67.0,138.0
549.0,124.0,65.0,136.0
553.0,125.0,63.0,134.0
556.0,127.0,61.0,136.0
559.0,128.0,57.0,132.0
560.0,128.0,55.0,128.0
560.0,128.0,52.0,124.0
558.0,128.0,50.0,122.0
556.0,127.0,49.0,124.0
554.0,127.0,47.0,126.0
554.0,127.0,46.0,131.0
553.0,128.0,47.0,130.0
551.0,130.0,50.0,129.0
551.0,131.0,51.0,129.0
546.0,131.0,57.0,134.0
543.0,133.0,62.0,134.0
543.0,134.0,64.0,134.0
540.0,135.0,67.0,135.0
541.0,136.0,68.0,136.0
542.0,136.0,68.0,138.0
545.0,138.0,64.0,137.0
545.0,139.0,62.0,134.0
548.0,140.0,59.0,132.0
550.0,140.0,57.0,130.0
551.0,141.0,54.0,129.0
553.0,142.0,51.0,127.0
554.0,142.0,49.0,126.0
554.0,143.0,48.0,127.0
554.0,144.0,49.0,130.0
555.0,146.0,46.0,128.0
553.0,148.0,49.0,130.0
550.0,148.0,54.0,130.0
544.0,149.0,63.0,131.0
539.0,151.0,68.0,134.0
536.0,153.0,72.0,133.0
535.0,155.0,75.0,133.0
538.0,158.0,75.0,133.0
541.0,160.0,73.0,133.0
544.0,161.0,73.0,133.0
545.0,164.0,73.0,133.0
549.0,165.0,71.0,131.0
550.0,166.0,72.0,136.0
552.0,167.0,67.0,133.0
553.0,168.0,63.0,132.0
555.0,169.0,57.0,130.0
554.0,170.0,53.0,130.0
554.0,171.0,50.0,134.0
552.0,174.0,45.0,129.0
549.0,176.0,48.0,131.0
546.0,176.0,50.0,131.0
545.0,178.0,51.0,134.0
539.0,180.0,59.0,135.0
532.0,182.0,67.0,134.0
528.0,184.0,72.0,136.0
526.0,186.0,75.0,135.0
523.0,189.0,78.0,132.0
523.0,191.0,78.0,133.0
522.0,191.0,79.0,133.0
524.0,191.0,80.0,137.0
524.0,191.0,77.0,137.0
527.0,191.0,72.0,137.0
528.0,191.0,69.0,136.0
529.0,192.0,61.0,133.0
530.0,194.0,54.0,133.0
529.0,195.0,49.0,129.0
528.0,197.0,44.0,126.0
527.0,197.0,43.0,127.0
526.0,198.0,45.0,129.0
525.0,199.0,44.0,130.0
523.0,200.0,47.0,130.0
518.0,202.0,54.0,127.0
511.0,203.0,63.0,126.0
503.0,204.0,74.0,127.0
500.0,208.0,79.0,125.0
500.0,209.0,80.0,124.0
500.0,211.0,82.0,124.0
502.0,213.0,83.0,124.0
502.0,212.0,83.0,125.0
506.0,215.0,81.0,123.0
506.0,213.0,80.0,125.0
508.0,214.0,77.0,125.0
508.0,213.0,73.0,127.0
507.0,213.0,67.0,126.0
508.0,214.0,62.0,126.0
506.0,214.0,55.0,128.0
504.0,216.0,46.0,125.0
498.0,216.0,49.0,127.0
497.0,218.0,51.0,126.0
494.0,218.0,55.0,125.0
488.0,219.0,65.0,125.0
481.0,221.0,73.0,122.0
476.0,223.0,82.0,119.0
471.0,225.0,88.0,119.0
470.0,224.0,88.0,122.0
472.0,224.0,89.0,125.0
474.0,223.0,86.0,124.0
474.0,220.0,85.0,128.0
474.0,221.0,84.0,128.0
474.0,219.0,78.0,131.0
474.0,217.0,69.0,130.0
473.0,218.0,61.0,128.0
470.0,217.0,54.0,128.0
468.0,217.0,51.0,126.0
464.0,216.0,49.0,128.0
461.0,214.0,52.0,129.0
459.0,215.0,57.0,127.0
454.0,214.0,61.0,126.0
448.0,214.0,70.0,124.0
441.0,216.0,78.0,121.0
435.0,217.0,86.0,120.0
434.0,216.0,88.0,123.0
435.0,217.0,89.0,125.0
436.0,215.0,90.0,123.0
436.0,214.0,88.0,124.0
437.0,213.0,85.0,124.0
437.0,212.0,81.0,125.0
438.0,208.0,74.0,126.0
438.0,207.0,68.0,125.0
440.0,205.0,62.0,126.0
441.0,205.0,53.0,124.0
441.0,203.0,49.0,131.0
441.0,201.0,52.0,128.0
442.0,200.0,60.0,129.0
439.0,200.0,67.0,126.0
437.0,199.0,75.0,126.0
436.0,199.0,80.0,126.0
438.0,198.0,84.0,124.0
442.0,196.0,86.0,123.0
445.0,194.0,86.0,125.0
450.0,190.0,83.0,125.0
455.0,187.0,81.0,129.0
455.0,184.0,79.0,131.0
458.0,182.0,72.0,131.0
458.0,180.0,63.0,130.0
459.0,179.0,55.0,130.0
456.0,178.0,50.0,126.0
454.0,174.0,47.0,129.0
451.0,175.0,50.0,128.0
447.0,174.0,55.0,129.0
441.0,174.0,63.0,127.0
430.0,173.0,75.0,125.0
426.0,174.0,81.0,122.0
421.0,174.0,88.0,123.0
422.0,174.0,86.0,124.0
422.0,172.0,87.0,125.0
420.0,170.0,87.0,126.0
419.0,170.0,84.0,126.0
418.0,171.0,81.0,124.0
416.0,168.0,75.0,127.0
414.0,166.0,66.0,126.0
412.0,165.0,59.0,126.0
409.0,164.0,54.0,130.0
403.0,161.0,50.0,129.0
398.0,162.0,51.0,134.0
394.0,162.0,55.0,127.0
390.0,162.0,59.0,129.0
383.0,162.0,65.0,128.0
375.0,162.0,76.0,123.0
369.0,162.0,80.0,121.0
365.0,162.0,87.0,121.0
361.0,160.0,89.0,121.0
360.0,159.0,91.0,123.0
356.0,158.0,89.0,125.0
354.0,155.0,87.0,128.0
351.0,152.0,86.0,131.0
351.0,151.0,79.0,132.0
348.0,147.0,66.0,130.0
345.0,147.0,61.0,129.0
340.0,145.0,56.0,128.0
336.0,146.0,53.0,130.0
333.0,145.0,56.0,130.0
328.0,145.0,60.0,129.0
322.0,143.0,65.0,132.0
316.0,142.0,71.0,130.0
309.0,141.0,78.0,130.0
302.0,141.0,84.0,129.0
298.0,142.0,88.0,128.0
294.0,143.0,91.0,127.0
292.0,143.0,93.0,128.0
288.0,144.0,93.0,127.0
283.0,144.0,92.0,126.0
277.0,143.0,93.0,126.0
272.0,142.0,90.0,124.0
268.0,142.0,85.0,125.0
263.0,140.0,82.0,126.0
260.0,137.0,76.0,128.0
254.0,134.0,71.0,131.0
250.0,133.0,64.0,133.0
246.0,132.0,67.0,136.0
242.0,133.0,69.0,133.0
239.0,132.0,74.0,131.0
234.0,135.0,76.0,128.0
228.0,134.0,82.0,129.0
225.0,133.0,86.0,129.0
220.0,133.0,89.0,130.0
214.0,131.0,91.0,131.0
211.0,130.0,90.0,132.0
204.0,131.0,92.0,129.0
199.0,128.0,90.0,131.0
195.0,126.0,88.0,130.0
191.0,124.0,85.0,132.0
189.0,122.0,79.0,133.0
186.0,120.0,72.0,135.0
182.0,121.0,70.0,136.0
179.0,123.0,70.0,130.0
175.0,122.0,72.0,130.0
172.0,122.0,75.0,129.0
166.0,120.0,79.0,131.0
