1152.0,503.0,45.0,17.0
1152.0,502.0,43.0,19.0
1153.0,502.0,43.0,19.0
1153.0,502.0,43.0,18.0
1152.0,502.0,43.0,18.0
1145.0,501.0,43.0,19.0
1145.0,501.0,43.0,19.0
1137.0,500.0,43.0,19.0
1131.0,500.0,42.0,19.0
1124.0,500.0,42.0,18.0
1116.0,499.0,42.0,19.0
1108.0,499.0,42.0,18.0
1101.0,499.0,42.0,19.0
1092.0,497.0,44.0,20.0
1085.0,498.0,44.0,19.0
1076.0,497.0,45.0,19.0
1070.0,497.0,44.0,19.0
1062.0,497.0,44.0,19.0
1055.0,495.0,43.0,19.0
1049.0,496.0,41.0,19.0
1042.0,495.0,43.0,19.0
1041.0,495.0,44.0,20.0
1035.0,495.0,44.0,20.0
1029.0,494.0,43.0,20.0
1024.0,495.0,44.0,19.0
1018.0,495.0,44.0,19.0
1018.0,494.0,43.0,19.0
1013.0,494.0,42.0,18.0
1007.0,496.0,42.0,17.0
1001.0,495.0,42.0,18.0
995.0,496.0,41.0,17.0
996.0,496.0,40.0,17.0
990.0,496.0,39.0,17.0
983.0,495.0,41.0,17.0
976.0,495.0,40.0,18.0
970.0,495.0,41.0,17.0
970.0,495.0,41.0,18.0
966.0,495.0,40.0,17.0
959.0,494.0,41.0,18.0
953.0,495.0,41.0,17.0
949.0,495.0,40.0,17.0
950.0,495.0,40.0,17.0
944.0,495.0,40.0,17.0
939.0,495.0,40.0,17.0
935.0,496.0,39.0,16.0
932.0,495.0,39.0,17.0
933.0,495.0,39.0,17.0
927.0,494.0,40.0,17.0
922.0,495.0,41.0,16.0
918.0,494.0,41.0,17.0
913.0,494.0,42.0,17.0
915.0,495.0,40.0,17.0
911.0,495.0,40.0,17.0
906.0,495.0,40.0,17.0
904.0,496.0,38.0,17.0
898.0,496.0,39.0,17.0
897.0,495.0,40.0,17.0
893.0,496.0,39.0,16.0
889.0,496.0,38.0,16.0
886.0,495.0,39.0,17.0
883.0,495.0,40.0,17.0
884.0,496.0,39.0,17.0
878.0,495.0,40.0,18.0
875.0,495.0,41.0,18.0
873.0,496.0,41.0,18.0
866.0,496.0,44.0,19.0
866.0,496.0,43.0,19.0
863.0,496.0,42.0,19.0
858.0,497.0,40.0,18.0
855.0,497.0,40.0,19.0
851.0,496.0,40.0,19.0
851.0,496.0,41.0,19.0
848.0,497.0,41.0,18.0
846.0,497.0,40.0,19.0
842.0,496.0,40.0,18.0
839.0,497.0,39.0,19.0
840.0,497.0,39.0,18.0
835.0,497.0,40.0,18.0
835.0,498.0,38.0,17.0
829.0,498.0,39.0,18.0
827.0,498.0,41.0,18.0
826.0,499.0,41.0,18.0
825.0,497.0,38.0,18.0
823.0,497.0,36.0,15.0
818.0,499.0,38.0,16.0
813.0,497.0,39.0,15.0
838.0,458.0,48.0,23.0
844.0,459.0,46.0,21.0
846.0,459.0,41.0,19.0
845.0,457.0,35.0,19.0
852.0,464.0,33.0,18.0
844.0,462.0,37.0,20.0
831.0,460.0,41.0,21.0
838.0,461.0,36.0,18.0
827.0,461.0,41.0,20.0
787.0,503.0,40.0,17.0
785.0,504.0,39.0,17.0
783.0,502.0,42.0,18.0
781.0,501.0,40.0,18.0
779.0,501.0,40.0,19.0
776.0,502.0,40.0,19.0
776.0,503.0,39.0,18.0
773.0,502.0,39.0,19.0
771.0,502.0,38.0,17.0
770.0,503.0,37.0,18.0
765.0,504.0,39.0,18.0
766.0,505.0,37.0,18.0
762.0,505.0,38.0,18.0
757.0,505.0,38.0,18.0
754.0,505.0,38.0,18.0
751.0,504.0,38.0,18.0
750.0,504.0,39.0,20.0
748.0,505.0,38.0,19.0
744.0,505.0,40.0,20.0
743.0,505.0,38.0,19.0
738.0,506.0,39.0,18.0
739.0,505.0,39.0,19.0
736.0,507.0,39.0,18.0
732.0,506.0,39.0,18.0
728.0,506.0,40.0,19.0
726.0,507.0,40.0,20.0
726.0,507.0,39.0,19.0
723.0,507.0,39.0,19.0
720.0,508.0,40.0,19.0
716.0,508.0,39.0,19.0
713.0,509.0,40.0,18.0
714.0,509.0,40.0,18.0
709.0,509.0,40.0,18.0
707.0,509.0,40.0,20.0
703.0,509.0,40.0,19.0
700.0,510.0,38.0,19.0
700.0,510.0,38.0,19.0
696.0,511.0,38.0,18.0
694.0,510.0,41.0,19.0
690.0,511.0,41.0,19.0
686.0,510.0,41.0,19.0
687.0,511.0,40.0,18.0
684.0,511.0,41.0,19.0
682.0,510.0,42.0,20.0
679.0,510.0,42.0,21.0
678.0,510.0,40.0,21.0
678.0,510.0,41.0,21.0
677.0,511.0,38.0,21.0
673.0,511.0,35.0,21.0
673.0,512.0,33.0,20.0
671.0,512.0,32.0,21.0
671.0,513.0,32.0,20.0
669.0,514.0,30.0,19.0
667.0,514.0,28.0,19.0
666.0,516.0,27.0,19.0
663.0,515.0,26.0,20.0
664.0,514.0,26.0,20.0
661.0,515.0,26.0,20.0
659.0,515.0,24.0,21.0
658.0,516.0,23.0,19.0
656.0,517.0,22.0,20.0
657.0,516.0,21.0,19.0
654.0,516.0,21.0,21.0
652.0,517.0,19.0,18.0
651.0,518.0,17.0,18.0
649.0,520.0,16.0,19.0
649.0,520.0,16.0,19.0
647.0,519.0,15.0,18.0
646.0,520.0,13.0,18.0
644.0,520.0,11.0,19.0
642.0,521.0,10.0,17.0
642.0,521.0,10.0,17.0
640.0,521.0,10.0,19.0
636.0,520.0,10.0,19.0
634.0,523.0,10.0,18.0
630.0,524.0,10.0,16.0
632.0,523.0,10.0,17.0
630.0,526.0,16.0,14.0
631.0,509.0,28.0,13.0
623.0,494.0,26.0,11.0
621.0,494.0,25.0,10.0
623.0,494.0,25.0,10.0
621.0,494.0,25.0,10.0
619.0,495.0,23.0,10.0
619.0,495.0,22.0,10.0
617.0,494.0,23.0,10.0
616.0,494.0,24.0,10.0
614.0,495.0,24.0,10.0
613.0,495.0,24.0,10.0
611.0,495.0,23.0,10.0
609.0,496.0,23.0,10.0
610.0,495.0,23.0,10.0
608.0,496.0,23.0,10.0
607.0,497.0,22.0,10.0
607.0,497.0,20.0,10.0
604.0,496.0,21.0,10.0
604.0,497.0,22.0,10.0
601.0,497.0,23.0,10.0
598.0,497.0,23.0,10.0
598.0,497.0,22.0,10.0
596.0,498.0,22.0,10.0
595.0,498.0,23.0,10.0
593.0,498.0,23.0,10.0
591.0,498.0,23.0,10.0
591.0,499.0,22.0,10.0
590.0,498.0,20.0,10.0
591.0,499.0,20.0,10.0
588.0,500.0,21.0,10.0
587.0,499.0,20.0,10.0
586.0,500.0,20.0,10.0
579.0,501.0,24.0,10.0
578.0,500.0,25.0,10.0
578.0,500.0,22.0,10.0
578.0,500.0,21.0,10.0
575.0,501.0,23.0,10.0
572.0,501.0,23.0,11.0
573.0,500.0,23.0,11.0
572.0,501.0,23.0,11.0
571.0,502.0,22.0,10.0
569.0,503.0,21.0,10.0
567.0,502.0,22.0,10.0
567.0,503.0,22.0,10.0
565.0,503.0,22.0,10.0
564.0,502.0,21.0,10.0
562.0,503.0,22.0,10.0
560.0,503.0,22.0,10.0
560.0,503.0,21.0,10.0
558.0,504.0,22.0,10.0
557.0,504.0,22.0,10.0
555.0,505.0,22.0,10.0
554.0,505.0,22.0,10.0
553.0,504.0,22.0,10.0
552.0,506.0,22.0,10.0
550.0,506.0,21.0,10.0
548.0,505.0,22.0,10.0
546.0,505.0,22.0,10.0
546.0,506.0,22.0,10.0
544.0,506.0,21.0,10.0
543.0,507.0,21.0,10.0
541.0,507.0,22.0,10.0
540.0,508.0,21.0,10.0
539.0,507.0,21.0,11.0
538.0,508.0,21.0,10.0
535.0,508.0,22.0,10.0
534.0,508.0,22.0,10.0
532.0,509.0,21.0,10.0
533.0,508.0,21.0,10.0
529.0,509.0,23.0,10.0
529.0,509.0,22.0,11.0
527.0,510.0,22.0,10.0
525.0,510.0,22.0,10.0
526.0,510.0,22.0,10.0
522.0,510.0,23.0,10.0
520.0,510.0,23.0,10.0
520.0,511.0,22.0,10.0
521.0,512.0,22.0,10.0
518.0,511.0,22.0,10.0
517.0,512.0,22.0,10.0
515.0,512.0,22.0,10.0
513.0,513.0,22.0,10.0
513.0,512.0,22.0,10.0
512.0,512.0,22.0,10.0
511.0,513.0,21.0,11.0
508.0,513.0,21.0,10.0
506.0,513.0,21.0,10.0
506.0,514.0,21.0,10.0
505.0,514.0,21.0,10.0
503.0,514.0,21.0,11.0
502.0,515.0,22.0,10.0
499.0,515.0,22.0,10.0
500.0,515.0,22.0,10.0
497.0,515.0,23.0,10.0
495.0,516.0,22.0,11.0
495.0,516.0,21.0,10.0
494.0,516.0,21.0,10.0
493.0,516.0,22.0,11.0
492.0,517.0,22.0,11.0
490.0,517.0,22.0,11.0
488.0,517.0,22.0,11.0
489.0,517.0,21.0,10.0
488.0,518.0,21.0,10.0
487.0,518.0,22.0,11.0
482.0,518.0,24.0,11.0
483.0,518.0,23.0,12.0
482.0,518.0,22.0,11.0
482.0,518.0,22.0,11.0
480.0,519.0,22.0,10.0
479.0,520.0,22.0,11.0
478.0,519.0,23.0,11.0
475.0,520.0,23.0,11.0
475.0,520.0,23.0,11.0
474.0,520.0,23.0,11.0
472.0,520.0,24.0,11.0
471.0,520.0,23.0,11.0
470.0,521.0,23.0,11.0
470.0,521.0,23.0,11.0
467.0,521.0,25.0,11.0
468.0,522.0,23.0,11.0
465.0,522.0,24.0,11.0
465.0,523.0,23.0,11.0
465.0,522.0,24.0,11.0
464.0,523.0,23.0,11.0
463.0,523.0,23.0,11.0
462.0,524.0,23.0,11.0
460.0,524.0,22.0,11.0
461.0,523.0,22.0,11.0
460.0,524.0,22.0,10.0
458.0,524.0,23.0,11.0
456.0,525.0,23.0,11.0
455.0,524.0,23.0,11.0
455.0,525.0,23.0,11.0
454.0,525.0,23.0,11.0
453.0,526.0,23.0,11.0
451.0,526.0,23.0,11.0
450.0,527.0,23.0,11.0
450.0,526.0,23.0,11.0
450.0,527.0,22.0,11.0
448.0,527.0,22.0,11.0
447.0,527.0,23.0,11.0
446.0,528.0,22.0,11.0
445.0,527.0,22.0,11.0
444.0,528.0,23.0,11.0
442.0,529.0,22.0,11.0
442.0,528.0,23.0,10.0
441.0,529.0,23.0,10.0
441.0,529.0,22.0,10.0
438.0,529.0,24.0,11.0
438.0,530.0,22.0,11.0
437.0,530.0,23.0,11.0
435.0,530.0,23.0,11.0
434.0,530.0,23.0,11.0
434.0,530.0,23.0,10.0
432.0,531.0,23.0,11.0
431.0,532.0,24.0,11.0
431.0,531.0,23.0,11.0
430.0,532.0,23.0,11.0
428.0,532.0,23.0,11.0
427.0,533.0,23.0,11.0
425.0,532.0,24.0,12.0
424.0,533.0,23.0,12.0
424.0,532.0,24.0,12.0
423.0,534.0,23.0,11.0
422.0,533.0,24.0,11.0
420.0,534.0,24.0,11.0
420.0,535.0,23.0,11.0
419.0,534.0,24.0,11.0
417.0,535.0,25.0,11.0
416.0,535.0,24.0,12.0
416.0,535.0,23.0,11.0
415.0,535.0,23.0,11.0
415.0,536.0,24.0,12.0
413.0,536.0,24.0,12.0
412.0,536.0,24.0,12.0
410.0,536.0,24.0,12.0
408.0,537.0,25.0,12.0
408.0,537.0,25.0,12.0
407.0,537.0,25.0,12.0
406.0,538.0,25.0,12.0
406.0,538.0,24.0,12.0
405.0,538.0,25.0,12.0
404.0,538.0,25.0,13.0
403.0,538.0,26.0,12.0
402.0,538.0,25.0,12.0
401.0,539.0,25.0,12.0
400.0,540.0,25.0,12.0
399.0,540.0,26.0,12.0
398.0,540.0,25.0,12.0
399.0,540.0,24.0,12.0
397.0,540.0,24.0,12.0
397.0,541.0,24.0,12.0
397.0,541.0,24.0,12.0
394.0,541.0,26.0,12.0
394.0,542.0,25.0,12.0
392.0,541.0,25.0,12.0
393.0,542.0,24.0,12.0
392.0,542.0,25.0,12.0
391.0,542.0,25.0,12.0
391.0,543.0,24.0,12.0
390.0,543.0,25.0,12.0
387.0,544.0,26.0,12.0
386.0,544.0,26.0,12.0
386.0,544.0,26.0,12.0
386.0,545.0,25.0,12.0
384.0,545.0,25.0,12.0
383.0,545.0,26.0,13.0
383.0,545.0,26.0,13.0
382.0,546.0,26.0,12.0
382.0,546.0,25.0,12.0
380.0,546.0,25.0,12.0
382.0,546.0,25.0,12.0