204.0,359.0,30.0,13.0
201.0,359.0,30.0,12.0
201.0,359.0,30.0,13.0
201.0,360.0,30.0,12.0
199.0,360.0,30.0,11.0
198.0,359.0,29.0,11.0
195.0,361.0,29.0,12.0
195.0,361.0,29.0,11.0
193.0,361.0,30.0,12.0
192.0,361.0,28.0,13.0
191.0,360.0,28.0,11.0
189.0,358.0,30.0,12.0
186.0,357.0,32.0,12.0
186.0,356.0,31.0,12.0
184.0,358.0,31.0,11.0
184.0,357.0,30.0,12.0
182.0,355.0,28.0,12.0
179.0,357.0,30.0,12.0
176.0,357.0,33.0,12.0
175.0,357.0,30.0,12.0
176.0,356.0,30.0,13.0
175.0,357.0,32.0,11.0
174.0,358.0,30.0,12.0
172.0,358.0,30.0,10.0
169.0,357.0,32.0,12.0
170.0,358.0,30.0,11.0
168.0,357.0,30.0,10.0
167.0,355.0,29.0,12.0
166.0,355.0,29.0,12.0
165.0,356.0,28.0,11.0
163.0,356.0,29.0,12.0
160.0,354.0,31.0,13.0
159.0,354.0,29.0,12.0
161.0,355.0,27.0,12.0
159.0,357.0,29.0,11.0
159.0,357.0,29.0,11.0
159.0,358.0,27.0,11.0
157.0,358.0,26.0,11.0
155.0,360.0,27.0,12.0
156.0,360.0,27.0,11.0
153.0,361.0,28.0,13.0
153.0,362.0,27.0,13.0
152.0,362.0,28.0,12.0
151.0,362.0,27.0,12.0
151.0,362.0,27.0,12.0
152.0,364.0,26.0,12.0
151.0,365.0,26.0,11.0
148.0,364.0,27.0,12.0
148.0,365.0,27.0,11.0
147.0,364.0,26.0,12.0
149.0,365.0,26.0,13.0
145.0,366.0,27.0,12.0
145.0,368.0,28.0,12.0
145.0,367.0,28.0,13.0
145.0,366.0,28.0,13.0
143.0,367.0,28.0,12.0
145.0,369.0,27.0,13.0
144.0,370.0,28.0,13.0
145.0,371.0,25.0,13.0
144.0,371.0,27.0,13.0
144.0,371.0,28.0,13.0
144.0,374.0,25.0,12.0
145.0,375.0,26.0,13.0
144.0,375.0,27.0,12.0
144.0,376.0,26.0,14.0
145.0,378.0,24.0,14.0
145.0,379.0,27.0,12.0
143.0,379.0,26.0,14.0
146.0,381.0,26.0,12.0
146.0,384.0,24.0,12.0
146.0,383.0,24.0,12.0
148.0,385.0,25.0,13.0
147.0,385.0,26.0,13.0
147.0,385.0,26.0,13.0
149.0,385.0,24.0,14.0
150.0,387.0,25.0,12.0
150.0,388.0,24.0,13.0
151.0,387.0,23.0,13.0
152.0,388.0,23.0,14.0
153.0,389.0,24.0,15.0
155.0,390.0,22.0,14.0
156.0,391.0,23.0,14.0
155.0,392.0,23.0,14.0
155.0,393.0,25.0,14.0
157.0,395.0,25.0,15.0
158.0,395.0,24.0,16.0
161.0,396.0,23.0,17.0
162.0,397.0,24.0,16.0
163.0,401.0,23.0,16.0
166.0,404.0,22.0,15.0
168.0,404.0,23.0,15.0
169.0,404.0,24.0,16.0
169.0,404.0,23.0,16.0
171.0,406.0,24.0,16.0
176.0,405.0,23.0,17.0
176.0,408.0,23.0,16.0
177.0,408.0,25.0,16.0
182.0,410.0,21.0,16.0
184.0,410.0,23.0,16.0
185.0,412.0,23.0,16.0
189.0,415.0,22.0,15.0
193.0,417.0,21.0,15.0
192.0,417.0,22.0,16.0
195.0,418.0,22.0,15.0
198.0,419.0,22.0,14.0
201.0,421.0,22.0,14.0
205.0,424.0,21.0,14.0
209.0,425.0,21.0,13.0
212.0,427.0,20.0,14.0
216.0,428.0,21.0,15.0
218.0,429.0,22.0,13.0
218.0,429.0,22.0,14.0
222.0,428.0,22.0,15.0
226.0,429.0,21.0,12.0
230.0,431.0,22.0,13.0
233.0,432.0,22.0,13.0
238.0,432.0,21.0,14.0
241.0,431.0,22.0,14.0
243.0,431.0,23.0,12.0
248.0,431.0,22.0,12.0
252.0,432.0,21.0,15.0
253.0,431.0,20.0,14.0
256.0,433.0,23.0,13.0
261.0,434.0,22.0,14.0
265.0,434.0,22.0,13.0
271.0,436.0,21.0,12.0
273.0,434.0,24.0,12.0
278.0,432.0,20.0,14.0
282.0,431.0,21.0,14.0
286.0,432.0,21.0,13.0
286.0,432.0,21.0,12.0
291.0,432.0,21.0,11.0
295.0,432.0,20.0,10.0
300.0,431.0,20.0,10.0
302.0,431.0,23.0,10.0
303.0,432.0,23.0,11.0
309.0,432.0,22.0,12.0
313.0,433.0,23.0,12.0
316.0,434.0,23.0,12.0
320.0,435.0,23.0,11.0
320.0,435.0,22.0,11.0
324.0,434.0,21.0,11.0
327.0,434.0,21.0,12.0
329.0,432.0,22.0,11.0
331.0,432.0,22.0,11.0
330.0,431.0,24.0,11.0
328.0,430.0,22.0,11.0
326.0,430.0,23.0,11.0
320.0,429.0,22.0,11.0
320.0,429.0,22.0,11.0
314.0,427.0,22.0,11.0
309.0,426.0,21.0,14.0
303.0,423.0,20.0,14.0
295.0,421.0,22.0,13.0
287.0,417.0,21.0,13.0
278.0,416.0,19.0,13.0
272.0,413.0,20.0,14.0
266.0,411.0,22.0,13.0
266.0,407.0,20.0,14.0
266.0,407.0,19.0,13.0
264.0,402.0,22.0,14.0
264.0,397.0,20.0,15.0
265.0,390.0,22.0,15.0
267.0,384.0,20.0,14.0
266.0,376.0,20.0,15.0
266.0,367.0,21.0,15.0
269.0,359.0,20.0,16.0
270.0,349.0,20.0,18.0
270.0,348.0,21.0,18.0
270.0,338.0,21.0,17.0
271.0,329.0,21.0,17.0
270.0,320.0,21.0,17.0
270.0,311.0,21.0,17.0
270.0,302.0,21.0,18.0
270.0,294.0,20.0,17.0
269.0,286.0,21.0,18.0
267.0,278.0,22.0,18.0
267.0,269.0,23.0,19.0
267.0,269.0,23.0,18.0
265.0,264.0,23.0,19.0
265.0,254.0,22.0,21.0
263.0,249.0,21.0,21.0
261.0,245.0,22.0,20.0
259.0,243.0,21.0,21.0
256.0,245.0,22.0,20.0
254.0,247.0,21.0,20.0
252.0,249.0,20.0,20.0
252.0,248.0,21.0,20.0
248.0,249.0,22.0,21.0
246.0,248.0,22.0,22.0
243.0,249.0,21.0,22.0
242.0,250.0,21.0,22.0
239.0,250.0,22.0,21.0
237.0,255.0,22.0,20.0
237.0,257.0,21.0,22.0
237.0,263.0,21.0,22.0
235.0,271.0,23.0,22.0
235.0,271.0,23.0,22.0
236.0,275.0,21.0,23.0
236.0,282.0,23.0,23.0
235.0,289.0,21.0,24.0
235.0,297.0,22.0,22.0
234.0,303.0,22.0,21.0
234.0,306.0,23.0,23.0
233.0,311.0,23.0,22.0
234.0,314.0,24.0,22.0
238.0,319.0,22.0,21.0
238.0,319.0,22.0,22.0
240.0,322.0,23.0,22.0
244.0,325.0,24.0,23.0
250.0,332.0,23.0,22.0
255.0,336.0,24.0,23.0
261.0,344.0,25.0,22.0
265.0,349.0,23.0,24.0
272.0,353.0,24.0,24.0
274.0,357.0,25.0,25.0
274.0,357.0,25.0,24.0
278.0,359.0,24.0,24.0
284.0,362.0,23.0,23.0
284.0,366.0,26.0,22.0
286.0,368.0,25.0,22.0
286.0,369.0,25.0,21.0
287.0,371.0,25.0,20.0
286.0,372.0,25.0,21.0
287.0,370.0,26.0,21.0
286.0,369.0,26.0,21.0
286.0,370.0,26.0,21.0
284.0,365.0,27.0,21.0
282.0,360.0,28.0,22.0
281.0,356.0,28.0,21.0
279.0,350.0,29.0,21.0
279.0,348.0,27.0,21.0
279.0,344.0,30.0,22.0
281.0,343.0,28.0,24.0
283.0,340.0,28.0,23.0
283.0,341.0,28.0,23.0
285.0,339.0,29.0,22.0
286.0,338.0,30.0,24.0
290.0,334.0,31.0,24.0
293.0,330.0,30.0,22.0
297.0,326.0,31.0,25.0
301.0,322.0,31.0,24.0
307.0,320.0,31.0,23.0
312.0,320.0,32.0,24.0
318.0,319.0,31.0,23.0
318.0,318.0,30.0,24.0
323.0,317.0,32.0,22.0
329.0,316.0,33.0,24.0
336.0,313.0,34.0,24.0
343.0,311.0,34.0,23.0
351.0,311.0,33.0,24.0
359.0,309.0,34.0,24.0
367.0,310.0,33.0,24.0
371.0,310.0,36.0,24.0
370.0,312.0,36.0,24.0
380.0,311.0,35.0,24.0
390.0,315.0,33.0,23.0
399.0,316.0,33.0,23.0
407.0,318.0,33.0,22.0
414.0,320.0,36.0,24.0
424.0,320.0,35.0,25.0
432.0,324.0,35.0,23.0
439.0,326.0,35.0,25.0
448.0,327.0,34.0,24.0
446.0,327.0,35.0,24.0
453.0,329.0,36.0,23.0
459.0,332.0,37.0,22.0
465.0,336.0,37.0,22.0
472.0,338.0,37.0,22.0
480.0,340.0,34.0,23.0
486.0,341.0,37.0,21.0
492.0,341.0,36.0,22.0
496.0,343.0,38.0,18.0
496.0,342.0,38.0,19.0
501.0,342.0,35.0,18.0
504.0,341.0,37.0,19.0
508.0,338.0,36.0,19.0
512.0,337.0,38.0,19.0
516.0,336.0,37.0,19.0
520.0,336.0,36.0,19.0
518.0,340.0,36.0,18.0
519.0,342.0,35.0,16.0
519.0,345.0,34.0,17.0
518.0,345.0,34.0,18.0
517.0,347.0,35.0,13.0
514.0,350.0,34.0,17.0
511.0,352.0,33.0,14.0
507.0,356.0,35.0,14.0
506.0,359.0,34.0,13.0
503.0,364.0,33.0,12.0
501.0,367.0,32.0,13.0
495.0,369.0,33.0,13.0
495.0,370.0,34.0,14.0
493.0,371.0,33.0,13.0
489.0,373.0,33.0,11.0
487.0,370.0,32.0,14.0
481.0,368.0,35.0,13.0
481.0,365.0,31.0,14.0
474.0,365.0,35.0,12.0
470.0,363.0,37.0,14.0
464.0,361.0,33.0,12.0
460.0,359.0,31.0,14.0
460.0,359.0,32.0,15.0
457.0,356.0,31.0,14.0
451.0,352.0,35.0,15.0
449.0,348.0,36.0,12.0
444.0,341.0,29.0,13.0
441.0,335.0,31.0,13.0
436.0,328.0,37.0,16.0
433.0,325.0,38.0,13.0
432.0,319.0,33.0,12.0
432.0,312.0,29.0,13.0
433.0,312.0,28.0,13.0
430.0,303.0,28.0,14.0
426.0,292.0,30.0,13.0
424.0,280.0,29.0,15.0
421.0,268.0,29.0,12.0
419.0,257.0,29.0,11.0
416.0,246.0,28.0,12.0
413.0,236.0,28.0,13.0
412.0,227.0,25.0,14.0
412.0,227.0,24.0,14.0
409.0,220.0,27.0,12.0
408.0,214.0,30.0,13.0
405.0,207.0,31.0,15.0
404.0,206.0,30.0,13.0
401.0,199.0,31.0,14.0
399.0,194.0,30.0,14.0
399.0,188.0,28.0,14.0
400.0,183.0,28.0,14.0
399.0,181.0,27.0,13.0
399.0,180.0,27.0,13.0
398.0,176.0,26.0,11.0
397.0,173.0,26.0,13.0
395.0,168.0,27.0,13.0
392.0,162.0,29.0,12.0
391.0,158.0,29.0,10.0
386.0,151.0,28.0,11.0
385.0,145.0,29.0,11.0
383.0,140.0,26.0,11.0
384.0,140.0,26.0,11.0
382.0,136.0,26.0,11.0
380.0,134.0,26.0,11.0
380.0,130.0,25.0,13.0
376.0,127.0,25.0,10.0
374.0,124.0,25.0,10.0
369.0,121.0,27.0,10.0
367.0,117.0,25.0,11.0
366.0,111.0,26.0,10.0
362.0,105.0,26.0,10.0
361.0,105.0,26.0,10.0
361.0,99.0,23.0,10.0
359.0,93.0,25.0,10.0
355.0,84.0,27.0,10.0
355.0,77.0,25.0,10.0
352.0,71.0,24.0,10.0
344.0,66.0,23.0,10.0
345.0,63.0,24.0,10.0
342.0,61.0,25.0,10.0
342.0,61.0,25.0,10.0
338.0,60.0,26.0,10.0
338.0,58.0,24.0,11.0
336.0,59.0,24.0,10.0
336.0,58.0,24.0,10.0
334.0,60.0,23.0,10.0
330.0,63.0,23.0,10.0
327.0,66.0,22.0,10.0
320.0,66.0,25.0,10.0
320.0,67.0,24.0,10.0
319.0,66.0,24.0,10.0
313.0,68.0,26.0,10.0
312.0,71.0,23.0,10.0
307.0,73.0,23.0,10.0
304.0,76.0,23.0,10.0
301.0,79.0,25.0,10.0
301.0,83.0,25.0,10.0
300.0,88.0,25.0,10.0
297.0,93.0,22.0,10.0
296.0,94.0,22.0,10.0
293.0,99.0,26.0,10.0
291.0,103.0,24.0,10.0
290.0,108.0,23.0,10.0
288.0,112.0,27.0,10.0
288.0,118.0,27.0,10.0
286.0,126.0,29.0,10.0
286.0,135.0,27.0,10.0
288.0,144.0,30.0,10.0
288.0,148.0,30.0,10.0
288.0,149.0,30.0,10.0
291.0,152.0,28.0,10.0
294.0,156.0,26.0,10.0
295.0,159.0,26.0,10.0
298.0,159.0,27.0,10.0
297.0,161.0,28.0,10.0
299.0,162.0,28.0,10.0
301.0,160.0,26.0,10.0
303.0,159.0,29.0,10.0
304.0,160.0,28.0,10.0
304.0,160.0,29.0,10.0
306.0,157.0,28.0,10.0
305.0,155.0,29.0,10.0
307.0,155.0,29.0,10.0
306.0,157.0,30.0,10.0
311.0,158.0,28.0,10.0
311.0,161.0,27.0,10.0
312.0,160.0,29.0,10.0
312.0,162.0,28.0,10.0
312.0,162.0,29.0,10.0
312.0,166.0,29.0,10.0
312.0,171.0,30.0,10.0
313.0,177.0,29.0,10.0
311.0,184.0,32.0,10.0
311.0,192.0,32.0,10.0
312.0,201.0,32.0,10.0
313.0,210.0,31.0,10.0
312.0,220.0,33.0,11.0
312.0,230.0,32.0,10.0
313.0,230.0,32.0,10.0
312.0,239.0,35.0,11.0
313.0,249.0,31.0,11.0
312.0,257.0,34.0,11.0
312.0,263.0,32.0,10.0
311.0,267.0,31.0,12.0
309.0,271.0,33.0,11.0
312.0,275.0,32.0,11.0
309.0,279.0,33.0,11.0
308.0,279.0,35.0,11.0
310.0,284.0,34.0,12.0
308.0,286.0,34.0,11.0
307.0,287.0,35.0,10.0
306.0,288.0,33.0,11.0
305.0,288.0,36.0,10.0
304.0,288.0,35.0,12.0
307.0,290.0,32.0,13.0
302.0,295.0,34.0,10.0
302.0,298.0,31.0,11.0
303.0,298.0,31.0,11.0
299.0,301.0,35.0,10.0
296.0,302.0,35.0,10.0
294.0,301.0,37.0,11.0
294.0,298.0,35.0,12.0
292.0,297.0,37.0,10.0
289.0,295.0,36.0,11.0
289.0,292.0,36.0,12.0
287.0,290.0,36.0,11.0
287.0,291.0,36.0,11.0
283.0,289.0,36.0,12.0
283.0,288.0,37.0,12.0
280.0,286.0,38.0,13.0
278.0,287.0,37.0,12.0
278.0,285.0,37.0,10.0
275.0,285.0,35.0,10.0
272.0,284.0,38.0,11.0
271.0,280.0,36.0,11.0
267.0,279.0,37.0,12.0
267.0,279.0,37.0,11.0
266.0,276.0,39.0,12.0
261.0,274.0,41.0,12.0
259.0,274.0,40.0,13.0
258.0,274.0,40.0,13.0
257.0,272.0,38.0,13.0
255.0,270.0,39.0,14.0
252.0,271.0,39.0,12.0
251.0,268.0,38.0,12.0
251.0,267.0,39.0,12.0
248.0,265.0,39.0,12.0
248.0,264.0,39.0,14.0
244.0,262.0,41.0,15.0
243.0,262.0,42.0,15.0
243.0,263.0,41.0,17.0
245.0,265.0,42.0,15.0
246.0,265.0,41.0,14.0
245.0,265.0,44.0,15.0
249.0,269.0,41.0,14.0
248.0,270.0,41.0,13.0
246.0,269.0,44.0,14.0
247.0,271.0,43.0,14.0
246.0,272.0,44.0,15.0
245.0,272.0,43.0,15.0
242.0,274.0,45.0,13.0
243.0,273.0,44.0,15.0
242.0,276.0,46.0,13.0
239.0,275.0,45.0,15.0
239.0,275.0,46.0,15.0
239.0,277.0,47.0,15.0
237.0,278.0,47.0,14.0
238.0,277.0,46.0,15.0
239.0,274.0,45.0,15.0
236.0,275.0,44.0,14.0
235.0,273.0,46.0,16.0
235.0,271.0,47.0,15.0
235.0,272.0,46.0,14.0
233.0,269.0,46.0,16.0
233.0,269.0,46.0,17.0
234.0,270.0,46.0,17.0
233.0,268.0,46.0,15.0
233.0,267.0,46.0,17.0
234.0,262.0,45.0,18.0
232.0,263.0,47.0,17.0
232.0,262.0,45.0,15.0
233.0,259.0,47.0,14.0
234.0,255.0,46.0,17.0
231.0,253.0,48.0,16.0
231.0,252.0,48.0,17.0
231.0,253.0,50.0,15.0
231.0,254.0,49.0,15.0
231.0,253.0,49.0,15.0
229.0,254.0,53.0,16.0
231.0,254.0,49.0,17.0
231.0,256.0,50.0,15.0
230.0,263.0,52.0,16.0
230.0,267.0,54.0,16.0
229.0,267.0,55.0,15.0
230.0,273.0,52.0,15.0
231.0,278.0,52.0,16.0
231.0,284.0,54.0,16.0
232.0,289.0,51.0,15.0
230.0,295.0,55.0,15.0
231.0,297.0,55.0,16.0
232.0,299.0,55.0,16.0
232.0,297.0,57.0,16.0
233.0,300.0,56.0,15.0
233.0,299.0,57.0,15.0
236.0,300.0,57.0,15.0
235.0,299.0,57.0,15.0
235.0,299.0,58.0,16.0
239.0,299.0,59.0,17.0
237.0,301.0,61.0,12.0
238.0,300.0,60.0,15.0
236.0,301.0,64.0,14.0
240.0,302.0,60.0,16.0
239.0,301.0,61.0,16.0
242.0,303.0,65.0,15.0
240.0,305.0,61.0,15.0
242.0,305.0,63.0,16.0
242.0,303.0,65.0,17.0
241.0,301.0,67.0,17.0
242.0,302.0,64.0,16.0
242.0,303.0,63.0,15.0
243.0,302.0,66.0,15.0
245.0,304.0,65.0,15.0
245.0,305.0,65.0,15.0
244.0,305.0,67.0,18.0
248.0,307.0,67.0,16.0
247.0,309.0,63.0,15.0
247.0,312.0,68.0,16.0
246.0,317.0,71.0,17.0
248.0,321.0,65.0,16.0
250.0,324.0,70.0,17.0
252.0,328.0,65.0,17.0
252.0,328.0,66.0,16.0
252.0,330.0,67.0,16.0
251.0,332.0,69.0,16.0
253.0,333.0,64.0,16.0
252.0,333.0,66.0,16.0
252.0,336.0,69.0,18.0
251.0,336.0,68.0,16.0
254.0,335.0,72.0,17.0
254.0,337.0,70.0,17.0
253.0,338.0,73.0,17.0
252.0,337.0,73.0,18.0
256.0,340.0,77.0,19.0
256.0,342.0,71.0,16.0
257.0,344.0,72.0,16.0
259.0,346.0,70.0,17.0
257.0,348.0,72.0,18.0
257.0,349.0,73.0,17.0
261.0,351.0,68.0,16.0
264.0,351.0,68.0,17.0
264.0,351.0,68.0,17.0
263.0,353.0,70.0,18.0
265.0,355.0,70.0,19.0
266.0,358.0,70.0,17.0
267.0,358.0,70.0,15.0
266.0,360.0,71.0,17.0
270.0,357.0,70.0,18.0
271.0,355.0,70.0,19.0
270.0,352.0,71.0,18.0
274.0,345.0,71.0,20.0
272.0,345.0,72.0,20.0
274.0,340.0,72.0,20.0
275.0,334.0,73.0,22.0
277.0,332.0,70.0,20.0
279.0,327.0,71.0,21.0
280.0,321.0,68.0,22.0
281.0,318.0,68.0,21.0
285.0,316.0,67.0,19.0
287.0,314.0,67.0,19.0
287.0,314.0,66.0,19.0
287.0,310.0,70.0,21.0
288.0,307.0,70.0,20.0
290.0,306.0,67.0,19.0
291.0,302.0,67.0,19.0
294.0,302.0,65.0,17.0
294.0,300.0,67.0,18.0
298.0,299.0,62.0,18.0
295.0,297.0,69.0,18.0
298.0,295.0,67.0,17.0
299.0,296.0,65.0,15.0
299.0,294.0,69.0,17.0
300.0,293.0,66.0,16.0
304.0,291.0,66.0,18.0
305.0,287.0,65.0,18.0
307.0,288.0,64.0,15.0
306.0,286.0,68.0,16.0
310.0,286.0,63.0,15.0
311.0,286.0,65.0,15.0
312.0,286.0,67.0,17.0
311.0,286.0,67.0,16.0
318.0,283.0,61.0,17.0
318.0,280.0,63.0,17.0
318.0,278.0,63.0,17.0
321.0,275.0,63.0,19.0
319.0,270.0,65.0,19.0
321.0,266.0,62.0,20.0
323.0,261.0,59.0,20.0
322.0,255.0,61.0,19.0
323.0,255.0,62.0,20.0
326.0,248.0,60.0,20.0
322.0,242.0,62.0,21.0
325.0,237.0,58.0,21.0
325.0,233.0,57.0,22.0
326.0,228.0,59.0,23.0
327.0,223.0,57.0,22.0
328.0,220.0,55.0,24.0
328.0,217.0,57.0,25.0
325.0,216.0,58.0,24.0
326.0,216.0,57.0,24.0
328.0,213.0,55.0,24.0
328.0,209.0,54.0,23.0
326.0,207.0,55.0,24.0
326.0,204.0,53.0,23.0
321.0,201.0,56.0,23.0
324.0,198.0,52.0,24.0
321.0,197.0,58.0,23.0
321.0,195.0,54.0,23.0
320.0,197.0,55.0,23.0
322.0,195.0,55.0,22.0
322.0,198.0,54.0,21.0
322.0,201.0,54.0,20.0
322.0,199.0,56.0,23.0
321.0,200.0,57.0,22.0
320.0,201.0,55.0,23.0
318.0,204.0,56.0,21.0
318.0,208.0,55.0,21.0
316.0,212.0,54.0,21.0
316.0,211.0,54.0,21.0
315.0,216.0,55.0,19.0
313.0,218.0,56.0,19.0
313.0,220.0,55.0,19.0
309.0,221.0,57.0,19.0
309.0,221.0,56.0,19.0
305.0,223.0,58.0,18.0
303.0,224.0,56.0,17.0
300.0,225.0,59.0,18.0
301.0,226.0,58.0,18.0
298.0,231.0,58.0,17.0
295.0,234.0,57.0,17.0
290.0,237.0,60.0,17.0
289.0,239.0,55.0,13.0
288.0,236.0,56.0,15.0
284.0,235.0,56.0,15.0
281.0,234.0,58.0,15.0
278.0,232.0,58.0,15.0
275.0,233.0,59.0,13.0
274.0,234.0,59.0,13.0
272.0,231.0,55.0,14.0
272.0,229.0,57.0,14.0
271.0,226.0,56.0,15.0
271.0,228.0,56.0,13.0
272.0,229.0,56.0,13.0
272.0,228.0,59.0,14.0
271.0,228.0,55.0,13.0
271.0,226.0,58.0,13.0
273.0,227.0,57.0,12.0
269.0,225.0,56.0,13.0
270.0,223.0,55.0,15.0
269.0,222.0,56.0,13.0
268.0,220.0,55.0,14.0
268.0,219.0,56.0,14.0
271.0,217.0,50.0,14.0
267.0,216.0,55.0,13.0
268.0,215.0,55.0,14.0
266.0,213.0,55.0,15.0
267.0,212.0,55.0,15.0
266.0,209.0,57.0,15.0
269.0,210.0,52.0,13.0
270.0,210.0,54.0,13.0
269.0,208.0,56.0,14.0
269.0,208.0,57.0,16.0
267.0,210.0,62.0,15.0
268.0,211.0,58.0,17.0
269.0,213.0,61.0,17.0
269.0,213.0,62.0,18.0
271.0,216.0,56.0,14.0
273.0,216.0,56.0,14.0
280.0,215.0,48.0,15.0
273.0,213.0,55.0,13.0
272.0,211.0,58.0,15.0
271.0,213.0,59.0,14.0
271.0,211.0,59.0,15.0
272.0,210.0,56.0,16.0
269.0,212.0,55.0,15.0
268.0,211.0,56.0,15.0
272.0,209.0,55.0,16.0
272.0,207.0,50.0,13.0
267.0,205.0,59.0,16.0
269.0,201.0,58.0,17.0
267.0,198.0,59.0,16.0
269.0,198.0,56.0,14.0
268.0,199.0,58.0,13.0
269.0,198.0,54.0,13.0
269.0,198.0,51.0,11.0
269.0,199.0,53.0,12.0
271.0,199.0,51.0,13.0
269.0,196.0,51.0,13.0
267.0,193.0,57.0,13.0
266.0,194.0,57.0,12.0
266.0,194.0,58.0,13.0
265.0,194.0,59.0,11.0
268.0,194.0,57.0,13.0
272.0,197.0,52.0,11.0
277.0,197.0,46.0,11.0
266.0,196.0,55.0,12.0
264.0,195.0,59.0,13.0
267.0,197.0,58.0,12.0
269.0,200.0,57.0,10.0
267.0,199.0,58.0,14.0
268.0,201.0,57.0,12.0
273.0,203.0,51.0,10.0
277.0,202.0,50.0,11.0
285.0,202.0,44.0,11.0
288.0,203.0,39.0,11.0
289.0,202.0,36.0,11.0
288.0,203.0,36.0,12.0
288.0,206.0,40.0,11.0
267.0,204.0,49.0,13.0
283.0,204.0,48.0,13.0
270.0,207.0,60.0,12.0
269.0,205.0,62.0,15.0
267.0,205.0,65.0,14.0
267.0,205.0,65.0,14.0
270.0,206.0,64.0,16.0
266.0,206.0,67.0,15.0
271.0,207.0,64.0,14.0
271.0,207.0,62.0,14.0
270.0,206.0,67.0,14.0
272.0,206.0,62.0,14.0
272.0,208.0,65.0,13.0
273.0,209.0,65.0,15.0
273.0,212.0,67.0,15.0
273.0,210.0,67.0,16.0
271.0,213.0,68.0,17.0
274.0,214.0,65.0,14.0
274.0,214.0,70.0,15.0
276.0,214.0,68.0,15.0
275.0,214.0,67.0,16.0
277.0,214.0,68.0,17.0
276.0,215.0,71.0,16.0
275.0,215.0,71.0,16.0
275.0,216.0,71.0,16.0
279.0,217.0,70.0,15.0
279.0,217.0,69.0,18.0
278.0,216.0,70.0,18.0
281.0,218.0,67.0,15.0
278.0,216.0,71.0,16.0
279.0,215.0,74.0,17.0
280.0,216.0,73.0,17.0
280.0,212.0,75.0,19.0
278.0,210.0,79.0,21.0
279.0,210.0,78.0,20.0
278.0,207.0,77.0,19.0
279.0,205.0,78.0,19.0
279.0,206.0,74.0,17.0
282.0,201.0,76.0,20.0
281.0,201.0,82.0,19.0
280.0,202.0,81.0,18.0
282.0,201.0,80.0,19.0
284.0,203.0,76.0,17.0
283.0,203.0,77.0,17.0
284.0,204.0,77.0,17.0
286.0,206.0,75.0,19.0
285.0,207.0,79.0,19.0
286.0,208.0,78.0,19.0
285.0,209.0,77.0,18.0
285.0,209.0,79.0,19.0
282.0,212.0,79.0,18.0
286.0,213.0,77.0,19.0
284.0,217.0,78.0,19.0
285.0,217.0,79.0,18.0
286.0,220.0,75.0,16.0
280.0,219.0,83.0,21.0
274.0,218.0,91.0,19.0
272.0,219.0,91.0,20.0
273.0,219.0,93.0,19.0
273.0,220.0,90.0,19.0
271.0,220.0,94.0,19.0
272.0,221.0,91.0,18.0
272.0,222.0,91.0,19.0
271.0,222.0,91.0,18.0
273.0,222.0,87.0,18.0
274.0,222.0,86.0,17.0
272.0,219.0,88.0,22.0
266.0,217.0,96.0,22.0
266.0,214.0,96.0,31.0
263.0,216.0,96.0,26.0
262.0,215.0,98.0,27.0
262.0,219.0,96.0,28.0
255.0,220.0,103.0,29.0
248.0,222.0,112.0,31.0
257.0,227.0,104.0,26.0
252.0,229.0,107.0,29.0
251.0,234.0,104.0,26.0
260.0,237.0,98.0,32.0
245.0,238.0,109.0,32.0
249.0,243.0,100.0,32.0
243.0,242.0,106.0,36.0
244.0,247.0,108.0,30.0
240.0,248.0,111.0,29.0
236.0,251.0,111.0,28.0
243.0,254.0,103.0,27.0
226.0,256.0,114.0,28.0
231.0,255.0,110.0,29.0
224.0,260.0,112.0,26.0
229.0,266.0,110.0,26.0
220.0,268.0,118.0,27.0
232.0,270.0,102.0,25.0
225.0,270.0,108.0,25.0
211.0,272.0,114.0,25.0
219.0,275.0,111.0,33.0
208.0,285.0,115.0,22.0
198.0,292.0,128.0,24.0
199.0,295.0,118.0,22.0
195.0,304.0,108.0,24.0
193.0,307.0,121.0,22.0
189.0,312.0,107.0,26.0
187.0,315.0,125.0,27.0
190.0,315.0,123.0,24.0
185.0,317.0,127.0,30.0
180.0,324.0,123.0,31.0
182.0,328.0,120.0,28.0
177.0,332.0,121.0,28.0
176.0,336.0,122.0,29.0
178.0,342.0,118.0,28.0
174.0,348.0,117.0,27.0
170.0,350.0,119.0,27.0
170.0,351.0,118.0,26.0
168.0,353.0,124.0,28.0
171.0,360.0,113.0,27.0
169.0,362.0,115.0,28.0
169.0,365.0,115.0,26.0
171.0,370.0,108.0,28.0
171.0,373.0,109.0,27.0
164.0,374.0,117.0,27.0
164.0,371.0,110.0,31.0
167.0,367.0,109.0,33.0
164.0,368.0,110.0,30.0
168.0,364.0,107.0,32.0
167.0,359.0,111.0,33.0
167.0,352.0,108.0,34.0
171.0,346.0,106.0,34.0
170.0,338.0,107.0,32.0
172.0,332.0,103.0,31.0
177.0,326.0,100.0,34.0
173.0,319.0,103.0,31.0
172.0,318.0,103.0,32.0
176.0,309.0,102.0,33.0
175.0,303.0,102.0,32.0
179.0,297.0,99.0,32.0
178.0,291.0,102.0,32.0
183.0,287.0,97.0,32.0
179.0,284.0,104.0,31.0
184.0,283.0,100.0,31.0
189.0,278.0,95.0,34.0
188.0,276.0,97.0,32.0
187.0,276.0,98.0,33.0
191.0,274.0,99.0,33.0
191.0,271.0,99.0,32.0
193.0,269.0,95.0,31.0
195.0,266.0,96.0,29.0
196.0,265.0,97.0,28.0
202.0,262.0,94.0,30.0
207.0,260.0,95.0,31.0
211.0,256.0,93.0,30.0
209.0,257.0,93.0,29.0
214.0,253.0,92.0,30.0
219.0,250.0,90.0,29.0
224.0,251.0,86.0,26.0
228.0,248.0,88.0,27.0
229.0,244.0,89.0,27.0
231.0,242.0,85.0,30.0
235.0,241.0,88.0,24.0
239.0,240.0,81.0,24.0
234.0,236.0,92.0,22.0
234.0,238.0,91.0,18.0
230.0,233.0,89.0,23.0
232.0,231.0,85.0,23.0
233.0,225.0,90.0,23.0
227.0,223.0,92.0,20.0
231.0,221.0,86.0,20.0
252.0,219.0,70.0,19.0
236.0,219.0,83.0,21.0
235.0,215.0,79.0,22.0
222.0,211.0,95.0,23.0
222.0,208.0,97.0,25.0
218.0,208.0,99.0,20.0
235.0,208.0,82.0,18.0
227.0,202.0,95.0,21.0
232.0,201.0,90.0,20.0
241.0,196.0,81.0,22.0
239.0,196.0,84.0,21.0
243.0,193.0,81.0,22.0
242.0,188.0,87.0,23.0
242.0,188.0,90.0,23.0
242.0,187.0,86.0,22.0
240.0,186.0,87.0,22.0
242.0,182.0,80.0,22.0
235.0,182.0,89.0,23.0
230.0,179.0,86.0,22.0
230.0,177.0,81.0,21.0
227.0,175.0,83.0,22.0
222.0,173.0,84.0,21.0
216.0,172.0,83.0,21.0
220.0,172.0,81.0,21.0
215.0,171.0,85.0,20.0
212.0,168.0,86.0,21.0
214.0,168.0,78.0,20.0
220.0,164.0,79.0,22.0
217.0,161.0,83.0,21.0
240.0,160.0,62.0,21.0
228.0,160.0,73.0,18.0
215.0,157.0,86.0,20.0
214.0,156.0,85.0,22.0
207.0,153.0,94.0,25.0
229.0,153.0,75.0,23.0
217.0,149.0,85.0,22.0
215.0,143.0,84.0,24.0
233.0,141.0,78.0,23.0
255.0,140.0,59.0,22.0
257.0,140.0,52.0,20.0
258.0,136.0,56.0,22.0
265.0,136.0,54.0,20.0
265.0,136.0,53.0,21.0
263.0,136.0,51.0,18.0
261.0,132.0,33.0,22.0
263.0,129.0,23.0,25.0
264.0,130.0,21.0,21.0
265.0,133.0,20.0,18.0
267.0,133.0,18.0,21.0
260.0,137.0,24.0,22.0
258.0,144.0,24.0,18.0
259.0,144.0,23.0,18.0
258.0,147.0,26.0,19.0
255.0,146.0,24.0,24.0
251.0,151.0,24.0,24.0
251.0,159.0,26.0,20.0
251.0,159.0,25.0,24.0
249.0,161.0,27.0,21.0
249.0,161.0,27.0,23.0
247.0,168.0,26.0,22.0
241.0,170.0,29.0,22.0
242.0,168.0,28.0,23.0
241.0,170.0,30.0,23.0
240.0,173.0,29.0,21.0
239.0,173.0,28.0,23.0
238.0,175.0,30.0,21.0
236.0,175.0,26.0,23.0
237.0,179.0,27.0,20.0
238.0,173.0,24.0,22.0
236.0,172.0,23.0,24.0
236.0,171.0,23.0,25.0
237.0,176.0,23.0,22.0
231.0,178.0,25.0,24.0
229.0,184.0,27.0,23.0
237.0,177.0,20.0,23.0
230.0,186.0,25.0,21.0
230.0,184.0,26.0,22.0
231.0,183.0,22.0,25.0
231.0,189.0,23.0,18.0
231.0,188.0,16.0,19.0
232.0,188.0,16.0,19.0
231.0,190.0,15.0,19.0
232.0,194.0,16.0,16.0
233.0,195.0,14.0,16.0
233.0,194.0,12.0,17.0
232.0,194.0,13.0,18.0
232.0,194.0,13.0,17.0
232.0,197.0,11.0,18.0
232.0,189.0,10.0,22.0
232.0,188.0,10.0,23.0
228.0,202.0,17.0,11.0
233.0,199.0,12.0,12.0
230.0,197.0,13.0,10.0
231.0,190.0,12.0,13.0
230.0,186.0,11.0,13.0
228.0,185.0,15.0,10.0
228.0,178.0,13.0,13.0
226.0,173.0,15.0,13.0
224.0,174.0,19.0,11.0
224.0,173.0,19.0,11.0
222.0,172.0,19.0,14.0
218.0,173.0,20.0,14.0
215.0,174.0,22.0,14.0
220.0,175.0,20.0,17.0
221.0,175.0,35.0,15.0
212.0,178.0,44.0,16.0
195.0,179.0,71.0,15.0
173.0,179.0,97.0,21.0
170.0,179.0,97.0,20.0
170.0,179.0,96.0,20.0
168.0,177.0,97.0,21.0
171.0,180.0,92.0,23.0
170.0,181.0,92.0,22.0
169.0,179.0,92.0,22.0
169.0,182.0,91.0,20.0
168.0,180.0,89.0,21.0
168.0,183.0,90.0,21.0
168.0,184.0,89.0,22.0
168.0,183.0,90.0,23.0
167.0,184.0,86.0,19.0
168.0,187.0,86.0,21.0
166.0,185.0,86.0,21.0
165.0,188.0,84.0,17.0
164.0,187.0,84.0,18.0
165.0,188.0,80.0,17.0
163.0,187.0,83.0,18.0
164.0,186.0,81.0,17.0
165.0,179.0,83.0,22.0
165.0,179.0,83.0,21.0
167.0,182.0,78.0,16.0
170.0,181.0,78.0,18.0
170.0,178.0,81.0,19.0
173.0,177.0,78.0,18.0
178.0,172.0,80.0,21.0
180.0,174.0,77.0,19.0
183.0,171.0,78.0,22.0
189.0,167.0,76.0,24.0
189.0,169.0,68.0,23.0
196.0,166.0,73.0,27.0
198.0,166.0,73.0,28.0
202.0,167.0,72.0,30.0
205.0,163.0,74.0,29.0
203.0,164.0,77.0,25.0
209.0,161.0,66.0,28.0
220.0,160.0,62.0,21.0
232.0,162.0,41.0,20.0
237.0,194.0,26.0,14.0
237.0,194.0,25.0,13.0
241.0,194.0,25.0,13.0
245.0,194.0,25.0,13.0
248.0,192.0,23.0,15.0
252.0,195.0,23.0,14.0
253.0,198.0,24.0,13.0
256.0,200.0,26.0,12.0
257.0,201.0,26.0,13.0
260.0,198.0,24.0,13.0
259.0,199.0,25.0,12.0
260.0,198.0,24.0,13.0
262.0,194.0,25.0,14.0
264.0,194.0,23.0,13.0
264.0,194.0,24.0,14.0
266.0,194.0,23.0,13.0
265.0,193.0,23.0,12.0
265.0,191.0,25.0,13.0
267.0,191.0,24.0,12.0
267.0,192.0,26.0,14.0
267.0,191.0,26.0,14.0
269.0,193.0,25.0,13.0
270.0,193.0,24.0,14.0
270.0,192.0,24.0,13.0
271.0,192.0,24.0,14.0
272.0,192.0,23.0,14.0
271.0,192.0,24.0,14.0
272.0,192.0,23.0,14.0
272.0,193.0,23.0,13.0
272.0,193.0,23.0,13.0
273.0,192.0,23.0,15.0
273.0,194.0,27.0,14.0
274.0,193.0,24.0,15.0
275.0,192.0,26.0,14.0
276.0,191.0,26.0,14.0
278.0,190.0,25.0,16.0
281.0,188.0,25.0,14.0
282.0,184.0,24.0,16.0
282.0,184.0,25.0,14.0
282.0,184.0,25.0,14.0
285.0,182.0,26.0,14.0
287.0,181.0,24.0,14.0
287.0,181.0,25.0,15.0
292.0,183.0,25.0,15.0
295.0,182.0,27.0,15.0
296.0,183.0,25.0,15.0
297.0,182.0,26.0,15.0
301.0,181.0,25.0,15.0
300.0,181.0,25.0,15.0
303.0,178.0,24.0,16.0
305.0,177.0,26.0,15.0
308.0,176.0,25.0,15.0
310.0,176.0,26.0,15.0
314.0,175.0,25.0,15.0
316.0,175.0,25.0,17.0
317.0,174.0,26.0,16.0
320.0,172.0,24.0,16.0
321.0,173.0,24.0,16.0
321.0,171.0,24.0,17.0
320.0,171.0,25.0,18.0
322.0,173.0,25.0,19.0
321.0,174.0,25.0,18.0
323.0,170.0,24.0,20.0
321.0,173.0,28.0,17.0
323.0,173.0,25.0,17.0
323.0,175.0,26.0,17.0
324.0,175.0,26.0,16.0
324.0,176.0,24.0,16.0
324.0,175.0,24.0,16.0
323.0,176.0,25.0,17.0
322.0,177.0,26.0,17.0
321.0,178.0,26.0,17.0
319.0,178.0,26.0,16.0
319.0,179.0,26.0,17.0
318.0,182.0,26.0,17.0
317.0,183.0,27.0,17.0
316.0,185.0,25.0,16.0
316.0,185.0,25.0,16.0
316.0,188.0,25.0,17.0
313.0,191.0,28.0,17.0
312.0,194.0,29.0,16.0
314.0,198.0,26.0,16.0
312.0,203.0,27.0,15.0
311.0,207.0,27.0,17.0
311.0,212.0,26.0,16.0
312.0,215.0,27.0,17.0
311.0,218.0,27.0,16.0
312.0,218.0,27.0,16.0
311.0,222.0,28.0,17.0
312.0,223.0,27.0,16.0
312.0,223.0,28.0,15.0
313.0,225.0,26.0,17.0
313.0,227.0,28.0,16.0
313.0,228.0,29.0,16.0
314.0,228.0,27.0,17.0
315.0,228.0,27.0,17.0
314.0,228.0,27.0,16.0
314.0,227.0,28.0,16.0
314.0,229.0,29.0,16.0
315.0,232.0,27.0,16.0
315.0,235.0,28.0,17.0
315.0,238.0,28.0,17.0
315.0,242.0,27.0,16.0
316.0,244.0,29.0,17.0
316.0,246.0,29.0,16.0
316.0,246.0,28.0,17.0
316.0,247.0,28.0,17.0
317.0,246.0,27.0,17.0
318.0,248.0,29.0,18.0
318.0,251.0,28.0,17.0
319.0,254.0,28.0,17.0
320.0,257.0,28.0,17.0
319.0,259.0,30.0,18.0
320.0,260.0,28.0,18.0
319.0,263.0,30.0,18.0
319.0,263.0,30.0,17.0
320.0,265.0,29.0,17.0
322.0,267.0,28.0,18.0
321.0,269.0,30.0,18.0
323.0,268.0,29.0,19.0
323.0,271.0,29.0,18.0
323.0,271.0,31.0,17.0
326.0,274.0,29.0,19.0
332.0,281.0,28.0,17.0
340.0,285.0,31.0,18.0
338.0,285.0,32.0,19.0
349.0,289.0,31.0,18.0
359.0,293.0,28.0,19.0
370.0,298.0,29.0,19.0
380.0,302.0,30.0,18.0
389.0,305.0,30.0,18.0
400.0,308.0,30.0,20.0
410.0,311.0,31.0,19.0
423.0,314.0,29.0,19.0
423.0,314.0,30.0,19.0
434.0,317.0,29.0,18.0
441.0,318.0,31.0,18.0
452.0,319.0,32.0,19.0
465.0,321.0,29.0,20.0
475.0,323.0,29.0,21.0
484.0,325.0,30.0,20.0
495.0,327.0,29.0,19.0
504.0,327.0,31.0,21.0
516.0,331.0,29.0,22.0
516.0,330.0,28.0,22.0
527.0,333.0,30.0,20.0
538.0,337.0,30.0,22.0
550.0,341.0,26.0,20.0
559.0,343.0,27.0,22.0
569.0,344.0,28.0,22.0
579.0,346.0,28.0,22.0
589.0,348.0,27.0,21.0
598.0,349.0,25.0,20.0
607.0,351.0,26.0,22.0
606.0,351.0,26.0,22.0
615.0,353.0,25.0,22.0
624.0,357.0,27.0,23.0
630.0,359.0,25.0,24.0
641.0,356.0,24.0,24.0
646.0,353.0,24.0,24.0
652.0,352.0,24.0,24.0
660.0,348.0,24.0,24.0
667.0,345.0,26.0,24.0
667.0,344.0,26.0,25.0
671.0,341.0,25.0,25.0
678.0,337.0,24.0,28.0
683.0,335.0,22.0,26.0
688.0,332.0,22.0,27.0
692.0,329.0,22.0,30.0
694.0,327.0,22.0,29.0
698.0,321.0,20.0,31.0
702.0,321.0,18.0,28.0
705.0,320.0,15.0,27.0
706.0,320.0,15.0,27.0
708.0,319.0,12.0,27.0
711.0,320.0,10.0,25.0
710.0,325.0,10.0,17.0
698.0,323.0,19.0,12.0
684.0,318.0,21.0,12.0
687.0,315.0,18.0,12.0
691.0,317.0,24.0,10.0
681.0,301.0,31.0,10.0
680.0,301.0,30.0,10.0
678.0,299.0,24.0,15.0
670.0,322.0,18.0,20.0
675.0,324.0,21.0,16.0
682.0,324.0,17.0,15.0
687.0,324.0,17.0,17.0
689.0,326.0,16.0,16.0
692.0,327.0,15.0,15.0
695.0,328.0,13.0,15.0
695.0,328.0,14.0,15.0
694.0,328.0,14.0,15.0
696.0,327.0,13.0,15.0
698.0,327.0,14.0,15.0
696.0,328.0,16.0,15.0
696.0,330.0,17.0,17.0
696.0,333.0,17.0,15.0
696.0,336.0,18.0,17.0
698.0,342.0,18.0,15.0
698.0,351.0,18.0,16.0
698.0,350.0,18.0,17.0
697.0,358.0,18.0,17.0
699.0,373.0,18.0,18.0
702.0,384.0,18.0,16.0
703.0,393.0,17.0,15.0
694.0,395.0,19.0,14.0
671.0,398.0,23.0,11.0
654.0,381.0,19.0,11.0
663.0,372.0,16.0,13.0
670.0,381.0,19.0,13.0
672.0,382.0,19.0,14.0
682.0,391.0,21.0,13.0
688.0,393.0,21.0,14.0
697.0,399.0,19.0,13.0
702.0,403.0,16.0,13.0
707.0,409.0,14.0,11.0
701.0,409.0,16.0,10.0
690.0,410.0,17.0,12.0
681.0,416.0,21.0,10.0
679.0,416.0,22.0,10.0
683.0,421.0,19.0,10.0
681.0,421.0,21.0,10.0
676.0,421.0,19.0,11.0
672.0,422.0,19.0,12.0
668.0,427.0,21.0,12.0
646.0,414.0,17.0,12.0
655.0,423.0,17.0,10.0
663.0,431.0,15.0,11.0
672.0,439.0,14.0,10.0
671.0,441.0,14.0,10.0
680.0,448.0,13.0,10.0
686.0,454.0,14.0,12.0
687.0,456.0,16.0,12.0
682.0,457.0,18.0,11.0
681.0,454.0,19.0,11.0
680.0,445.0,20.0,13.0
673.0,442.0,21.0,12.0
666.0,443.0,21.0,13.0
660.0,443.0,21.0,13.0
651.0,445.0,22.0,12.0
652.0,445.0,22.0,14.0
648.0,422.0,25.0,10.0
644.0,423.0,27.0,10.0
641.0,424.0,21.0,12.0
624.0,426.0,25.0,12.0
619.0,422.0,21.0,14.0
618.0,404.0,15.0,17.0
603.0,403.0,21.0,13.0
596.0,397.0,22.0,14.0
579.0,417.0,23.0,14.0
584.0,419.0,24.0,14.0
593.0,422.0,25.0,14.0
606.0,424.0,22.0,15.0
613.0,423.0,23.0,15.0
622.0,420.0,23.0,17.0
628.0,417.0,28.0,15.0
638.0,416.0,24.0,16.0
651.0,418.0,20.0,17.0
650.0,417.0,20.0,16.0
658.0,416.0,21.0,16.0
665.0,417.0,21.0,16.0
676.0,415.0,20.0,17.0
684.0,413.0,19.0,17.0
695.0,412.0,18.0,18.0
702.0,409.0,17.0,20.0
697.0,404.0,21.0,14.0
698.0,400.0,19.0,16.0
688.0,378.0,19.0,20.0
698.0,382.0,19.0,17.0
701.0,380.0,19.0,17.0
702.0,396.0,16.0,21.0
690.0,415.0,20.0,20.0
698.0,414.0,20.0,22.0
703.0,414.0,17.0,20.0
709.0,409.0,12.0,20.0
704.0,410.0,15.0,17.0
698.0,406.0,19.0,15.0
690.0,382.0,20.0,17.0
691.0,379.0,23.0,11.0
693.0,378.0,20.0,17.0
678.0,362.0,27.0,13.0
675.0,362.0,23.0,12.0
703.0,371.0,16.0,19.0
709.0,366.0,11.0,20.0
710.0,367.0,11.0,15.0
707.0,365.0,13.0,13.0
700.0,358.0,18.0,11.0
702.0,355.0,16.0,12.0
705.0,354.0,15.0,12.0
699.0,351.0,16.0,12.0
699.0,354.0,17.0,11.0
695.0,349.0,17.0,14.0
696.0,344.0,19.0,16.0
695.0,339.0,21.0,16.0
686.0,345.0,26.0,12.0
679.0,339.0,25.0,16.0
672.0,331.0,26.0,18.0
669.0,325.0,29.0,18.0
676.0,294.0,22.0,12.0
682.0,298.0,18.0,13.0
695.0,301.0,19.0,10.0
695.0,302.0,14.0,10.0
696.0,294.0,14.0,12.0
678.0,283.0,18.0,12.0
675.0,296.0,20.0,11.0
670.0,293.0,21.0,10.0
678.0,309.0,21.0,13.0
682.0,321.0,22.0,13.0
679.0,336.0,21.0,12.0
685.0,343.0,22.0,10.0
687.0,351.0,19.0,11.0
688.0,358.0,19.0,11.0
673.0,344.0,21.0,10.0
650.0,360.0,22.0,11.0
644.0,361.0,21.0,11.0
646.0,363.0,19.0,12.0
649.0,365.0,17.0,11.0
651.0,368.0,20.0,10.0
649.0,367.0,22.0,13.0
647.0,364.0,20.0,16.0
646.0,361.0,17.0,17.0
654.0,376.0,21.0,13.0
654.0,369.0,24.0,10.0
654.0,380.0,16.0,16.0
655.0,381.0,16.0,14.0
656.0,384.0,18.0,12.0
649.0,377.0,18.0,12.0
654.0,381.0,19.0,10.0
639.0,374.0,21.0,13.0
645.0,381.0,20.0,11.0
639.0,368.0,18.0,14.0
633.0,374.0,22.0,10.0
633.0,381.0,19.0,13.0
617.0,367.0,21.0,13.0
614.0,364.0,19.0,14.0
606.0,364.0,21.0,12.0
605.0,360.0,23.0,10.0
606.0,352.0,18.0,10.0
607.0,348.0,15.0,11.0
605.0,338.0,15.0,11.0
610.0,339.0,17.0,10.0
595.0,342.0,20.0,10.0
597.0,353.0,15.0,10.0
598.0,353.0,14.0,10.0
607.0,352.0,16.0,10.0
616.0,357.0,18.0,10.0
620.0,356.0,14.0,10.0
636.0,359.0,13.0,11.0
635.0,367.0,20.0,10.0
651.0,358.0,19.0,10.0
658.0,360.0,22.0,10.0
671.0,362.0,19.0,10.0
674.0,357.0,17.0,13.0
675.0,357.0,17.0,13.0
684.0,366.0,21.0,10.0
698.0,366.0,18.0,11.0
693.0,366.0,18.0,11.0
688.0,366.0,18.0,13.0
667.0,350.0,21.0,14.0
667.0,328.0,22.0,16.0
669.0,320.0,17.0,14.0
682.0,320.0,14.0,13.0
691.0,320.0,14.0,14.0
692.0,320.0,14.0,15.0
702.0,320.0,15.0,11.0
707.0,318.0,13.0,11.0
703.0,315.0,14.0,11.0
686.0,301.0,19.0,10.0
694.0,297.0,21.0,11.0
698.0,296.0,20.0,10.0
693.0,300.0,19.0,12.0
692.0,297.0,21.0,11.0
690.0,297.0,22.0,12.0
672.0,292.0,25.0,10.0
661.0,287.0,26.0,10.0
656.0,289.0,23.0,12.0
662.0,288.0,23.0,11.0
650.0,275.0,20.0,13.0
634.0,281.0,19.0,10.0
649.0,273.0,15.0,12.0
652.0,274.0,19.0,11.0
653.0,268.0,22.0,12.0
649.0,269.0,22.0,13.0
625.0,267.0,22.0,10.0
637.0,265.0,19.0,10.0
648.0,264.0,18.0,10.0
655.0,265.0,19.0,10.0
667.0,268.0,20.0,10.0
675.0,270.0,19.0,10.0
683.0,271.0,19.0,10.0
689.0,271.0,22.0,11.0
688.0,270.0,22.0,11.0
696.0,271.0,21.0,11.0
702.0,272.0,17.0,10.0
707.0,271.0,14.0,11.0
705.0,272.0,16.0,10.0
707.0,272.0,13.0,11.0
705.0,273.0,14.0,10.0
699.0,274.0,16.0,10.0
689.0,270.0,17.0,10.0
685.0,270.0,18.0,10.0
686.0,269.0,17.0,10.0
685.0,265.0,17.0,11.0
681.0,261.0,18.0,13.0
675.0,259.0,20.0,13.0
664.0,262.0,24.0,11.0
659.0,256.0,23.0,11.0
652.0,253.0,22.0,14.0
643.0,265.0,25.0,11.0
636.0,278.0,25.0,10.0
620.0,277.0,29.0,11.0
605.0,281.0,29.0,13.0
602.0,287.0,28.0,15.0
594.0,297.0,32.0,17.0
593.0,305.0,31.0,17.0
597.0,309.0,32.0,14.0
596.0,312.0,30.0,15.0
594.0,313.0,30.0,16.0
595.0,314.0,29.0,15.0
589.0,317.0,28.0,14.0
590.0,317.0,28.0,14.0
583.0,328.0,27.0,14.0
589.0,323.0,23.0,12.0
576.0,319.0,22.0,10.0
578.0,320.0,19.0,14.0
572.0,318.0,22.0,12.0
576.0,320.0,25.0,10.0
582.0,319.0,26.0,10.0
579.0,314.0,24.0,11.0
580.0,315.0,24.0,11.0
559.0,304.0,26.0,10.0
565.0,309.0,24.0,12.0
568.0,307.0,23.0,12.0
574.0,306.0,25.0,11.0
563.0,312.0,25.0,12.0
558.0,319.0,21.0,11.0
557.0,318.0,20.0,12.0
560.0,313.0,23.0,10.0
560.0,314.0,23.0,11.0
560.0,314.0,24.0,11.0
551.0,317.0,22.0,12.0
547.0,325.0,21.0,14.0
544.0,324.0,22.0,15.0
543.0,340.0,22.0,12.0
534.0,321.0,25.0,16.0
540.0,331.0,28.0,14.0
525.0,330.0,26.0,16.0
507.0,332.0,27.0,14.0
489.0,331.0,24.0,16.0
499.0,346.0,31.0,10.0
487.0,348.0,26.0,14.0
471.0,348.0,27.0,12.0
491.0,348.0,28.0,11.0
482.0,358.0,23.0,16.0
487.0,346.0,26.0,15.0
476.0,362.0,22.0,15.0
479.0,364.0,19.0,12.0
476.0,365.0,20.0,12.0
476.0,365.0,22.0,13.0
489.0,355.0,21.0,13.0
490.0,356.0,23.0,10.0
492.0,356.0,24.0,12.0
476.0,362.0,22.0,11.0
468.0,369.0,21.0,15.0
468.0,371.0,22.0,14.0
476.0,365.0,23.0,11.0
464.0,383.0,18.0,15.0
464.0,386.0,21.0,14.0
462.0,389.0,20.0,14.0
438.0,380.0,28.0,10.0
442.0,385.0,26.0,14.0
444.0,390.0,24.0,14.0
450.0,398.0,22.0,17.0
449.0,401.0,22.0,16.0
445.0,405.0,22.0,16.0
437.0,407.0,22.0,15.0
433.0,413.0,22.0,12.0
433.0,413.0,21.0,12.0
415.0,417.0,19.0,14.0
411.0,417.0,19.0,14.0
393.0,420.0,21.0,13.0
377.0,424.0,23.0,12.0
364.0,429.0,22.0,14.0
352.0,432.0,23.0,15.0
337.0,428.0,26.0,14.0
328.0,424.0,29.0,14.0
346.0,444.0,28.0,11.0
347.0,443.0,27.0,10.0
338.0,447.0,20.0,18.0
334.0,453.0,22.0,14.0
315.0,454.0,24.0,12.0
302.0,451.0,23.0,13.0
286.0,443.0,25.0,11.0
277.0,428.0,22.0,17.0
267.0,425.0,25.0,14.0
267.0,427.0,24.0,12.0
248.0,419.0,20.0,14.0
257.0,427.0,28.0,10.0
251.0,417.0,24.0,13.0
243.0,422.0,18.0,10.0
232.0,428.0,22.0,10.0
246.0,434.0,24.0,15.0
237.0,442.0,25.0,11.0
223.0,444.0,18.0,16.0
247.0,423.0,10.0,18.0
227.0,427.0,13.0,17.0
226.0,428.0,14.0,18.0
208.0,432.0,14.0,17.0
190.0,437.0,10.0,18.0
172.0,442.0,10.0,17.0
156.0,447.0,12.0,15.0
141.0,449.0,10.0,16.0
127.0,453.0,10.0,16.0
111.0,456.0,12.0,16.0
96.0,458.0,15.0,15.0
95.0,459.0,13.0,16.0
82.0,463.0,15.0,14.0
75.0,464.0,19.0,13.0
82.0,462.0,18.0,12.0
64.0,440.0,17.0,11.0
79.0,431.0,22.0,14.0
81.0,425.0,18.0,16.0
69.0,432.0,21.0,12.0
64.0,437.0,17.0,15.0
53.0,449.0,20.0,14.0
54.0,449.0,18.0,12.0
49.0,442.0,20.0,11.0
45.0,449.0,18.0,12.0
42.0,445.0,22.0,10.0
34.0,427.0,20.0,14.0
32.0,434.0,21.0,13.0
29.0,443.0,16.0,16.0
29.0,440.0,18.0,12.0
15.0,422.0,19.0,10.0
15.0,422.0,17.0,10.0
12.0,423.0,18.0,12.0
15.0,413.0,17.0,16.0
14.0,416.0,25.0,10.0
19.0,418.0,23.0,14.0
22.0,427.0,20.0,18.0
23.0,436.0,26.0,12.0
27.0,436.0,23.0,14.0
31.0,447.0,23.0,17.0
27.0,452.0,20.0,16.0
29.0,454.0,19.0,15.0
28.0,458.0,19.0,16.0
49.0,434.0,14.0,17.0
50.0,442.0,14.0,16.0
44.0,446.0,18.0,13.0
32.0,432.0,15.0,11.0
34.0,442.0,14.0,11.0
34.0,448.0,14.0,12.0
46.0,442.0,16.0,12.0
48.0,447.0,15.0,14.0
48.0,448.0,14.0,13.0
52.0,452.0,14.0,13.0
64.0,433.0,14.0,16.0
65.0,439.0,18.0,12.0
65.0,441.0,19.0,13.0
67.0,443.0,19.0,13.0
72.0,451.0,17.0,14.0
77.0,454.0,17.0,14.0
78.0,454.0,19.0,15.0
84.0,448.0,22.0,15.0
102.0,446.0,19.0,15.0
120.0,425.0,20.0,17.0
124.0,427.0,19.0,19.0
124.0,431.0,21.0,20.0
128.0,434.0,21.0,20.0
127.0,437.0,20.0,20.0
130.0,442.0,20.0,20.0
130.0,448.0,20.0,17.0
136.0,453.0,18.0,19.0
137.0,451.0,18.0,19.0
143.0,458.0,19.0,17.0
145.0,464.0,22.0,15.0
142.0,462.0,27.0,11.0
131.0,454.0,21.0,14.0
158.0,431.0,20.0,15.0
165.0,432.0,23.0,14.0
174.0,438.0,27.0,12.0
177.0,439.0,23.0,13.0
182.0,440.0,21.0,13.0
188.0,444.0,25.0,10.0
197.0,448.0,18.0,15.0
198.0,452.0,20.0,13.0
210.0,453.0,23.0,10.0
222.0,455.0,23.0,10.0
226.0,448.0,20.0,12.0
238.0,460.0,25.0,10.0
233.0,461.0,22.0,12.0
238.0,462.0,22.0,12.0
241.0,461.0,23.0,10.0
249.0,462.0,20.0,10.0
240.0,451.0,18.0,12.0
231.0,431.0,22.0,12.0
236.0,419.0,19.0,15.0
240.0,423.0,20.0,13.0
249.0,421.0,18.0,10.0
254.0,419.0,18.0,12.0
259.0,421.0,20.0,12.0
259.0,420.0,21.0,12.0
270.0,421.0,17.0,12.0
273.0,425.0,17.0,10.0
279.0,425.0,19.0,10.0
287.0,425.0,20.0,12.0
296.0,425.0,18.0,14.0
303.0,426.0,18.0,11.0
311.0,423.0,19.0,13.0
320.0,421.0,18.0,12.0
327.0,419.0,18.0,13.0
327.0,420.0,18.0,13.0
336.0,417.0,19.0,14.0
342.0,414.0,23.0,17.0
350.0,411.0,21.0,18.0
362.0,406.0,16.0,20.0
368.0,402.0,18.0,17.0
375.0,400.0,20.0,15.0
380.0,401.0,22.0,17.0
377.0,405.0,25.0,13.0
380.0,401.0,24.0,14.0
398.0,392.0,18.0,20.0
402.0,388.0,17.0,19.0
407.0,382.0,17.0,17.0
412.0,379.0,16.0,19.0
414.0,376.0,18.0,17.0
414.0,374.0,20.0,17.0
413.0,370.0,20.0,20.0
411.0,369.0,20.0,17.0
408.0,369.0,16.0,19.0
408.0,368.0,16.0,17.0
404.0,369.0,18.0,20.0
397.0,371.0,19.0,21.0
395.0,373.0,20.0,21.0
384.0,372.0,21.0,20.0
381.0,374.0,18.0,26.0
371.0,378.0,22.0,21.0
369.0,378.0,20.0,26.0
361.0,383.0,19.0,22.0
361.0,382.0,19.0,19.0
352.0,385.0,22.0,25.0
346.0,389.0,22.0,27.0
337.0,392.0,21.0,25.0
329.0,399.0,21.0,22.0
321.0,399.0,20.0,25.0
313.0,398.0,22.0,26.0
304.0,400.0,22.0,28.0
300.0,401.0,21.0,26.0
294.0,397.0,22.0,26.0
294.0,398.0,21.0,27.0
289.0,396.0,21.0,28.0
283.0,395.0,21.0,28.0
278.0,398.0,22.0,28.0
274.0,399.0,22.0,27.0
270.0,401.0,22.0,28.0
266.0,401.0,22.0,30.0
259.0,404.0,25.0,31.0
254.0,406.0,24.0,34.0
251.0,411.0,22.0,32.0
251.0,410.0,21.0,32.0
247.0,411.0,22.0,34.0
242.0,421.0,30.0,28.0
238.0,424.0,24.0,32.0
233.0,431.0,21.0,32.0
230.0,436.0,23.0,32.0
227.0,447.0,22.0,29.0
222.0,455.0,23.0,24.0
210.0,460.0,26.0,17.0
211.0,462.0,24.0,16.0
208.0,451.0,23.0,14.0
201.0,453.0,22.0,16.0
192.0,455.0,24.0,15.0
200.0,454.0,22.0,15.0
194.0,455.0,22.0,15.0
190.0,455.0,21.0,15.0
179.0,453.0,28.0,10.0
167.0,439.0,24.0,15.0
159.0,438.0,27.0,13.0
159.0,441.0,28.0,12.0
151.0,442.0,30.0,12.0
154.0,434.0,28.0,16.0
157.0,437.0,30.0,12.0
156.0,445.0,26.0,15.0
164.0,429.0,29.0,13.0
170.0,432.0,27.0,13.0
159.0,425.0,27.0,12.0
154.0,398.0,22.0,14.0
156.0,398.0,21.0,11.0
153.0,405.0,20.0,10.0
148.0,415.0,16.0,10.0
145.0,424.0,16.0,10.0
144.0,434.0,15.0,10.0
143.0,442.0,15.0,11.0
144.0,450.0,18.0,10.0
157.0,459.0,16.0,10.0
149.0,469.0,18.0,10.0
144.0,457.0,20.0,10.0
141.0,453.0,21.0,10.0
141.0,438.0,19.0,12.0
143.0,439.0,23.0,11.0
131.0,440.0,22.0,12.0
126.0,440.0,21.0,13.0
127.0,442.0,22.0,12.0
120.0,429.0,16.0,11.0
125.0,434.0,15.0,11.0
125.0,445.0,16.0,15.0
124.0,448.0,17.0,13.0
130.0,442.0,20.0,10.0
115.0,429.0,16.0,12.0
117.0,438.0,15.0,15.0
118.0,452.0,14.0,12.0
126.0,443.0,15.0,13.0
118.0,431.0,16.0,14.0
117.0,438.0,16.0,14.0
115.0,449.0,14.0,15.0
103.0,452.0,21.0,10.0
102.0,451.0,23.0,10.0
96.0,440.0,22.0,11.0
97.0,441.0,22.0,11.0
99.0,422.0,18.0,14.0
93.0,423.0,20.0,13.0
104.0,446.0,23.0,10.0
118.0,441.0,19.0,13.0
123.0,453.0,17.0,17.0
122.0,458.0,20.0,11.0
124.0,459.0,19.0,11.0
127.0,456.0,21.0,10.0
114.0,456.0,20.0,13.0
122.0,458.0,19.0,12.0
128.0,453.0,21.0,14.0
127.0,450.0,22.0,12.0
118.0,430.0,27.0,10.0
126.0,414.0,24.0,10.0
113.0,401.0,21.0,14.0
106.0,406.0,22.0,13.0
105.0,406.0,21.0,13.0
93.0,401.0,22.0,13.0
79.0,414.0,23.0,10.0
77.0,414.0,19.0,14.0
85.0,421.0,19.0,10.0
77.0,405.0,19.0,12.0
81.0,401.0,19.0,14.0
90.0,382.0,24.0,14.0
87.0,386.0,23.0,17.0
86.0,385.0,25.0,16.0
80.0,396.0,28.0,10.0
81.0,402.0,24.0,15.0
78.0,408.0,23.0,14.0
77.0,415.0,20.0,13.0
75.0,424.0,22.0,13.0
73.0,428.0,21.0,12.0
68.0,436.0,22.0,15.0
67.0,439.0,21.0,17.0
63.0,446.0,26.0,17.0
63.0,445.0,26.0,18.0
59.0,451.0,26.0,20.0
78.0,441.0,31.0,13.0
79.0,449.0,28.0,10.0
74.0,450.0,25.0,10.0
77.0,441.0,23.0,11.0
71.0,437.0,22.0,12.0
74.0,429.0,21.0,14.0
73.0,431.0,22.0,15.0
61.0,427.0,21.0,15.0
59.0,429.0,22.0,14.0
61.0,437.0,21.0,10.0
54.0,442.0,19.0,11.0
63.0,442.0,20.0,13.0
67.0,429.0,24.0,10.0
61.0,415.0,20.0,15.0
57.0,416.0,22.0,15.0
48.0,411.0,21.0,13.0
39.0,411.0,24.0,14.0
28.0,405.0,26.0,12.0
21.0,403.0,27.0,12.0
25.0,386.0,23.0,18.0
24.0,391.0,24.0,17.0
27.0,388.0,23.0,17.0
27.0,389.0,22.0,15.0
44.0,388.0,23.0,16.0
47.0,389.0,27.0,14.0
62.0,392.0,29.0,15.0
60.0,396.0,29.0,14.0
61.0,400.0,28.0,12.0
54.0,399.0,26.0,13.0
54.0,400.0,24.0,14.0
54.0,407.0,21.0,15.0
58.0,412.0,22.0,14.0
44.0,416.0,25.0,11.0
36.0,418.0,22.0,13.0
26.0,421.0,24.0,12.0
26.0,427.0,22.0,13.0
24.0,434.0,23.0,11.0
14.0,424.0,20.0,13.0
27.0,432.0,17.0,13.0
16.0,423.0,18.0,12.0
17.0,435.0,15.0,14.0
17.0,432.0,20.0,11.0
12.0,433.0,19.0,10.0
9.0,428.0,19.0,13.0
9.0,428.0,19.0,14.0
17.0,425.0,23.0,11.0
20.0,424.0,21.0,11.0
31.0,428.0,20.0,12.0
34.0,428.0,20.0,13.0
36.0,431.0,23.0,10.0
31.0,423.0,21.0,12.0
31.0,411.0,23.0,13.0
30.0,403.0,27.0,10.0
32.0,404.0,26.0,12.0
33.0,405.0,26.0,12.0
51.0,406.0,24.0,10.0
62.0,405.0,24.0,11.0
64.0,399.0,21.0,14.0
67.0,396.0,18.0,17.0
67.0,403.0,18.0,12.0
55.0,412.0,22.0,10.0
51.0,412.0,19.0,14.0
58.0,411.0,17.0,15.0
54.0,417.0,16.0,16.0
47.0,431.0,18.0,13.0
48.0,432.0,17.0,12.0
46.0,434.0,16.0,11.0
44.0,444.0,15.0,12.0
42.0,440.0,16.0,13.0
40.0,440.0,16.0,15.0
43.0,424.0,19.0,13.0
39.0,426.0,18.0,13.0
38.0,433.0,22.0,11.0
32.0,443.0,19.0,10.0
32.0,442.0,17.0,10.0
29.0,446.0,17.0,11.0
25.0,461.0,16.0,10.0
27.0,458.0,17.0,11.0
27.0,455.0,20.0,11.0
28.0,441.0,18.0,16.0
27.0,425.0,20.0,17.0
50.0,401.0,22.0,11.0
45.0,403.0,17.0,14.0
44.0,411.0,17.0,15.0
44.0,413.0,16.0,13.0
39.0,426.0,16.0,12.0
39.0,434.0,15.0,15.0
34.0,428.0,21.0,11.0
31.0,433.0,18.0,15.0
37.0,422.0,29.0,10.0
52.0,427.0,24.0,10.0
48.0,427.0,22.0,14.0
51.0,424.0,23.0,13.0
48.0,414.0,23.0,13.0
51.0,415.0,22.0,15.0
43.0,402.0,23.0,17.0
47.0,403.0,18.0,16.0
43.0,412.0,17.0,16.0
40.0,418.0,19.0,13.0
34.0,425.0,20.0,14.0
34.0,428.0,22.0,15.0
28.0,413.0,26.0,13.0
14.0,418.0,23.0,13.0
15.0,417.0,21.0,14.0
18.0,419.0,21.0,15.0
21.0,420.0,21.0,18.0
26.0,407.0,21.0,16.0
25.0,412.0,23.0,15.0
35.0,398.0,32.0,10.0
39.0,392.0,27.0,11.0
45.0,388.0,17.0,17.0
46.0,392.0,21.0,13.0
47.0,394.0,20.0,14.0
46.0,397.0,21.0,15.0
48.0,397.0,20.0,15.0
42.0,404.0,21.0,12.0
40.0,410.0,21.0,11.0
44.0,403.0,21.0,14.0
33.0,412.0,26.0,10.0
38.0,422.0,19.0,15.0
31.0,426.0,20.0,12.0
25.0,416.0,21.0,12.0
25.0,416.0,21.0,12.0
24.0,421.0,22.0,15.0
14.0,429.0,22.0,14.0
14.0,425.0,23.0,15.0
20.0,426.0,24.0,15.0
20.0,429.0,25.0,14.0
24.0,432.0,23.0,16.0
17.0,434.0,24.0,15.0
20.0,436.0,25.0,15.0
17.0,425.0,31.0,10.0
18.0,424.0,32.0,10.0
27.0,423.0,26.0,16.0
54.0,422.0,17.0,25.0
53.0,428.0,24.0,16.0
65.0,403.0,20.0,20.0
64.0,401.0,14.0,21.0
61.0,415.0,20.0,15.0
54.0,413.0,22.0,13.0
65.0,396.0,19.0,13.0
70.0,396.0,15.0,13.0
59.0,384.0,20.0,14.0
65.0,376.0,14.0,18.0
60.0,377.0,11.0,16.0
53.0,381.0,14.0,12.0
41.0,384.0,15.0,13.0
33.0,388.0,16.0,13.0
25.0,391.0,16.0,16.0
12.0,397.0,20.0,14.0
9.0,399.0,19.0,17.0
8.0,401.0,19.0,17.0
5.0,405.0,18.0,16.0
1.0,408.0,18.0,16.0
-1.0,413.0,20.0,16.0
7.0,408.0,21.0,17.0
10.0,409.0,22.0,17.0
12.0,407.0,25.0,17.0
5.0,416.0,29.0,12.0
11.0,408.0,24.0,19.0
12.0,403.0,26.0,20.0
7.0,407.0,26.0,19.0
11.0,411.0,30.0,12.0
9.0,411.0,26.0,15.0
12.0,420.0,25.0,11.0
12.0,426.0,22.0,12.0
12.0,432.0,23.0,10.0
12.0,425.0,20.0,16.0
19.0,433.0,21.0,15.0
28.0,434.0,21.0,15.0
27.0,433.0,23.0,14.0
30.0,436.0,21.0,15.0
33.0,436.0,23.0,11.0
35.0,431.0,23.0,14.0
39.0,432.0,21.0,16.0
34.0,440.0,23.0,12.0
38.0,423.0,22.0,15.0
41.0,424.0,22.0,15.0
41.0,420.0,23.0,15.0
42.0,416.0,24.0,15.0
44.0,418.0,26.0,14.0
62.0,422.0,21.0,14.0
65.0,427.0,20.0,12.0
63.0,429.0,18.0,12.0
57.0,431.0,19.0,14.0
51.0,439.0,23.0,10.0
56.0,438.0,20.0,14.0
51.0,442.0,19.0,16.0
48.0,445.0,20.0,15.0
47.0,448.0,20.0,15.0
47.0,449.0,21.0,14.0
44.0,456.0,20.0,14.0
47.0,453.0,21.0,11.0
48.0,432.0,22.0,14.0
45.0,429.0,24.0,11.0
47.0,437.0,20.0,14.0
42.0,443.0,20.0,14.0
39.0,447.0,20.0,13.0
39.0,454.0,20.0,13.0
38.0,454.0,20.0,13.0
33.0,456.0,20.0,12.0
32.0,457.0,22.0,13.0
30.0,465.0,22.0,12.0
24.0,460.0,23.0,13.0
24.0,448.0,23.0,15.0
20.0,430.0,22.0,15.0
18.0,433.0,19.0,15.0
19.0,437.0,20.0,11.0
18.0,438.0,19.0,10.0
17.0,441.0,18.0,12.0
16.0,442.0,19.0,12.0
15.0,446.0,19.0,13.0
17.0,450.0,20.0,11.0
18.0,452.0,18.0,11.0
14.0,452.0,21.0,10.0
15.0,451.0,19.0,10.0
15.0,448.0,18.0,10.0
17.0,448.0,19.0,10.0
17.0,448.0,19.0,10.0
19.0,447.0,18.0,11.0
19.0,447.0,18.0,11.0
18.0,448.0,17.0,11.0
19.0,449.0,18.0,10.0
19.0,445.0,17.0,12.0
19.0,449.0,17.0,14.0
18.0,448.0,18.0,13.0
17.0,448.0,18.0,13.0
17.0,448.0,18.0,13.0
16.0,449.0,16.0,14.0
15.0,449.0,18.0,12.0
14.0,449.0,17.0,12.0
12.0,450.0,16.0,12.0
7.0,450.0,18.0,11.0
7.0,449.0,16.0,13.0
2.0,447.0,16.0,12.0
1.0,447.0,15.0,13.0
0.0,445.0,16.0,12.0
0.0,447.0,15.0,13.0
1.0,445.0,18.0,11.0
2.0,445.0,17.0,12.0
5.0,436.0,19.0,13.0
7.0,431.0,18.0,14.0
8.0,428.0,20.0,14.0
9.0,424.0,22.0,16.0
11.0,418.0,22.0,18.0
12.0,421.0,24.0,17.0
14.0,423.0,25.0,19.0
14.0,421.0,29.0,13.0
14.0,421.0,25.0,16.0
16.0,421.0,28.0,17.0
19.0,429.0,27.0,18.0
13.0,434.0,25.0,14.0
13.0,429.0,25.0,18.0
38.0,441.0,25.0,18.0
32.0,443.0,25.0,14.0
27.0,439.0,22.0,13.0
28.0,440.0,20.0,13.0
22.0,443.0,21.0,10.0
20.0,439.0,19.0,13.0
15.0,440.0,18.0,15.0
14.0,442.0,22.0,14.0
14.0,443.0,23.0,14.0
20.0,429.0,19.0,17.0
27.0,431.0,23.0,15.0
18.0,427.0,23.0,15.0
17.0,423.0,24.0,15.0
12.0,422.0,23.0,17.0
13.0,419.0,25.0,18.0
8.0,415.0,28.0,18.0
3.0,417.0,25.0,17.0
6.0,419.0,26.0,17.0
8.0,413.0,25.0,18.0
8.0,410.0,29.0,15.0
19.0,413.0,30.0,12.0
10.0,407.0,29.0,13.0
3.0,403.0,30.0,10.0
8.0,402.0,24.0,16.0
9.0,397.0,25.0,16.0
10.0,404.0,28.0,13.0
11.0,413.0,24.0,13.0
6.0,411.0,24.0,15.0
6.0,406.0,24.0,16.0
16.0,386.0,27.0,18.0
7.0,381.0,26.0,15.0
7.0,380.0,23.0,16.0
9.0,383.0,24.0,16.0
20.0,354.0,26.0,19.0
17.0,358.0,28.0,14.0
16.0,356.0,24.0,17.0
17.0,352.0,25.0,15.0
15.0,365.0,27.0,12.0
10.0,361.0,25.0,15.0
11.0,363.0,23.0,17.0
13.0,358.0,25.0,17.0
14.0,360.0,25.0,16.0
8.0,363.0,25.0,14.0
10.0,360.0,25.0,14.0
29.0,355.0,23.0,14.0
38.0,344.0,25.0,14.0
34.0,343.0,23.0,14.0
44.0,355.0,23.0,14.0
43.0,359.0,25.0,15.0
46.0,368.0,26.0,12.0
49.0,376.0,25.0,12.0
48.0,375.0,25.0,12.0
49.0,377.0,24.0,14.0
46.0,384.0,26.0,12.0
49.0,392.0,24.0,12.0
57.0,381.0,23.0,11.0
58.0,375.0,23.0,14.0
45.0,377.0,21.0,11.0
57.0,382.0,20.0,14.0
56.0,386.0,18.0,13.0
56.0,388.0,18.0,11.0
49.0,388.0,18.0,12.0
52.0,386.0,18.0,12.0
31.0,368.0,20.0,14.0
30.0,373.0,19.0,12.0
31.0,380.0,19.0,14.0
28.0,380.0,18.0,15.0
24.0,373.0,18.0,16.0
26.0,371.0,20.0,13.0
27.0,383.0,18.0,14.0
25.0,385.0,20.0,12.0
27.0,384.0,21.0,14.0
15.0,371.0,21.0,15.0
12.0,372.0,22.0,15.0
21.0,386.0,23.0,10.0
24.0,387.0,21.0,14.0
27.0,387.0,22.0,14.0
23.0,372.0,20.0,15.0
22.0,366.0,21.0,13.0
20.0,364.0,21.0,11.0
16.0,369.0,19.0,14.0
19.0,375.0,20.0,15.0
21.0,382.0,21.0,13.0
21.0,386.0,22.0,14.0
25.0,394.0,22.0,14.0
33.0,409.0,24.0,15.0
39.0,409.0,23.0,12.0
40.0,414.0,22.0,13.0
31.0,423.0,21.0,10.0
30.0,422.0,19.0,10.0
35.0,428.0,19.0,10.0
37.0,434.0,19.0,10.0
40.0,435.0,18.0,11.0
34.0,437.0,17.0,12.0
32.0,440.0,17.0,11.0
30.0,441.0,16.0,12.0
27.0,444.0,16.0,10.0
30.0,446.0,17.0,10.0
30.0,447.0,17.0,10.0
26.0,451.0,17.0,10.0
18.0,444.0,19.0,10.0
14.0,449.0,17.0,10.0
14.0,440.0,16.0,14.0
7.0,441.0,17.0,14.0
6.0,437.0,19.0,14.0
7.0,439.0,20.0,12.0
1.0,443.0,21.0,13.0
4.0,441.0,25.0,10.0
4.0,441.0,24.0,10.0
5.0,439.0,19.0,15.0
4.0,440.0,19.0,15.0
5.0,444.0,21.0,14.0
3.0,440.0,20.0,16.0
1.0,440.0,20.0,17.0
2.0,441.0,22.0,16.0
2.0,441.0,21.0,17.0
2.0,443.0,22.0,17.0
1.0,445.0,22.0,17.0
5.0,441.0,25.0,14.0
10.0,440.0,23.0,14.0
5.0,441.0,19.0,16.0
6.0,435.0,21.0,16.0
30.0,456.0,19.0,15.0
24.0,455.0,16.0,12.0
16.0,449.0,14.0,14.0
8.0,447.0,17.0,10.0
1.0,443.0,17.0,10.0
-2.0,444.0,13.0,10.0
3.0,434.0,15.0,12.0
12.0,433.0,17.0,13.0
5.0,425.0,16.0,17.0
0.0,425.0,17.0,16.0
0.0,428.0,20.0,13.0
10.0,420.0,18.0,17.0
10.0,422.0,21.0,14.0
10.0,416.0,22.0,16.0
11.0,410.0,23.0,17.0
15.0,412.0,25.0,17.0
25.0,390.0,18.0,24.0
15.0,385.0,24.0,20.0
11.0,386.0,23.0,16.0
-1.0,401.0,22.0,14.0
2.0,403.0,23.0,15.0
-1.0,398.0,21.0,13.0
1.0,395.0,22.0,14.0
2.0,395.0,21.0,16.0
0.0,402.0,20.0,17.0
7.0,383.0,24.0,15.0
9.0,379.0,26.0,13.0
20.0,379.0,21.0,15.0
13.0,392.0,26.0,10.0
31.0,403.0,25.0,12.0
32.0,406.0,23.0,16.0
27.0,401.0,25.0,15.0
31.0,369.0,24.0,21.0
19.0,366.0,27.0,15.0
19.0,367.0,27.0,14.0
8.0,368.0,25.0,15.0
3.0,375.0,23.0,16.0
17.0,357.0,22.0,18.0
10.0,358.0,25.0,13.0
1.0,361.0,21.0,15.0
3.0,363.0,23.0,16.0
0.0,350.0,20.0,16.0
7.0,347.0,23.0,14.0
30.0,341.0,18.0,15.0
30.0,345.0,13.0,12.0
22.0,343.0,13.0,11.0
16.0,344.0,14.0,11.0
10.0,345.0,14.0,10.0
5.0,347.0,13.0,11.0
5.0,347.0,14.0,12.0
3.0,348.0,16.0,12.0
5.0,344.0,16.0,12.0
13.0,345.0,17.0,14.0
20.0,349.0,19.0,15.0
26.0,344.0,21.0,16.0
32.0,339.0,25.0,11.0
30.0,340.0,22.0,14.0
25.0,338.0,23.0,13.0
46.0,319.0,20.0,14.0
61.0,318.0,23.0,12.0
63.0,319.0,21.0,13.0
56.0,320.0,22.0,12.0
54.0,321.0,22.0,12.0
46.0,317.0,20.0,13.0
47.0,325.0,20.0,12.0
33.0,324.0,23.0,12.0
24.0,325.0,20.0,12.0
16.0,331.0,21.0,11.0
12.0,331.0,19.0,12.0
5.0,327.0,17.0,13.0
3.0,327.0,15.0,14.0
15.0,335.0,18.0,14.0
18.0,337.0,20.0,13.0
32.0,346.0,21.0,14.0
39.0,357.0,20.0,14.0
34.0,366.0,18.0,15.0
28.0,373.0,20.0,14.0
43.0,385.0,22.0,12.0
51.0,381.0,25.0,11.0
59.0,392.0,24.0,10.0
83.0,383.0,21.0,13.0
87.0,384.0,17.0,12.0
89.0,388.0,18.0,13.0
75.0,402.0,16.0,12.0
71.0,402.0,17.0,14.0
70.0,414.0,16.0,10.0
79.0,416.0,17.0,10.0
82.0,415.0,17.0,11.0
91.0,421.0,20.0,10.0
93.0,414.0,17.0,12.0
93.0,410.0,19.0,13.0
94.0,406.0,22.0,12.0
87.0,401.0,23.0,15.0
82.0,391.0,19.0,18.0
69.0,395.0,25.0,12.0
59.0,398.0,20.0,13.0
66.0,393.0,21.0,13.0
77.0,393.0,24.0,11.0
76.0,395.0,24.0,10.0
76.0,395.0,20.0,12.0
78.0,396.0,19.0,10.0
80.0,389.0,19.0,13.0
77.0,398.0,26.0,10.0
82.0,379.0,25.0,10.0
82.0,391.0,18.0,13.0
85.0,399.0,18.0,11.0
94.0,401.0,19.0,10.0
96.0,391.0,20.0,11.0
96.0,387.0,20.0,13.0
94.0,383.0,23.0,10.0
94.0,383.0,22.0,10.0
93.0,369.0,21.0,14.0
79.0,364.0,21.0,15.0
80.0,366.0,19.0,14.0
78.0,359.0,26.0,10.0
74.0,366.0,24.0,10.0
70.0,362.0,23.0,10.0
75.0,358.0,20.0,14.0
76.0,350.0,20.0,10.0
73.0,332.0,17.0,14.0
75.0,333.0,18.0,13.0
80.0,318.0,21.0,12.0
75.0,304.0,20.0,13.0
71.0,306.0,21.0,14.0
71.0,307.0,22.0,15.0
75.0,315.0,21.0,17.0
76.0,313.0,22.0,16.0
89.0,321.0,23.0,13.0
80.0,323.0,20.0,13.0
79.0,322.0,18.0,12.0
78.0,324.0,19.0,10.0
84.0,329.0,17.0,10.0
82.0,328.0,16.0,12.0
75.0,329.0,17.0,13.0
74.0,331.0,20.0,12.0
75.0,333.0,18.0,15.0
73.0,341.0,19.0,10.0
70.0,346.0,17.0,11.0
67.0,347.0,17.0,10.0
69.0,347.0,16.0,10.0
68.0,347.0,16.0,12.0
64.0,347.0,18.0,13.0
57.0,343.0,20.0,12.0
62.0,343.0,19.0,15.0
67.0,344.0,19.0,12.0
85.0,354.0,20.0,10.0
79.0,357.0,18.0,12.0
62.0,359.0,21.0,11.0
61.0,360.0,21.0,10.0
56.0,360.0,18.0,14.0
65.0,341.0,25.0,12.0
78.0,332.0,24.0,13.0
70.0,333.0,24.0,14.0
46.0,334.0,25.0,12.0
31.0,346.0,29.0,10.0
31.0,340.0,21.0,14.0
23.0,343.0,21.0,13.0
15.0,346.0,22.0,11.0
14.0,347.0,22.0,11.0
10.0,348.0,21.0,13.0
13.0,343.0,20.0,17.0
6.0,342.0,22.0,12.0
22.0,352.0,18.0,11.0
13.0,355.0,18.0,10.0
13.0,360.0,19.0,11.0
15.0,365.0,20.0,11.0
25.0,367.0,18.0,14.0
28.0,367.0,17.0,13.0
23.0,369.0,18.0,15.0
20.0,372.0,19.0,17.0
21.0,375.0,23.0,17.0
16.0,377.0,23.0,17.0
26.0,387.0,22.0,19.0
23.0,389.0,24.0,16.0
13.0,384.0,25.0,17.0
15.0,381.0,24.0,16.0
15.0,387.0,24.0,18.0
0.0,397.0,24.0,15.0
2.0,405.0,25.0,13.0
4.0,415.0,25.0,12.0
6.0,421.0,21.0,11.0
8.0,430.0,22.0,10.0
10.0,436.0,20.0,11.0
7.0,445.0,21.0,10.0
8.0,448.0,21.0,10.0
8.0,456.0,21.0,10.0
8.0,457.0,21.0,10.0
13.0,455.0,18.0,14.0
15.0,445.0,21.0,13.0
14.0,437.0,22.0,15.0
14.0,439.0,22.0,15.0
19.0,443.0,23.0,14.0
13.0,439.0,23.0,15.0
14.0,440.0,23.0,16.0
14.0,441.0,25.0,17.0
15.0,444.0,28.0,16.0
15.0,445.0,29.0,16.0
14.0,438.0,28.0,17.0
10.0,429.0,24.0,18.0
5.0,433.0,25.0,19.0
7.0,435.0,26.0,21.0
8.0,432.0,30.0,15.0
9.0,433.0,28.0,17.0
11.0,429.0,27.0,16.0
6.0,431.0,27.0,17.0
7.0,433.0,28.0,17.0
11.0,430.0,27.0,13.0
11.0,427.0,26.0,17.0
10.0,435.0,26.0,16.0
9.0,435.0,26.0,18.0
7.0,430.0,27.0,16.0
10.0,432.0,25.0,17.0
12.0,429.0,25.0,15.0
15.0,430.0,25.0,17.0
15.0,422.0,28.0,14.0
15.0,423.0,26.0,14.0
27.0,423.0,28.0,14.0
29.0,431.0,28.0,15.0
29.0,431.0,27.0,17.0
24.0,426.0,28.0,18.0
14.0,419.0,30.0,17.0
12.0,434.0,31.0,13.0
12.0,428.0,29.0,15.0
10.0,421.0,32.0,13.0
9.0,420.0,28.0,16.0
8.0,422.0,28.0,13.0
14.0,424.0,30.0,15.0
17.0,432.0,31.0,15.0
20.0,434.0,36.0,12.0
23.0,434.0,33.0,18.0
24.0,443.0,34.0,15.0
24.0,445.0,34.0,15.0
28.0,452.0,32.0,13.0
29.0,452.0,30.0,16.0
28.0,453.0,30.0,17.0
39.0,454.0,33.0,15.0
37.0,456.0,34.0,16.0
41.0,456.0,33.0,16.0
32.0,444.0,32.0,17.0
46.0,427.0,37.0,12.0
36.0,417.0,32.0,17.0
29.0,416.0,32.0,19.0
16.0,426.0,35.0,15.0
35.0,442.0,32.0,17.0
36.0,443.0,31.0,15.0
48.0,445.0,30.0,16.0
54.0,439.0,27.0,15.0
60.0,435.0,27.0,15.0
61.0,437.0,27.0,16.0
54.0,432.0,27.0,14.0
67.0,405.0,28.0,11.0
79.0,393.0,28.0,13.0
81.0,375.0,35.0,12.0
79.0,375.0,34.0,11.0
103.0,375.0,35.0,12.0
110.0,375.0,33.0,11.0
127.0,369.0,26.0,12.0
124.0,349.0,19.0,11.0
140.0,346.0,22.0,11.0
166.0,347.0,17.0,11.0
150.0,358.0,22.0,10.0
168.0,374.0,25.0,10.0
191.0,349.0,21.0,18.0
191.0,345.0,20.0,13.0
204.0,329.0,23.0,13.0
199.0,321.0,22.0,12.0
204.0,319.0,21.0,13.0
206.0,327.0,23.0,11.0
203.0,320.0,22.0,12.0
212.0,321.0,25.0,11.0
229.0,327.0,24.0,14.0
224.0,325.0,25.0,16.0
218.0,323.0,28.0,16.0
203.0,351.0,26.0,17.0
222.0,355.0,29.0,16.0
236.0,351.0,30.0,15.0
254.0,349.0,25.0,18.0
257.0,348.0,28.0,13.0
250.0,342.0,19.0,15.0
254.0,340.0,21.0,15.0
273.0,342.0,28.0,10.0
276.0,325.0,25.0,13.0
277.0,325.0,24.0,11.0
273.0,332.0,23.0,11.0
276.0,334.0,20.0,14.0
287.0,352.0,20.0,13.0
303.0,355.0,19.0,12.0
316.0,357.0,22.0,11.0
305.0,374.0,19.0,15.0
314.0,373.0,22.0,13.0
324.0,385.0,30.0,10.0
331.0,383.0,28.0,11.0
327.0,382.0,25.0,15.0
329.0,390.0,25.0,13.0
333.0,390.0,20.0,13.0
320.0,395.0,17.0,12.0
336.0,393.0,20.0,14.0
352.0,394.0,17.0,13.0
369.0,397.0,18.0,12.0
383.0,396.0,18.0,14.0
397.0,403.0,18.0,11.0
400.0,400.0,18.0,12.0
410.0,409.0,19.0,11.0
399.0,415.0,22.0,10.0
392.0,411.0,15.0,13.0
400.0,415.0,15.0,12.0
402.0,418.0,17.0,12.0
400.0,420.0,17.0,12.0
394.0,425.0,18.0,13.0
390.0,425.0,17.0,13.0
392.0,425.0,17.0,12.0
385.0,426.0,18.0,13.0
377.0,427.0,19.0,10.0
369.0,430.0,20.0,11.0
360.0,433.0,18.0,10.0
355.0,438.0,19.0,10.0
346.0,442.0,16.0,10.0
337.0,446.0,17.0,11.0
334.0,447.0,16.0,10.0
326.0,450.0,17.0,12.0
321.0,450.0,17.0,13.0
315.0,451.0,17.0,11.0
312.0,452.0,15.0,11.0
301.0,454.0,18.0,10.0
292.0,451.0,17.0,10.0
281.0,452.0,16.0,13.0
281.0,464.0,16.0,10.0
272.0,466.0,16.0,11.0
267.0,468.0,17.0,10.0
268.0,459.0,18.0,12.0
268.0,447.0,25.0,10.0
265.0,440.0,21.0,14.0
259.0,436.0,23.0,12.0
244.0,443.0,21.0,10.0
248.0,429.0,19.0,11.0
254.0,421.0,16.0,12.0
250.0,412.0,19.0,11.0
251.0,412.0,17.0,14.0
247.0,394.0,13.0,15.0
246.0,396.0,13.0,12.0
239.0,394.0,14.0,10.0
237.0,394.0,11.0,12.0
224.0,400.0,15.0,10.0
222.0,398.0,15.0,12.0
212.0,400.0,14.0,11.0
210.0,399.0,13.0,13.0
203.0,400.0,15.0,11.0
196.0,401.0,15.0,12.0
188.0,403.0,16.0,11.0
181.0,395.0,17.0,12.0
173.0,398.0,19.0,10.0
172.0,400.0,14.0,10.0
166.0,397.0,16.0,10.0
153.0,380.0,17.0,10.0
145.0,383.0,21.0,10.0
143.0,385.0,16.0,14.0
144.0,390.0,18.0,10.0
152.0,382.0,17.0,11.0
153.0,383.0,17.0,10.0
144.0,383.0,18.0,11.0
143.0,392.0,21.0,10.0
140.0,391.0,18.0,12.0
136.0,373.0,18.0,17.0
157.0,363.0,24.0,14.0
142.0,364.0,24.0,13.0
124.0,354.0,24.0,16.0
117.0,352.0,26.0,12.0
105.0,340.0,21.0,12.0
104.0,341.0,21.0,11.0
98.0,335.0,21.0,13.0
94.0,321.0,21.0,10.0
95.0,309.0,21.0,11.0
85.0,305.0,23.0,10.0
74.0,306.0,21.0,12.0
76.0,308.0,25.0,14.0
81.0,312.0,23.0,14.0
62.0,313.0,20.0,12.0
61.0,314.0,19.0,11.0
46.0,318.0,16.0,11.0
31.0,321.0,16.0,12.0
31.0,322.0,18.0,13.0
27.0,312.0,21.0,14.0
27.0,313.0,23.0,12.0
31.0,315.0,23.0,13.0
39.0,316.0,20.0,16.0
27.0,318.0,25.0,13.0
12.0,319.0,21.0,17.0
12.0,329.0,18.0,18.0
6.0,324.0,21.0,15.0
14.0,326.0,24.0,16.0
13.0,320.0,23.0,12.0
11.0,320.0,21.0,15.0
11.0,315.0,23.0,15.0
13.0,311.0,24.0,14.0
15.0,305.0,23.0,17.0
17.0,295.0,28.0,17.0
20.0,289.0,28.0,18.0
11.0,284.0,27.0,18.0
4.0,281.0,24.0,17.0
-4.0,284.0,18.0,14.0
2.0,280.0,22.0,15.0
7.0,285.0,22.0,15.0
3.0,296.0,21.0,14.0
20.0,314.0,23.0,14.0
11.0,315.0,21.0,14.0
13.0,319.0,16.0,12.0
14.0,320.0,15.0,10.0
13.0,321.0,16.0,11.0
23.0,327.0,14.0,15.0
19.0,318.0,19.0,11.0
12.0,300.0,20.0,13.0
27.0,281.0,28.0,12.0
21.0,282.0,27.0,14.0
26.0,297.0,24.0,11.0
23.0,302.0,19.0,12.0
23.0,301.0,17.0,11.0
12.0,299.0,18.0,10.0
5.0,309.0,18.0,11.0
4.0,308.0,16.0,10.0
0.0,309.0,13.0,12.0
0.0,314.0,15.0,10.0
2.0,306.0,16.0,11.0
1.0,293.0,16.0,11.0
-1.0,291.0,14.0,11.0
0.0,288.0,14.0,11.0
15.0,277.0,20.0,11.0
18.0,276.0,16.0,12.0
19.0,279.0,16.0,12.0
18.0,280.0,17.0,13.0
21.0,288.0,14.0,12.0
22.0,292.0,16.0,11.0
21.0,295.0,16.0,11.0
24.0,300.0,18.0,12.0
25.0,304.0,18.0,11.0
28.0,307.0,17.0,11.0
28.0,306.0,17.0,11.0
28.0,307.0,17.0,10.0
30.0,312.0,18.0,12.0
31.0,316.0,17.0,12.0
32.0,318.0,19.0,12.0
33.0,324.0,16.0,15.0
34.0,333.0,16.0,13.0
34.0,339.0,16.0,13.0
33.0,347.0,18.0,13.0
33.0,346.0,18.0,13.0
36.0,355.0,17.0,13.0
37.0,362.0,19.0,12.0
55.0,342.0,16.0,10.0
60.0,345.0,13.0,11.0
61.0,347.0,14.0,10.0
60.0,354.0,16.0,10.0
63.0,358.0,14.0,11.0
63.0,364.0,12.0,11.0
65.0,367.0,13.0,11.0
66.0,368.0,13.0,10.0
67.0,372.0,12.0,11.0
68.0,378.0,13.0,11.0
70.0,382.0,12.0,10.0
72.0,386.0,13.0,11.0
72.0,389.0,14.0,11.0
75.0,392.0,13.0,10.0
75.0,396.0,11.0,11.0
60.0,388.0,14.0,10.0
47.0,388.0,17.0,11.0
47.0,393.0,12.0,13.0
48.0,398.0,16.0,10.0
52.0,406.0,17.0,10.0
53.0,413.0,13.0,10.0
57.0,419.0,13.0,12.0
62.0,426.0,10.0,13.0
64.0,433.0,12.0,13.0
64.0,438.0,14.0,12.0
69.0,447.0,13.0,10.0
69.0,448.0,12.0,10.0
72.0,454.0,12.0,11.0
76.0,463.0,15.0,10.0
81.0,470.0,13.0,10.0
79.0,458.0,15.0,10.0
73.0,455.0,16.0,10.0
67.0,452.0,17.0,10.0
89.0,434.0,14.0,14.0
93.0,443.0,12.0,15.0
95.0,443.0,11.0,15.0
97.0,448.0,14.0,14.0
97.0,452.0,12.0,13.0
98.0,457.0,14.0,12.0
103.0,459.0,10.0,13.0
103.0,465.0,10.0,10.0
106.0,467.0,10.0,10.0
94.0,457.0,13.0,10.0
95.0,461.0,12.0,12.0
94.0,462.0,15.0,10.0
94.0,462.0,15.0,10.0
96.0,465.0,15.0,11.0
95.0,468.0,15.0,10.0
94.0,468.0,17.0,10.0
82.0,466.0,19.0,10.0
79.0,463.0,18.0,12.0
86.0,442.0,17.0,14.0
102.0,430.0,19.0,12.0
105.0,435.0,18.0,14.0
105.0,441.0,17.0,13.0
111.0,445.0,20.0,11.0
112.0,452.0,21.0,11.0
113.0,452.0,21.0,13.0
112.0,446.0,21.0,15.0
112.0,444.0,23.0,12.0
112.0,450.0,19.0,13.0
113.0,451.0,21.0,13.0
115.0,451.0,21.0,13.0
126.0,428.0,24.0,14.0
128.0,428.0,23.0,14.0
142.0,436.0,25.0,13.0
162.0,410.0,25.0,16.0
166.0,419.0,23.0,16.0
166.0,424.0,23.0,11.0
168.0,431.0,22.0,12.0
166.0,438.0,23.0,12.0
170.0,440.0,21.0,12.0
169.0,441.0,19.0,15.0
171.0,446.0,22.0,11.0
171.0,448.0,22.0,10.0
170.0,442.0,20.0,11.0
175.0,448.0,22.0,10.0
171.0,449.0,23.0,10.0
171.0,451.0,24.0,12.0
171.0,451.0,23.0,11.0
169.0,454.0,23.0,10.0
169.0,455.0,21.0,10.0
166.0,455.0,20.0,11.0
167.0,455.0,20.0,11.0
161.0,457.0,22.0,12.0
159.0,453.0,21.0,13.0
158.0,457.0,22.0,11.0
157.0,454.0,22.0,11.0
153.0,454.0,22.0,12.0
148.0,455.0,25.0,10.0
144.0,453.0,22.0,14.0
144.0,455.0,25.0,11.0
140.0,456.0,25.0,13.0
141.0,456.0,25.0,13.0
141.0,457.0,24.0,13.0
136.0,459.0,24.0,12.0
140.0,461.0,25.0,11.0
133.0,461.0,24.0,11.0
131.0,460.0,20.0,14.0
132.0,449.0,22.0,13.0
128.0,451.0,20.0,11.0
128.0,456.0,18.0,11.0
129.0,455.0,17.0,10.0
127.0,459.0,16.0,10.0
127.0,463.0,13.0,10.0
126.0,469.0,12.0,10.0
121.0,469.0,14.0,10.0
122.0,465.0,14.0,11.0
122.0,452.0,16.0,12.0
125.0,453.0,17.0,11.0
111.0,435.0,17.0,14.0
110.0,439.0,21.0,12.0
109.0,439.0,21.0,13.0
108.0,440.0,19.0,14.0
108.0,444.0,21.0,12.0
106.0,448.0,17.0,12.0
104.0,452.0,17.0,12.0
104.0,456.0,17.0,14.0
101.0,461.0,19.0,13.0
99.0,463.0,20.0,12.0
96.0,464.0,22.0,13.0
95.0,465.0,23.0,13.0
89.0,459.0,22.0,16.0
82.0,441.0,23.0,16.0
68.0,430.0,20.0,16.0
67.0,432.0,19.0,15.0
67.0,434.0,20.0,13.0
67.0,434.0,18.0,15.0
64.0,439.0,18.0,15.0
64.0,442.0,16.0,14.0
62.0,447.0,18.0,12.0
61.0,448.0,18.0,11.0
62.0,450.0,17.0,10.0
58.0,450.0,16.0,11.0
56.0,453.0,15.0,12.0
56.0,460.0,15.0,11.0
57.0,460.0,16.0,12.0
52.0,461.0,16.0,13.0
49.0,463.0,18.0,13.0
43.0,453.0,19.0,13.0
43.0,451.0,19.0,12.0
43.0,446.0,20.0,12.0
43.0,431.0,20.0,13.0
35.0,426.0,20.0,13.0
35.0,420.0,22.0,13.0
31.0,402.0,16.0,18.0
36.0,406.0,20.0,14.0
41.0,409.0,14.0,15.0
46.0,420.0,14.0,14.0
56.0,410.0,22.0,12.0
56.0,410.0,23.0,12.0
62.0,420.0,25.0,14.0
67.0,426.0,34.0,16.0
69.0,433.0,39.0,15.0
71.0,439.0,37.0,16.0
75.0,446.0,35.0,14.0
77.0,451.0,29.0,15.0
79.0,456.0,26.0,18.0
78.0,463.0,29.0,14.0
81.0,464.0,28.0,15.0
72.0,446.0,32.0,13.0
79.0,447.0,28.0,16.0
77.0,444.0,23.0,16.0
85.0,448.0,23.0,14.0
78.0,438.0,24.0,14.0
56.0,451.0,24.0,13.0
59.0,453.0,22.0,12.0
59.0,456.0,20.0,11.0
60.0,455.0,19.0,12.0
60.0,455.0,20.0,12.0
59.0,446.0,21.0,13.0
55.0,443.0,22.0,14.0
56.0,439.0,22.0,14.0
61.0,439.0,22.0,12.0
58.0,438.0,20.0,15.0
62.0,414.0,17.0,12.0
63.0,416.0,14.0,13.0
65.0,421.0,17.0,10.0
65.0,423.0,16.0,10.0
65.0,423.0,15.0,10.0
64.0,426.0,15.0,10.0
67.0,425.0,14.0,11.0
65.0,427.0,14.0,11.0
64.0,427.0,15.0,11.0
63.0,430.0,12.0,10.0
61.0,431.0,12.0,10.0
57.0,433.0,14.0,10.0
53.0,436.0,14.0,10.0
53.0,435.0,14.0,10.0
50.0,436.0,15.0,11.0
48.0,439.0,15.0,10.0
43.0,440.0,15.0,10.0
40.0,443.0,14.0,10.0
36.0,445.0,13.0,10.0
33.0,446.0,15.0,10.0
29.0,448.0,13.0,10.0
25.0,449.0,15.0,10.0
16.0,450.0,17.0,10.0
16.0,449.0,17.0,11.0
15.0,451.0,15.0,12.0
8.0,447.0,16.0,11.0
2.0,449.0,15.0,10.0
0.0,447.0,15.0,10.0
2.0,447.0,15.0,10.0
4.0,446.0,15.0,12.0
5.0,445.0,18.0,11.0
9.0,445.0,17.0,14.0
15.0,447.0,18.0,12.0
11.0,444.0,20.0,11.0
6.0,445.0,19.0,11.0
13.0,440.0,20.0,10.0
16.0,435.0,18.0,13.0
20.0,438.0,18.0,13.0
17.0,444.0,21.0,10.0
19.0,428.0,21.0,12.0
20.0,419.0,21.0,16.0
28.0,420.0,25.0,14.0
40.0,422.0,28.0,15.0
43.0,422.0,26.0,18.0
38.0,424.0,26.0,18.0
43.0,427.0,25.0,18.0
37.0,422.0,25.0,15.0
27.0,415.0,26.0,19.0
31.0,403.0,25.0,23.0
22.0,398.0,28.0,22.0
8.0,369.0,27.0,18.0
9.0,370.0,23.0,16.0
13.0,364.0,23.0,15.0
15.0,359.0,21.0,14.0
16.0,361.0,18.0,11.0
10.0,366.0,19.0,12.0
13.0,367.0,20.0,11.0
19.0,363.0,15.0,14.0
16.0,366.0,17.0,13.0
21.0,369.0,16.0,13.0
21.0,375.0,16.0,11.0
21.0,376.0,15.0,10.0
20.0,382.0,14.0,10.0
22.0,383.0,16.0,10.0
20.0,384.0,15.0,10.0
18.0,386.0,15.0,10.0
22.0,390.0,12.0,10.0
22.0,391.0,12.0,10.0
19.0,391.0,13.0,10.0
19.0,391.0,14.0,10.0
18.0,391.0,14.0,10.0
20.0,392.0,13.0,11.0
21.0,396.0,12.0,10.0
20.0,398.0,12.0,10.0
21.0,400.0,11.0,10.0
18.0,401.0,13.0,10.0
18.0,405.0,13.0,10.0
16.0,407.0,14.0,10.0
16.0,410.0,11.0,13.0
14.0,413.0,11.0,11.0
14.0,413.0,10.0,10.0
12.0,415.0,11.0,10.0
9.0,415.0,11.0,10.0
7.0,415.0,10.0,10.0
4.0,415.0,11.0,10.0
0.0,413.0,10.0,10.0
0.0,414.0,12.0,10.0
1.0,412.0,13.0,10.0
2.0,413.0,14.0,11.0
4.0,410.0,15.0,12.0
5.0,412.0,17.0,12.0
7.0,414.0,19.0,10.0
30.0,402.0,17.0,13.0
30.0,403.0,14.0,12.0
28.0,404.0,12.0,12.0
25.0,403.0,13.0,12.0
23.0,407.0,13.0,11.0
22.0,401.0,11.0,17.0
16.0,406.0,15.0,15.0
16.0,407.0,15.0,15.0
15.0,413.0,14.0,14.0
12.0,413.0,12.0,14.0
9.0,418.0,12.0,14.0
5.0,423.0,12.0,11.0
1.0,425.0,12.0,12.0
0.0,428.0,10.0,10.0
0.0,430.0,10.0,10.0
0.0,431.0,10.0,10.0
5.0,435.0,13.0,10.0
3.0,438.0,15.0,10.0
2.0,431.0,17.0,10.0
11.0,439.0,16.0,13.0
10.0,443.0,20.0,10.0
14.0,421.0,21.0,10.0
11.0,420.0,17.0,11.0
11.0,417.0,14.0,13.0
8.0,419.0,16.0,12.0
7.0,420.0,15.0,13.0
7.0,417.0,15.0,13.0
6.0,420.0,18.0,11.0
9.0,420.0,19.0,12.0
10.0,425.0,19.0,13.0
12.0,424.0,20.0,13.0
14.0,429.0,20.0,15.0
22.0,431.0,23.0,14.0
32.0,423.0,20.0,14.0
30.0,423.0,20.0,15.0
40.0,428.0,27.0,11.0
61.0,431.0,20.0,15.0
67.0,407.0,23.0,15.0
64.0,409.0,32.0,17.0
59.0,407.0,29.0,27.0
56.0,416.0,32.0,30.0
52.0,425.0,36.0,35.0
51.0,433.0,31.0,39.0
47.0,443.0,33.0,32.0
49.0,455.0,30.0,25.0
43.0,456.0,28.0,24.0
33.0,457.0,26.0,21.0
60.0,435.0,22.0,14.0
65.0,443.0,17.0,13.0
62.0,457.0,16.0,10.0
67.0,451.0,18.0,10.0
50.0,437.0,17.0,13.0
45.0,428.0,19.0,11.0
43.0,428.0,19.0,13.0
45.0,436.0,16.0,13.0
45.0,438.0,15.0,13.0
45.0,431.0,18.0,10.0
40.0,436.0,18.0,12.0
35.0,437.0,20.0,13.0
29.0,434.0,23.0,10.0
24.0,434.0,21.0,14.0
22.0,429.0,21.0,16.0
14.0,430.0,22.0,16.0
14.0,432.0,24.0,15.0
25.0,428.0,24.0,14.0
20.0,423.0,23.0,17.0
19.0,425.0,24.0,15.0
13.0,420.0,23.0,16.0
21.0,418.0,24.0,14.0
23.0,405.0,23.0,18.0
24.0,394.0,27.0,17.0
29.0,386.0,24.0,18.0
37.0,385.0,24.0,21.0
31.0,382.0,25.0,17.0
28.0,380.0,21.0,17.0
29.0,381.0,21.0,18.0
20.0,375.0,22.0,17.0
20.0,369.0,22.0,20.0
12.0,369.0,22.0,21.0
6.0,364.0,24.0,20.0
7.0,366.0,25.0,18.0
10.0,366.0,25.0,21.0
17.0,354.0,28.0,15.0
28.0,351.0,25.0,12.0
32.0,359.0,16.0,12.0
32.0,366.0,15.0,11.0
38.0,374.0,12.0,11.0
41.0,377.0,11.0,10.0
47.0,383.0,10.0,10.0
48.0,388.0,10.0,10.0
48.0,394.0,10.0,10.0
51.0,400.0,11.0,10.0
52.0,406.0,11.0,10.0
51.0,407.0,11.0,10.0
54.0,411.0,10.0,12.0
55.0,416.0,10.0,12.0
55.0,423.0,10.0,10.0
55.0,429.0,10.0,11.0
55.0,432.0,10.0,12.0
55.0,438.0,10.0,10.0
54.0,441.0,10.0,10.0
54.0,446.0,10.0,10.0
54.0,446.0,10.0,10.0
52.0,447.0,11.0,10.0
49.0,455.0,10.0,10.0
48.0,458.0,10.0,12.0
46.0,463.0,10.0,11.0
46.0,468.0,10.0,10.0
42.0,470.0,11.0,10.0
47.0,458.0,11.0,11.0
52.0,452.0,15.0,10.0
48.0,449.0,15.0,12.0
47.0,450.0,18.0,11.0
47.0,446.0,18.0,12.0
49.0,445.0,18.0,13.0
43.0,440.0,17.0,10.0
44.0,440.0,17.0,11.0
46.0,440.0,18.0,10.0
48.0,446.0,15.0,13.0
41.0,454.0,17.0,10.0
37.0,443.0,16.0,12.0
34.0,432.0,18.0,14.0
33.0,429.0,20.0,13.0
27.0,435.0,18.0,14.0
18.0,443.0,19.0,14.0
16.0,445.0,22.0,15.0
15.0,451.0,19.0,15.0
10.0,452.0,20.0,15.0
12.0,449.0,22.0,15.0
17.0,449.0,21.0,14.0
17.0,449.0,21.0,13.0
18.0,449.0,20.0,13.0
27.0,446.0,23.0,12.0
33.0,443.0,23.0,10.0
21.0,449.0,25.0,12.0
34.0,447.0,29.0,11.0
42.0,449.0,31.0,12.0
46.0,448.0,27.0,13.0
45.0,452.0,31.0,11.0
47.0,453.0,29.0,11.0
51.0,454.0,31.0,11.0
57.0,453.0,32.0,13.0
50.0,454.0,32.0,13.0
61.0,456.0,33.0,12.0
64.0,455.0,29.0,15.0
58.0,447.0,27.0,18.0
52.0,443.0,27.0,19.0
63.0,440.0,28.0,17.0
67.0,443.0,24.0,18.0
66.0,438.0,26.0,17.0
67.0,434.0,27.0,17.0
60.0,436.0,27.0,15.0
61.0,437.0,27.0,16.0
59.0,432.0,27.0,16.0
58.0,427.0,27.0,17.0
58.0,428.0,27.0,19.0
42.0,402.0,25.0,21.0
32.0,402.0,24.0,21.0
28.0,421.0,24.0,18.0
22.0,433.0,27.0,18.0
22.0,433.0,26.0,18.0
15.0,443.0,23.0,18.0
7.0,455.0,21.0,15.0
18.0,442.0,16.0,13.0
14.0,454.0,16.0,11.0
3.0,447.0,16.0,12.0
5.0,444.0,18.0,12.0
12.0,428.0,24.0,13.0
5.0,430.0,25.0,15.0
5.0,432.0,27.0,15.0
7.0,440.0,28.0,14.0
10.0,446.0,27.0,18.0
13.0,429.0,24.0,19.0
37.0,399.0,23.0,16.0
31.0,406.0,25.0,11.0
26.0,413.0,21.0,14.0
21.0,416.0,18.0,14.0
13.0,421.0,21.0,10.0
8.0,425.0,21.0,12.0
8.0,426.0,22.0,12.0
3.0,428.0,24.0,11.0
0.0,434.0,20.0,13.0
-1.0,436.0,20.0,13.0
1.0,433.0,21.0,14.0
3.0,434.0,22.0,14.0
7.0,435.0,22.0,14.0
16.0,427.0,28.0,12.0
19.0,426.0,23.0,14.0
20.0,426.0,21.0,14.0
9.0,429.0,23.0,12.0
5.0,435.0,20.0,13.0
12.0,429.0,19.0,14.0
32.0,411.0,24.0,15.0
24.0,418.0,24.0,14.0
15.0,427.0,24.0,12.0
9.0,435.0,23.0,12.0
1.0,444.0,24.0,13.0
24.0,421.0,18.0,20.0
24.0,423.0,17.0,17.0
34.0,419.0,25.0,14.0
31.0,427.0,29.0,13.0
23.0,434.0,31.0,12.0
20.0,440.0,29.0,14.0
13.0,448.0,27.0,13.0
16.0,441.0,25.0,16.0
22.0,412.0,23.0,13.0
13.0,412.0,21.0,11.0
12.0,414.0,18.0,13.0
12.0,417.0,18.0,13.0
6.0,420.0,20.0,10.0
13.0,409.0,19.0,14.0
8.0,410.0,19.0,14.0
7.0,414.0,21.0,12.0
7.0,419.0,20.0,10.0
12.0,415.0,19.0,11.0
21.0,407.0,22.0,10.0
17.0,407.0,20.0,10.0
16.0,408.0,19.0,10.0
16.0,408.0,19.0,11.0
14.0,410.0,20.0,12.0
7.0,413.0,20.0,11.0
11.0,412.0,21.0,12.0
9.0,412.0,21.0,13.0
19.0,413.0,24.0,13.0
17.0,416.0,26.0,13.0
15.0,414.0,26.0,15.0
10.0,409.0,29.0,14.0
10.0,406.0,31.0,13.0
25.0,413.0,26.0,19.0
22.0,412.0,28.0,20.0
17.0,415.0,27.0,19.0
12.0,417.0,28.0,19.0
12.0,420.0,29.0,18.0
7.0,422.0,26.0,18.0
7.0,423.0,26.0,22.0
8.0,427.0,30.0,17.0
10.0,429.0,30.0,16.0
7.0,432.0,28.0,17.0
8.0,433.0,28.0,16.0
29.0,411.0,26.0,18.0
37.0,418.0,23.0,14.0
30.0,419.0,22.0,15.0
22.0,423.0,27.0,10.0
23.0,423.0,20.0,16.0
37.0,426.0,24.0,15.0
39.0,405.0,25.0,16.0
28.0,406.0,25.0,11.0
40.0,412.0,27.0,14.0
42.0,412.0,26.0,17.0
40.0,421.0,26.0,15.0
42.0,423.0,22.0,17.0
37.0,429.0,24.0,18.0
31.0,433.0,26.0,17.0
26.0,434.0,25.0,19.0
21.0,437.0,28.0,18.0
21.0,440.0,28.0,17.0
23.0,442.0,27.0,18.0
18.0,451.0,25.0,17.0
24.0,453.0,21.0,19.0
18.0,455.0,22.0,17.0
11.0,457.0,23.0,16.0
11.0,459.0,23.0,16.0
28.0,445.0,24.0,17.0
42.0,437.0,21.0,15.0
39.0,446.0,19.0,13.0
42.0,447.0,17.0,12.0
40.0,454.0,16.0,12.0
39.0,450.0,14.0,12.0
38.0,453.0,15.0,12.0
38.0,453.0,16.0,13.0
46.0,442.0,17.0,15.0
37.0,439.0,21.0,13.0
28.0,442.0,19.0,14.0
25.0,442.0,18.0,15.0
26.0,443.0,18.0,16.0
20.0,445.0,19.0,17.0
13.0,434.0,21.0,16.0
17.0,435.0,24.0,15.0
18.0,436.0,22.0,18.0
10.0,409.0,20.0,18.0
11.0,410.0,25.0,13.0
15.0,401.0,23.0,17.0
10.0,395.0,23.0,19.0
10.0,390.0,26.0,17.0
11.0,389.0,26.0,16.0
7.0,391.0,22.0,12.0
5.0,391.0,19.0,16.0
11.0,390.0,21.0,15.0
11.0,391.0,21.0,17.0
14.0,395.0,22.0,18.0
7.0,391.0,23.0,16.0
8.0,373.0,26.0,15.0
12.0,373.0,26.0,16.0
14.0,367.0,26.0,17.0
26.0,370.0,25.0,18.0
31.0,364.0,26.0,17.0
30.0,380.0,25.0,20.0
34.0,382.0,24.0,21.0
20.0,395.0,31.0,17.0
21.0,394.0,28.0,20.0
23.0,394.0,28.0,21.0
28.0,390.0,27.0,18.0
24.0,391.0,24.0,16.0
26.0,392.0,22.0,15.0
24.0,389.0,22.0,15.0
17.0,386.0,21.0,14.0
22.0,390.0,21.0,14.0
16.0,388.0,20.0,14.0
17.0,395.0,20.0,15.0
13.0,391.0,21.0,14.0
30.0,385.0,23.0,13.0
28.0,374.0,27.0,13.0
29.0,352.0,17.0,20.0
30.0,352.0,16.0,16.0
22.0,361.0,20.0,14.0
15.0,366.0,20.0,11.0
20.0,360.0,17.0,12.0
20.0,362.0,19.0,13.0
14.0,364.0,17.0,11.0
16.0,366.0,15.0,13.0
11.0,368.0,16.0,15.0
9.0,373.0,18.0,14.0
9.0,373.0,19.0,13.0
4.0,374.0,18.0,14.0
6.0,376.0,18.0,15.0
2.0,372.0,19.0,15.0
11.0,364.0,19.0,16.0
12.0,360.0,22.0,15.0
12.0,362.0,22.0,17.0
13.0,359.0,24.0,16.0
8.0,356.0,25.0,18.0
9.0,336.0,25.0,19.0
10.0,320.0,23.0,20.0
12.0,323.0,28.0,12.0
16.0,315.0,23.0,16.0
18.0,316.0,22.0,15.0
12.0,324.0,20.0,18.0
15.0,324.0,22.0,16.0
9.0,325.0,22.0,19.0
7.0,334.0,23.0,18.0
7.0,331.0,24.0,15.0
8.0,332.0,23.0,14.0
11.0,334.0,22.0,15.0
12.0,337.0,23.0,12.0
10.0,335.0,20.0,16.0
9.0,324.0,22.0,16.0
9.0,319.0,24.0,17.0
29.0,305.0,20.0,15.0
24.0,310.0,20.0,10.0
18.0,310.0,18.0,12.0
20.0,316.0,19.0,12.0
21.0,313.0,20.0,11.0
16.0,315.0,19.0,12.0
13.0,314.0,18.0,11.0
14.0,317.0,18.0,12.0
10.0,314.0,17.0,12.0
12.0,312.0,20.0,10.0
11.0,314.0,16.0,12.0
7.0,314.0,16.0,13.0
3.0,315.0,15.0,13.0
3.0,315.0,14.0,12.0
4.0,313.0,15.0,12.0
5.0,309.0,15.0,12.0
4.0,305.0,15.0,13.0
5.0,297.0,19.0,11.0
8.0,295.0,18.0,15.0
9.0,295.0,21.0,15.0
3.0,288.0,20.0,16.0
11.0,285.0,22.0,13.0
22.0,285.0,23.0,14.0
26.0,285.0,22.0,14.0
15.0,285.0,23.0,12.0
20.0,290.0,23.0,14.0
11.0,285.0,24.0,13.0
15.0,274.0,23.0,15.0
7.0,272.0,25.0,10.0
10.0,271.0,21.0,15.0
3.0,272.0,20.0,16.0
9.0,270.0,22.0,13.0
12.0,267.0,22.0,13.0
7.0,263.0,21.0,14.0
16.0,243.0,19.0,17.0
15.0,245.0,22.0,14.0
12.0,247.0,20.0,16.0
11.0,248.0,21.0,15.0
13.0,237.0,24.0,16.0
15.0,232.0,22.0,17.0
15.0,237.0,25.0,16.0
33.0,241.0,27.0,13.0
39.0,242.0,24.0,10.0
30.0,241.0,25.0,11.0
28.0,247.0,21.0,10.0
24.0,241.0,21.0,12.0
17.0,255.0,23.0,12.0
10.0,256.0,22.0,12.0
7.0,266.0,23.0,13.0
4.0,267.0,22.0,15.0
-1.0,277.0,21.0,13.0
-1.0,277.0,21.0,12.0
0.0,281.0,16.0,14.0
2.0,273.0,23.0,12.0
2.0,273.0,21.0,13.0
0.0,275.0,21.0,12.0
-2.0,277.0,23.0,11.0
3.0,264.0,21.0,16.0
4.0,260.0,22.0,14.0
4.0,254.0,21.0,16.0
6.0,247.0,21.0,18.0
7.0,247.0,20.0,16.0
9.0,234.0,23.0,16.0
4.0,232.0,25.0,15.0
15.0,230.0,27.0,14.0
34.0,214.0,30.0,21.0
35.0,219.0,28.0,17.0
28.0,224.0,28.0,18.0
24.0,231.0,29.0,19.0
16.0,237.0,32.0,21.0
13.0,245.0,30.0,22.0
14.0,244.0,31.0,22.0
7.0,252.0,29.0,23.0
1.0,262.0,30.0,24.0
-2.0,268.0,30.0,23.0
-1.0,274.0,22.0,27.0
0.0,279.0,26.0,23.0
0.0,282.0,27.0,22.0
5.0,294.0,33.0,15.0
11.0,288.0,28.0,15.0
11.0,290.0,24.0,14.0
12.0,274.0,20.0,20.0
28.0,279.0,24.0,16.0
26.0,291.0,27.0,13.0
42.0,279.0,23.0,17.0
29.0,283.0,25.0,13.0
45.0,265.0,21.0,13.0
38.0,273.0,19.0,13.0
31.0,273.0,20.0,14.0
22.0,276.0,23.0,12.0
24.0,275.0,23.0,16.0
24.0,285.0,24.0,17.0
27.0,287.0,24.0,17.0
26.0,263.0,32.0,12.0
25.0,265.0,31.0,13.0
28.0,271.0,25.0,18.0
26.0,275.0,31.0,10.0
17.0,286.0,28.0,13.0
10.0,289.0,24.0,14.0
11.0,291.0,23.0,15.0
11.0,294.0,25.0,13.0
11.0,294.0,25.0,13.0
18.0,290.0,27.0,11.0
20.0,286.0,24.0,17.0
15.0,287.0,26.0,15.0
15.0,282.0,27.0,15.0
25.0,275.0,25.0,16.0
25.0,277.0,26.0,16.0
11.0,277.0,24.0,14.0
11.0,277.0,22.0,14.0
17.0,286.0,25.0,13.0
21.0,281.0,25.0,15.0
13.0,280.0,23.0,15.0
14.0,281.0,24.0,16.0
7.0,283.0,22.0,15.0
4.0,279.0,22.0,17.0
11.0,281.0,27.0,13.0
30.0,294.0,22.0,19.0
31.0,294.0,22.0,17.0
25.0,292.0,21.0,16.0
17.0,286.0,21.0,18.0
20.0,276.0,24.0,14.0
14.0,271.0,25.0,11.0
20.0,273.0,20.0,15.0
20.0,270.0,21.0,11.0
15.0,265.0,22.0,12.0
21.0,267.0,22.0,15.0
16.0,268.0,20.0,14.0
16.0,268.0,19.0,15.0
10.0,264.0,21.0,10.0
14.0,257.0,23.0,12.0
14.0,252.0,21.0,15.0
15.0,247.0,25.0,16.0
29.0,249.0,22.0,16.0
23.0,244.0,24.0,17.0
29.0,245.0,24.0,15.0
38.0,242.0,22.0,14.0
42.0,242.0,21.0,14.0
40.0,243.0,23.0,13.0
44.0,250.0,23.0,14.0
39.0,244.0,23.0,17.0
39.0,238.0,23.0,16.0
30.0,238.0,24.0,16.0
23.0,247.0,30.0,10.0
22.0,244.0,24.0,14.0
22.0,240.0,25.0,15.0
27.0,240.0,25.0,16.0
29.0,241.0,25.0,17.0
21.0,230.0,27.0,16.0
22.0,233.0,28.0,16.0
25.0,235.0,32.0,13.0
34.0,227.0,28.0,17.0
34.0,234.0,29.0,16.0
32.0,230.0,28.0,19.0
19.0,225.0,28.0,19.0
16.0,220.0,30.0,20.0
15.0,223.0,29.0,20.0
18.0,227.0,32.0,19.0
9.0,230.0,32.0,19.0
6.0,227.0,31.0,20.0
10.0,230.0,31.0,18.0
14.0,224.0,31.0,16.0
7.0,224.0,28.0,19.0
9.0,229.0,30.0,17.0
24.0,206.0,25.0,18.0
16.0,204.0,28.0,13.0
8.0,205.0,26.0,13.0
4.0,206.0,23.0,15.0
12.0,208.0,25.0,13.0
14.0,210.0,24.0,14.0
16.0,205.0,23.0,17.0
11.0,185.0,24.0,17.0
14.0,181.0,27.0,13.0
16.0,181.0,26.0,17.0
14.0,182.0,28.0,17.0
16.0,190.0,28.0,17.0
19.0,191.0,28.0,16.0
19.0,193.0,26.0,14.0
23.0,182.0,28.0,13.0
20.0,181.0,26.0,16.0
21.0,183.0,27.0,15.0
22.0,177.0,27.0,18.0
24.0,179.0,29.0,18.0
23.0,175.0,30.0,19.0
15.0,172.0,32.0,17.0
13.0,168.0,34.0,16.0
3.0,153.0,30.0,20.0
-1.0,156.0,28.0,16.0
2.0,157.0,27.0,18.0
3.0,154.0,30.0,15.0
5.0,154.0,29.0,16.0
9.0,150.0,29.0,18.0
12.0,151.0,30.0,18.0
7.0,146.0,30.0,19.0
11.0,142.0,31.0,18.0
13.0,137.0,32.0,19.0
14.0,138.0,30.0,20.0
15.0,135.0,34.0,18.0
17.0,135.0,33.0,19.0
20.0,137.0,32.0,20.0
21.0,133.0,33.0,20.0
12.0,135.0,32.0,18.0
16.0,136.0,33.0,19.0
19.0,138.0,34.0,19.0
19.0,132.0,35.0,20.0
20.0,114.0,32.0,22.0
21.0,107.0,34.0,22.0
20.0,110.0,35.0,21.0
22.0,102.0,34.0,24.0
20.0,89.0,38.0,19.0
12.0,81.0,34.0,25.0
4.0,81.0,32.0,25.0
4.0,85.0,34.0,19.0
1.0,85.0,30.0,20.0
0.0,86.0,27.0,17.0
4.0,79.0,25.0,19.0
7.0,74.0,27.0,17.0
8.0,72.0,26.0,20.0
9.0,73.0,27.0,21.0
12.0,67.0,30.0,21.0
15.0,60.0,32.0,23.0
18.0,55.0,33.0,24.0
21.0,56.0,35.0,25.0
25.0,50.0,36.0,28.0
27.0,52.0,36.0,28.0
26.0,63.0,38.0,25.0
27.0,66.0,39.0,24.0
28.0,70.0,42.0,21.0
31.0,61.0,39.0,26.0
31.0,62.0,39.0,28.0
