384.0,268.0,11.0,13.0
384.0253213143442,268.735447589308,10.894392375601456,12.825974518433213
384.4545235283749,268.3162134837753,10.927661870652287,12.85836576270384
383.73412407279193,269.2454212825161,10.673709047529883,12.741413974791044
384.13551393681524,268.76809445994644,10.800490851466634,12.779353359227002
384.60843846981743,268.4018181074748,10.793715055964526,12.724691871319067
385.0806294897375,268.03981841914447,10.776152438328609,12.725201371939818
385.55602427108613,269.18076063232866,10.744070190510286,12.627584011053045
386.05344904802575,268.7457214003326,10.696843780067411,12.63225422791919
387.86092555062885,268.60299630150996,10.682284292622853,12.626204432681163
388.34153714406455,268.2622283260529,10.661094882462862,12.569237050106835
388.8178008078535,269.3974729567631,10.65306982305492,12.496569997713152
390.6198915958953,269.1980577583977,10.626533579771035,12.42956454490735
391.1023934603464,268.776011997274,10.586279005036602,12.401512874922389
392.8773951726414,268.58296325798955,10.599865671153793,12.397182716403734
393.3641084637092,268.20051242519776,10.542335544384343,12.36573989101555
393.8460502396384,267.8288067708682,10.512506878816737,12.387837673055003
394.3111599680408,268.96552512982316,10.509080935265274,12.266057155618682
394.8054743612089,268.5365544922629,10.459858045989336,12.24416615987559
395.31404308860186,268.1546249584824,10.399122565701589,12.233507059656972
397.09834176741214,267.98025768385867,10.359120228924155,12.261958867830913
396.2731523245226,267.4066391720502,10.3364924809988,12.251436989227273
396.740023496511,268.5545569720748,10.336658726736687,12.105810099329801
397.23853143281343,268.13120159860694,10.279205763363905,12.139222273638552
397.7147919021528,267.75787335667064,10.24177300209783,12.120889970567475
396.89384315683674,267.1901387885766,10.211616367033344,12.077394055975844
397.35323605229337,268.33159868149636,10.197403576787679,11.96296977141975
396.55874545932676,267.7029292990135,10.144733342107088,11.988873352944267
397.00644018074246,267.3240640294098,10.146405458982656,11.985063626251247
396.20801079392174,266.785799761706,10.13875104249803,11.950742022376517
396.66779732151565,267.9372080951463,10.134738740983607,11.870549965980217
395.8827851709352,267.32444225500365,10.096702021580768,11.907954496543312
395.11910059329017,266.7772027661499,10.038349728663036,11.891995196788116
395.56924236489283,267.9170148505082,10.052334126113465,11.774900755517933
394.8029176471255,267.3097269507507,9.9904766203843,11.802450581479036
394.02081142675354,266.7549704024126,9.96584248433129,11.82033259623688
394.4841541746806,267.89609189728975,9.959701041125072,11.701720401482874
393.72177880841406,267.29062592131186,9.914226101172005,11.739026379807001
392.96182066738396,266.75088533086387,9.885397991736738,11.724367965743966
393.4228569386939,267.87433005232214,9.882114645145919,11.604248807356726
392.65925982392065,267.27061326070805,9.864793981403182,11.650830270414303
393.14437329268185,266.94262941861956,9.82533229834553,11.636195263195589
392.38946612651154,266.43157525430587,9.794687035017773,11.575312607271826
391.6509333928667,265.9328461590883,9.756596057951697,11.533583829196061
392.12643508545926,267.03770440138175,9.740231695716773,11.56414370529319
391.3821274552238,266.5175756171809,9.717090699080245,11.52609699649804
391.85144496717896,267.6219081707432,9.710430397376626,11.470789903410264
391.10002478608254,267.0783738632405,9.697710705304928,11.470889167333155
391.56664814492837,266.7592968779182,9.679791112558007,11.447060696031429
390.83527750189785,266.247174511373,9.654541942544085,11.407824893730663
391.304211601529,265.97646839838296,9.631969930263836,11.350358703349343
390.5796841079524,266.8470153378275,9.601206643288776,11.401761217004946
391.043683267725,266.5366032551906,9.59237489112894,11.372624255443839
390.31560055435347,266.05795723034873,9.561272797867616,11.325635186540637
389.60663556779025,265.61352051316294,9.520295313605743,11.229528585757464
390.06298582925814,266.66377930633956,9.518439623559061,11.294496615442142
389.35217336501034,266.16589512598034,9.490935559983257,11.278825698882542
389.818750769373,265.8905652888842,9.47804265897554,11.224348861534054
390.27701483228464,266.98630399210674,9.471527349933638,11.186392273116667
389.56324287778597,266.45235725133045,9.431255858928864,11.203441932754458
388.84989222828847,265.96977654095804,9.407963401074255,11.218862333772108
389.31043169335703,267.0750158731714,9.404073895027977,11.148081711704322
388.5993170866535,266.5532743874911,9.38623148053523,11.141030847803222
387.8859629215866,266.0606560186326,9.379169962487708,11.144354548397189
388.3470866365073,267.1568626430381,9.378042766639567,11.018873411962886
387.66847880849286,265.26975334201063,9.325284411690689,11.030023314292919
388.13275045547044,265.02730904241247,9.318834177479744,10.958984178902199
387.43893982924993,265.87310464104814,9.29363479778948,11.051683425498936
386.76553021377913,265.419616856166,9.255395309710366,10.984695592011121
387.22115574082443,265.15533152468083,9.254374052379433,10.960069077557023
386.5311368113068,266.0153457181359,9.237469509013124,10.964013497946326
386.9933314256685,265.7204651718087,9.213489610132058,10.964185050749165
386.2967337294845,265.26091622652024,9.2038600226644,10.952084462866708
385.6288340349105,264.8333498027735,9.173993115545102,10.860821322914887
384.9522548851114,265.6871997467708,9.164796663117045,10.892333126546475
384.2815786214654,265.21052955531513,9.147336704010172,10.895062409496518
384.7608615998162,264.9625714455251,9.126977112857787,10.827810384563861
385.213368811299,266.008045509194,9.142280820707924,10.837134856581486
384.53875116328794,265.52660211519714,9.116877160480215,10.838066303693097
383.8841207843877,263.79398234677905,9.07810149220677,10.675838277149808
383.21342494857385,264.6155572691339,9.069290122062284,10.758444877475199
383.6759494007164,264.3719258801807,9.056779294690386,10.70328049677812
383.0234316054399,263.960103898711,9.01653478454989,10.622197800031302
382.37358082422605,263.5368307945863,8.987582307274522,10.571279319872986
381.7308704105652,264.37277874864446,8.963630134610753,10.648761386641809
381.0909209606786,263.9820403777671,8.935760671959315,10.539921240830779
381.5757330413011,263.7449976107659,8.910030497066714,10.491478077851184
380.94192171982866,263.3141678146086,8.875530383495516,10.466554258602514
381.4090865090458,264.3583242189719,8.864770884471454,10.491306324795744
380.763701011408,263.95537691026925,8.85140083397016,10.410297938549036
380.1315088652951,263.5202365818037,8.814247515517934,10.385794494566767
379.5159007984926,264.3498961322897,8.778255344078048,10.475037640607184
379.97149443732513,264.16589980331867,8.780329396404397,10.343022486214466
379.33846163222523,263.7465521145298,8.758264463933699,10.299047926986304
378.714647393941,264.564493932211,8.740176780466072,10.40324517410238
378.08946288320834,264.17549848010486,8.725381776962024,10.297428655398846
378.5722477045599,263.95992698116686,8.681849387609532,10.21765029003484
377.94128318447974,264.75643995800255,8.685811919461685,10.342602444613874
377.32609128061375,264.36395048322436,8.672279323364194,10.269906922115354
376.7105462483187,263.97943111425394,8.656362040531008,10.171316885601698
376.1238503994238,263.53777929473216,8.611529564046464,10.187625700660021
376.5910319376972,263.3308952485918,8.606933893823395,10.135107193670592
375.99004191133463,264.1764290527931,8.57888426047424,10.158950898563091
375.3835224829611,263.76287280634904,8.574815420262837,10.132293828748516
374.78995526846495,264.5789164285049,8.554193155647454,10.23937624682435
375.26334413484363,263.18140914372634,8.525806300177749,10.026647385780734
374.66473934142925,262.7930375828045,8.515086166355445,10.00262889079977
374.07928743300585,263.60367583853656,8.494718106659718,10.050764431673429
373.4955053206704,263.2178208841103,8.475288179232507,9.986127854757115
373.98115902736964,263.0208654616538,8.43927930546198,9.934910119191954
373.39723817739434,262.63636891727873,8.420871514770624,9.928348210744787
372.8300657498702,263.45354198674323,8.391672720684255,9.979375387989364
373.29706380797495,263.2543805247453,8.389541019661408,9.92610965816101
373.7820043315417,263.07271782215753,8.34342809331605,9.846034694558739
372.1582910315767,262.50211260115145,8.32626063442649,9.85231192055619
371.58011350297386,263.3308736771601,8.327979734643577,9.870259713527105
372.0561052123696,263.1342549895792,8.313516547500683,9.815466294377757
371.49655196069233,262.7748056341478,8.285435126128561,9.77137133060188
371.9845911574881,262.60535535545205,8.23935630372307,9.727532881806837
370.38704063118297,263.24115982763294,8.232982179062617,9.772517722193072
370.8617392056655,263.051403032343,8.2154941990687,9.718369901428275
370.30695829530566,262.68127348972513,8.201427608373308,9.693195828942692
369.761693962975,262.352508361752,8.176831288584992,9.632620490701356
370.23662323656526,263.35280372064426,8.160750863552039,9.646223540087249
369.68094254679926,262.98600367758877,8.149607457868001,9.609994810884928
369.14126398748635,262.63337892239156,8.117525698777285,9.579356883584637
368.59205263526167,263.44134486333485,8.109342124123941,9.608945788586425
368.05974562421886,263.08275336816143,8.086257322834967,9.566738672072859
367.5202115240456,262.72922746847314,8.068662932841164,9.539695892507893
367.0016632962595,262.39344494246575,8.028636021736133,9.506103245733186
367.467746991385,263.40048765681604,8.031102649280967,9.489735639237665
366.94199531751065,263.03768667912937,8.004688370055874,9.477578483952698
366.41406942183227,262.6854929373704,7.991914084941243,9.454792242708777
365.89998636495517,262.3694115610567,7.95194347133355,9.406659055236105
365.39298735064506,262.0858641686199,7.910100478385743,9.34114237883091
365.8692923455552,263.0641033031502,7.894680955984484,9.369627153028887
366.3452130943163,262.89946793074347,7.868795945710701,9.333253548821915
364.8250547629488,262.40117141735755,7.872828730909816,9.31047346332332
365.3110181585842,263.4106843088547,7.8366361640530044,9.278446362327145
364.80280657662786,263.0695363957152,7.812531122300584,9.266419192167689
364.2973524256186,262.74718766124255,7.798403767334094,9.233156572207974
364.77132921950937,263.717679007302,7.78518814268989,9.232920057869876
364.2649149982406,263.39471969607206,7.762300064588942,9.199512356670311
362.7858681484754,262.89549574518406,7.746292755930426,9.178164960113179
362.29358949353576,262.5979414017031,7.725597415072173,9.14958694870387
362.76441193092313,263.59449283312074,7.709817758231736,9.129488993333098
362.2724043569233,263.28946818987544,7.690034005050734,9.102869391236936
361.788970010689,262.9774175573938,7.66323183646881,9.09573247216008
361.2880378440186,263.7791347586918,7.669038815185559,9.102840708596034
360.80725926759385,263.48147875685277,7.6388230215872,9.056019374178106
359.36709199183315,263.0330534225012,7.616202613501059,9.01956318558473
358.88210390895716,263.83143150268035,7.61182780754865,9.034364532987126
359.3663919267258,263.6874790704733,7.591038489758148,9.01723926932118
359.8402286860786,263.5749424432661,7.566607112616168,8.967177049133284
357.453746924778,264.0494612385594,7.563176599572898,8.976333305485923
357.9327699412224,263.90793414097277,7.54820078945329,8.952580518769082
358.4146192027971,263.7682614934631,7.523721713280224,8.940487530644077
357.93094261948374,264.58079004874,7.529287223800907,8.908048285592713
357.4650134374873,264.28079565943244,7.498658958747001,8.878678345597905
356.0478545951918,263.82764341348116,7.490050178459455,8.866029434493669
356.5245510644204,264.79334000308376,7.468186002316429,8.853957579692064
356.0619462513942,264.50852440695496,7.456436631168458,8.82739820205228
355.6020972213782,264.2363688010107,7.437486038285954,8.791932992913644
355.1488411640387,263.96715498647666,7.407367998042332,8.774690251447112
353.7539513549343,264.58522609847904,7.405915047416045,8.808190758377009
353.3079960453964,264.3363925580335,7.376130574955482,8.747148232122242
353.77689825323813,265.2757874626743,7.378932499581481,8.752143848269611
352.40843441009065,264.81660473535226,7.344972967411081,8.756580988765677
352.88204851341413,264.71000387750763,7.340771027162418,8.723748542445946
352.43379743841837,264.4524512889099,7.327123889149107,8.689849458061019
351.0617201965374,265.09010279128165,7.3180950013368715,8.688486032362277
350.6283462767425,264.8075818914533,7.288789420725493,8.682760485173901
351.09647345671186,265.767160680946,7.298582264821164,8.65342891731575
349.74510730264683,265.33799226031044,7.27723410642335,8.624225196517614
349.3169681283031,265.07452138607505,7.252406121581316,8.606096138002954
349.78298543334006,266.0106638616463,7.260835388879968,8.60526415943366
349.3505601874468,265.72317141953897,7.245390144769829,8.595544184561277
348.9249301521064,265.45777501732493,7.220442820601306,8.562492256121402
347.58965312264024,265.0367513026573,7.200669254664149,8.554259031894276
347.1552188068585,265.81658990768653,7.200169437822126,8.552277315731715
346.7300821568618,265.54996149268646,7.187249755688356,8.53605234690184
347.20639611374213,265.45142249737637,7.17604154866433,8.515861764250644
345.88364471781455,265.0581208515797,7.153239828532662,8.488718964170062
345.46068269324485,265.83013579242527,7.141513130037879,8.510837670726403
345.03524212072335,265.58632814434725,7.138767033293561,8.471292129812184
344.6249701653893,265.3465690933411,7.110201102260078,8.44300465707255
344.19808950370305,266.11544209915587,7.116493064187637,8.45541362822837
344.6702281510951,266.00612210744174,7.1033440472555185,8.448168171256043
343.3666191241464,265.5951100388538,7.082116899227117,8.444486260705844
342.9448497201529,266.40855815501556,7.08008379789203,8.401437949506715
342.5334291199258,266.144979941187,7.063012680700467,8.406487069038349
342.1259496422526,265.89892127084187,7.0470312745641195,8.392525913583825
341.7076708181809,266.6861113705523,7.054298809656359,8.367852191301097
341.3035657429573,266.44500780356105,7.031062356573102,8.350204892283216
340.01350264565735,266.0576516532359,7.019464368789215,8.337289723250876
339.61127141090884,266.84194059029284,7.0046182546598175,8.338128648880058
339.21223849498864,266.60502962191117,6.988690108479716,8.310309898636547
338.8052774325187,267.38986146780087,6.990552204731955,8.302370864177533
338.4052898438977,267.1299236360696,6.9774061285981475,8.303224880106029
338.0009176340943,266.88506958433504,6.973897837705863,8.286345968114233
336.7309134154271,267.5226237936616,6.946306987055152,8.266680600748316
336.33256013296807,267.2657992557398,6.936678696723106,8.26745540981915
335.942691648663,267.0286451028883,6.913678660885239,8.250208296802214
334.6665827489928,267.65832116515384,6.912232396093486,8.24677623897685
335.13480620704246,267.5869584645034,6.923599070618877,8.208168492131733
333.8872122326652,267.20658105362384,6.886944539831859,8.201936633560194
333.4959177072795,267.97262456761484,6.881594410184846,8.213890896331122
333.10328567741794,267.74642423917146,6.878746727519001,8.180444322254573
332.7209451898545,268.5260113229313,6.857972839070442,8.178577611969558
331.474263904342,268.14026642017564,6.843042274543905,8.174019951469631
331.08030187627634,268.91117086936424,6.854971628891178,8.16566966025681
331.5589620615428,268.83141606833783,6.8443058370004906,8.132723763218678
331.17315709363186,268.59861767745383,6.838649426460279,8.1177055202171
329.949362875006,268.2196568483072,6.7998698790294725,8.127267010191133
328.71833841442617,268.8511850211846,6.779963060412911,8.117157502453153
328.33684893561804,268.6358932659573,6.776406163285628,8.091226588231507
328.80501309246284,269.56400116032773,6.783004388905965,8.06003802775615
327.5868525354588,269.1838164471809,6.75127614251187,8.06753382141153
327.2014790274494,269.9472828015524,6.763089265217275,8.063042509075956
326.82433760210984,269.72191887248397,6.7583126417233075,8.041999451770096
325.61166131449306,269.3702498704913,6.731155903159447,8.0185511004305
325.2377959813024,270.12715112654644,6.729774280172592,8.03667526658296
324.8725383070555,269.9032696363268,6.711966429474785,8.02015880533122
323.66600959533434,269.5519583034961,6.688121353950692,7.994928862408472
323.2957586796926,270.33461619787096,6.688884629268102,7.9823042702952876
322.92189646732237,270.1121093696601,6.690557280282974,7.979612254186577
322.5575808328083,270.88659068717243,6.68249639141311,7.9600186839219305
322.19401222308727,270.6681118975746,6.671457504441719,7.952039176207506
321.0057259525785,270.3226147035003,6.63423648053481,7.9318557912286565
320.6359525843223,271.079291209092,6.644386014975339,7.943240545492415
319.43804262067846,270.73644568086553,6.6358561973532915,7.912373166306622
319.0790131271228,271.5113640261803,6.626003084919034,7.902590690486932
318.7224053251027,271.28778697492646,6.617811901979053,7.90383809404716
318.3657174622617,271.0814558904434,6.6082173262207675,7.882807046034259
317.1788455971976,271.70708685697844,6.598859777828693,7.875532408134347
316.8230509122625,271.5012245554273,6.592859380577238,7.860339589133673
316.47794927787413,271.2910269134402,6.574925524637479,7.854798673315258
315.294745498941,271.91499864825755,6.569926590243313,7.849850680560166
314.93911576322574,272.691273101327,6.573887471419596,7.822537173685419
313.7772866751807,271.392949291891,6.540714632909044,7.79027240708524
312.60575228042063,272.00950479927116,6.535257758447699,7.812682825875584
313.0847127161499,271.95815140884054,6.521145145863784,7.786896352012718
312.7368656939666,272.72517476258673,6.516640737574903,7.781027341679476
312.3866548689512,272.5380544474839,6.516401712331742,7.759654004164474
311.2329304479698,272.22087564218157,6.480476496976507,7.7350927817889215
310.8747793583892,273.9498823169225,6.501925240175751,7.727007599381864
310.5361243023512,273.74289724298245,6.492560226825901,7.731757425602552
309.38591102436817,273.4121364775972,6.473416963885995,7.719626175711824
309.0510074706621,273.21509997864274,6.456657885396453,7.714235055153949
307.89843812360465,273.8357575785681,6.450671693658819,7.710409228466688
307.5686672533758,273.6528834857406,6.438826108153307,7.688174296324576
307.2346544165899,273.4724313333167,6.423804113928668,7.671001428642626
306.0949691380951,274.0870105126252,6.411961525217464,7.678446967131379
305.76240892179624,273.9076866088759,6.406006483721171,7.646852037344672
304.621836761286,274.5346538610767,6.399022633611878,7.640264581964857
304.29517155943756,274.3360182840509,6.387037598415759,7.64335206373454
303.962477934648,275.09169355356215,6.385728125153889,7.633357402320371
302.83073368009445,274.7699106768805,6.378565278734811,7.610543296662172
301.70892424374824,274.4582903050564,6.358427057332051,7.58438801016689
301.38057183113455,275.2056684938568,6.356150839968791,7.59975930435354
301.06024354473954,275.0238446835504,6.344101627087014,7.577940805170613
299.94430649496434,274.7186730714172,6.328948725944031,7.551850898410692
299.62242963263355,275.4795124456814,6.325537747990836,7.55361036215055
298.5005013127254,276.08680025389856,6.324030582191824,7.5655865362568875
298.17726487675,275.91124624564634,6.322765742846855,7.543193551519664
297.8670485146796,275.73787568530474,6.302397603526401,7.529116168016458
296.7607272110853,275.4407812508923,6.279458301404645,7.504666408120897
295.6500974574792,276.05658990466384,6.279276351009514,7.51502436744704
294.5403430414671,276.6821628831091,6.281075634818421,7.501639089181481
294.2216573244464,276.5112572398728,6.280721214932498,7.490297653977791
293.91324581097416,276.33893598939744,6.267196524680173,7.47870560278659
292.81834177260157,276.9517491269556,6.252860218843296,7.484427459338292
292.5006837035559,276.7875250311654,6.253351062737977,7.460285853694984
291.40564180826215,276.49294419572175,6.2391116325304665,7.436237193598345
290.3106027746592,277.10607764928693,6.2263456057294775,7.4457130284180835
290.0057158046454,276.9391789378134,6.213792222324798,7.42522379916295
289.69251795707635,277.69757707701046,6.215144195020002,7.420878517864651
288.6045405924025,277.4081715406692,6.204358723581436,7.4005932683457445
287.51978855881094,278.02203843272173,6.194243312940614,7.406148198402946
286.4427410757398,277.7348298613544,6.179112611767891,7.378214834846233
286.9199632574377,277.7129413078054,6.170305824693401,7.358529893315392
285.84334294476304,278.33257032436234,6.160247916469814,7.364674828311536
284.7629084737688,278.9445619405603,6.162823460723189,7.3615133847224
283.6946434025599,278.65524699986753,6.148096395607581,7.3486919133068795
282.626584054679,278.3766550660313,6.138570450922032,7.323102928247067
282.33567639527143,279.1134902429446,6.129793764651936,7.330276835451059
282.0405886936924,278.95770405448604,6.125498702372909,7.314133530329627
280.9790061321245,278.6742197894329,6.109392036816757,7.301538910257079
279.92289967399614,279.3026426168165,6.095278312576454,7.283238710700573
278.86362609664,279.9134594556395,6.091968450721652,7.286600772275904
279.3351096536773,279.89355433566993,6.089585662418301,7.2694022914811285
278.28047374681677,279.6178641870006,6.075583956684625,7.2511075160435325
277.2288181476832,279.34974138693764,6.056927492011937,7.224311898441556
276.1757384266979,280.85945862340634,6.05948545268302,7.240690279782086
275.12966555735375,280.5843075705462,6.044530492024478,7.22164113295355
274.8517355737915,280.443299808836,6.0309941502897,7.201156403584207
273.8100145981424,281.05257368774846,6.027519672134815,7.203548088220089
273.5173386548772,282.70172260796807,6.039536929561564,7.199408822662008
272.481651583671,280.6469551857161,6.019502454066924,7.1681376723629455
270.68941529794887,282.0202224437095,6.006514832606683,7.186092845969313
271.1597845720189,282.002324183566,6.016910566304432,7.17124006700891
270.12593124718575,282.6159099629576,6.005631784218792,7.179949483754683
269.09438381019993,282.3521638535154,5.992910284718732,7.154356900172957
268.0589808278141,282.9632556765921,5.9902305414662464,7.151219036991392
267.0302144459222,282.6993152999727,5.980689702028542,7.12829455033318
266.7623778434898,282.5639809129202,5.967197044834677,7.1101003068291675
266.47681477731044,285.9748395791348,5.980737296983079,7.094938509355302
265.452178516789,284.81447958848577,5.9718035253549715,7.102197550006281
263.6897741405647,283.5302685978424,5.948920147222452,7.09947350630398
262.67094311564244,284.1442625714793,5.938946543242139,7.091063348447221
262.40422725088735,284.00634511619484,5.93005699294838,7.075927891995548
262.1360936729783,283.8674314261014,5.919694166853219,7.070070468420965
261.11010785997127,286.2598085705657,5.935146074073884,7.045564138563236
260.106798529542,285.098244009119,5.9092502017035144,7.059011810618756
258.34451458040155,287.36121739666464,5.918421333726883,7.031413736963202
258.0882287107055,285.45528819226416,5.899670008657949,7.039146301509106
257.0873203036421,286.0660842821621,5.887233243490584,7.035773676819474
256.0859171993942,285.81036582756957,5.879962257846046,7.016422977077866
255.083597836466,286.4286879597655,5.877350986963819,7.011416377866681
254.08299653446417,286.17464850936557,5.871827631568095,6.994077267577893
253.82967944492464,286.04819107654765,5.860199249090783,6.979995978495538
255.03824817583828,289.66031171168106,5.875052287651812,6.960136395495056
254.041549304013,289.39765320468655,5.874434473691821,6.95871826163841
252.30703680783859,289.8812632619593,5.8732582954706345,6.9600063649913295
251.31267255535656,290.496283699933,5.8684563467174655,6.9381077020680095
251.05756390728766,290.35084612360856,5.85990668332704,6.953855376320178
250.06516774823058,290.1030244897494,5.856203514681283,6.948530524446539
248.343476697315,287.9775390004953,5.8326656076866925,6.959365491866663
248.07708598068004,291.33325188942155,5.848898826064925,6.918276189963365
246.35391448278742,290.9487794755877,5.847072747464864,6.932080941953075
245.37749425006052,288.95563964789716,5.8195560486137765,6.93774260451579
243.6697147813386,288.5931615623108,5.8004193437357685,6.913820833043644
242.68882807906047,289.2019502273488,5.795755370557941,6.911574408047045
241.71323823254144,288.95556186254663,5.7765443154802085,6.907792809982368
240.72507574278296,289.5780188867325,5.785275728344914,6.889787261759011
240.47642991675534,290.30952921821915,5.779666212792023,6.887524545380018
239.50590128794647,290.061706483018,5.765060664746159,6.8825802940818335
238.53359362592994,289.8232938805555,5.75287590442332,6.872543409664161
237.55689199932624,290.44740118954854,5.750111767955502,6.849663981198034
235.86295909920105,290.93372191110336,5.742188792639581,6.84526730434726
235.62249378683563,290.8227136345399,5.733659488244228,6.826614579342618
234.658568849354,291.4419493174449,5.722263001446493,6.817484125067097
233.69526338503601,291.21096553745514,5.712178522118734,6.806306786514426
232.01367206035195,292.5481973991758,5.711332152404111,6.810194669618227
231.05401521102937,293.1573115247038,5.706974120688329,6.805378158321901
230.81690001290522,293.0434351059426,5.7019065268535485,6.79404151853123
229.86342115403676,292.8172446447133,5.694424442598319,6.773625420553401
228.91228715699398,293.43268617287663,5.682500386583712,6.766568487476093
227.24673219447385,293.9166046702464,5.673609725918595,6.7706905270089806
226.30053034423997,293.6968314612343,5.667267902451954,6.745847761374478
226.07039234231547,294.426223683411,5.660636221311364,6.745067707850637
225.12887988219381,294.2042266203578,5.653789571888922,6.727733477433105
224.18550033495734,294.81434681702024,5.645701510455012,6.726151484819752
223.24575684498961,294.59749938299444,5.633844710718449,6.708532031110394
222.30438574763127,295.20697858234604,5.628788637218207,6.7102852966903015
222.07770775936822,295.1068383364778,5.61904090927456,6.698606387503219
220.43656933769316,295.60398243545353,5.609392982178122,6.685960776887555
219.50772616001393,295.3879099252633,5.593933167062744,6.673020155809638
217.8685693900873,296.71302856933346,5.5985716243787635,6.6682938013960324
216.93617930303685,297.3232632514132,5.594626980343946,6.663115102851748
216.71426785999157,297.22095275357015,5.585988367733762,6.6572085568745365
215.0881822566437,297.7179511616739,5.580633775178228,6.638279556504187
214.86597628401597,297.61936158354933,5.573446824781797,6.6315031507355116
213.24386330834443,298.10798800291315,5.56296338162565,6.627491125663653
212.32451455753093,298.7178227558452,5.557115989901092,6.6213293848582
212.11001386663156,298.6244064582715,5.549374481068952,6.608657559980088
211.18331966885916,301.70607344829295,5.560483978325664,6.616671737105889
209.57191362002916,299.7252911972449,5.5484846430638015,6.601806073247644
208.66390791261946,299.51763241466296,5.535358940201462,6.586611590605003
207.75175595921274,299.31019223960624,5.526222954312516,6.5842388160158976
207.53297465471994,300.03516708604934,5.525048511214976,6.576765637362598
205.93392315353339,300.53198348727744,5.5135253822231505,6.5644003259005785
205.02697942698092,301.1389235401994,5.504036819312205,6.5602895790541425
203.43054395590372,301.6315782483289,5.4965473639605875,6.552819803675845
202.52127552267132,302.23448030234874,5.498482865666119,6.549111862266102
202.31276970874052,302.14269043527264,5.490194053907459,6.538494056104014
201.41297372168927,301.93498469668003,5.481130464258939,6.530286499678311
199.82288194936788,303.247387493978,5.480291497855916,6.513877751433881
198.92769879559475,303.0418601428109,5.470072754179711,6.51044092412792
197.34166203671174,305.9716775210959,5.472430241534511,6.5152983254468495
197.1391198525122,304.2567905094926,5.462111042242469,6.504781970178215
196.2468536622655,304.8666713063058,5.457552866885123,6.491415926083107
195.35084861036876,307.9035712279534,5.461585258881371,6.496851544115827
193.77425732058015,305.9617371492041,5.4535204829107045,6.4861774968213695
192.8766520796305,308.9970818646654,5.461954063614712,6.489330046335283
192.6721822482263,309.72203856222893,5.458079442675626,6.47640918682157
192.46381263910266,309.63041004512905,5.458445336563017,6.479184935652256
190.89353394455267,310.11513683831856,5.448922424009822,6.4797245193095705
189.3198825323869,308.9897390108676,5.4472842152743794,6.472460203452442
187.75669481226402,307.0609348032805,5.431161504620718,6.460847351592179
187.5593016415929,307.7872940057568,5.42095258548639,6.44962440626847
186.66893896907902,310.8087627132863,5.430743216196731,6.451637837909686
185.10544746769745,308.8836834005397,5.421078785054874,6.444735833744232
183.547818279036,309.37634208166514,5.409766544951935,6.436880583350103
182.66793113065688,309.1763524114078,5.403831718495638,6.4338635305147704
182.4699143857032,309.09589256918855,5.3976808006841,6.4252307583555535
181.5920728767808,309.7047755556814,5.393707022835116,6.417905512721518
180.0373159567829,310.1986879453623,5.38684328956208,6.406613955458113
178.48753363690724,310.6919655236847,5.3809248355318005,6.398972836327744
176.9391964599097,311.1841513811045,5.377746068378514,6.393104336980571
177.42093075591214,311.2168695446909,5.371192187447207,6.390211264993582
175.8766662845016,311.71420703619424,5.366773150788333,6.378467195412668
174.3361594015356,312.2063840712374,5.3600336974361085,6.372365799071417
173.47145056876641,312.01597594306514,5.352129600140387,6.367593614618443
171.9307497176706,313.3024649173473,5.350351078820353,6.362893160437466
171.74080663837677,313.22669655664373,5.343064403729812,6.357930636603612
170.87879010172037,313.038909131367,5.338363259686275,6.353728782561916
169.34918230241664,313.54510853866685,5.330320003232259,6.327631581271589
168.48755398453486,314.13603029902663,5.326133092320362,6.357402562416041
166.95347286007018,314.6372277342309,5.3270942705213145,6.33495646948171
166.09477586075587,315.2421682557215,5.3257403422976495,6.330671289182192
164.57436725957575,315.73742316489785,5.315833797058275,6.3206081777988175
163.04841385793696,318.59582200147634,5.318028602050816,6.322402331034084
161.5259943436236,317.51359080837784,5.314401913398058,6.30469519994557
160.00835263147422,318.00377056024945,5.308663576051373,6.305611344459976
159.824175043111,318.7194011535731,5.304618310521306,6.302120553089935
158.3090599611708,318.42556907757375,5.299560959035517,6.291511637574899
158.1298884276357,317.56164205223763,5.283214949700664,6.301420569902007
156.6180196825401,318.0584476208688,5.272207251512128,6.291038409024566
155.10139244071544,318.55527545202864,5.277929400689487,6.276843308780144
154.2587588593948,319.1634081975376,5.273078967135916,6.266082697142565
152.75228875019195,320.4375284450221,5.267954019461797,6.262915588477256
151.24696953646009,320.93323145718756,5.267189092362315,6.249858732627729
149.74096825368815,322.9830717982026,5.267712328169125,6.261029189148189
148.2410650729482,321.9172178467919,5.260323198155305,6.2450566436681925
148.06268695497278,322.63205086587425,5.256033146747853,6.237453848135658
146.56676114930238,322.3425640538428,5.24732720407431,6.230730590615735
145.0687707585587,322.8392859122115,5.244989473377103,6.219341797590403
143.57471138973594,324.10787298265905,5.240103466614357,6.221598193807836
142.0775770972369,325.37542471731683,5.241854827444712,6.21916372573412
141.90179516110547,324.5362736203785,5.235276218814704,6.210844106332615
140.41322202208391,325.02848853550495,5.2295737533850115,6.209050094382178
138.92882984421536,324.74597464648866,5.2175720704937305,6.201410995688093
137.44440283252285,325.24286297267474,5.2112133246275505,6.190319012427835
135.9571784613908,326.50389553438913,5.211021355052424,6.1924434908574995
135.78328583489716,326.44217690744756,5.208765887616579,6.188520534583461
134.30018255671948,326.9358019591298,5.206273764194776,6.18066217655246
132.81663389412842,328.19960802302154,5.207840919343084,6.173553690954407
131.33538067512254,331.0011637373194,5.207365332652472,6.182529810803487
133.77462881189223,333.69455730894475,5.206278869702658,6.19019079903677
136.2171720557242,334.0751483135524,5.2004007669147825,6.185120405370469
134.74415193934806,333.79608931996034,5.191840328527576,6.170042526285727
133.91858397376456,334.38898239979954,5.192765506490161,6.178767909345652
132.44381801871566,334.11416543965487,5.188722531713211,6.177922824518419
130.96901469052585,335.3752076499988,5.186755850095665,6.163420996902971
130.79979968373496,335.3070210670583,5.181932366409313,6.179077360461349
129.32320817868404,336.5710346981151,5.18712661167001,6.154693263518084
127.85039797822904,336.2803396326662,5.184596809225894,6.17772383163674
126.37458850638386,337.5451116793523,5.187036857517896,6.150515208518641
124.90077252498361,338.03482221966215,5.1838221454414395,6.150365814591851
124.08607704375962,337.8669754812735,5.171945080048516,6.145406952871099
122.61293458378645,338.3493644389483,5.1749503835906125,6.152392202556086
121.14296696965718,339.6045361539256,5.173548075782065,6.145759363987679
119.67179652352293,339.3242993938536,5.172664602949283,6.154113697909679
118.1959580982676,340.5840213681895,5.178874816349719,6.142274352356708
116.73735121009764,340.30071760920674,5.163953339447971,6.154662978145041
115.27219629081974,340.79801737444086,5.161228812301744,6.136171673927038
113.80590745325186,341.28001852979116,5.160346537929527,6.152088334741791
112.3350338790202,342.54062642961725,5.164796178073615,6.129542235745134
110.86479505532597,343.0315729610193,5.167658600949991,6.132686748341314
109.41068193624457,342.7551935022605,5.149964514838587,6.1289910760459065
107.9479985077814,343.2410928821389,5.150759778555241,6.143322261028857
106.4784768056171,344.49919605959974,5.160444596754047,6.121042344286991
105.01591674823138,344.986324698133,5.155624383565581,6.1253354955159125
103.54929094927837,345.47330748091673,5.15858606533871,6.130095006125828
102.09500252859239,345.20011913141764,5.146241369403299,6.13554867779709
100.62916576989323,346.45942151062803,5.151370916336546,6.116996333215866
99.16427294189457,346.94711128369454,5.154833047039617,6.127351710934249
97.6987612025198,347.4343490779382,5.158172009689537,6.13364659500877
96.23886521667224,348.69223313559996,5.148695635943184,6.119183193439937
94.7772133978876,348.412090127232,5.148593404579174,6.130999156830114
93.31004411857461,348.9081564119019,5.157357464118917,6.116208310028696
91.85172703744186,349.3838423977027,5.14784695251177,6.1388609421577485
90.38668098335691,349.8757125973892,5.149313130322497,6.131632693016968
88.92775986746156,352.67676339786726,5.147198113793721,6.090169452857083
87.46656245581516,350.8625381613625,5.1494769529732025,6.112580176027734
86.00479243347914,351.34051969382773,5.147412899538509,6.133295639164032
84.55075572409108,353.37768994782664,5.136495173996323,6.083793953350266
83.09699740478453,354.63834333284217,5.132007397074517,6.069667715224909
81.648782627757,355.1252789686397,5.1190445074079065,6.079919959839117
80.83914156892502,355.7348263465707,5.124140306468206,6.059188751124054
79.39253561599091,356.22441956352014,5.1129965673680005,6.061044111655974
77.94260256125646,357.4775987257559,5.108624645019788,6.047970730387988
76.49470540530943,357.96994968329125,5.101354582860097,6.048453832377788
75.0631867351343,359.2450532969061,5.032106180596699,6.008911482347116
73.59679196083107,358.9746282141866,5.084148112685327,6.021392207269457
72.1633417824473,360.23132499485695,5.068476627588325,5.99786687315526
70.74646014610735,361.49078516891313,4.974357113332616,5.9787365143554325
69.35783906629094,364.2099321985573,4.665140881441616,6.037744426984318
67.87011209851171,366.9923653562589,4.551646574995672,6.027769727852899
66.28652591458167,369.76965212841105,4.91466889547398,5.8702716164754065
64.91699541956106,372.4726234233091,4.781901568900764,5.857422167066716
63.51137916183076,375.2641666633481,4.71309305772094,5.748679009371926
62.063644883336856,378.03447347188825,4.873746732197112,5.636914177212475
60.71706996867976,379.2576977940852,4.848254464167674,5.652428556881716
59.374964213534156,379.067154792157,4.835076509059661,5.631165832393322
58.03568733098935,380.28660746131857,4.8169835278189055,5.62584165387932
56.697060814578116,381.0071274634995,4.813607936442686,5.319762850641894
55.38926593957481,381.65805900375176,4.745504183815058,5.186724164248233
54.11548360591381,382.048845070941,4.669016735034376,5.3991531544940585
52.81887698096109,382.7788600397771,4.617190204993577,5.05523206120597
55.04253281752949,382.93043341971554,4.657446526019839,5.49587676609724
56.70018176345507,381.85241551777773,4.62635150904628,5.492693641260416
58.92595887561162,380.86943274679527,4.623357621565042,5.494248000986772
61.15074064781401,379.89401475238856,4.6198744988791915,5.484585831277627
60.47276640048511,379.1177863859508,4.61993677711402,5.472320809838038
62.694843948448764,378.1268723013358,4.615925576600546,5.502575264458869
62.59670990533087,376.76231415298895,4.617429565591891,5.481265930805591
61.92158625443366,375.99016821342997,4.614930961057524,5.462951328384236
60.66840388726732,375.80189504272545,4.612147639664627,5.453546687469668
59.41736713871123,376.97281707958626,4.608338928725942,5.45398753077626
58.16811074858974,377.4671952200737,4.603351705082886,5.447088969623223
56.918679507157215,377.96244455428524,4.6008463163254945,5.443273246548415
55.670782811983855,378.46866929837694,4.596881125088487,5.424788643986233
54.42470165084287,378.9574333072376,4.59308271184252,5.4288552850860015
53.18156404607431,379.46362155944,4.587796314005011,5.41004715726001
51.94157296222808,380.63352170791757,4.580241435627677,5.415499007540802
50.70196071139341,381.80767488739957,4.576729129075318,5.408958014418602
50.039005063698845,383.06882906848415,4.57014235677044,5.41039496049774
50.52195977709276,383.1787482497185,4.567984160501837,5.39913264709719
49.287581136968335,383.6733472905042,4.563558983318465,5.3873081942195995
48.05560252802012,384.16546146206747,4.558779463169309,5.387188747666357
46.82297473499178,385.3464993324584,4.555463169076845,5.3695980803780685
45.594968637871474,385.8431405187078,4.549440653743417,5.366648541483698
44.36853844376961,385.67300304570534,4.543213742718564,5.3553766900510595
43.144097440403776,387.50814261683934,4.539055906672509,5.357819034224349
41.92117848293557,388.00302466098753,4.533542565491736,5.354273996551569
40.69988229600963,388.50463653052367,4.529166295178825,5.343027252110062
39.48197454570405,389.6713599834562,4.522492510600017,5.336555043278906
38.26482315455222,390.1568989123285,4.518528547280965,5.348157132778567
37.04930161972187,391.3243228724752,4.513927932351528,5.340966594627048
38.668131806830665,392.3071306587332,4.502574854675707,5.321370331114053
40.840842805148036,394.0519712390002,4.51950278726023,5.304573281759076
40.76823746493009,394.7349793761254,4.498554908727719,5.302366257547021
40.6909311504811,394.7521286477595,4.489779021496119,5.298819145838593
39.48967668527776,395.9103267365529,4.476374463194681,5.286214475637223
38.27359509636925,397.0817274674587,4.480901197641543,5.268448019856692
40.47956864546235,396.14030574425055,4.4319917028762745,5.290658198949643
39.28663856738432,394.6484261041715,4.423216249304154,5.285075697332559
39.211515186163375,394.6720895099189,4.419502965307146,5.275562907367373
37.995085760834456,395.8201397459168,4.444613090581143,5.2764236229830885
36.79470599211903,394.31758613044866,4.435899517309714,5.287634118397875
35.61888801202842,392.9339667415351,4.35330122130388,5.077414871405836
34.38525231409132,393.53207519766977,4.426068226276541,4.91116222156387
33.23852061693701,393.3758864771301,4.371181228919461,4.945888516225239
32.06546313869974,395.2087315429688,4.3741160791353835,4.776215604688616
31.046672636028788,396.9985998689717,3.978554106047696,4.743692281332301
29.798487108947256,398.8352395881607,4.005927426424705,4.627127820967871
28.32139003754847,397.38128184651976,4.515333745924778,4.8309176172664365
27.214792198460074,399.84688573405776,4.179699959859718,4.763712806779097
25.88429592539171,398.402586557971,4.396587285448597,4.949584901532887
24.996839921878802,396.9410422947809,3.946364985656544,5.045850154215543
23.728113948647717,395.62897235460156,4.342794721626575,4.9848434838003755
