541.0,296.0,188.0,130.0
540.9878461342305,302.90749554825015,186.40729310549796,130.115238976432
540.3892330474825,302.7215630677067,186.31718752799918,130.92930998063355
539.55958479165,302.96877482284253,186.47559698999726,131.5301756964061
542.213916294952,301.97498327340736,184.904847180836,129.35018716734362
541.0482411135137,301.3445178379068,185.87929050021796,132.8250687535217
539.5697537229107,302.55741504630043,186.43209107919142,132.35214608821025
541.1296026888876,302.039119891911,185.75780368776554,128.43629390189335
539.9528975769896,300.9986097442438,186.3141364772929,131.16815756916412
539.381053004779,301.35756743804814,185.70651932189662,131.1439107634751
542.2382793096458,300.4949416285291,183.40977622659,128.0444927860924
540.072904628768,299.2851235943881,184.70033577109257,130.92810702188376
539.587009390176,299.4385879386318,184.33065980490073,131.11319107891177
539.3375967190759,299.86104105559934,183.51856746117664,130.92563913134313
542.4181560193201,298.75545655718577,181.82962817120483,127.7649259545226
541.7055501343018,297.6510250635065,174.18865696377907,130.95287706253885
543.3816339499342,298.4757545428622,175.0070533155549,130.27036754786104
539.1340363793306,299.42467577445495,177.97719488939606,129.50047009415357
541.5431081153595,298.6807355316274,179.0609047092173,125.850796527635
540.4638506522463,297.42729373786074,172.49629783994783,129.6775118413019
541.2315098818207,298.90117474796307,173.8180785234448,128.0939730831983
541.9207151818159,297.4065829241514,175.51998981520262,126.08288814935145
540.3688340375278,296.9816126678843,169.24736445652354,128.16336072068793
540.4099803638541,298.33968782910233,172.01728780164785,126.28817998910745
540.4156977248549,298.8554317779458,166.52290573261757,126.3840262603469
540.5731006146632,297.3969288008461,172.51550117926877,123.97512871686195
538.966905238998,297.0843666601477,166.96368038815706,126.6032805164516
538.5397723868596,298.4423944934397,167.87056156344033,125.53330415916582
539.0474648337325,296.01984101689925,170.89719304868822,123.83856204789686
538.8088309718964,296.0555505142131,163.71180315981292,126.34175013146182
537.4146823710755,297.6478408830528,165.40133395378575,125.20300827862934
538.2434064150189,294.0075565827443,168.11844173815666,125.0944905479704
537.9404876433657,295.09369011886247,161.66914482051902,124.81222690700952
535.0793125028542,296.4369831140125,166.4765234075253,124.00457785907429
537.9513793210008,293.7385755359296,163.58076650543808,123.12288131202104
536.919220454678,294.48146841796733,161.38832036795975,123.23449724562306
535.1973816770533,295.75603281162694,161.91029639315275,122.3030371365935
537.4983572288147,292.8848959254444,160.29977387652252,122.3266884047199
536.1177623528206,293.5713089660826,159.10846394918235,124.10385081400977
533.2046431842795,295.67470947511856,161.30961686708554,122.22230450977872
535.5971730968668,291.5572070007952,159.8083871343838,122.69965264578286
534.8446958518005,292.6982931758648,157.61926550475096,123.93581621552698
531.5542358972143,295.0777345540955,160.6576947712531,121.59885547153817
534.2636772181029,291.6376192730129,158.1610918311676,121.45242577887348
534.0047037053282,292.8161127979615,155.8999316698646,122.6071236708608
530.536143101186,294.7941512915154,159.76492575945406,121.14735478538819
533.4937168502711,291.2468811816416,155.63969157326483,121.30152488452313
532.6856962218571,292.8901954546577,155.88879199057283,121.63826820734528
529.899134438318,294.8721716309042,158.39949373261265,119.79488021512913
533.9672323729496,290.97658603393756,153.79305346045248,120.51046131045314
532.7970625930051,292.34057527971163,154.43038790248067,122.71683777271755
530.5478974512897,295.17203450010993,156.25323677409563,119.59091732352977
535.5443966571183,289.93578026891566,149.35380068826635,121.30775033691532
532.3837111240072,292.3899576618278,153.24389212840913,121.18784654973985
530.2508954745384,295.0700864675807,154.69681359351,119.57125475714355
535.793911011041,290.1694829657094,147.34584476492046,119.91517179071849
532.8032169228612,292.28044981846665,151.05530649151763,121.17615021689062
536.8877275914626,289.4866317521244,146.7439681673352,118.4989116728122
533.7076074931622,291.1546147409226,150.8242158989185,121.32289736720463
531.464814671012,294.84247405976726,153.2484115992239,117.16071395139835
537.3059894319745,289.93394165744814,145.49520175355565,118.07778482789217
535.5467338037197,292.25395055996614,148.69829457816923,120.31189392131512
539.5089171784211,289.50333655065936,144.71040171302138,117.36790498057076
536.083328333835,291.5877865769162,148.78584859476405,119.89547122871818
533.1825816137789,295.3952398623396,151.67079774333615,116.88812404576765
543.5073909885441,288.98523503906654,158.54168471454454,120.59654906071046
542.2720826906755,291.929102015592,154.5611073005598,118.24546335397571
538.7665618829693,294.2916022806371,157.13089930399371,116.69246253435813
540.7661376622393,287.4838008588623,153.1729504800944,118.57322699586564
539.2653675738409,289.6800189759688,154.06566494925642,120.06996993727103
536.5792674880913,292.3379127314256,157.25069027538575,118.99221403240153
542.2960879429102,288.85895117315044,150.96191984248435,117.7143546851778
539.2383300779209,290.36992199359656,155.72723212890082,120.19553711335612
544.7769400528211,288.2239767104903,149.15762756083063,117.06854741923394
540.9984583068277,289.8137900194688,155.99656390288317,120.81676547101847
545.2714399621611,288.1267335851427,151.25823958538535,115.9827040890624
542.2696922984838,289.74181457054874,154.6166690143706,120.0862828446243
545.8293355579501,288.21130371440194,151.26303007713636,115.86749177757764
543.2349333624722,289.56335449990047,153.98924581409574,119.72972486144477
540.6534139038056,292.51262639261313,156.7171400242696,118.106674553846
547.0547500753323,288.47078399616817,149.97429800052305,116.19357001380217
543.2877107260829,290.51209785467177,155.37625885093382,118.29524623720494
541.3544614780192,292.91033289775964,155.8773440413072,117.65431189114327
547.9040513626128,289.336176675146,149.31249341285456,115.31657579724572
544.313123161969,291.46588856216044,154.52977977169996,118.33192294875744
542.01254155869,294.05509681152034,155.50780950993237,117.92996940180626
549.0650987747899,290.87134095258904,147.12334561265038,113.98298275144708
544.284434853555,293.3260756196686,154.14712116599776,117.53622830194752
542.0740292264371,295.95191523781864,154.38086470087876,117.86560978651653
561.9154067714935,289.6648698589297,149.59695358921908,117.1693730209671
556.5630844369302,292.9030922671867,152.34698819503615,116.23644562507593
529.7272146249943,295.518356494645,160.45083970709516,118.39978902858564
555.3371103623981,293.5896782950898,150.22442480630207,115.73005369373982
551.4333156107825,296.35719117721874,151.1119134422138,115.90061552935606
547.6316804044582,298.8636068231442,151.71525340773678,115.62558487249225
550.9024164861391,295.88661154657814,149.52278677039953,111.77837012395139
548.3862103767976,298.7695996647842,152.73093163418332,115.06978337348039
545.5859107321469,300.93406549659755,152.74664763498413,116.0374192198434
541.280255958932,302.6615610431272,156.3147987216123,117.89777788010116
562.7837928084274,297.01980529451976,149.09034473570557,117.23917230858933
558.3210497459569,301.08074164881714,151.0119308780521,115.66882978137801
530.7557264979121,304.1653771774114,161.70285123421286,114.55948197028857
527.709922861832,308.9869126291354,161.37726633707553,113.90919905239429
552.3746368487863,303.09162375230835,151.59185424180566,116.00236884980183
548.479967522116,306.61931496311183,153.14913658646162,114.76338896780334
528.2342728930936,310.61320822801395,157.05719401242936,114.30190967473123
552.7300044532371,306.32586331587254,151.8414241984591,113.47482361850803
530.5440913354181,310.8219450774461,155.71759189970146,114.68461787881421
526.7346604078784,316.28122486404095,158.67820115949598,113.90680930781923
549.0750185982847,309.0096498525248,154.03715536356685,115.90929697882069
529.1836698194264,313.0605909338856,154.41806279492687,115.77775620182001
525.8999267169942,319.99935541971263,157.45843498086958,113.51457338455157
545.5601218246293,312.02726022939305,157.02405164968002,115.13384171880767
528.7976469672012,316.0517096325059,154.01096844259428,115.13264664909428
524.8938763650802,323.26553392658974,158.2933627587089,112.70897789155703
530.2789354353147,317.98789041521013,153.14098832681782,113.50786471072206
525.0526102421845,324.2560111910466,158.5421964438665,112.46500376053973
519.7669990478751,330.454665492058,168.25617539992516,111.58428292523513
528.9995926236043,320.89558325511507,152.6997558379844,114.85818169071888
523.2123753905532,327.7043977119488,160.33246971833148,112.4318675589202
529.2215224425731,321.21216431931146,153.35090444536695,113.96975581445287
523.6819587617989,328.3403382025986,161.0982826523533,111.41212632662825
518.3600556147449,335.02613397621843,170.41194829746019,110.99269382341629
525.4987917193023,326.0099998583876,155.62706736395785,114.00071661897141
538.5041168007923,318.77630287149395,164.3135760497687,112.44681439240952
540.2489372676753,313.9800782018701,161.54736263406312,112.29556334656911
535.5759360138297,318.3500972766706,165.32302495156932,111.39906700094826
529.4925875042736,320.7363028642594,168.9233061463692,114.43961175548907
557.3689782130036,314.0930052625914,150.5384567974147,115.93151692964659
529.4576979119813,319.63460452783113,162.97478189883213,113.19563003827881
524.5605122915185,323.11847328271745,167.15502523779332,116.6251651112076
532.6682497137031,318.10380857022074,155.23104939752977,115.80945061520924
524.2352317566239,323.3259260814766,166.8961283530325,115.87404738534315
532.1126568803768,318.6095874730571,155.78432349721015,114.64104413058436
523.8252634584185,322.9296826262191,167.18476994895184,115.5282405875148
531.6858417657531,318.2914782250705,156.06153236697446,114.28233833952163
523.3669380587187,322.5396294802124,166.91718428445768,115.68893797252065
531.4010538399391,317.88810749461254,155.95969239020644,114.54323871830161
525.5801562770632,321.7114423876146,163.37483451135643,115.84673192149376
531.4882246162992,317.540630546705,155.78934428448179,114.21033077158421
525.1997133052212,321.14955821809554,163.19766515910112,116.30288268312916
530.7264217216018,316.7816875814066,156.91164595934265,114.2962912242615
524.3207268054548,321.32901258922425,163.80308094379438,115.26058175705657
529.8896377806341,317.1596914927914,157.0499146984655,113.66434559422402
523.0053520135184,321.56169237737595,164.26202326705607,114.85349905183148
529.2194225833757,317.4979287072383,156.59767082797543,113.89173394654438
521.82772420073,322.0576926854617,165.002235973736,114.48013145646064
528.9793419204434,318.1024114530078,155.94084055419444,113.19463806478052
522.1032325963351,322.1019850659918,164.58604107700376,114.78890065565508
529.5557945303631,318.2409422378116,154.96568111104034,113.05378975015424
521.5862731746615,322.8859469195686,165.27865011620975,113.77775811405172
528.4836567174204,318.822654041959,155.85365382192253,113.4968902816189
522.4706027609559,323.2858448518723,163.43869389717838,114.40002487023065
518.1553516781503,327.17136156163053,165.0771020890146,115.53487610526139
525.6397894035981,322.14402594974683,155.66675521069556,115.59745031049852
518.5676912622383,327.998317867432,164.24882890995343,115.2510958765979
525.6561404626063,322.50385689859945,155.22917080931848,115.59413417619345
519.6216544142759,327.846620934813,162.85527572812555,115.3618266062685
515.0071639083205,332.90925944018585,165.68654555659907,114.22861610170213
463.3548262705308,365.0999534878405,151.8169985719138,110.52402507702169
445.62653178753044,385.48148152142323,153.165087367384,112.36462124446689
442.3412214703359,390.6439045563966,156.64589391746551,111.92924105874499
441.18840521577454,392.7998286496677,154.85351269493367,114.4377837843349
447.4136636327331,388.71468680922715,148.33532039970453,113.35706226069385
444.9617906917067,394.30174299753503,149.06350989053976,111.09800731598148
442.48787565871294,396.3878986254273,148.76140144020474,112.56427998718266
441.74708464551327,399.01612702010243,143.1657051152797,113.20811049389931
444.2480297769714,396.10283950052036,143.22491086942728,109.65359914667033
443.4986886204374,400.07994669619166,141.5987283482923,110.61300613353978
446.2721416765089,397.03921660019114,142.9665602513029,106.31824468180639
445.5117329216778,399.74905491959066,141.08684587312155,109.59421174852173
443.153070248233,402.76150227701544,143.9687990821801,109.10463686973458
447.34415351227585,398.2042666516672,142.25150499982215,107.58232741395346
445.2227392531156,401.35476886378774,143.1604358467987,109.29645429820619
449.3046306706501,396.76690465226216,142.3746131290577,109.31564165900977
446.6383604924812,400.683979044824,143.55606374891897,109.8017552551795
444.20635075665433,404.46745161486047,144.85571551597303,110.26743236652624
448.90543424511156,398.34514942304213,143.2966157159866,110.29221499131745
446.95379003504314,401.75596909870274,145.0337289939725,112.80283744856013
450.8818443563249,397.9745597479787,144.16832413470684,107.37501442469238
455.1929844514384,393.6848768871222,142.7034889177271,106.94081757379183
455.70043131939383,398.46374911604835,140.15607248154174,107.23551389558702
457.61629526666,393.6486319828482,141.79668188944015,106.40547079032785
457.507393402871,397.7232227520584,140.1506843856597,109.23337254794654
455.43455005142084,402.43587103191885,143.20485338753178,107.08749705057699
460.72597948679527,396.27996641694347,140.251801893353,107.69068380268266
459.1723886949863,400.3818411053071,141.02752101997754,109.07636214222293
463.80607192600326,394.6530008737574,139.4966442651986,109.9562275489244
461.2653983535472,400.168867688859,141.70018138526257,108.50786625279386
458.88852916174113,403.8066649137254,144.27786575276633,109.17442977893415
463.35021459598147,396.9469390293125,141.55411505933125,111.41623839772728
461.58348466497176,401.82968822842463,143.15470295829272,111.50579339675483
459.814141498736,406.2140432810353,145.21418810585448,110.72924661351465
476.523167902241,389.9922937025279,148.79308145665317,109.82042189393854
475.9702226318732,395.6519633585355,145.50608460152955,108.92947473539607
475.7067634200074,399.4360735158764,139.9528271821115,110.01527053605258
474.902485015773,394.7362231184345,143.1153755467676,108.42473877423299
475.15859159368813,399.72041322370006,140.21109606967173,109.27836365539542
474.31713390624134,403.849636956993,139.17067125172105,109.27287260804485
485.73246987831,397.39890816302056,145.7464239994888,109.16450692881187
483.0134860097486,400.06371000130275,145.5611979154378,110.70950760585629
483.83421463236283,395.2904209400724,144.1420247655821,106.50745129633106
484.22902565195943,398.5993940879555,141.97039544999234,109.9071867791173
484.2342377998475,402.1424817029406,138.28624207759367,111.6199481244281
481.10855386977744,399.31410048190264,144.8072827107551,104.06544729597272
482.2523767917879,402.4150731261434,143.19816742523176,107.0416266669622
497.6227352181186,397.1681058600913,141.1828336554736,105.19528374136723
494.08036128294304,400.0283479812788,141.03680912746665,106.20993767523032
492.6739109870904,395.19365645287445,142.78727912807256,104.67570670549765
493.35460866544565,400.1260018957505,139.80247417261307,105.09847768714349
492.19057724482144,404.0453542130824,140.22461373082655,103.6784785578397
491.16669463886757,399.9237804183774,142.4125329668879,102.50182175647075
492.49100402243005,403.44782694540163,139.26665763862843,106.85097443073295
507.08131360128664,397.331964540316,140.23254296909454,110.33430099679606
504.15349872749334,393.31789437046393,144.72683420688986,106.91225965551837
503.7425527363555,397.23513187679623,143.3949183635532,109.71269855306593
501.790711565474,403.5683446420011,144.80770666627643,108.48691681696221
517.0610947063416,386.9306622570929,154.27404369122075,108.32926508937999
535.1850663213509,356.31023746751714,151.92724851394826,103.77608318377867
538.1227895755819,352.19545596759326,149.50464275546733,96.08772642483541
545.2882663187502,343.06317087037587,144.76208078910986,102.71979194361757
540.8980081675295,352.76140439240635,150.46703883806708,94.90049961995874
539.1300324717945,354.72126295317446,150.83122124601869,97.09076008478598
545.6070315909701,348.2347204024382,145.40417676598827,99.13183068216176
542.2778425891274,353.6696082778913,149.53631257042048,96.5535652065177
542.5092309356294,356.0977509927365,147.53703519149258,97.74151111650002
545.7892544464665,351.35778174109123,144.96267163743732,96.93285860056022
542.6445546136536,355.1230773364541,148.41214498350735,97.72887529967886
546.8909622180223,349.4956089133533,145.7176518044031,98.91779077201238
544.3359742361073,354.52110488455776,147.9918374385171,98.05237358717324
548.1490996151224,349.68896983351215,144.55605578271025,98.77301792924516
545.1421184831618,355.10719620239365,147.3245861606756,97.50050132855239
549.237970355504,350.0356076598878,143.32893224704378,98.47549939165344
546.1013567286532,355.5545100317121,146.45791377983903,96.8343285787276
545.8419948929682,358.10190918248145,146.0111892346049,97.44912970395899
548.6617758806542,354.18853562010304,143.53434855257638,95.64894357956763
545.9869059935229,357.8457172260237,146.59454488652455,96.38970646558704
546.2929271186367,360.1565735607052,145.4691032607111,97.80173887013058
548.5862199806929,356.47268638005426,143.50227553165587,95.08402068311239
546.4033555546216,359.65683473219667,145.79940092866877,97.14718905395688
550.3180276525054,355.94945729439496,141.81156503098828,95.89989178984774
548.4934919560028,360.2386989623481,144.00096079027594,96.21437031181108
547.4529657595475,362.1680325541074,145.32398356669967,97.44421360930392
550.6093923268052,359.3541194409436,141.44317324397286,94.98229487177838
548.1581544116298,362.15290254019874,144.2904333709489,97.3796616943875
546.8506408290616,363.90018648695184,145.54904750038781,98.47993580877414
550.0069136662864,361.25013344936553,142.6843292336912,96.13198641238853
548.3391675362807,364.41003007833456,144.62599135459595,98.32739187215134
546.3042033821257,365.93667990494237,147.00650753782884,100.0350399427615
545.1702981270637,367.5222208518576,148.69311198646926,101.15825908564841
544.6325142395096,369.23785415002953,149.7874840570213,101.43875098360854
543.5350146656182,370.8305783037363,151.41271990584482,102.04802956937078
547.6298629408785,368.4212556635679,145.68799823800543,96.42879460891595
545.206806369945,369.70555295591794,148.88192047925793,101.84060140190036
542.9801762077833,372.012676906297,150.90133465818633,103.03494905103582
546.2102932072942,370.9100398366261,146.60681717343505,96.14932931436044
544.5337687011058,373.0754693819172,147.9208298822873,101.00230964749903
542.1701291175954,375.48374338364965,150.57283968208242,102.72045468173076
545.1312525826731,373.57422395375806,145.96980412567632,97.2743838828386
543.0629074267351,376.26880959632274,148.3376428887226,100.57370093517972
540.6380251415765,378.93869927560786,150.91713016936603,102.60878694551621
544.2097159437392,376.7869930670332,145.32455840352236,97.49658574953048
541.7937663361911,379.8578822858489,147.80341373852298,99.19267432219823
538.9156375584137,381.858615546118,150.76719114312039,101.71639080734212
542.8480634476291,378.3370747536634,143.63871915385062,99.65169675660457
539.1278179773738,382.0421967081809,148.5977358603833,100.59670558816822
537.7743449935291,384.3738467932626,149.85401783491432,101.32070394554557
540.4300020607691,380.50623170978184,144.7128694355298,98.82998258454927
538.1850937890889,383.7172517272428,147.64278072272884,100.25573042379244
535.7535229121239,386.55001944098944,150.48519817046565,101.17757347183488
538.3067146532114,382.2075025295712,145.3744623927555,99.15726434001812
535.9089821201142,385.39516777905374,148.646602074175,99.80848489378695
538.0059781489763,381.12874687699787,144.7982888524649,99.49901624054291
535.0300465741242,384.4473215434682,147.70892113828052,101.77881455628085
532.2741921043577,388.3354924343439,150.87964497288965,100.003572511514
534.3207963565965,383.98304647364046,146.4020019776708,98.07937869835223
531.557237082643,386.09326325953543,149.75161361735445,101.69606820175295
529.7561606461131,389.12171202769207,151.32648987054256,101.18815820539521
531.6774740643843,385.36593572900165,146.44804547702654,98.71765177573047
528.7871242162767,387.95033392403786,150.10989524404295,101.50013224699717
529.8682545820369,385.3041317595257,147.70757109499175,98.07094855513321
527.4524235033714,387.53096178761916,149.90414760564454,100.9427726479189
528.8436128742085,384.3383665975207,146.85829492952166,99.38470058462644
526.5333368886254,387.3854204411965,148.76348634052079,100.135518332841
527.8111516839217,383.36083420576927,145.73644147253663,100.38102987682191
525.4252306511063,386.46479567120247,147.64185016848512,100.57871355263887
523.3389788845901,389.2607015925996,149.90938736828105,101.41795816739341
523.9980661401039,384.9099402279911,147.14314943613158,100.50305175423603
521.9312930164024,387.5299323158033,149.27346714247938,101.1575632563272
523.1147368602899,383.8261579172665,145.45909220606416,99.94589723236902
520.8468542736341,385.99270201848003,146.8740007881206,102.41483519165604
519.1662849804394,389.2946339920875,148.74497925504556,101.41010310850731
519.3589684155914,385.0058365504929,146.52765198714258,100.27078426224278
518.090281944292,387.3843054820436,147.28650026975106,102.63551657179733
517.9705721166415,384.24135663551624,145.8930617629985,99.17269474995021
516.9629589847666,386.1017107438711,145.87439311541266,102.97567722880888
515.8276702233009,390.3747489373891,146.78185158889937,101.93921671122052
515.2056183035671,385.2308867224635,145.91542747003007,100.79961556124482
514.3242102913948,387.6421114523969,145.57150391895834,103.44349198717231
513.2580270515745,383.29092948248626,145.6402250586956,102.56777232441755
511.83130947169934,386.9939288288721,145.442656739271,103.07299352141592
510.72261184560546,390.31503049648063,145.36630628963155,103.72765934765113
509.66265864927993,385.8238675950322,145.5048969466451,101.94640000638606
508.0835836156788,389.2693301358878,145.78307535939075,101.79822978053085
507.481599920607,384.2622242603061,145.15171511546316,103.21217991621643
506.11595297682237,388.3252326092975,145.52993426822042,102.00769087127537
504.57602037529523,384.64801003751006,146.20373313149298,102.8009974369462
503.39700311012564,387.61412403394274,145.98095301450087,103.55481984427627
502.49479802011854,392.33904637496244,144.38002260327733,100.75246585655123
500.7681256288412,385.88724025976353,145.8256236110774,104.17545041147787
499.78117866990056,389.74813782299816,145.2453725474354,103.19891831321115
498.4226202323389,394.1430147963338,144.05679190144554,100.64166494646543
495.3522706932373,387.1142733485297,147.43885430398154,104.66256075414805
494.6565748672423,391.13615377066617,146.66927993173738,104.30920635740858
487.2386520088985,387.3092901250827,155.00705795216163,103.11309899599888
487.2290543768995,390.77064230758697,151.03261335346792,104.84249701330555
482.49121178282985,394.1094231829079,155.74027791671324,104.84587917752833
481.79578508769976,389.50445246847227,153.37882405669677,102.74182392784854
479.53728208066207,392.2224356270315,152.8627522090659,106.4432866477656
480.0968629923256,387.870651949107,150.51243882710702,105.98929628978243
476.680993548632,392.2783928698051,153.6093468884772,106.70841900003671
477.6536303026014,387.374122318077,150.61405988798458,106.40498197568627
474.40413916384455,391.67604426020847,153.525861403862,107.64179902626466
475.2349390439306,386.46101093330304,150.62245783938624,107.61484462836137
472.86677905890383,391.1977971797956,151.4620355523806,108.35994444521515
469.5613864052824,394.7755002823567,156.47407925698997,111.10405912407822
468.8214726936071,389.84835360967134,154.0328697080024,108.19323455045708
467.16091013136884,393.1588834094109,154.34234931047195,112.3618318261706
466.40853502283164,396.13937971628366,154.96256732512416,115.83379107242644
462.8124375235616,390.3117998287837,156.99433023805273,112.51303918422127
460.45127708014877,394.6468064380997,160.75481173754656,113.63477004285528
458.7807728129507,388.76420361383356,159.73702909714945,112.95138800761703
457.9878437799657,392.8170440317633,160.60712582225938,115.46687679255854
455.58359217734625,387.7708928734781,162.78164414825284,113.87612725934736
456.6895347519794,391.70202946415475,161.28841752574226,117.42029993168785
456.03719912327506,387.25838529994905,161.5349562218246,116.10516147615328
455.61149533701354,391.7542834423448,163.42809499903973,118.57000327129799
455.0748114482359,396.23456341068504,166.46315371997832,117.42829225790263
455.5960175433124,388.9161108967275,162.4085437857118,118.26163565842876
455.08596959409056,392.5561049985672,163.4892271584955,120.90405547282421
454.0339429742923,389.20758409065843,164.86558256127643,116.85598053542174
454.56340679150213,392.18146537046596,163.40790391448053,120.97490324370551
453.9782190963905,388.85361774615103,164.52261677480362,117.60148198703337
453.8609146970948,392.95245364993525,165.25008581617294,118.30163878964572
454.6888352485064,387.4184581147145,163.65570543548233,119.45709013712138
453.91093372682656,392.95453641282484,165.22883118504308,118.84697423510988
454.97112513183765,387.41886369160767,163.27537692309215,119.44015660617634
453.67608592227293,393.06555091079167,165.6486209595016,118.32979848383115
454.1395820050543,386.9602618519317,164.0098053141328,119.84371143745568
453.2995465846951,392.3534008117945,166.00719345966047,119.41766199390162
453.98047743842926,387.5045867374896,164.50907817114796,119.14841783811619
453.32234031402146,392.90034779526513,166.53346032199164,119.21071974021015
453.83680814063166,387.98197307613236,165.15840827087038,118.7234735011566
453.2491216402277,393.4873937413374,166.79532208005344,118.20570046025512
454.1471368036291,388.0655857580058,164.73656082845991,119.03568880816863
453.3637898921504,393.04344152077874,166.58197330688313,119.34177983940958
454.03392647976807,388.0121688551492,163.9597792870677,119.39684052179359
453.14779783375934,393.4171120860012,165.5212919601031,118.96171594616362
452.76510099808695,388.6440534800884,164.51663173023246,119.05729813020724
452.2544548049791,393.9336230643756,164.3609233588693,119.18723032367603
451.33822965516674,389.25645124647235,164.41716780813442,119.10332260709822
450.7367789333005,394.24212595572453,164.75995329992605,119.60524584192274
449.14263840657793,389.993191543035,165.0602320318568,118.14180782620156
448.6082351772611,394.30407691584816,165.15891214101316,119.57826233677321
446.7221763355135,390.36281683579773,166.59302225270244,118.19538917318596
446.81455786389944,394.3928472757425,164.73827895584105,120.14386368394196
445.15457959984593,390.12236260038264,165.82969339007042,118.95822131551665
444.9408614009872,394.27363155006196,164.14985108347508,120.26798128915493
443.122964945048,389.7944762554815,166.70908385738335,119.00562666201142
443.0519542044908,393.55958160821353,163.89257186090003,121.06836919635418
440.79904530537834,390.3939424241569,166.99090136900207,118.29236492232155
441.06638249030766,393.9716637212665,164.01526903109516,120.96390959933478
438.55299482641544,390.82805150583727,168.413993976131,117.74802463924385
438.81765330570533,393.91581703785164,165.78392574495297,121.63256888080195
436.3840132925345,390.6582267325542,169.9179132960635,118.13224544112273
437.08780082387625,393.81791108569405,166.33533336303776,122.003929332854
434.4065937517473,390.16925926526864,171.33303185361547,119.01470910605406
435.3777800739316,393.3250488168088,167.4297148982705,122.32326323449547
433.2256256055055,389.573792859191,171.3564641325741,119.29892660557402
432.6347003648676,393.08034839580137,169.8077711797174,121.78718523689122
430.95728598914394,396.203768182796,172.22240196438526,121.28527360770113
430.4525809121839,391.6055693166768,171.04683388883046,119.63982945724507
429.82733809432784,394.3126756878014,168.73593064362558,122.5672269345364
428.1644720697387,390.0160642375165,172.74901046243184,120.21108045495748
428.22520861795346,393.9663587191341,170.60207691451166,123.10864294888887
427.22392290650623,397.7426308055402,172.02157345837986,122.77629949979007
426.63794834145597,393.0382243156561,171.30214931162186,120.5555507873492
426.9892566533197,396.01048614165063,168.68959012177987,122.60840554398158
424.80169515762134,391.24792718122967,172.69472965359546,121.19897416443155
424.6152921730984,395.1097077482549,172.26369173074715,122.82306509807029
422.96590559645256,388.8236599189638,175.4864069457576,124.37261366071857
422.7830396816804,396.0805985697276,174.30040319524164,121.73102373285076
421.8069893678297,388.4071281763827,175.47107233382633,126.25424223262291
420.20549423594684,396.7649647981503,176.36211147454424,121.29822705484247
419.0943142218328,388.47526626861037,176.8165135662096,126.5885039782666
418.04660923784877,396.8357721266995,177.52523032922,121.89530987434381
418.0021015724875,388.70703336531096,176.69018690939868,126.97375430434454
415.60278588419516,397.13913398765806,178.35777162964865,122.27559544767894
415.4881242013905,389.1748027065669,178.74836913607157,127.17425629070294
412.9650397815593,397.02624792172946,180.52530682260465,123.12046226119969
412.99901674821183,399.5405684065695,177.6226204862295,124.60008681880026
410.626736585333,392.08830089635615,181.87336855384842,127.03888516377549
410.4671144994847,398.2933359974424,180.03494651428065,124.83019877117425
410.0327403095841,391.2999506414887,179.88081247564122,125.9892535554805
409.0059978271472,398.55678799217134,179.6952387537492,123.195844667333
409.0068731217798,391.16123877648783,180.79500839298817,126.72751377243344
407.49640058053427,398.7223000361973,180.5164863591146,123.72947329051073
408.95337700577136,390.74638847264254,179.84253021600068,128.08791435037534
405.99952701237635,399.5343902280241,182.11205609352146,123.7511741114082
408.5568479541206,391.3071280004484,179.41801321107903,128.03993580300323
404.52941728557903,399.8491832819078,183.29983535357428,124.28876286471234
407.11797179578593,391.4930819002193,180.6810061800661,128.6255162836669
402.92029162396466,399.6209197143461,184.54986288529767,125.96631876518882
405.66187286144543,391.4760929844354,182.5213159409176,129.498534781935
401.4420288748962,399.750633750416,185.177207699939,126.75069995033459
403.4430089436824,391.33607808569946,184.5329105222841,130.08170850937177
400.0867760406598,399.0542576710794,185.44639230650313,129.04195851875943
401.3740491931163,391.7416551688009,187.18496225401566,130.2178503150194
399.42050849838756,399.0662576310913,186.01304208995077,130.95968906889834
396.8314995685047,403.86237660941015,186.19357010872784,128.56042618463334
398.2767094720946,395.16642343160856,183.8497068167942,131.99946163736718
393.6075602071203,403.4399078271906,188.8582081327362,127.85841082848788
395.09323148857465,394.6010798328995,187.91569805863793,131.72054440502905
392.4102758221761,402.50460038173827,188.53454585314466,130.1870091287389
392.98960002188755,395.16102296076934,190.30191691454013,130.5774302361046
391.77868469474777,401.83112005135183,188.38661718764286,131.90575029318302
390.77287972470424,395.13116261258557,192.93801796889,131.61236772107856
389.5120463630699,401.71315854731984,191.03820241018252,133.70727446689602
388.11483941814487,395.03085713280154,195.45803944946755,133.3651695480222
387.7676199196555,401.7021730870722,192.38929116104197,134.73295014424923
385.71696990359396,395.1864180820487,197.5581062196144,134.38710655260684
383.69797267013143,401.8169589401675,196.63395146141943,134.9863906819803
384.3361193097184,394.59075424756395,197.25552364116442,135.56977917716495
381.84966344616987,401.8281389451772,198.30031458899612,134.86322966677994
380.06945761631846,409.05628228571913,197.1074733471869,131.99331436992952
381.02116405352706,399.4804410666545,196.7527117918048,135.96184235481235
378.8275579427458,406.53505686445374,196.5639273736257,134.70363661337956
379.0536110430278,398.5657863890431,198.4150624165104,135.90811950885194
376.9394970197726,405.32004154720744,198.7438970917383,135.3928575370095
376.51240159146255,397.3099859792984,200.51300362688198,136.83498271053566
373.8984797002836,404.79390031855274,201.7001152063557,134.85210075922413
373.50678625237765,396.3729270568604,203.26996822009107,138.53310246815028
371.8873520631243,404.08507461142005,204.32431379015014,136.20888997642726
371.51584830299316,395.8970116196608,205.67410210968183,140.80271282613808
370.3371792008704,403.8677757471088,205.97918267945522,137.54039554523615
369.78331621641837,395.7441495637523,207.3545268722071,142.245906866643
368.1483607432805,403.59349203993537,208.26125678387427,139.55362467544074
366.88101638864845,395.92917252930965,210.7686438792901,142.99306355943372
366.2615842648852,403.9067436560865,209.84963426607476,140.38962394482633
364.43081468951635,395.2237593719137,213.83973431270027,144.8914198964498
363.8411491989948,403.031556831781,212.94233475088936,142.57163618513755
360.02072829621636,393.84544250654426,217.99369275835863,145.54445037097253
361.2001268897683,402.3719256112904,214.40470728269645,143.36470305905368
359.1767847672038,393.00938370858796,216.86291351839225,148.1773507039744
358.8253107389055,402.24049851404465,215.88331436300064,144.70541185210988
357.3495930979654,392.80694833247827,218.2099861717041,149.247527043886
356.82979625723465,401.7331331951716,218.8089462622678,146.04400510384096
354.42470568988733,392.02770581236166,222.9936417656254,149.16497943984302
355.6445344407555,401.793648355615,220.41518543992413,146.24708691917317
353.63683419637215,392.8628718297245,224.19597758526442,149.97267580207694
353.1844643882955,402.28953051342614,223.952443949874,147.06726560669267
351.3110686364355,392.44776476089874,226.3277283695985,150.9822098400614
351.67952515721913,402.37809480412943,224.70756943631272,146.991128730524
350.22446836210656,390.89912877358876,226.73431603696736,154.0399120785052
349.9746486197082,401.07387913768724,228.41284345118856,149.47410519638282
349.5402198682691,389.432495029797,228.81316739265958,156.16509520583168
348.12865444050857,399.38240001920246,231.73383349698832,151.74707085586863
347.6307538800538,406.0772151657826,231.03493118887616,151.11459347573066
344.8261204293624,394.9008443158734,236.47378571433592,156.3004535115881
346.97981602462573,404.48264430241016,232.66708575169855,151.7126633382574
346.2281114172863,392.0661319104505,235.1338660000738,160.3096444258921
346.8102531992381,403.2712286972492,235.1655508955073,154.19368627401246
345.7432177111059,390.9635047174135,236.99824587575836,161.9423373998265
345.3735963391342,401.97514584525385,238.83594422521696,156.05470189225247
343.67223713057933,390.2198775200093,242.72082786379497,163.28158726396293
343.86018835274865,400.96838614208957,243.78534119726737,157.70363720699595
343.9436455471067,407.8223994341489,242.7478602976388,156.6756579670997
341.876846061841,395.17413058609884,246.02162186383794,165.35023133265884
342.02434907467864,405.3931473119012,247.1696803999996,160.45711013676691
341.2718665794098,393.60694295620965,247.81763201567946,167.63341147471465
341.32603830375774,403.5920275026905,249.21899474862585,162.93058114260214
342.13488562372095,391.5664590575517,249.82473820324685,169.98617523059636
342.63271491275975,401.3380943910555,250.05821840369435,165.6716443329335
338.80715098018595,388.3767105183115,256.08313895570825,172.4748342854217
337.63911713522276,400.7611559443061,257.16187991669807,165.85948677015915
339.56352546728795,407.59931328065136,252.87846867727296,166.00229846858383
340.40145355882146,395.20763982919857,252.5863948319129,172.5679289999664
340.0066978550492,404.5264123561773,253.69487103513177,168.66999676394153
339.1874475821837,391.6997394493549,255.9679384510614,174.38032573477113
337.6653503047663,401.9795192890745,258.74860600779573,168.4471773063663
337.7062246280285,407.9369686575298,258.115692319069,168.85152317349986
337.23197130319727,394.2996976099057,257.052985031164,172.97451869774977
336.6802696577438,403.4202906899371,257.77399368540614,168.95457232894586
333.4148787339055,389.12619644490746,262.4111578186084,178.19097922905598
328.18897327885634,401.5229348782981,268.8624973472116,169.89009943951612
332.2173416709351,408.09762322918476,262.0672447001776,170.4354456234708
333.42345018527294,393.67925572838266,262.99603917310696,179.28702516946515
330.7867400121381,405.1205069188982,268.42965778185317,171.09308423137577
331.5949342693493,412.4068433314469,269.27143500212185,170.50332091816108
333.6743829613006,397.4637817203476,266.3310387525621,179.6686770214659
333.581725567618,406.4984525998429,267.2699236577956,174.9593554061201
333.1883657790085,392.1168532947279,271.04419107910036,184.74390982818738
329.34837904234155,404.7979406769725,276.16912949536345,176.01374647218046
332.06334263573376,410.5629425555533,272.9038990202462,177.92296595732472
333.5319803268567,396.87442892252454,273.1872528706806,185.55542483017246
