663.0,450.0,128.0,132.0
662.9149181842804,458.0966260670737,128.04836201667786,130.0097048264633
663.5487406793159,457.4839194885408,127.75588872119306,133.73049639996543
663.6010167401412,458.77556960221045,128.18963354828566,132.2458316800512
663.4311778637756,458.63592161511383,128.31849727877193,132.89423731774502
663.4776091120415,459.06269696700315,128.07591932646721,132.7189030685986
663.4543258078686,460.2863585887518,128.19324359379175,132.2712720463494
663.1418961347554,461.53502837087194,128.56790718820912,134.97283526419676
663.2231238712266,463.62797413859676,128.80196133023264,131.67500568081232
663.407166661328,464.9950771238043,128.8257007891301,134.37245831352686
663.3719910962768,466.1286651545636,129.48450760310027,132.51264921792165
663.5657687900052,467.3715966042157,129.11439814900973,135.06881173537136
663.4880290531597,469.097920972205,129.64196054118645,132.48416909000775
663.6857168301876,469.79931929633653,129.3290241061136,133.4712368483631
663.7350282990677,471.1810787532306,129.71710200032226,136.05778549109027
663.7863182519286,472.941996895981,129.8588601610894,133.3775205725874
663.6028413766076,473.94208063613405,130.13801435471805,132.97322118373904
663.5178110439749,475.80032032298413,131.25845134845054,136.35571755318938
663.9919413850698,477.3069270103731,130.3738067625335,133.85997387857333
664.0652412551494,477.80724037411755,130.38821637043043,133.91059347091436
663.9498142750359,479.15309102424453,131.21021048527336,133.75436902833565
664.203704880721,480.2403450619747,131.00559652307436,133.78357099518723
664.3023150543133,481.2602358793374,131.14917715426816,133.98965604887417
664.7041707819102,482.1433361589716,130.6794053692961,134.06146554662382
664.9615928024677,482.9731970951839,130.5476430582894,134.00737203154029
664.9156738863524,483.4846237743827,130.61957158843109,134.17755196671487
664.7964104447645,484.203265626807,131.6397347228659,133.89184934332752
663.8457033066879,484.4419491631022,132.61641335675586,134.14552223517262
663.6087169926516,484.9563466445866,133.6338374417037,134.1043065343806
663.7551446434043,485.21866629342367,133.8877138879111,134.47608378269615
663.6768887858589,485.385077846625,134.01877905955746,134.8057770105902
663.8220616867559,485.6631554554151,134.27041198621873,135.15893182425953
662.9760124244822,485.8102412441475,134.95437943507795,135.56573839745454
663.2423809096008,486.3623329994682,134.7414125644168,135.3946984819081
662.3467457077099,486.47689040916293,135.79820661518488,135.85741668059427
663.1882877684502,486.65795642723856,134.80274819605643,136.1877779466913
660.9820695981962,486.80453593548646,136.83500599250522,136.4787915283148
662.7525762656229,487.5454342643674,134.83754143618978,136.26802529853376
660.5634671321858,487.75838776872433,137.74839998984123,136.81719696710024
661.7059233274765,488.1143452865108,136.0210908336437,137.09440894189754
659.8961299699599,488.52651579426174,138.2745279921469,137.2729096801611
662.267439786408,489.3496145645993,135.5361355477446,136.9789113691047
661.722394717506,489.7689296405963,137.26104988272232,137.35038292315016
661.5548775569491,490.4155650785542,137.9729149695038,137.29475429316972
662.4428791879428,490.8755035553669,137.5656447346313,137.56789021391296
661.5739883919796,491.3507398266122,139.251270324786,137.76204425990022
657.3384300705354,489.72270535404414,142.16501020444798,135.0852153630824
662.8793293461781,491.61722038914195,135.87990590127674,135.2091445522683
662.3063929147252,491.95049098285756,138.059511368818,136.56822982438098
661.706320338155,492.50149027765724,139.4058228740854,137.17422439695952
661.7863304755178,492.88658742198186,139.4866014393508,137.84786723698494
661.8448552339347,493.3611837021624,139.76342829637827,138.27156707487802
662.0150225714797,493.95597115180226,139.8421532032046,138.47830742309975
661.5358347889351,494.7431258251437,140.39921097306205,138.45435576033765
661.7068623298348,495.56960554290504,140.05720737836714,138.54106408400844
661.1613365575176,496.1241646675701,140.79310662976604,138.9059805295068
661.1798201331828,497.16075349103915,140.61088615486926,138.68002572817102
660.8496790011221,498.0936313148377,140.7488735049552,138.82100993192466
660.5330138754251,499.17498906289984,140.99512921848464,138.74495017391428
660.3512190360252,500.3969708879672,140.98302122822406,138.5385670735668
659.8745041641722,501.23416791651925,141.5406532357474,138.8394327754038
659.9763882832654,502.39798909492674,141.54915253460808,138.70667108765338
659.9542505063837,503.310061698626,141.77709989484356,139.03932618614215
659.987406562237,504.3587936802696,142.08076616501887,139.15804790133166
659.7386385760892,504.9909920341379,142.8422177540167,139.64031235045695
659.4742989674596,505.73214517447377,143.79645579902308,139.64286483083788
659.7881137782912,506.55365807338217,144.29053554813754,139.59761661706557
657.2244691115238,503.93513664351485,144.42812340764908,138.86804634291184
660.8794640599401,508.0886841714628,141.55280722469138,137.03379388639894
660.6458830651849,508.53016881387157,144.08823214112806,138.73075936900477
660.5214786260171,509.0406298590783,145.05227698177805,139.80911383884973
660.9191843082899,509.8649373431472,146.13314197455657,140.06961972622776
659.4071971908354,507.08867112707685,144.617309640003,139.69171198810204
662.4896103825954,511.3848922294351,141.85665219131351,137.8354089460313
661.5523562218549,511.9337287205162,145.5835230327209,139.6260259908504
661.7651257261077,512.6677346168308,146.4010305474419,140.55286147861352
660.2696305743589,510.1211554911906,144.9085718666969,139.09556772060319
663.4380941963664,514.1377494829253,142.43484047202526,138.0695564735256
663.2152647951825,514.6247435758705,144.83157507026453,140.0689632659487
663.6878425647274,515.5909673541853,145.6698506460565,140.5925698802896
662.8585065636573,512.7230310343134,143.56460936308258,140.26555003937165
663.4854132151238,516.3294336482272,144.02467814364832,138.9622516213194
663.8688871785857,516.8316175014625,146.7483027632802,140.56486104456326
665.3870679434974,517.7167640357748,146.33469521230643,141.22078992317597
662.4661924836844,515.5940645328956,146.76184237933194,138.1630639967566
679.1315453713883,529.8567849096212,137.35718644734334,129.51433249564616
676.7484186563406,521.5225055948495,135.6972973743675,134.88781228175253
675.9388891250057,522.4285178160046,137.4292873100825,136.22526519924236
676.9234529113855,523.9975613702259,137.5469308287279,136.08985123985394
674.9038807378453,519.9115141326329,138.30932839290801,139.19335373095237
676.9298241946592,524.2784521955423,138.10043690752332,134.19382335802175
679.0193828409682,525.7096890994117,137.67211205872343,134.40330953308785
677.0963424420705,521.0063891206105,138.17676436701788,138.5489767074755
679.6172493798019,526.0784554580341,136.94728114903853,133.0439590572396
680.8436987219659,527.0629896976047,138.1373316941033,134.31154007313808
683.5929178628272,528.1681619780502,136.7864271791027,134.85333922069913
680.9027386911553,524.0875194241369,138.4047386245254,137.51705623968815
682.7235885524049,527.7346394842843,137.35683466533783,133.98903795636124
684.5785818184028,528.8619558379728,137.6788649923991,134.71427369591993
681.9873264644175,524.7083526650192,138.914655956052,137.44796287036502
683.6926425647217,528.9386535006577,138.79579437986138,132.83637775626198
685.5362484154169,529.9700678759934,138.26656554132626,133.77640473479983
688.4313191224821,530.722991348538,136.45430783353413,134.68739309774537
685.317950457691,526.9307101778163,138.691847819754,136.47984490227986
687.6531068190291,530.5743970783659,137.20278913251173,133.04758490432562
689.9801282002115,531.6874385098879,136.43895562582998,133.77475422661496
686.9415656455171,527.744628941713,138.6256873718686,135.50309631038544
689.4616346525204,531.320793299978,137.37990017961272,132.075512548588
691.9539189182003,532.0466653738249,136.40372941265082,133.250610755872
689.815570477585,527.5558999905661,137.35393513563486,136.54977223343622
691.8939427471537,531.9592383293331,136.837341465255,131.65694082739117
692.7895811067865,532.4460965411381,137.98353234685783,133.15609604954534
693.5175739652695,533.385660960322,137.86041418174216,133.5467267444326
691.9115292371323,529.3523482721796,138.00659107221077,134.92907576098673
694.5809789883282,532.9150174364966,136.97574326210633,131.65353983346927
695.2443234379643,533.5500819479796,138.09282089273165,132.93713384067473
696.1539824271118,534.3938060011833,137.58195762037292,133.48152909206874
694.073031855387,530.101429411483,138.42833668148955,134.11125189262305
696.8280891140876,533.113750131525,136.97432038240868,134.37057213436242
697.5136889787213,534.282230389563,137.71623563200524,134.65672107476098
694.5478030179816,530.9766208877368,140.24360835152447,133.10643211862725
698.6092558776875,533.3301857518218,136.96748505067455,134.6276903650596
699.6481596579827,534.9936151092879,137.46542484671454,133.94413984477524
696.8102768859912,531.0356599746603,139.14601750733516,133.38761963731827
700.5140598733706,533.4599212134317,137.08421169133726,134.43601248869163
701.4952929362123,534.7259237081562,137.81609948037772,134.17341758781095
699.3276424100966,530.8517086066809,138.7346824431802,133.65473894091997
702.6997830022923,533.793139057557,137.70342023958221,133.74907177867067
703.8206003939579,534.9269927771184,138.06050542414528,133.81700009970336
702.0730936089356,530.4964786511587,138.76011566125055,134.5842537618421
705.1404217106676,533.038542134716,137.96554205499092,134.80754448070184
705.9005271595477,534.6849151826195,138.72795511882282,133.9464501554762
704.083057422341,530.6883960634582,139.21220160990163,133.28198522351158
707.2729369535663,532.9983202060181,138.1723446675984,134.57217343894865
707.9911008546333,534.5515325323765,138.97222518680792,133.91794684395677
709.251609465533,535.269154220241,138.74240179633944,134.61630453293037
707.9935979688291,530.8210818526563,139.43009864245005,134.22031983077454
709.4423053924709,533.1013264069256,140.64409498571422,135.6107872034397
711.4842330209042,534.6597603592659,139.2192571719172,134.98089062970257
709.9326568550237,530.815698785812,140.26319897116014,133.1145869635775
711.9136713399686,532.8903328159797,140.72995584316402,135.66105059366078
731.0049550031479,544.8385352794372,132.55438807551957,126.59304003042996
712.6858306869001,531.3884238951043,140.75197587603247,130.6480766230104
714.8469810456509,533.8208845827066,139.89288658802707,133.93851463806277
734.2706030128212,545.2249368608218,132.53122246015448,125.81003703247825
713.9778929573399,532.0549611365759,142.81981424417563,130.13698991970352
735.0735130812891,541.679562446614,132.19744761326274,128.91799324561362
713.9591025939771,530.2445091042171,143.9807575947525,131.20451053783256
732.8194470943672,540.9458460333702,135.70504232321696,127.51370847034684
731.0742603712547,532.8999569303596,135.32535604167435,133.6149638229399
733.5141879669692,539.5371642486772,131.44837341218783,127.252714157691
729.0420273069601,532.4154307033295,135.5453635193462,132.5321894510057
742.1110703657187,544.6034485078367,134.4675349462259,125.54172551087959
723.8409257111343,531.4577069234366,141.46627709671066,128.3356454585081
744.3376182788971,540.7939857807858,130.92993825704218,128.13017169890327
742.2297855084618,533.6668026742955,131.89579036353416,131.73021826242098
744.9341269438763,542.17030617894,128.53551149051543,123.6547858590369
742.7880093442402,533.5752595142496,130.3981662304368,130.61353108212586
746.0874285711919,541.4386941836665,126.51950393968832,125.07846736690135
744.6581933915039,533.430194627751,128.18451298595585,130.74402450187472
747.4389798661864,541.8009311500879,125.97944314870631,123.62885849073416
745.7946685436311,532.5016940986716,127.56517485230177,129.89611297617375
747.4898125426969,540.8001382962024,126.86165382293552,123.75201704774997
745.5283554009807,530.5706967886424,128.16627580913178,129.78119841566183
746.828505339705,538.7916438350903,127.33232804775139,123.00844134424688
744.6210732998687,528.4022497223542,128.78472179873677,129.07431354142057
745.9401875890687,536.6910294679847,127.58696985399024,122.04589796851269
744.247239049466,525.6260864070591,127.98480480636624,129.18952401225397
745.5344374555624,534.4833083418278,128.27172007745924,121.52634490438913
744.9954126674456,523.0348512784067,126.92501807975577,129.72374591838297
757.1924002302023,537.7102016102208,126.99135008689927,118.13746189225321
739.3763287626189,523.2051825613526,131.21748110242208,121.30952479014104
756.3968952277214,532.515811809526,124.08124943851419,122.24843599009546
736.7990127024248,520.5313219403117,134.179978702565,119.93711765190324
755.308032175679,528.6921240577244,124.61647476722305,122.55843184441346
736.8686886175205,517.1198601309275,132.90544465546554,123.79726187499216
753.7171995051242,526.9954974081661,126.14761715579448,122.6985906983698
737.0200467757415,515.067248624689,131.81997456391514,124.95071291401291
753.5944082864012,525.2909069261718,126.22141898183838,122.80750800174928
735.9947095896866,513.627415280303,132.9328790871898,123.94811088019424
752.7657600597714,523.4018009863079,127.0813984849674,122.89368241231159
734.7895929480947,511.6587173242027,134.33480684257302,124.43678999582323
752.7525610589659,521.2760675139652,126.86519926186429,123.58657604357904
734.9030461832042,509.56961209265455,134.49277321315617,124.99905007887924
753.3400710096166,519.4760901306245,126.1978724540379,124.03469620978956
735.0877393207186,507.89904002262136,134.43214549494655,125.37766113985236
753.1184902127324,517.8063891889801,126.99696012213758,123.62698320388176
735.766848070408,505.6984967990627,133.82106216873774,125.81001265544853
752.3157700148213,515.4036972368444,128.52073177146622,124.82801334701776
734.5646251465694,504.6920228131928,135.24406489781222,124.33595717005494
751.3882096416219,513.3434583461545,129.0682763813693,125.71630780626754
748.4451935899581,506.37113440060057,130.12094188226945,128.66787137808979
752.130143668973,515.4424134881594,125.83914673285472,122.76369648259583
747.6262431594923,506.32989691633657,129.46842926040108,128.55836977501917
751.4715514742086,514.9268213868547,125.48639824292991,122.30889263158974
747.0088372875873,506.93554872850655,129.22204777227546,126.78197281806206
752.0442880994646,514.8130460991429,123.75613217088801,121.56889037169458
756.5889966362984,519.6844739635391,121.81457082564862,119.27502421792121
752.367837654333,509.12490619426217,125.85394610462458,127.40451359532017
755.6547807999191,518.2276215055695,123.1320239459933,121.36032630435011
752.4307635792627,508.83714929057135,125.38619703450081,126.98842580154235
757.0978387402183,517.6042488381786,120.72031916714741,121.46254318945239
736.479831205505,507.3099122229622,133.41359712373333,117.78298416353607
755.7467587201648,513.7686004795816,122.82330841806561,126.98221506162224
760.3053238095756,521.8145150529408,119.59833213128002,118.55565142415253
756.1662889953259,511.60457949622264,123.74923785488318,126.3180588144728
759.2597053515663,520.3150803184811,120.6712079571206,120.10573995820357
740.3587815252686,509.4240984253288,131.06345473024135,119.25537318753072
757.3074034887359,517.0370185325127,123.76384454942718,124.60013418007634
761.9356855819142,523.1984447919317,119.6218789733922,118.54858481731094
757.0249484473893,513.3241226141913,124.80427810319554,125.25438381112906
758.6578515125184,521.8684712526616,123.4348330391183,118.24681241476753
762.5890276140428,524.5819247050506,120.7191432869513,118.53915351845922
758.6963088124626,514.818115798158,124.24177282762855,124.72193416617188
760.1910158248884,522.9339158804046,123.32947566367375,118.7722555045525
763.3279275658715,526.076179894315,121.75508427516615,118.16005775003248
760.0462280562674,516.4567415202287,123.90611612955377,123.74558643231092
761.7351752661709,524.1052139195003,122.86443802777774,120.13108283938732
764.255905291795,526.7725945132293,122.65151873033392,119.50769993123345
761.003070183619,517.4886172491986,124.75436252495524,124.22677235541778
763.1604956677597,524.9185028917236,122.89764080436294,121.49161996555267
747.3368849058136,514.6992200715549,129.1916763406664,119.56161953704486
761.7172079258844,522.6189697258234,126.02976475171181,123.24165623347085
764.7836102654127,528.2452444582475,123.20630863273902,120.1266578619493
760.8614164398723,519.24483938234,126.58336219161276,124.04089062650007
762.946305708226,526.4360151759377,124.49751548614563,120.07837525928812
766.3328216610058,529.8184840736077,122.58072264037366,119.11882684475711
762.9449436768527,520.4070813399078,125.30022890281316,123.51823690124456
764.595020325334,527.9054367985786,124.25035385573756,119.9641374320513
749.7472550833331,516.5734099137208,128.90718181241368,120.44444124745269
765.4275598977058,524.8289360815802,124.19055558523883,123.07781076342735
766.4537397928793,530.8211044841363,122.96800441045445,119.99497729246252
748.9442501899539,520.0439717770864,131.1671045840776,118.22212621793369
765.6277635634628,527.04263274776,124.31043261115997,121.57093317402416
749.125042941388,516.3130262655084,130.49446097503403,121.846732252464
764.4325221472636,524.9657408042513,125.8499898757999,123.77950108839286
766.6801873868178,531.3009376624764,122.25522971481269,120.39371860649453
747.6325574065563,520.3680180796039,132.8754142407297,118.52893524696606
764.3677256918304,527.1307734561469,126.08811446842958,122.58386106869239
748.3992182346393,516.8427732920326,131.08071155984328,121.83811845000992
748.5932672100998,524.8004873915485,133.20390326222423,117.438737050967
768.1117913953555,530.5675011358405,123.62624535461293,122.79919852720695
747.6800273087524,520.2740251855505,134.3691046023123,119.23675337872851
766.4352799262233,527.2677993178074,124.92671054128152,123.05587885315549
748.7162687955165,517.9433504369099,132.31372897661913,122.52156198958016
748.8212479281608,525.8593541170504,133.6481337576265,118.15751196455324
766.2910033943049,532.0841405486848,126.8989539367733,122.13387068062377
748.7798775481742,520.3565531257352,131.9327415489488,121.98991131867729
766.5441932551474,528.5154430258981,125.16517031716819,124.2779176049612
770.5830641309549,534.1072264181563,118.7206434172358,120.78093063642825
751.3177839010366,522.415573062566,128.69193012118433,121.42246351791357
766.2272401323439,530.8097907604638,125.87208574441627,122.45715349632133
748.5297521546358,520.4121612653399,130.48327529242306,121.79623384756098
763.0083983466563,529.3803388234194,127.75358281267052,121.93280296237515
767.8197908884861,534.2402229797563,117.34679684644425,120.43613641402317
746.633257654626,523.0086834935831,131.43402325618945,120.32765767206706
763.8835940895535,531.3801831895225,124.04522982085894,120.15678713334182
765.7810354397868,534.6890369635337,119.18307821779263,121.91577114422057
746.3401028368248,524.9052927801528,130.72557976908638,118.30337255387292
761.2407223474804,532.0713484705378,126.5005610777622,120.67197254056885
763.6775442844278,535.8517062689418,119.05806701352003,127.54366549934343
758.7506100033381,529.6203689365557,125.91028366257149,120.38432131657873
762.5748856155195,533.7479857988933,119.04072750119792,122.49278294418991
741.6883550169146,524.5297162596999,133.12370582776907,117.38995919215995
758.5192502816017,531.5569767912584,125.89719605946755,119.45988227856606
740.2020864613085,520.9224495823628,133.0256647916135,120.87214499275615
740.780886563344,528.5488301440823,134.0756601727876,116.49232989776692
758.0702529638388,534.5779083068546,127.11642696230706,119.38859901806154
742.416178833118,522.7058619917386,130.44305902638462,120.91259333663515
756.1468141841997,531.1765769244696,128.40515580158194,121.00152917609057
761.7033307224123,536.3697695785137,117.65051880553585,124.65131705959197
756.1159629918805,529.0637210082468,124.64661002003186,119.06588056389683
757.6781996094326,533.3090780286457,120.34486913109117,119.79699579110957
737.1959657295374,522.5887240821211,132.54499940555252,119.20192996043852
755.6479428307948,530.652965042744,122.8913412005113,118.88122045129671
757.8411698562023,534.5158442301104,119.1523388313426,119.21696849810314
738.2676233732197,523.4476670300219,131.26105641222352,118.57169759703538
756.1034244075643,531.2268465164007,122.1009401412067,118.34359632633823
758.6860532389844,535.55273990869,117.85868379915905,121.42809335822767
755.0990805568379,528.1863734484623,121.35556005457227,117.22324700866238
757.0101315780482,531.9816850353977,118.08001411165878,120.54530458031923
739.6864202125231,522.594627571546,127.53513365151605,117.34612160458255
753.9535047572608,530.9446206184523,123.41869447111276,116.16258241965829
757.1911665055758,534.247965285665,116.88891124902204,119.71049490648909
753.9831117073415,527.0438588427883,119.68895364744537,115.59927358866207
753.395179319991,531.2972235920672,120.20721969488977,117.58915929197349
753.7415197083735,535.5605274827353,120.14600544074483,123.93992763863139
751.252842636311,529.8062969330438,122.98786763421117,116.45420427829845
753.2598633095611,533.1329800401838,118.06510664956966,119.21350071899269
750.8605688603486,526.0121605209181,119.4157973574761,115.80526423439062
750.7526256786657,529.5156973174999,120.32613505195525,120.62576247694233
751.9677042446355,534.538089961577,119.01857387030145,124.12386086138463
749.3358320405046,528.1802582628097,122.75689069188616,119.06148192970977
752.7282702874679,533.5361767690845,118.6996947200023,125.06252014347524
748.6428585977264,528.0014850555367,123.67836229295881,117.8507607678007
767.4930871363928,549.5975689767337,114.80467632219927,117.84537928784005
749.3764802063843,524.5858053430841,118.95674778801549,114.37509267074915
749.4684185020849,528.3553575189339,118.22170986823062,117.41028546927805
766.9368901140093,550.4388482703839,112.61537586875954,116.1812572866279
749.2016503763748,525.2399748331812,118.28736105423059,113.46161348173712
749.4088511854105,528.3634298607996,117.6968707012569,118.09069668112613
747.8914022763448,533.2667994238618,122.59151788474207,120.8077642968766
746.9781890062636,526.5249628035472,121.91460029345978,116.07575904033547
749.129379347185,531.0726679639499,117.55250677999175,122.44295867981396
749.9744589405332,536.3308591928253,118.95957426987434,122.73724370340392
751.171266584595,527.7950153536511,116.79913227760835,121.26097484324555
751.6678932824839,532.4978245105303,117.96558739981924,125.22253652620566
748.6618756179812,525.6514855825321,120.62040279005669,120.2587596199877
749.5457896789085,531.4676402183982,120.21010126712804,122.25803662413455
747.922084688834,524.4322402755898,121.07033998621307,118.96925884237237
749.2560980941047,530.8663791446841,121.12722951036687,122.54669657591762
747.6430290892204,523.8274985503356,121.4785196289281,119.30590433505745
761.9321588435637,535.6767637598243,116.27727070653191,122.7192437431961
746.4638291828581,525.520425527693,120.9282083241211,121.23766718002628
744.5969384416377,519.635413067554,122.18348154768262,115.34310253567082
745.091823656784,524.1080170623934,123.31101941708482,117.27195307259899
746.2234574435158,529.3948328349427,122.64760311702639,121.43930041069666
746.8402810362445,532.9656497668378,122.90025783330066,124.87385520187183
746.9015086571108,525.5210720240345,122.87652908745827,124.23206012057153
747.8447777880945,530.5877805702992,122.8234645549594,126.52875287902589
747.2730805384926,523.0864032351492,123.8320801789232,127.01702198099929
749.6646118452102,529.5452946308042,121.0789454176363,126.96077041954163
748.43106906366,522.2662082877507,122.3713801153267,125.74078369616268
750.1280732921141,529.7527872694325,121.06477738211197,123.83895263472982
747.4481114098344,521.7211798130928,123.94614983419319,125.68127164569955
749.9691018570237,529.4909222282308,120.72529180093738,123.13800224279976
737.3307022263303,517.4907077603882,119.87408330785058,126.41069857872549
748.8188018388201,529.2594537399289,124.79326300975231,123.35451798289569
737.9849632105759,517.5798467021759,118.82023008278543,123.85329090526
740.0306690099592,524.3947563918887,119.17998057967702,123.25385552445812
749.5596645557671,531.3189090383339,123.61643399736113,126.89441100687475
738.7314545145832,521.7774838769892,120.08931518237523,123.27739000477777
741.0688926260991,525.4198534243787,121.33898977813169,126.73241243967254
739.4063976672023,519.2187964861764,122.50261014561079,122.88302260468095
741.8365186837505,526.4826308923894,123.51688213083162,123.03364293914524
743.7538609608146,529.6153749055545,122.62640786457769,127.73656051613705
744.123532227531,523.2418382430205,123.07603806376108,123.8151923999826
744.563054921879,527.8813591723424,124.37362494318904,126.28356258259896
744.6347186789382,520.2367327403147,123.36999977181347,127.75681034330637
744.559501345719,528.8817820042213,126.93346618369162,122.91468156875453
741.9044966881438,520.1659201805237,128.36022335673226,127.13995069483485
743.3027670985598,528.5191021396786,127.11497995932746,123.98527522768927
760.582921920251,537.5697729533385,119.38890552430166,120.9449324868192
742.4977384955494,526.1022154639186,125.88166831964918,123.53341330721787
742.5823157711426,529.3103267450819,126.67064137848286,127.29392063612806
742.0377429252025,522.2247127654657,125.05723553217808,126.6809419037013
741.1628996939608,526.7235792936594,127.96451481171971,128.40096217477048
739.8928985871709,519.1361728021361,126.64414898021994,128.02175381049392
738.7035385920708,526.5478706446942,131.73503588747963,126.72597478811929
739.0391426655342,518.1239164852917,127.81373860819485,127.0209155658398
740.2661502489347,527.3216368723142,127.31069653912175,123.15473218192494
739.301732002403,517.703002366144,127.21015001080355,129.0536051970928
739.3553915370344,527.240027550034,129.28289119256965,124.22591247496803
738.6863091186274,517.8959891187967,127.44263173520596,128.25145156988287
739.107549210335,527.5065888108983,129.21379598564818,124.47097128757457
738.0071264905486,517.9830212158807,128.01981935564606,128.2702538039049
736.9638529901754,527.4017112972518,131.643389354213,123.47119075939747
736.1399533286226,517.4430694985504,129.39176195246387,128.36496303593276
736.3989896049668,526.9221818266387,128.94282344873147,124.53084230516015
734.7300814502719,517.1588115711693,128.64153218368165,129.68691802351736
735.7356778930514,526.4429299084431,128.85564787346198,126.06479518212745
734.0499630936247,517.2504323951232,128.62173674137784,128.58724308178898
735.5792734289266,526.8370035737572,128.53682259797733,125.86238627934677
733.2426439731462,518.3127456447983,129.0980139255471,125.98922624452325
734.5341363062314,527.4292700808016,130.53315294938307,123.37889002599104
733.5338274242986,518.1149064667006,129.43075596236815,127.33976402663029
736.2238088811825,528.4959110438986,127.6814791867937,122.01611204891333
735.2127993565538,518.4545507812502,126.74761372697424,128.8788327538532
736.6522108396807,529.4537912029209,126.83613988684442,121.03323666128199
735.3559113339107,518.9967537573558,126.30501042750097,128.51448345685128
733.7641306833466,528.648985916353,130.29722504845495,124.02306720209936
731.6463157993112,518.7666860204399,130.00458015522076,130.29292833883483
732.7532878768976,528.2595570179346,130.07852127896842,126.83907804439059
731.1810978332796,519.2167180860313,129.96806205555163,130.49198698616703
734.4153311873492,528.7547748950915,127.72367954373408,126.77822881172233
732.5891253623747,519.641697947326,127.40934731581899,129.16609186027438
734.5831282893853,528.8055230320747,127.60178700046788,125.8964871509562
731.8282463724781,519.8402655132447,129.48887485724435,127.37246911584839
734.356934238574,529.303628546199,127.34260496692718,121.15534837748646
730.2057078969394,518.5853685280676,130.5146285556218,127.02454910028052
731.7838590088149,528.753016921065,130.521937803298,120.80070000186879
730.2319577268154,518.1549331137876,129.59658553301847,126.46031443876018
731.3053714894008,529.1041902341749,129.54952795961924,119.87636568297808
729.608091530099,518.1133913330546,127.06454407891033,126.15446080969264
730.2622430202343,529.1072789107579,129.1931929296693,118.24638546136975
728.1967330571715,517.6865362729586,127.09430604861382,125.53816402555822
729.0044762851596,527.9394640434025,129.39999379581764,119.42411246412166
726.9102891246689,517.2899296900074,128.23674306672024,126.05517536973286
729.3603235511317,527.7856855392456,127.02283560488218,118.70482873916626
732.675075742489,528.27216985005,123.58114647140326,128.24328934175992
729.4136606420672,523.1302520373356,129.0053933918481,123.53409326681765
731.0217369930847,527.2157027550917,128.50780818270675,126.34387144325683
728.8713747847169,519.9171020118683,129.73622655900704,124.53498679785662
731.227904715027,527.9165363162454,128.71856290134406,122.80393146073743
748.0740570429666,534.3881949662155,122.4298765140702,127.04494251652068
731.6759788858895,524.23340434426,127.51843785872268,125.1305031680381
746.6527232100603,531.7801711175803,124.60236307435332,127.93837545827137
731.3563041424287,524.032173851315,128.92800736187098,121.29913941370489
734.6003079910431,525.7515813696655,124.89263310152592,129.1349227738067
735.4009783313606,519.9869018580672,123.69150496914358,125.24447539831556
737.8604136840825,524.9006940308377,122.63774292032235,127.46479061021
735.6381881838411,517.2665709990856,124.93278074625039,126.24917148395252
738.2641844263488,525.5819707907867,123.23987820946172,124.65270146403691
736.350821783206,516.7595035103542,124.33698558652156,125.45388807472023
738.3020140752242,525.685598121627,124.52220893449794,122.65466773732419
743.6910998261642,528.2169041859945,119.44195012154069,127.08678516339546
741.4164787390188,524.4678484656852,123.97559046844538,123.05661121178048
744.9590786455053,527.4404780676596,120.3571740895461,127.45057701051337
743.8923366394654,523.6036534023829,123.95995724727356,121.22585723206885
745.8798781848445,525.5987104645501,122.32732705307262,126.96940546123824
742.9377435855083,519.8078245163522,125.53102272737453,124.16512003012394
744.337810493673,524.6575025790773,124.88129470453327,125.83275866280474
740.0985468539066,517.8832029499681,131.09163296407178,123.84831359386362
743.3769162635608,525.5003450909671,128.13198175910202,122.24821222649734
741.6378306931729,516.3969196236476,129.46024282601093,123.85068757799331
746.039348941693,524.6312432880354,125.65080023127928,119.82401049901955
750.8884279695649,526.2464352400456,119.48519159468196,127.02198684752568
749.928080922165,522.8346538423648,122.70297819881478,119.42451043873825
751.1196703208678,524.7715717592146,121.78350393526023,126.35826598913184
748.7013918784796,519.7703678242179,127.3220696523349,122.78841650779862
750.954834956405,523.4484073630795,123.8576328737388,127.40514636551188
748.9179712873301,517.9904598313402,127.66214526770841,125.26755287270782
751.0021920278098,523.0591248055308,125.97586739432495,126.98523706611695
750.6847668721514,516.6911239429115,127.06585553659693,126.69515514770342
754.4637725605832,523.0884616532524,123.10747877046435,126.61517784544571
754.0579332337488,516.7666388129231,124.09298867001189,125.58554806273082
756.8197837330533,522.5677600632899,121.90957136873612,126.70822952110314
754.8249588858495,516.3380456637842,125.24464915682415,125.3746720378922
755.6379925169826,521.8384711411845,124.93909233592467,128.23152566557474
755.6034663553417,516.0947500620357,125.66288453284483,126.51325217044678
757.2830935046604,521.1959008104475,124.40086967557954,128.38498436968712
758.7180285666632,515.4121670994596,122.84066703660619,126.5404073780685
759.3860255055475,521.6744177444389,123.65391693317235,126.52066008628526
758.3262272384725,515.8781735012008,124.46330465978986,125.08116281225921
758.0236453791317,521.3448983778239,126.14687456965794,125.96320830758032
758.2813659894291,514.1777943690686,125.3526096880164,123.80065178243433
760.86037313124,521.35036297654,124.22688176501708,124.66245937292479
760.8746622488574,513.8258806425135,123.85318733280212,124.97442972968611
763.6659525293184,521.4717460532402,120.80938204982647,124.16007173390972
763.3854136982925,514.2074001718711,121.33955004417908,124.12790490827842
765.387310237018,520.7662618758295,121.63113928751955,123.99850628101194
763.8092161635961,513.6020100955357,123.29689505425733,122.74172165075538
766.3062996223152,521.2602063474278,120.29084162597883,122.24765743798116
765.0438776542653,514.3660374464098,123.20103579114812,120.37780085260465
767.1231767020604,520.6179458165007,121.31581961840084,123.23030946051404
765.0885230319387,514.8673338626053,125.9859785363576,118.83287331936265
768.3749519069031,520.1464982326298,119.34538581047661,123.66997243662922
767.0764074432317,514.9460917560585,123.23361089674563,120.47964446086166
769.9481659811787,518.6967972128327,119.17761547929331,125.37905307934807
767.2265044061365,514.7854962125334,122.69769724973219,120.67238091576019
768.9900567813045,518.5967307413684,120.6950280025651,125.2235066444182
769.5039309431213,514.5461028129562,119.7448740431546,120.90395987207955
770.8936338177023,518.3946026034457,120.26798973416032,124.99570206430451
769.1078274190188,514.3073171481269,122.8539409617772,119.68957775467743
770.308884243163,517.5964878432621,122.73219309557135,124.74234370498505
768.6689354034916,512.9194851216657,124.57901143308254,119.79709840826786
771.8789595536698,518.2741058285086,122.65042011217815,123.07006278654842
770.3128678524226,513.2949434535476,124.87164730289896,120.79224026183147
772.2955894510319,516.8248257515628,123.82290892598644,124.83510878239633
770.6807574056147,512.095023431986,124.18336918512523,122.49775440520682
771.8279160635548,516.3988670625625,123.60927445570724,124.74272870306618
771.4753637537628,510.3299631586792,122.58327313810287,124.58762341988222
771.8358259788445,515.9818863867113,124.05053487001476,124.54628691716289
772.6869052531772,509.17663933090364,122.34360383684418,125.80723365333267
772.5275556469765,515.5146841658404,126.66550809706564,124.2670799147678
774.2538949821787,508.3989841594676,122.90984790410664,126.51861479382973
775.6218733904009,515.7751578727443,122.82485585724157,123.0394872815566
776.0225512076962,508.65567218313276,122.50493261985832,126.17551227194167
775.5786947459728,514.0480362841654,125.15699002059955,125.1218580244132
776.8844188381072,507.1148264390856,123.76554909064521,127.72857017071146
778.5727385197983,514.683262299921,124.40803883175363,123.94827913273264
779.9836311244985,507.2230089198698,121.87445072808794,128.8684516231741
779.569351061845,513.3901625312872,124.12420994899605,125.13807683946936
780.4996460755469,516.287441740591,125.02179410352187,124.14297455002975
780.7109552020518,509.3922723979047,125.7270680275758,128.12325822114116
783.0737475979552,514.0224947279976,124.80177731241065,123.98961829882569
784.8742076933328,506.3299361558468,122.85731821633885,129.71398970230348
786.4690176206003,512.9174063236783,121.56011406399864,124.49428665693858
785.4696886223878,505.24059637482975,124.72822180067624,129.90981658158847
786.3063868538932,512.7501856476555,125.29495165028811,123.84647259789165
803.3326284387267,518.9238654296022,119.68760417476642,122.3724324254755
787.4176336937827,507.4528826236842,127.116017534555,125.60241785335506
789.9220059133218,511.5266447087479,125.77083266231602,124.13629877135918
791.5117455090173,514.2257779226434,126.2840357249346,123.46264188995292
792.3433524790148,506.58262004775986,125.83550656193756,129.71886559163806
795.0665563099335,511.92496005838234,125.06097342214957,124.09585377565645
795.2010367481728,504.0417749816356,125.195894870654,130.15711338114954
798.1450682544134,511.2768233734419,121.31245393558186,124.43219393642295
796.3903179522001,503.3110557026241,127.25765586133889,129.35021171983476
798.055924217463,511.573405458085,126.60049502446759,122.84050471181428
797.9807051550893,502.4797979555664,128.1303606412066,129.89550737175233
799.394081534811,511.12017129486264,126.13343092313289,122.78054507578929
799.4107027855474,501.9554320781266,127.52071441165879,130.63916744479263
802.8975626411822,510.61696950291025,123.47609718406886,122.72610081878793
803.677687836434,502.40165314959677,122.9601920997186,129.08647042949406
805.7065049620317,509.40175467585175,123.65357190619193,123.26157938625158
805.5879100592551,511.60971943475465,125.60423514757736,123.52888892237729
806.806608919393,502.9701874583777,123.74796121194936,129.93479824895462
808.1415307747042,508.4554548899323,124.03188788239015,125.40598513974146
807.884301451396,500.7109418689307,126.51969017409499,130.33265838963734
810.0491550288486,508.5407673296929,125.77528701497931,123.4181460203663
810.2556728679822,499.59585545728754,125.96611984003766,130.86546804009373
811.25068450987,508.5860095295843,125.91646327932347,122.78008504236402
810.8464695969867,498.79793595065144,128.16871225470265,131.06857024796
813.1025666425936,508.05592235542963,124.52107866835638,122.67636491717576
811.720205061944,498.5295756255765,127.3814867500787,130.16236192810834
813.8193687608763,507.4854654907398,125.46331658216343,122.60790192360116
812.4322804919568,498.16806635129717,127.69055194240491,130.83683227725953
814.854610388846,506.7361505259743,124.71685143137915,123.12065246088486
814.3341305168444,497.4751023764079,125.25321934444321,130.35180165775625
816.8618936811268,506.13255483004417,123.47269143951132,122.48715850927243
815.9882107771793,497.1756973701804,125.31089060121485,129.82442690601965
817.1768360009471,505.65261994759476,126.9457655155386,122.2228404758198
816.751657224806,496.1078132747907,126.63515168736762,130.91931116898104
819.4799232487237,504.68966937410596,122.95875487000762,122.78595142567792
818.8079844723727,495.3107525780074,123.73418803983532,131.11214915345397
820.968103582969,503.9600283195573,123.95503763410966,122.68343284444518
820.7784093474475,494.5913247071817,124.93304387550143,130.70164944923852
823.3592150578008,503.4688631020115,123.85334108628103,122.1185573999469
820.8038732158993,493.9686122174208,127.59587953435016,130.37967620116893
825.2917496798036,502.9067309271327,122.07205869043446,121.88643392178494
822.0872775353594,493.2450996755823,128.1612786585431,130.20401778966573
825.5325711854193,502.20952401270335,124.5482959713512,121.70491024167336
822.6461023412576,492.54437358824885,128.75213071308167,130.33679517153337
826.1564804264744,501.4180540617384,124.18559345801987,122.41879713979176
825.9771639785549,491.97657637055175,122.43648669236154,130.87958612069627
827.4968816537034,501.0746835554793,122.97321029660327,121.55391907509738
827.6811048581042,491.7957044231246,122.64111470707712,128.84717250100965
830.5684781132786,500.40674249409267,121.93188974749273,120.43570864932735
828.4395986711074,491.2356145305644,124.80302731791426,127.12540785440791
844.0915875086782,502.37696646738857,118.22247019147085,119.0418209550561
826.1437765854809,489.51948495152755,127.90016262102688,128.3544367536096
830.3771120380125,497.82483032139896,125.43257348071984,121.7907877598476
834.4384748886521,500.429236878619,121.50049810348605,122.80939111774978
833.1589090560633,492.30752826919365,124.93467377240586,126.61116123196405
836.3753073117459,498.5785919181433,121.46968671254456,120.64008934329672
834.4216713952598,489.6418772531606,123.48881525897013,128.8046568279375
847.9115016232395,501.05469388224697,123.47894708484102,118.22224761996665
834.2739963072484,487.11390518145913,123.5116569567648,129.2202765895829
837.7035969475837,495.5742165025698,120.79893355213756,122.68843296213561
841.4580765652469,498.5323584407495,117.73003730789128,121.7772141890058
840.1012721657261,489.2587759210639,120.24583020259172,128.4316833818471
840.8916169118095,496.26329005459354,120.21282101486054,121.10884154054872
840.8572927190863,487.8374851824641,120.7406058545215,127.53866568378442
842.4976259095118,495.179837646989,121.72515528247834,121.3133417449194
842.1290867190382,487.31600989000833,122.95650795741597,126.31114944837748
843.7704155995127,494.45566387614474,122.85354410226796,120.2947427565125
842.492317825726,485.75749844647817,126.34954687785387,127.37557089083782
845.630574951023,493.270546782523,122.63111086415256,119.93211498711611
842.6500162527818,484.5173897946271,125.81995959413803,127.51805173916694
846.1435970224393,493.0069147966676,120.50437681509834,118.80900763844807
842.6263597435739,484.85499071131494,123.19930630334864,124.94913386110966
843.7589805545157,491.8593659639019,122.26444763539405,118.73467101535056
840.4475909590742,483.399463070191,124.46697921488021,125.8180691686598
841.4283599786098,491.1577163610649,122.39350177892914,118.67043396761812
837.5016382252513,482.106943100458,125.87906767745915,126.58223983869539
839.8590243477329,490.347718630464,120.86705954114962,118.2434848578805
836.6620502633759,480.6858861293879,122.30481878245632,127.148255489946
839.15251818449,489.11719463337965,119.30951093957265,118.21926291709894
837.835622148129,479.91191135326994,121.54003927920348,125.52825684292645
839.0969918007776,487.9686516715288,121.02085261481943,118.01427422360354
839.8232163900766,489.97609095517794,120.82543269979953,124.67125829674092
838.821931994915,482.4226634230089,123.60127406718584,124.90534588723472
840.7182287104258,487.30275331757605,119.82840724425773,124.15404309735243
839.5611108140356,480.4017701896837,122.53675006687808,124.29262455018045
840.6994020020509,486.2147506747046,122.28200298572733,121.50059299963829
838.9240041580483,478.12229580897747,126.18925856760916,125.10776272607109
841.5023316903835,485.67818727600934,123.6417711849,119.96794558345027
841.7639227995312,477.05828798603545,121.79519494018757,125.7902082589477
842.7545675724615,485.0144087520871,120.32428876915219,118.34041238303962
842.004072762488,475.76817390703945,121.69388680602503,125.86198369946214
843.1720013700273,483.89241629682584,122.22463313182641,118.55613011124166
842.7082844986253,474.48850191482325,124.37009605218918,126.69396514372693
846.064811184238,483.22477242220145,122.59723851836577,119.65708818514634
845.8832967587871,474.4019723262861,123.41681667466537,124.20247826259038
849.9629832751259,482.1918443590569,120.12137518731299,118.19244284386724
847.3116676367938,473.7573862749234,123.40767603441691,124.3089669362746
860.3726262255159,485.25627806422017,122.12852394341917,120.44536437131683
846.2480146276189,473.1344918258281,124.69631892951702,121.94780401942575
861.995863274773,483.5827956885722,118.62207393150743,117.26976590110337
846.2617269297152,470.297059139274,121.96911947123658,123.7134756718599
847.3041462477134,477.3287505746941,122.22133624852961,119.86276816395622
848.9399603853924,480.4269560007642,121.37563180085897,124.76369235067432
848.1860816593289,473.67340092778886,123.19702084588346,121.00488820767623
849.0979392179934,478.3258707070329,125.8824786536386,122.92934444107141
848.0475103267818,469.8535786577796,122.947787050638,123.31769452850301
849.7962918050636,477.0057847209628,123.60925772857377,121.94686472117525
850.3945266193181,468.04502472069436,119.15403397545867,124.17492793042305
848.6341995248191,475.43225002434565,126.47225201133881,123.74040946592766
849.6735776948109,467.1124503422493,121.84675433219707,123.63713626305776
848.8864580124927,474.8935539198417,125.77539027409796,121.99407754510958
848.7162407086641,466.215714583667,123.79837624993172,122.8747372821199
849.3521846971544,473.9731430810634,124.37132559810834,120.60014932113063
850.1682017297376,464.96354460313955,120.76906915533982,122.99413867715134
850.8355378870829,473.03107927554845,122.55928582363924,120.72681470980058
852.5940748251028,464.3828227277734,116.30557449815205,122.57480650083653
852.5973861564335,472.525603073575,119.11818068622983,121.1622419285527
851.7030709285896,464.71750782434856,116.3507682230611,120.89433833517467
852.1123277927064,472.09320487940727,118.76972159063723,120.63641347093039
851.560417039825,464.50957943790354,116.06408104919637,119.63635652791413
851.2814936021664,471.50757856064297,119.40385231618393,119.58404566169293
849.5682090213268,463.83412065258403,118.8451029324242,119.32462099188683
863.0634086683083,474.33473898937336,115.08277173565034,118.26533888344238
847.7300166302696,463.8879533877869,119.38522958928115,119.6375842168008
849.1741029890978,469.63127005361093,121.08872527227061,119.62684568859186
848.4910604230608,462.09834636317515,119.212686117977,118.16080980484566
850.6475231929612,468.8499939374764,119.02877565657661,117.27617403843618
849.2105240689231,460.63215203562436,116.74960477498792,118.7511234036499
851.2598361170094,467.9031742059085,116.51633292272163,117.81393149204655
849.5409511637445,460.56547626345406,114.88454011615431,118.06269024455884
848.5275584972533,467.24276477515684,117.91542842615422,118.99811608312586
845.2656414365465,460.51804567026795,118.11237717764561,117.27196728856052
845.844157564786,466.7783821693684,118.0177735502973,118.53867591192915
843.4239914263999,459.67597288905546,117.3574995310164,116.91859222102227
844.570205560073,465.9824592508851,117.36830489140016,117.14928362176488
842.6464843308779,458.53614514327234,114.59780522380925,116.63944148580714
843.046302288235,464.6094325053109,115.73094830029333,117.58850659628933
842.686505976395,457.4135657071015,110.79962900356622,115.99287791598067
841.3949062252843,463.58692006472234,115.51443544610242,117.20695906002584
840.7846702137023,456.5044900049786,112.19658675279163,115.61350124223986
841.2671573349993,462.9103508901346,112.44574465874052,115.7787586538202
838.8249091303337,455.588468171341,112.00597460049858,115.71597984096388
841.2617441471475,462.2925911901825,108.37872537471026,114.41747057547127
838.29197776922,455.0094894558807,109.36492776212731,114.34116427321362
838.9108692589116,460.5384351872492,109.2948066519989,115.08919003928042
835.7511731693935,453.81325802075077,109.48953046266729,114.82841635008339
835.7241397786673,459.73184467557076,110.19188062435796,114.72716080117743
832.5624214241116,453.1334276036819,110.74709317842667,113.80843978259901
833.187993896054,459.15369873504073,109.4895731090453,114.14674260097013
833.2083197431257,452.5625157799089,105.87292581906127,113.75314928336314
832.8160337971358,457.37192026916273,108.42181862428697,115.72474549336675
830.6719223875647,451.9491675678146,108.05389846511036,113.67014497824982
831.9492619756629,456.50407812585183,106.38220875927027,114.9995447523562
829.11115340755,450.82100628823866,108.28703501593543,114.6824392683584
830.2247239233927,456.53887294166,105.8344175357064,113.03044837967082
826.9999775074012,450.13765424996524,108.07251835771592,114.72010565361637
828.5948346393893,456.1744339158802,105.90780156652909,112.16799959578543
824.6141613058567,449.7921402579549,108.85456892734146,114.02679970449583
825.2281627935524,455.875562921432,107.9787919365383,111.11377260816653
820.4759649990449,449.235239539071,111.39557263800066,113.30076558220696
823.0270864953156,454.85210566632213,107.62548892607595,110.95176944836749
820.1723034886734,448.17072110043426,108.663080007894,113.29261811392263
821.4588768887338,453.8384238111967,107.26767689679491,111.3913926277059
818.3162985416127,447.30920972158935,108.67547048812162,113.46834867257292
820.8205858194943,453.37915474276275,105.81623104740993,108.55105344959583
817.5025011782536,445.8633085533356,107.56999496381923,113.28224708171376
820.2881419133591,452.23228179802004,104.20352999170063,108.52885233545317
816.7749365568279,445.0259659605061,105.79713461414121,113.02233027637322
818.3794880390874,451.71015358760746,105.03818903571505,107.8881080520398
813.8595695950298,444.67679991663965,109.34025847712655,111.40019590206202
816.291725114834,450.6438698965932,105.4833784680992,107.79829343790743
813.8189140365253,443.5947202289335,105.49829401189481,111.15819064027164
813.9468724674896,449.86528333421825,105.44308549939137,107.10871913638789
810.340658356974,442.8386421805328,106.92896427933147,110.55172037741477
812.4019677962469,448.7810596863942,104.04784104731539,105.99030774453558
809.2041847469359,441.5190524904787,105.84180678882603,109.97774717049498
811.5067572965628,447.7942441322878,101.35914799412421,105.53982242584908
808.3080814083514,440.5805144209778,102.92965640501279,109.73237241149445
809.8961034770978,446.82035425030904,100.69907270528552,105.1151025197056
798.4602238696334,436.4041924037934,101.09324384678246,111.65303468790995
801.5047119230203,444.56602553827196,98.0002591141947,107.83299926104229
801.0475476832852,438.4885223851919,98.74180251341625,109.71947674692626
801.0897075989654,443.40601043854485,99.91658766131445,108.3307451726007
800.3525674156217,438.17505723024954,99.62797706978995,108.59935689374208
799.8909419707998,443.3868316818359,101.05259182774535,106.41664145628948
798.5487624115913,437.44475167521364,100.62024141001348,108.005851564149
799.6057480421196,442.90684470674495,98.3005620686913,106.56195366573996
797.7537749863667,437.3320242325007,98.76210615531238,107.57982753794369
805.1327854977062,451.42515050543443,104.30716977818156,95.76155265082048
796.4181017174362,438.10935470203805,97.92916274843265,105.39738007017075
797.0112548207969,443.8203345427055,98.40018365907167,100.74009842439864
794.6988069460986,436.7287811182102,99.47733516040716,105.3519409703128
803.4768982585244,449.9004925707112,101.71279647845063,94.340288567666
793.4868305683831,436.62016262798056,96.12687490438657,104.54874937150248
801.6014977613024,449.66834779584315,100.506891344893,93.29611572319254
792.522098411928,435.6544802813985,95.15057720089999,104.61922387569018
799.0284570180411,449.0743497720938,100.80170135038497,93.10221915827401
789.8421846473373,434.448688072314,95.77100602737107,104.72986789640106
798.3382812318252,448.1248023943634,97.27798060130704,93.02188219280322
788.405165268004,433.5110355034101,94.24877527409978,102.66702310776532
797.6961868935764,446.77423023376105,94.14550989239206,91.38549950375818
786.8210117682838,432.86378703316507,93.44508904996235,101.17104176399903
795.5320992995378,445.8937948676338,94.48828598440787,90.17749915339607
785.274896714015,431.8503796908683,91.96146473111321,101.2663234823367
793.0930906256608,445.2114170231471,96.32778954803234,89.37583393208115
784.3866786682806,431.2863866442915,91.77654099562415,101.12444338326122
792.1138055615627,444.1756993965155,96.2673619060663,89.73042078701201
783.8517382549326,430.463274995569,90.85220021695477,98.99205966094996
791.6555236200829,442.9885966617146,94.74202329187938,89.72418930246022
772.3314481137331,426.3761331656126,89.62580505400172,101.5811486059772
781.6339784190368,437.85713930568045,96.35668565003812,95.81728290153171
781.2110594308688,431.33785159739534,94.56102309243943,96.98411077918456
782.1641696558922,439.0635304433139,95.53051594962392,90.91554169069184
781.7329938099274,431.03084910883183,93.40326044792391,96.53070158202854
781.6103416605209,437.8781447924305,96.06668921894664,91.46031473884818
776.1653060641302,426.7003334355296,86.78789117713995,98.25838713708481
783.3441136376896,438.3853227145961,94.6756119292429,89.13325083848406
775.8716472244352,426.13109941628966,88.01807774438078,98.82675990746645
782.5870711142879,438.27748154877906,94.83280330675223,88.800218168127
781.818876468802,433.64835560539336,94.07270355113724,91.45337399141476
773.4765975409964,424.027074427816,88.74055486880707,96.67675936064057
781.0299253205019,435.70912033615036,93.78588332137701,88.35153433984465
761.5799514177015,419.8919330783606,89.8643715913447,100.66051851825023
773.3226833914168,432.7131745590709,91.7122517338521,91.907841604542
762.9513029660902,421.0134528956073,91.04913724198741,99.58151979994773
774.5483951587935,433.7004371908465,90.80136001279288,88.99770956310988
764.3865047320542,420.76414532070976,89.40897603918347,98.7043277478806
774.068838939528,433.2717292553534,90.75654000857821,88.9295273489497
772.6851230087876,428.65523206341265,91.55252152159221,89.81828340917639
765.6121322388117,418.92343698982427,84.08943837854372,96.4005133764374
771.8522967188928,431.75003946273307,92.59988847587306,86.29599935232397
765.2176090340994,421.01759530047843,85.63702669019801,94.8300223932182
771.9085417226697,432.15813951698055,90.26669644355206,86.66660404750246
770.0968362197423,428.04360100722465,91.72670050724332,87.20731513211172
761.4000894401845,418.3888086962643,86.72370993995537,93.84223766004402
769.1702384637088,429.99157077323684,91.03824286208192,85.99657052790599
752.1408577219479,415.1781545911165,84.83692863856572,95.59844105532113
769.2936486924771,429.9784605474347,92.28030963705316,85.94113941978048
759.9443196926777,422.22873229505876,89.02398447801511,89.8866194621005
761.3787300201105,429.72415795904,86.86821924914523,84.96541826959219
749.6954551153312,417.2971176470417,89.96054309267356,93.4519956072998
760.894134080323,429.0499361594975,88.81824268658647,83.78536511886239
749.8810340387782,418.1735170941456,90.15318601423155,92.04279631836323
759.9172893014079,428.50885058658935,89.48753011578071,84.31877647974125
748.8244607946375,418.3013563769804,89.76298514324117,91.10830660736542
752.9702724252402,426.1467107721353,84.01809741763532,84.4924343030898
751.335443647069,419.59095555463296,86.37273299939716,89.00536618273713
742.0665498076683,411.56851667100597,85.8169973405802,93.62141205321933
741.2604996464456,418.5481698666964,90.98292497631292,90.44959036667677
754.5040102220163,426.6958138404452,85.43209633339677,85.68450037474986
752.2672036726926,422.3435713278001,89.10137611887194,83.57278520975683
742.9074894435943,413.9573570312171,86.16203988293785,90.55728735595409
752.4190046087559,423.78869647330765,85.96098157630331,83.71081461850582
751.607542241451,418.95486875407664,86.432406895354,85.28807537253238
753.6141528907486,414.5532507052567,83.546759088268,88.68776380201643
744.1223173773942,420.8783863871075,83.5554930840708,82.44825746174354
732.977748190832,411.9242172666975,86.88206907659855,90.18773198987606
746.8481686847288,422.86348772715746,81.61555637524066,81.77569146188216
733.6129327075496,414.504743598382,87.16080181674602,87.82222042614654
746.7351713462385,423.42206898593383,80.00889796337788,80.99660527340359
733.0238423149567,414.27247478101947,86.20673611899838,88.00691119614982
746.1074162834448,422.67099280340915,78.95664163109541,81.61365203111029
744.402345046849,416.94959805343615,80.29313644639183,83.10265413007994
743.9200374501579,421.08845178930653,78.99635195874907,81.08836626935465
743.2362530718342,415.3884446009744,79.72310473118284,84.47831516330632
742.6169497487401,420.7792414015149,79.69073670477985,80.0784589374191
742.9147351341421,414.8394880854513,79.9434032255067,83.96559284690443
742.3957256096824,420.28860780389516,79.80122917768244,80.45030377352458
742.7358029749237,413.7930198369245,79.92135247248132,83.72657243373442
734.6679315208087,418.90589265326304,76.7560654831027,78.36811997230558
735.3780743678847,412.85152631110344,77.21558237840327,84.63616389625116
736.4519305792637,419.8430496963703,75.40356443962082,77.74929324236183
737.5297162838161,413.2627843850821,74.87850722397252,84.55931363325408
737.343443106221,420.4145737888052,73.77504569150233,76.7121697805901
737.6333612986485,413.70744517175615,74.40947526867717,83.48786607610816
737.6751637576801,419.97401851618946,73.20643865499505,76.42044629649064
737.3522524134808,413.98615101627706,73.35307841247743,82.69201864020124
737.2147917995399,419.4346245387155,72.55755397551115,76.4090737087954
735.4356312987117,413.22404912217934,74.33133133968579,82.74219487767442
735.4063239961107,419.5458009470058,73.12333728186047,76.58376395586492
732.7572788500813,412.7508198503333,76.5397118891915,81.91509728306346
714.6748535543165,415.17156547555487,78.25798791788066,80.38092585246557
728.2034451236784,412.1263882152508,74.39026543973705,82.35736052315508
727.5764404424622,417.20243342309107,75.31840752377161,78.35623952336078
727.3981603118423,411.44149385144544,75.86485176151018,83.63121322807581
719.9685887312477,417.1311423114803,72.9072423693674,77.8631300977795
719.4971207651078,411.11014795009874,75.37226024522204,83.45228638968263
708.3976836958677,414.95216284730765,78.65731977200028,81.26890226939503
721.0651004906669,411.1800387037496,74.61558508545693,84.26224334030564
720.9254433704162,408.2463220786897,75.93644560125142,83.75297290283311
710.2086750081465,412.6583404756613,77.80985151464051,81.92806301864164
701.8688214803269,415.6307516826539,77.79029471847707,80.54039907216816
701.4017601745454,410.1511014306897,79.84226310640565,85.1802345299646
714.6761010379705,416.8585379994122,73.22771236302378,80.06313732727506
702.872997068119,409.4448423787416,77.18944256411362,83.80488183471795
713.0998131534147,415.0584019160673,74.30079201586432,81.77790614021524
700.9210072721125,408.25966360544635,78.1670915029024,82.96205103812508
711.4007950860341,413.9612790897638,75.19619606553897,81.88696498600325
700.1916988078667,407.0807621096756,77.54459820544253,82.93293247610262
691.0294060105048,411.5133837731594,77.89053263324593,80.53163621834722
701.9175479792416,407.1338471936566,76.6272914387705,85.25551147533986
690.5364625174175,411.04281864907557,78.75540500806267,80.55740001042943
703.2105692302582,406.46787228125027,74.55981568018115,84.563993456964
691.4195506287845,410.24577476011694,76.76316938501782,80.97593481889561
691.2071355153514,405.1102747568876,76.52148718469266,84.64800109825256
690.4094786535663,410.2278614147315,76.47479888514567,81.46168147941472
689.813161951178,405.24853874858604,76.45442249665894,84.04385412609258
691.0364485859502,411.2445560888112,74.12502936509986,79.44689609061578
690.2883202914289,405.19555866698704,74.59224405538669,82.96952712911605
691.1791279965679,411.55528892234844,72.36315497683984,78.14184723236866
690.5017231007914,405.4483307819024,73.10052948314046,82.04666804322699
691.4335084053758,410.8547505179882,70.33471208088179,77.81204269452661
680.175699915344,403.68831519601383,75.31330010899023,82.2104199277959
680.0495146914595,408.45330511071916,76.46427865244686,80.22270518401058
680.2794492643794,403.849052908303,76.13938570608923,82.69163944239227
683.016780429221,410.0976437549418,72.06156281051506,77.20072862569123
681.262705952789,404.2936270014874,74.21132129664863,81.72984940261324
683.2372616993875,410.18356148692976,71.16418226159726,76.53141852119535
672.9606352178366,402.5117934115335,74.17910620354189,82.22613733185312
672.6887762484663,406.7018232344426,74.83257190690574,80.56956907121946
672.2325982096964,402.6824037289755,75.66784045523912,82.1100337456113
680.4583965008392,409.91910080262903,73.94451221278405,79.62625351823851
669.95020896511,403.9246353799614,74.07385291400215,80.92792143163535
671.0733660072203,408.3522648924984,71.7302309727836,79.9106341995888
663.1448613278662,402.027455949068,73.52409488339617,83.01171608228697
664.4809030343276,406.55516871945497,72.69003562194393,81.29255481008425
664.1209593369082,403.29924403087784,73.53288007985896,82.03459043280304
664.4386980644736,407.2767877054853,72.45307558610375,80.23361599110524
663.5160612078384,403.4045568062428,72.03919234989303,81.85229375291885
665.1613609116994,408.6367140252597,68.6203540621866,79.64519541622565
655.9817912647231,402.02032020371007,71.3300329904423,83.03280084402479
657.9816870494765,406.2017567422756,69.96522252840805,81.07392823692805
657.3783767489526,402.5911068343623,69.69403069061082,81.97340462919925
657.0625491397394,405.98218455115443,69.14369713879876,80.98863489477145
656.271282864449,402.4279861535872,68.9012416568421,81.53963636058779
654.9949276356153,406.12442542996087,69.93301593354249,79.80376170452598
654.6306053289809,402.10255639700864,69.15570176634628,81.30838923591881
654.8636953404391,407.1902822961707,68.66666562003729,78.35806621315498
656.4276313177479,410.6591031397693,66.537272431789,78.07610240168287
648.0950941397564,402.5818312109766,69.3287413312504,81.94210471566726
648.9135656025246,406.9549694903253,70.2737623720027,79.23042818296267
648.5844422776274,403.0433811123439,70.93456875233335,80.25528723078878
649.97277573396,408.049427497201,68.70153512496302,77.62458451867974
649.1247649889287,402.9773447284938,69.07102606002445,80.6566644407593
650.1945207560193,408.5297335827867,67.36525299275854,76.62274690860613
649.2748406923479,403.2166098654125,67.36670390047311,79.92213383123391
649.78458887327,408.4190176568393,66.87044290537096,76.59395658063625
648.5150891329976,404.35685034310166,67.63175397097154,78.33565844314853
649.897657664985,408.6888100169998,65.66084922960704,75.82928652514806
647.5425599240912,404.78807920386873,67.96015783191979,77.32878630987477
649.221177785571,409.2838575058911,65.04980723256767,75.45338827755563
639.8407897009508,402.3831774947721,68.11056101248607,78.87083942987556
641.4535456628873,406.02007188664106,66.23504969480064,77.88075258505023
650.0774733042963,413.645490713536,66.23203286888383,72.50558646954323
641.1556932959858,404.50323008209307,66.4239667801263,77.56675395811135
642.6367585879511,407.6006740730601,63.056179158475516,76.65673074016911
640.0855218630991,403.62481499167075,66.3218167600553,77.73284019356981
641.3893447437185,407.0507995818439,63.41408685328315,76.38649904848336
642.1355093534307,410.1016779790018,62.970385769943505,74.50670039086242
641.8282208959668,405.33284834216806,63.1998402812394,76.66828124907727
642.8973525701058,410.22512507511317,61.992268839198005,74.4439783192505
634.5402952745476,403.1707326681118,64.16620644165073,77.46851312116121
635.5043637558597,406.4519247083832,63.53424163570776,78.12712885517965
642.3327846824229,425.47075667168025,67.73465614245424,66.59808721150176
635.8213417437053,405.1081916600506,62.406507888350234,77.94665820986756
636.9791018116907,409.02140230529403,60.51045081975872,75.62698658447039
636.3070139608049,414.19862965737843,61.9109897078265,70.53323490153787
635.9821724115245,407.6921650387957,61.7702090831026,75.60829786665431
635.809111514857,413.03302713448943,62.44821128347303,71.16908388820502
636.1980583584682,418.7887328991995,63.23238432132598,68.35820020566615
636.5236246714978,423.290304679506,65.0846672375377,66.41994293478035
636.2838606587736,419.41406636849945,64.39875008947229,66.56047639952237
635.8528132932424,423.755116697158,65.11019465820505,65.0036558236934
629.8785063368955,405.0224170043796,62.21935183654705,74.28450423460242
631.6284526403347,408.8253966896191,60.17444589424804,73.60440499668766
632.1099435595454,414.8368542596186,60.54049076766978,69.90103797479964
631.9822258967313,420.4782972995959,61.158399558795054,65.55767957802192
632.5202024420161,414.9544731643109,59.81421965050856,68.13696538799525
631.4648276974492,421.47679538259104,61.122860622091366,62.76576643173439
630.2351094244959,424.73938002253465,63.18073393751706,62.842551827118655
631.1797038923353,421.5175887989144,59.97827645347252,61.27959162956904
624.2377173996874,422.4911063164751,58.8094929597587,63.88157887842647
625.3382266384112,418.95863683389814,57.60212682881297,64.30564212892193
624.8345677801582,423.5164881825042,59.05004428348377,62.99117271410614
625.1636504725407,421.0763543595252,57.59792131919289,60.561723471000334
624.1039582737769,424.5792162902753,59.04403450323025,60.92680172287987
624.9804674664637,429.1525558679274,58.21129863437875,57.62820875504133
619.8042689606373,422.3872780965838,55.121512857112975,61.44207401465076
620.5309269087838,427.36156204259476,54.53931012509747,58.28082490012059
620.1640481254257,423.0175703621364,54.43449412927555,59.694651120624314
619.8730436291446,428.0841540056791,54.682432519688746,56.86204192606397
618.850019197464,423.73070582428244,54.58002273397119,58.92483017617167
618.951586812075,429.5285653873616,53.93888929946456,54.4971873038412
618.0505836055014,424.7255581795694,53.69098453197023,58.349414455018234
617.5695320068218,431.2527587754736,54.28543132816401,53.22837163050002
613.2230375697163,424.4389160787623,51.09863675398856,57.883533114654824
612.9630717097111,429.1134895366843,52.4520560883775,54.48293046371185
612.2494833180715,432.0295530136914,53.70197822372472,53.804090089252895
612.4046549653174,428.4609192948444,53.021557277739475,54.323151166680645
613.2734874414584,432.06583904453043,51.61904323730221,52.87291884213039
608.076881689105,426.1833046180253,50.013726744282394,55.767913697455356
607.3984994215267,429.6674602978877,51.42409750497393,55.454045416474514
606.9038733284763,435.28596209516974,51.84225047811151,50.945442782084854
607.2897370544622,430.8732628762142,50.51619089637461,53.70662000594041
607.1007199050136,427.48404981106535,50.26317967684122,54.66736683303316
607.5804250070539,432.88509378547633,48.95607828339848,50.42514836906747
607.746234782026,430.36942016753835,48.05933510778732,51.38837815559975
608.6684860142607,433.7526369414303,46.37780466039294,49.68239666669933
608.5657329690091,431.3978333786057,46.292303953579676,50.74960541195168
608.5018975435661,436.907112723811,46.435198973358524,45.98660788328448
602.0605451858082,437.00026621228017,47.114233694467885,48.46309454497032
602.2327381546227,434.0708964357109,47.096793576025675,48.9109336058325
585.5527462605637,441.1014448844858,45.70243759888831,48.00524187963617
586.0856454972261,444.8555804032143,45.81101065227938,46.24416686910524
587.1165479479187,447.22567377727046,44.386759986775814,45.722727747560384
597.5847703475144,439.4576981932096,47.90847646779275,46.967152908107096
598.6314097164598,436.7092147330545,46.23953404808026,46.895834893234905
582.5238663307094,443.09472746715574,45.22574531377188,45.401316966936974
583.5167953518169,445.93752785498646,44.18614511672786,44.40868720925266
595.8935683593163,437.89414655687,42.88752116196747,47.89100324541647
596.2566472301825,435.8057487621436,42.545975183471796,47.64211417369859
