393.0,328.0,155.0,319.0
393.2385451924056,345.51889314793516,156.25564323272556,319.5252384649357
393.90263222764924,347.9935766808677,157.09893608339877,318.46642971317306
394.3319303752505,341.295627350607,150.63234501008446,320.42160733959827
392.4591472588975,343.84436108942475,156.78028214762935,318.74843623130585
393.4625433035275,345.99418747762456,156.51448600195027,316.8472979306539
392.8360773617346,338.54410456517144,148.93661780487037,318.61684472267575
390.36854938402104,338.9086707221579,156.57560296041737,318.86637675976885
391.50802784130576,341.09898393380354,156.456871019064,316.6142090684125
393.0115446698021,334.2017993595689,147.3970621113333,317.8203056849827
390.5738617175329,335.8214027861219,154.96553525371286,315.4376923894631
391.2639742535001,337.14358673616914,155.17136284730861,314.962678307238
392.04018647700696,338.5337452624027,153.68941960711288,315.791863748301
391.3901078799556,331.8148563171653,147.705634828327,316.2212479233011
389.8451274456305,332.9371401169931,153.85845708061095,313.7434369617454
390.5840320493381,333.44875875062917,153.05046155910605,314.49849631979646
390.3060409336124,326.7708947862443,147.00036667570384,315.35569966884077
389.05605450329267,329.8347819615932,152.67099051928153,310.3492644565347
390.05584411462013,329.7171071159422,151.32109821413707,312.51764530935816
389.7337428369676,331.0647451217228,152.25155057357085,312.1609745687697
388.7371760816301,323.30984196196596,147.9772042438832,314.4549778956616
388.6839241784986,326.1948157722827,150.0212163417085,310.06403307881783
388.28593848533956,326.66039022052223,151.3621159442614,310.2978747561383
388.1183821561942,327.7842168477298,152.07078004390138,309.7791315321349
388.0654706525589,318.80576214029657,147.62034292819106,313.8944857714582
387.7979154351517,324.42575254537724,150.0566115061299,305.89795145820267
387.37974252060803,323.5552664616124,151.57030152067227,308.41081272691815
387.8927509211677,323.832757357377,151.51410688240185,308.9445848615105
387.9636429673693,316.02319231539195,147.84918066552746,311.98459943677153
388.72006658203566,324.2863322547346,149.03845741852263,300.9441491968828
388.3783343481042,321.84490261881535,150.710412473701,307.7813836777585
388.68928376130987,314.0519555431092,147.1964431259256,310.5859434638405
390.50131731299865,323.9243885666274,147.32413203693824,298.1714869742548
390.69128592286523,320.87151867221337,148.81553223283055,306.79710459156695
391.39602610123166,321.71106293935964,148.6846017433935,307.82870871260286
388.5196278734611,315.3165451113864,149.89720774067735,307.31869298912625
392.13406050657375,322.35030897412184,146.50783761895025,299.8283160318613
392.47132512142275,320.5726760025726,146.6742956379196,306.49017801943944
393.56069114987406,321.47980170094706,145.50302232634647,306.9679279606971
392.3006055510666,322.7765372924423,147.47222697212442,306.08621143896926
389.8761219626408,316.3481383634669,148.83027796163617,305.6718079902638
393.8459864602453,325.07103753305273,144.28969903329448,296.59160831150257
393.877348198237,323.48112850214056,144.7895841910389,302.60114191489447
392.9677526821262,324.1755926059418,146.09593750269715,302.8748699815775
393.68845998038654,325.35994441060393,145.43490198769842,302.6277125596607
391.24509156945953,318.61997556204415,147.30823879559227,302.54375615175877
395.0579467707463,326.2295582770721,142.01670898448128,296.19142718935086
394.17047976737706,326.62744636064576,144.24047163765488,298.80369770598077
394.3302811396593,327.3946051124444,144.3496286339182,299.7087583135226
392.8715383914607,320.1610912371957,145.0391878092388,299.95789116486515
393.85889425469185,327.0357076107164,143.59405631221415,297.0285446751325
394.34495590012,329.17369970445,143.69414954217234,296.5328774913942
394.039526981078,320.935381705287,143.1264364824724,298.1196954089455
394.46702974082643,329.4648639622825,142.75633033058068,294.8721968337952
394.90897507912945,330.80377627494636,143.15329384073408,296.1138090106624
395.19916122063967,322.53112235655817,141.92673784243004,295.5308008967512
395.31855396687104,330.09265537305646,142.3455375406619,294.1969139045598
395.6229038006635,320.77896416260864,141.27899179026065,296.34967482733373
395.60916152018626,329.99645929369785,142.37705803313884,292.60590932760806
396.22787350673514,319.9526522607282,140.93611642537508,295.65475312597823
396.1928831451936,329.4726848035398,142.25670932543983,291.7889203931636
396.92124603827665,331.55047456975353,142.7140629880862,293.67178762423237
398.0261315720044,323.37728588664913,140.51177522174487,289.78962722141114
398.2071263926473,327.98358933697455,141.26322680432622,290.9970131098635
398.88732808826535,330.94412731985324,141.38836487551816,292.57341038463574
399.6742449615359,322.92197411672316,139.81142107933636,288.096064497057
399.9350302158608,327.8838058276482,140.09799090220542,288.99905173248044
400.4664881512935,330.1553263483181,140.3099652959483,292.4387560633004
401.07926077273214,322.3644732752932,139.23498839745344,287.0003915349323
401.4295090351827,327.9496478286567,139.40697712266046,287.25535056323065
401.9276120559806,329.7854111489885,139.76081841921257,291.9804643146874
386.1137441561867,306.8127979926296,145.3828614272976,295.314327150885
390.4546650078607,323.06915424269425,143.19949070372326,284.09714266675235
393.7040708352641,330.25745121389446,143.07083786837296,280.08546679976985
397.40163266661125,313.0994339465044,141.42770462629176,289.46423305937685
397.8765842402214,325.7369241856994,142.98512871539322,281.0540034994067
399.3683557733076,327.68465263651524,142.87915989507098,287.1856308447004
400.9789157081045,315.6625603873549,141.9198913047278,288.84159306695483
401.7617353133494,325.6697920683968,142.75837027140415,284.50225829229765
403.2544495239906,327.75800161782627,142.3997453548211,291.2016738577686
404.8319381360145,318.2303310068912,140.75045185318686,287.638953592128
405.5960454631473,326.09394637700143,140.96982852783316,288.07220570043614
390.8306092423727,302.06491079249747,142.22383954857605,292.25319220251424
393.7502005446843,320.9471864020953,142.83840876313593,278.889993745668
397.02510327730715,327.6181030094042,142.4764829394669,277.19130058311634
400.70838682787,307.35709162515263,141.31311998295683,289.9836992508724
403.3613054951183,322.4116448776039,141.16318634920248,280.64455936724727
404.4889765032116,307.1152230670057,141.6295039288109,287.58114587784394
405.37622623752657,321.36926741152274,142.8076656269975,279.9443270847496
407.1501136028621,306.60068241939734,142.0313480091046,287.0455460896551
408.23162676409873,320.6035799911019,142.73439169641705,278.85940899841614
410.0674789444387,305.64906316054225,141.69022147974886,286.2836940703379
411.1145092577724,319.57247453231963,142.45765729691652,280.44415929858627
413.0935945958388,306.17617720964336,141.1952319285358,285.74419167482574
414.04156142652647,318.2967663830409,142.01817891115383,282.24994521023063
415.9813183339174,306.1257927745918,140.91703976540344,285.0025068733311
416.9954259321739,317.036113239411,141.673303241131,283.63134888418614
403.12641249806444,292.45417404190414,141.1352435732103,291.50266211925896
405.95463773040683,312.7854345790444,141.82563241562457,273.5894971704136
409.7035860837185,291.6431284917901,140.54463073938916,288.72032671178204
412.4777275644319,311.06436293480056,141.47240369150495,273.5089924913518
415.2484601009997,316.88163170816733,140.98405037445974,277.0065705559173
416.7843096511715,298.9138122498334,140.87784050757818,284.55167414222524
418.0027230111144,312.42871164361213,141.52412844947764,276.7008028067535
420.1946234844902,295.4266167345743,140.26825072746544,286.19000430196263
421.42974649310577,309.95227403159925,141.17267209559236,278.41004221349635
423.3697046384645,294.2218226863048,140.4180816841145,285.4363608741111
424.6248554386983,308.42572068463437,141.12640176196157,278.21740763768935
426.3567970706001,292.9157641201092,140.48642000963832,284.55819450364504
427.59261006143254,306.88407627346817,141.09048212401888,278.38232916330185
429.17414456395136,292.1900295504438,140.67730094982687,283.84321670959605
430.44501807890805,306.204726226088,141.01610799579117,278.768171090761
431.90556830623893,291.99000589959564,140.687217834168,282.9667929687014
433.25200764359863,305.70663506727135,140.88650726184085,277.6175321092509
419.3176682119097,278.57147013979716,140.4553583066613,286.1380698541227
422.7940250901938,297.62719803642744,140.29095269326808,272.47333247318534
426.2435822709047,305.50262504584,140.17099907841094,275.72810885737726
429.64084260124326,285.644107268957,140.08390683141516,284.9934032639063
432.3227330560919,300.4623068018304,139.04151318880622,276.1716573063157
433.8460876195652,283.09147283983066,139.6835354980617,284.21111125435596
435.4198439474201,297.85307505064173,140.1357179756044,276.2911772397294
437.3475592289023,281.16494207690084,139.48780797386388,284.6333258863183
438.74045227740453,296.4892992517577,140.23575959949312,276.0032506903629
440.29566736811387,305.36966446879023,140.27074260967345,274.91312604292943
442.5394604792788,288.5131338194911,139.0327645523987,274.03851870033753
443.95655912419625,298.38901030507736,139.43812934192556,274.87286770772744
445.5354194314431,282.8136300897876,139.02974959375058,277.75908454166233
446.9334887177597,295.55329752409096,139.3002563021107,273.4525332183492
448.7408910555537,302.29720581590226,138.87208308349818,275.3355815571917
450.60824728975007,287.88562705577306,138.08593186624222,269.4975926171737
452.03262550645366,296.27545606322985,138.30229942952963,272.3435315617927
453.7895502949316,280.31818524390155,137.40267132416807,277.64265100422335
455.16629213753447,293.440567105937,137.83400239894422,270.63341818491506
456.4390956143378,299.60030348742293,138.11528806942226,273.2547536050406
458.39908966346786,286.328489962199,136.98141488216584,266.11006482113737
460.23637253386505,293.99446654618373,136.68431608127923,269.65206964282334
462.79421753533427,278.89906116048314,134.88306410363418,273.94516223207165
464.57313235502016,291.7493829447755,135.11677000251296,267.35744748286544
450.5209406890235,266.1154852127512,135.8375384757719,279.217570135709
454.1558183755336,286.7445099002707,135.62674802747563,265.92094909278467
481.117383067206,297.4309954907043,124.13658026609801,272.83690823594486
460.860910595537,280.01377427562886,134.6656170802994,263.3786907881804
462.5358441651641,290.18778622696846,134.412758863058,264.5237755346968
489.64447250582816,298.2279126390732,119.2638563614288,272.1892115782945
468.20028051162967,279.81072310283344,132.45657324654917,261.13633464503255
492.9410620750159,292.73671984206806,118.95898671229088,262.75476303684684
496.1687678624801,282.4006450141869,116.66103319425861,251.76715353366797
495.89449886955254,289.6190341871971,118.51640710676145,256.4207534858087
497.57738017273914,293.9631614666191,116.87206630977016,258.3760943481486
499.34197430887684,285.5002035151466,115.81047773495379,244.00174238289253
488.9538168429485,289.56959230821315,114.08830850048957,250.48688538547412
493.56332763575006,297.44236413965314,113.38002366471449,255.6888372393239
497.69319316891256,288.6786691135244,113.29047380019665,240.50092149917543
498.7893067001337,293.91851796729793,116.7606584909754,247.96463471279594
502.93430537644736,296.02867468900274,114.77590655539109,253.65261350364528
504.84742189292797,288.32599842360105,114.66857264521673,236.16813745505488
507.10178273244827,291.9368456802699,112.91828043720187,248.24500342417446
508.01687526079877,296.60919486215994,113.98947604106252,247.4558481378201
509.81018575006476,288.03781335487776,112.92083345815149,231.41698140308296
510.49337350738836,292.3354640159813,113.2746505626269,241.95141781505538
511.2537172487181,298.88471369535046,113.85831004016029,243.59231007430776
512.9533942034493,301.9908722259122,113.77148945009117,243.4473544298046
515.294777002435,293.0061616813475,111.97831442605764,228.56841494489277
516.0673855441,296.47290940947516,112.46604633175957,239.72874951938422
516.5336077436049,302.59036401711137,112.78948605813264,241.4005657900641
518.0801728142224,305.81952663278514,113.01981795478014,241.4707805629689
521.2062946144652,296.6872274052548,110.45487958972444,227.48491779457572
520.9240217898865,300.08100538841387,111.510026995918,237.38302733001427
521.268774988137,305.7307336564254,112.47783094537272,240.34031697397575
522.9216708729273,297.4533342871819,112.1700565608262,223.5826905534446
524.0366768996821,300.58837837173246,112.39744979486977,234.36447499466374
525.8288841662702,305.7741897795154,111.12176877286254,238.6395543427716
526.6160871187121,308.8067083333914,111.41986902215422,238.87405059891273
528.9905797623294,300.9873395229863,109.04089725686026,222.83880910530854
528.6976975827881,304.1613025062024,110.25492114353506,233.48878960737744
529.8544178770444,309.64961964894246,109.9726955230783,236.41610574097922
530.6122811651239,312.32184637596583,110.51733016838853,237.28893681435875
532.766911091169,304.6148168441503,109.04131788400036,220.421848357972
533.0060354190285,307.41160064280416,109.478687807249,231.35535706674546
534.0664368685332,312.635185060769,109.0332029774629,234.41604146932002
534.7692046713291,315.1365360181203,109.56529589549518,235.60864327149602
537.524089767524,306.9279147080824,107.56459600786138,220.7918368425535
536.4701926749588,310.0276989343474,109.02035011796067,230.96174179003015
536.8361341628599,315.40830173013273,109.85648948954622,230.4739930767655
539.2318698227017,305.98268613210575,108.25130334278094,216.96405325378998
539.6393145764691,308.37305863957044,109.26385758430604,228.49755739096258
540.3821391456153,313.03949178590915,108.81592321705796,232.5659311293042
542.7614739657065,305.2110571254394,107.48916798671144,215.96561281239576
542.8206773610239,307.61540100277165,108.86175531562628,227.36192441761028
543.5986805152751,312.11272503121995,108.14412789685332,231.74166768060002
546.0982487424071,304.5690218358189,106.96519579805715,215.25824200383016
546.432054818267,307.009194607813,108.61484110936249,226.12959692650156
547.2793568971682,311.6721793381839,108.53622377627732,230.08420514717182
550.569041300259,303.5893330416471,106.10036967698409,215.01303516504385
550.3343505886924,306.22684554774537,108.29700173797426,225.35895654302112
551.1292685119129,311.5285847189816,107.8987897940467,226.46284358250796
554.3133595439015,302.20915712163105,105.7399864628187,214.35440119956047
553.7381274578854,305.0576245668727,108.28672072346762,224.2076728728469
554.4296601924503,310.76519189635667,108.59796069622314,222.6755008896879
558.1484681406992,300.20539554139623,105.45691574775651,213.30467310877737
557.8902063124746,303.19875504725746,108.19032480964074,223.14962262869562
558.5225758696433,309.0361397015238,108.82010621632537,221.36966976011308
562.6083980802077,298.4294618958521,105.20948272761939,212.8684776596097
562.6620265534897,301.527807759502,107.75629123669489,222.0252782789604
563.3137912672792,307.50484081229877,108.87034017917904,219.709475737483
567.3950907704582,296.4701763742895,105.10678033058753,212.79243038567233
567.463461520874,299.8859447082652,107.59962013818381,221.26779611727267
568.9986860313986,305.8981038253064,107.76443922409703,219.02156800760167
572.5976380419348,294.3734903404538,104.84516946997985,212.9866730534468
572.383095754024,298.26534839060616,107.69775898108628,221.08494314561835
574.377339247757,302.3159984364029,107.25574464453564,221.4459195665222
577.7750441752705,292.6738226254529,104.74990972671549,210.82857646833872
578.2021586349426,295.7923443542659,106.93062072721705,220.7725452864437
579.6433194699239,301.7948810236503,107.11488902341989,218.64466981528858
583.510849529798,290.77164855288856,103.82491903288462,210.93829008313207
583.0101850530707,294.2526475973186,106.54862808216569,219.95663523735857
584.1237097423106,299.71893227950875,106.28408481706401,219.01011680538966
587.813117855253,288.89925286144444,103.14796024744373,211.36047050068896
586.7948612512196,292.8608404965462,105.89185387253701,219.52245836279644
587.5313659582627,296.99381981728254,106.26028358766314,219.72221750748417
591.307578242312,287.1666413064049,103.10477574331435,210.65460983615492
591.1913381056534,291.0576137108862,105.66183383266684,218.83839476930052
592.0116461209786,296.5707901802655,105.6464468546551,216.59550096817452
595.6652216560195,285.851011947581,102.7860564235375,209.37403944401723
595.5005315844465,289.5884904206573,105.4289574029865,218.0326607590003
596.6009965904623,294.46860938544705,105.49731892514046,216.44615117584067
600.2610260287092,284.10890646346206,102.46916862780563,208.95075067077897
600.5861740258199,288.08031251942975,104.63549532714387,216.93948518769105
601.4106847152766,293.851441544811,105.07736505517937,214.4620983975267
605.0041667143117,282.7592145350595,102.04934861556433,208.2660153426475
604.9269792394625,286.65595450142234,104.04737074783247,216.4833518651243
605.7722210308664,291.7588457575098,103.28225884719609,214.5710802917431
608.5480058645635,281.15991931696533,101.35121898322313,207.85761456964434
608.697219529857,285.5685167421657,101.24113801550459,215.44556014426723
608.7312660352466,287.8550179763388,100.74892011599627,216.79059512363528
610.6394436181727,280.2422591047829,98.91853915951128,206.03437872614984
609.7816921069762,284.26049476418484,100.03217654331866,213.93285115489243
609.6586499011685,285.9818272438757,99.91119266221153,215.69338076842973
611.0814682257301,278.9702533892623,98.39573758227402,203.6947306599302
609.9812145479686,282.59763455858433,99.57390814647852,212.70147055478117
609.79132372817,284.5235095360829,99.34027866608449,214.12216115539627
611.2834592330884,277.9420855473618,97.92703348035559,201.74880303405575
609.7404999611816,281.38400528433317,99.9603321993319,210.75155801832864
610.1760824028908,283.18032833673794,98.62423541239991,213.01842272314497
611.2324765576031,277.2619007899068,97.73209892959267,199.6249266532169
609.6114522108774,280.395715238987,99.83273082244341,209.05977255660247
610.1492500738483,281.6838428358724,98.39335614319714,211.90630116867806
611.4284583821213,275.53973272903556,96.99836956320428,199.28524718394965
610.1238680417689,278.99050657297283,98.8050667213356,208.03316741947657
610.4217285643655,280.0832941228779,97.73735928961207,211.33529614531267
611.5303526813464,274.369260383879,96.48866435638297,197.72140016114116
610.223875969019,277.5325399607582,98.34736065199968,206.92630597739242
610.4659196760359,278.7339146290376,97.44121495890965,210.01008384667261
611.4158306126678,272.8864534227839,96.36599265907216,196.80448951547476
610.3642799339187,276.1833160652819,97.80489535389813,205.71436387037528
610.6253879949452,277.3699872586876,96.99738972987984,208.98088397085667
611.9496929473771,271.6521356353318,95.51581014012982,195.57277906546898
610.7281143087368,274.82738444411535,97.24397433534841,204.65876906326793
611.0926834299918,275.76179863306606,96.52006399618188,208.90441365621837
612.4032009548705,270.2593421857316,95.02581777683599,195.38624804276367
611.0476715380325,273.4639804498205,96.77846825651363,203.93497266825045
611.5182007550827,274.6072433891269,96.07598150890522,207.24680077438046
612.5579276652538,268.82773377199146,94.90227298525565,194.27004117055571
611.4583190967783,271.72162528157924,96.3661897873776,203.2330857308005
611.8443489444927,273.2356444672914,95.77370998362198,205.73658350231688
612.9509373360812,267.45343622310156,94.38398634149587,192.71943504732553
611.7822161645272,270.17704442359224,95.78880515343371,202.11575652082962
612.1467697371844,271.6006655596416,95.40888795135561,204.61839666272977
613.3870283237097,265.97378389963137,93.8941679187642,191.57262791437444
612.149006556816,268.6601013715524,95.43393588074912,201.24125084698733
612.4506722436014,270.07862276020467,95.14099652435823,203.93879353252885
613.5673826901116,264.62559348636444,93.8115874561563,190.74739004594858
612.7403385274853,267.03587795696717,94.7376483011318,200.74790260782595
612.7447638767932,268.6093115043227,94.9154775624337,203.3379765287067
613.5936875994589,263.3236071949823,93.76116631846719,190.30623240332744
613.1240587866835,265.31013700093536,94.49082984281006,200.04647125998133
613.2274191966704,267.1179176823646,94.68178691757169,202.1017719606906
614.2803435206183,261.5444209080297,93.26071243918022,189.5484399312886
613.6254143115507,263.9061157107303,94.32143040684389,198.7853689379566
613.6633666974376,265.47288913537886,94.54875310615171,201.46850554465823
614.8379864776089,260.4616812234523,93.02884215861968,188.20465750116261
613.9795550602471,262.5849870048056,94.40973310562413,198.21767510191648
614.1040506369266,264.1324928198485,94.46833253264606,200.0811970368934
615.3997134523565,258.96114751176435,92.698521591038,187.73004821441128
614.8038174635001,261.04355319688693,93.90212613926474,197.59443614088605
614.9001877675084,262.6283987706083,94.14520599286368,199.6330045812665
616.0441315967007,257.7279671415964,92.45622411130353,186.9096331979182
615.3951544268394,259.85967799974867,93.65832356854469,196.6482680932246
615.5316752160962,261.39362782827834,93.86755484683931,199.36643499767183
616.6627963112257,256.8675982594042,92.35680030120466,186.43796809426954
616.5376596053468,258.4317785602259,92.63984908957832,196.47827939416607
616.1956668458063,260.14231012690925,93.73534646561757,198.1572134627686
617.4464964771014,256.34262362148235,91.85792920610947,184.8202007522255
617.3122352035025,257.5701374255476,92.08148471214736,195.57543005139257
616.836806052442,259.3345176666012,93.2868707172371,197.80448765810593
618.0010529140908,255.47201358239982,91.58067688455833,184.58562825985138
617.6645793877092,256.39600430422547,92.3388044186953,195.62402856407658
617.3640905768227,258.3991740118588,93.11466125709944,197.29957799988279
618.4769009713177,254.2308255254884,91.26723144652397,184.94252529254283
617.8999717261289,255.44409527190624,92.5715201119857,195.49616435578912
617.7392082319691,257.6134966693909,93.25099224803353,198.69896823601738
618.2378308750582,253.0682847462776,91.99783553047257,189.7539140179048
612.4599848223606,253.66185876072132,86.62976762004405,197.18776879167763
612.1038029684238,257.0872717682132,91.4276809083384,202.82320745751156
612.2801757411601,253.7633827438151,93.83048119154,189.2377859065166
612.3766411462593,257.1579781493349,95.13858502003313,198.03845365927793
614.0201860705413,252.67446860627547,94.60943413360542,186.76642026980505
614.6336619604078,255.07652757289475,95.16225740190293,199.71111241817073
615.8061075326788,250.54469564446487,94.4255641272456,186.8229898305945
616.5022016926043,253.14272987801314,94.37602117581832,197.40306797090784
617.1074833927503,254.7418249099519,93.89931640130953,206.94212422520343
618.3941149277322,252.5349394376134,92.56619674425758,188.26361081965308
612.3409185173659,252.0428771907209,87.49321952896469,198.48372025169056
615.4329244482278,254.24058672036176,87.77761650884986,207.39979466870693
613.7626966560442,252.28495463709402,94.09692519176224,189.65102552758628
613.7582997975376,256.0658548665979,95.44011381480027,196.23067512575403
615.1455555601767,250.1740238264897,95.00280913416509,187.51281830080984
616.1528946415973,252.66656439146823,94.66623997887666,199.2667454361639
617.7180021011861,254.2588980436958,93.28082831197298,208.55733063491283
617.765844465175,253.61712066136886,94.01317976820496,186.3264948245237
618.9401907350817,253.31708953245447,92.8785241520269,201.46492290514288
620.6224496708221,250.43026361270807,90.9329891826967,186.9951905713712
614.019877724626,250.2457178836961,87.09259427436496,196.90112627122858
617.138667514823,252.43989892518778,87.13918143299497,205.35438455513378
615.3870140910933,251.55916531813602,93.53021771470299,187.85270906783933
615.7009212647141,255.18096656947114,94.39009851125422,194.57294594212289
616.9485281743466,249.74157115242156,94.0246025284182,186.80356538871075
617.3047638280277,253.00150049860588,93.99027283277519,197.1123815667865
619.1539021178153,254.42414858708355,91.97384899347321,208.19196034227906
617.8262745780477,255.28003873697128,94.56357913568934,183.72837472944354
618.424311845479,255.84144121761767,93.74367562262273,197.92726090555504
619.6266582401822,256.6995904865548,92.63658724522429,208.0059450225164
618.7695671889237,257.0452968100095,94.55496364612213,183.0264796049005
620.3063464389298,255.6656379933554,92.67789927029924,202.72445171988318
620.0783592313863,254.9483171055267,93.0370867481862,185.05151467222106
619.761185601423,256.4108961705845,93.7299768996154,197.62555305161976
620.856009504738,257.17391093901165,92.68127600354728,207.76204415619026
620.3812537644085,258.12049540891917,93.54063295152741,182.96773358669293
621.1714904889027,255.9040015468912,92.37030661357221,203.20175691389534
621.1092918947284,256.049747213753,92.2758895372267,183.20757995870434
621.5042716274111,256.0374535268977,92.0789263616789,199.6900200444847
621.3347845171345,254.89060506236058,92.20054818013728,183.62382717180242
621.6283469723811,255.49206880369434,92.0241825049834,198.45787863653294
621.0726353945461,253.72171256911406,92.43756684139134,184.75368469400973
621.9469421390686,254.70145717287016,91.43690836136193,198.93451009360717
620.9407444871799,253.52806149061178,92.47310022444935,183.77068577988405
621.8896382127565,254.35352655389624,91.40420169472907,197.68677951531856
620.5767692307195,252.79687724281666,92.9608029252114,184.12965954396532
622.3249961404017,253.84042223597203,90.81478285125922,198.08325603540663
620.7778075796319,252.83111839553902,92.79340526746478,182.71920313091084
621.8124982822226,254.0489745785083,91.43502921927916,195.59573880945453
621.162461230536,252.53170547313255,92.42902031205733,183.81172754898887
622.5848684015439,254.08735003439233,90.6844611846634,196.43103858365475
621.7611439300276,253.0571061126018,92.12877657122772,183.58578072602552
623.011633076625,255.10742282089655,90.62623252744993,195.7447293109725
623.6695488701971,256.45718725651386,90.49352944006273,204.9367896645481
621.9272358872804,258.36368650669675,92.66955767823163,180.0206354332651
624.9825784348211,256.9176042176209,88.79364416417707,200.5090982675756
622.9277394317378,258.294714720254,91.88685374309534,180.62758880411639
623.4824910410143,259.5992028199686,91.0032013870923,193.8453379071642
625.4680116804666,260.34612856728904,89.21260925658862,204.21019238881632
622.9723986088839,262.5897120078064,92.04906397525372,179.2853373624681
626.0934758412741,260.92708206955285,88.10343711176779,200.00100850881063
623.8033731665646,262.59456507690595,91.35772625220852,178.6095368269805
625.2313163717224,263.06988573393124,89.07643386200596,194.88022697654907
624.1152393183283,262.0888707828568,90.74497292211038,181.0763694650638
625.4272425595358,264.1709737131282,88.90861829617256,193.88601059819393
625.9392896250617,266.14469324029506,89.13920263535431,200.68569491311553
625.1070720552268,266.2863056822915,90.21456092821904,180.5810151068364
627.0320993003552,263.4137014186317,88.0431367515439,201.17838732135556
624.5195232220137,266.1484428505837,90.87871248943259,176.9762957359319
627.6431494770568,265.6077437276276,86.47810484447643,195.94575402563032
604.4268881043738,252.81471886517167,91.89804591889765,177.38629881533248
622.3118558387123,268.8228264687632,84.58245379212985,177.83918239490322
624.1649796983829,267.1756361874866,85.12915092536059,192.65541732849778
625.5171178646433,265.6725144671618,84.80573358025231,180.28746436737333
627.1214053446638,268.0516461090415,83.87826886805897,191.7698165349106
624.7760016212507,268.23858082467177,88.13824980027323,175.32859498276224
628.027142132177,267.94892357985134,83.72982974745798,191.64927204569437
625.4652549129225,269.0954669508792,88.08479418414038,175.41994983805876
629.107304519322,267.0499333730163,82.90705807815061,194.6230070300428
625.1092811031369,271.00194685324254,89.29391636746209,170.56058984802337
629.3428195773904,267.7852547384415,82.78442325580443,192.81987502152145
625.6355865878595,271.2353945242652,88.71091778406026,169.83845087695744
629.8262782456891,266.83616883636387,82.26942851233594,194.0658309087121
625.9635801963458,270.8917332204893,88.50273787269828,170.76691535714644
630.2301710797792,266.5125833348992,82.05879511868693,194.46814309683992
626.2435894924648,271.0727116730013,88.30374908723445,169.21761305074654
630.3435244581708,266.8152566009172,82.06183948078285,192.87122001565166
626.3650986050393,270.81037985883745,88.10971099528501,169.7585651751794
630.6528678855777,266.58876087999283,81.79342834729766,192.7627111123972
606.9340076793974,258.2695977959502,90.02013132746151,168.78570708005992
608.4565350784578,265.84543969303115,90.04162103154749,169.12289687129726
625.0599660466198,270.86944759372807,82.58944826191225,181.58522641582869
626.0720871408816,267.005889792699,83.20754535582273,175.04381161669932
627.039776894049,268.1847162044978,82.60745300647864,184.4088834515087
627.9964045801084,266.05017979934314,82.04977667260891,174.25492196967525
628.7213691366196,268.33171906021687,81.76311633781052,182.14844402445055
630.1579330628877,270.45704660135743,80.9615280092803,188.60638320616056
628.4019503114337,267.5414529861722,84.32875008885537,173.55866985943715
631.0560177337745,265.9607015382335,80.93778284765813,190.26621063252952
607.7106110984522,257.1809592224485,89.96653115866286,166.7510384942537
609.8005167868424,264.0265512957584,88.84762579617097,167.98664680465947
625.3445889905506,269.2560345456582,82.42552580311508,180.24608312540158
626.560808522061,266.2830587850103,82.47743830434047,170.30113501725202
627.7368723806638,266.12546824991693,81.5199027034347,182.81007239585608
628.3242989935898,264.62189453199517,81.4169350189477,172.2785182157386
628.9699667485884,265.5109493397799,81.11965085264796,182.22804326747138
629.1951088463343,264.8300039931819,81.36351830887361,170.68185048300222
629.9019408226962,264.59576720097925,80.86776331588885,183.1280787688139
630.016514542438,264.80462002663364,81.03429409051114,169.84504244291907
631.2004853084853,263.6895576437885,79.8781127142405,184.62739200554188
608.8370398899552,252.74378088115168,88.31608709331897,167.0511235788656
610.8103851109574,260.75296126627666,87.4814831425274,165.48636144120508
625.5733041593289,265.9923956270072,81.75391948070683,178.00027848626593
613.6970364992546,254.72368184444753,87.40958193701431,168.64851633521727
628.3686016323162,266.05144060744635,80.47616883535852,173.03903534757058
628.9723764219079,261.8113109359879,80.40117304217347,169.20731609672475
629.9455397407755,262.520185205713,79.57065044940691,179.389772948538
629.8644044816913,263.30931843370854,80.29924238076069,166.94683857408404
630.7720093518619,262.7699061888768,79.39921101020991,178.86253399406428
631.3336288423079,262.60991146569563,79.0577512367895,167.26425144038456
632.3090223552999,262.4833342630743,78.43011729971931,178.41356439444655
609.7885713331142,250.51498124819233,87.56907044416641,164.93491634730253
611.9575311023206,257.5403650043055,86.71374253813872,163.82155986967962
626.4155374148575,263.039191129119,80.96269799136076,176.31760432848023
614.6729786633061,252.27438100269663,86.4531677362504,165.58421269112338
629.069859016581,263.4196041898126,79.53551240625393,170.52472993034593
615.3917985759131,251.3437397710495,87.76869932429008,166.6020156365812
630.3114939167311,263.7609320608824,79.82345768016,169.94834482340764
609.2309019048357,246.8048870839563,86.59543747592875,166.53279783361344
610.4277067685227,256.4386972154799,88.81162974275298,162.16159803885273
613.014047387228,257.68338048103215,87.19281456801014,165.89116766971756
614.8392165049609,246.46970879798937,86.39798343119583,171.88746140849344
614.6039493684762,254.0817060164943,88.62076209652241,165.79578063115196
607.6755948960517,237.69614700416588,87.4282040939288,174.52567670453828
610.0589616890586,250.26681535394937,88.65599270860253,165.18929444114042
611.7615565027784,254.2186311706754,88.92642764551488,166.35301446878918
613.7996483918986,242.93773454359302,87.70896563062763,172.9209529055605
614.6866003939604,253.91843961833706,88.6386834596733,163.26815810192215
607.2689615806225,235.31266192490284,88.26125523317523,176.06000448101554
609.7589516858645,247.6967193492029,89.4460281473946,166.4932944933094
611.5884485635397,251.58259903866724,89.20851496850764,166.8048711487179
613.5039996221603,240.2391068494611,88.29645216249264,173.47747513197817
614.6363578345429,251.3904217791087,88.94372596890048,162.1871342763261
607.0984653410851,231.5895811189425,88.69530228206213,176.83026759549378
609.7490120073411,244.00442557743685,89.69248044304834,167.22847900047776
611.5888533672119,248.04911270383997,89.48149093718143,167.0788299277479
613.5459225481906,236.64529055140156,88.42254491955998,173.6771614077261
614.6400973293639,248.9535610757651,89.17721950470877,161.7646779523963
607.0742796106385,230.10714105321665,89.0042046946703,175.89295098881564
609.7210641721263,242.18345688210627,89.92307294191528,167.20877104815446
611.5672553438702,247.7400178604052,89.62845413630214,165.3402939691211
613.587303184444,235.28406034453928,88.38762713593042,173.84352052974367
614.6361619256749,247.69688205786025,89.21102058577628,161.70156697842322
614.7416289710395,248.32239705596487,90.57673930422311,167.6237226453071
607.7703373689146,231.23804216695555,89.04434666080601,173.48086095042265
610.4552058664533,242.04609508254612,89.90384921833925,166.53453738367944
612.5009546008608,245.94918323047435,89.04056309278178,166.61785574223146
614.1874434520456,235.3020817270886,88.51004630102068,172.28225950937252
614.8422184589215,247.14222627720005,89.63337149419158,161.84949345736527
607.3871934568685,228.09864220033015,89.14761837960373,174.75488803666022
610.2613681081116,240.2944596456445,89.77130022793926,165.89721622227734
612.1589127351965,246.06442492928443,89.2534928446023,164.06961046427898
614.0345337987167,234.41212508278937,88.32444482213737,171.81892454298423
614.6407920662705,246.18467080356325,89.51687258461516,161.86093025003302
614.7419522878167,246.2203929515341,90.6740752126666,168.4705094589532
607.8112210148037,229.84103446461557,88.96320348778647,170.63106987320498
610.4467199938088,239.82747974271473,89.83692755236211,165.09753054629385
612.5527890096464,243.64051759649743,88.91684244974294,165.66088588181117
614.2748617989229,232.94915081052386,88.31354821754246,171.547056058519
614.5196008355597,244.87059635373393,89.87982105994888,161.68103019718106
615.0128663641581,234.6840188864512,90.12420608069579,170.46883860035655
615.1424335421013,244.88011886711308,90.99689011158603,161.4225978548992
608.4094363362819,225.71140664751567,89.1215063566342,172.5537811720069
611.1925470821061,236.99157033408886,89.72923919514665,165.04932992452626
613.2290743580204,241.50888078876216,88.86144758570549,164.48549901176574
614.8675491002796,230.43088325321764,88.34762216090166,170.9700445445307
614.681954081349,242.4130402455874,90.33735318463505,160.92214693694274
615.1317831588058,242.71034347949737,90.69928505107055,167.53513873063756
615.7081218632961,234.41093338300885,90.59761589408981,169.9649017418646
615.662177450431,241.5715634666962,91.49114892256625,166.06310305531548
608.8611923685041,224.64509505917096,89.671173496032,169.65030473122255
611.851672542914,234.48282214351968,89.91316954599097,165.5741232609638
613.9052159799177,240.896070629493,88.99377423020485,162.5043719570416
615.2951386648201,229.48145798539827,88.7286130194625,171.03146615311687
615.0443883175626,241.62412700886534,90.63889241052038,160.23124944697685
615.5493394458426,241.563527629644,90.79739004653584,167.91234128651757
616.2210020059608,234.2101565795674,90.4982612815229,169.01049296965277
616.331920373299,242.22382409123668,91.28572257804785,164.01018232053718
609.5452167701965,224.94781485248296,89.4811049821933,168.77955923662188
612.391802453123,234.99416288017864,89.83633127123915,164.84429834634363
614.5056843572659,242.7334538245504,88.76913038271687,160.66641048038974
615.5281568302901,231.867491399227,88.88732263349152,169.1010867459546
615.6901151112979,243.72149437492953,90.0860772524029,160.34632915067232
616.1760291752589,243.88165339607087,90.36612778606013,167.093905181565
616.8104816738417,236.93221946134804,90.11905551372706,167.48954028662683
616.9215701193873,247.65316774533116,90.80697685962377,159.7915453662338
618.5242000292171,237.8838368808648,89.07553416473502,167.60843443904633
617.9976129588083,249.26301228805187,90.38114449971818,159.80966845482453
611.2048427960058,230.86070160218003,88.6616928052913,167.39149235324408
614.1035783104958,241.631072039704,88.89432992266575,163.4201449760286
616.1362030171761,249.8130405192283,87.97255236392607,158.7237733854667
616.4515199759895,250.01637831399353,89.15649610635398,164.96783443847312
616.9262936741497,242.26586056995757,89.22312483344513,167.61047679841295
617.1848976883634,253.73116518613733,89.80809887405303,159.1753720095091
617.6319212181279,253.68004945726977,89.8532470436985,166.21223243295884
618.8632084484291,247.5292766931811,88.87549579560869,167.39000976742983
618.5593184457068,258.8834384741706,90.20060522806648,159.1716701357796
618.8210444230704,258.9449745690349,90.15891281577296,167.45069022810242
612.1394992004614,243.99291950817315,88.32602180683557,167.01612153076138
614.8418423040383,253.90575541142334,89.01975390376344,163.06577433519033
617.1674821447222,261.94858717093723,88.25180780806534,158.85143732361632
617.3395568392286,251.62979702818518,89.05375096221155,168.26827822337663
617.786390122812,264.4432705113263,89.53388267789705,157.2760583397303
618.2234986403673,264.05645077390784,89.67645003079451,165.2044947971059
619.0464444569225,257.3865238394983,89.18385268803831,167.15053930239333
619.2377174365652,269.361171755153,89.83535707481224,157.34474272126135
619.5667940493599,268.41793572001757,89.80594974918631,167.33669516025213
621.1289430571487,263.08692172058807,88.42463163885986,165.66186030621049
620.2793613554827,274.5753064882899,90.26777396514717,158.13784076504157
622.6643713708927,265.1887651366876,87.35005060418553,166.51488201485193
621.3243904202543,277.31107083048096,89.81849079691528,158.17515832101037
614.8902406028385,259.65730882673,87.8121421288622,165.74381955524683
617.757870083515,270.5949071435821,88.23806670965837,161.16877523415178
619.071003327114,278.4808798364163,88.91667507116347,157.37173954844752
619.5089235472092,278.27976507242374,89.5774536099866,164.51474414860513
620.4817398071741,270.97667853026724,88.74933786299471,167.05073249519774
620.6814043677341,282.46924180853216,89.40024724670639,157.23377268931904
621.0407654323376,281.9727021690033,89.43290291112044,165.56463719683364
622.751183407503,275.55851284151845,87.85385260240582,165.70201019637284
621.9445814788187,286.9358909719259,89.77602362969492,156.98553065032445
624.4250907240144,277.16915342524,86.8263081277205,165.7422219579853
623.5245474112405,290.53313375440223,88.91161020053528,156.44302368721935
623.0590645002017,289.89008518173455,89.61164291052228,165.86369977076242
625.3801814568639,284.63372422612474,86.82427241277799,166.00830926440096
624.6188309179984,297.9201700762933,88.82192800694884,156.32197786285724
624.141856393624,297.3500676309826,89.52158691263685,165.99200985354435
624.3578448840808,300.98197964673716,89.42310620078842,166.09104403441108
626.2228801778008,295.5939210177776,87.19778361796784,164.90414875856186
624.8300045664146,307.41054196402615,89.68658512010734,156.97826201110126
624.8335255152547,306.8522075992604,89.63954647984292,166.10695176293189
626.7810467285292,301.6847754091384,87.25791199604646,164.58217376923693
625.235779835758,313.6928137294217,89.91915151059197,156.35558818298318
625.2963917479369,312.568814904952,89.69193398879656,166.45504903833546
627.1821336157282,307.58391559340237,87.51965589249721,164.36252413285467
625.8020781620321,319.6820817531409,89.98801649806092,156.0364315267974
628.1206191852809,309.843542175131,86.8730806994156,165.41112537265928
626.8380634687455,323.0818681356843,89.38648268593897,155.9996925238397
626.7624846077224,321.87075147633146,89.42341744864962,166.885774898683
628.3139510627587,317.317841012381,87.66533656985132,163.8803838667685
626.6135199549444,328.49816611112635,90.30596700344722,156.4512138847232
628.8592564880754,318.8664797041472,87.28811277497346,165.246540195443
627.6509383115226,331.738137455206,89.57732592961474,155.44294165862902
629.6894422084335,321.95249876813136,86.8861826896466,164.91339649197744
627.9484840425976,334.8886744813908,89.78812771559865,154.93584935757042
630.1836063876517,324.8571667061103,86.82184046615248,164.67533077327528
628.205455733535,337.62679429984144,89.95103421908243,154.52162421332253
630.456878166593,327.2271624497564,86.8435732551061,164.45838019638757
628.6235378817064,339.30762740948194,89.75481922176277,154.74012680407213
631.2016948233611,328.86468315708544,86.39912978859866,164.79901420186548
629.2531047984621,341.5352845579987,89.60754865449053,154.53439307346662
631.4082534714453,331.03442852906755,86.75371758001029,164.5274738028653
629.4134174511291,343.1112498989638,89.79737534780543,154.72240546360547
632.0863669949505,332.61822048535487,86.34530935089458,164.75673099842152
630.0243153082095,345.1592010435338,89.69002519092146,154.62374502389298
632.5087699885867,334.64726661284476,86.54325936386385,164.62282425470175
630.1625176026791,347.0211705257898,90.10668241449457,154.45039664131446
633.0619262997109,336.3154096647677,86.4210201513265,165.33749500097088
630.8849860820555,349.2559459682784,89.88706238571831,154.57071567512776
633.8358675026619,338.689981909941,86.17674755705423,164.99922163181435
631.4303244955372,351.62901439879033,89.9967353519969,154.0700807844737
631.3282096486678,350.394128000613,90.64726314646623,165.03893241957144
634.0009780898981,344.58659359059493,87.17776462979964,163.34372799796404
631.8814428503706,355.57872830205656,90.44384601819297,155.33962941923892
634.6475343579821,345.1034581558945,86.94265372716063,165.58427883397314
632.5623832373603,358.2043384442612,90.27444584596378,154.65203858053485
632.3613033350289,357.27532921639914,91.4509015992735,164.77779789256743
634.9405025185224,351.25678236187787,87.82997778257936,163.81916619683943
633.044936480574,362.5923373931464,90.74806484113037,155.62555560095052
635.8702606813522,352.02866393866213,87.19429940149121,165.6787856085174
633.3644379213513,365.1057541945805,91.01205448339874,154.91382156329712
636.4876589992241,354.1859081128871,87.06152743426333,166.0977238588198
633.7984060293875,367.5792893123787,91.07762337237659,155.15373488125374
636.9238040112327,356.8224979763495,87.23293952919494,165.87783388869423
634.3307128387037,370.2080113092252,91.07707341094192,154.83702446419647
637.4357406679371,359.3740253017386,87.3332562133453,166.12038304004636
634.723018236707,373.0094401382455,91.2799751470543,154.82698549153372
637.9074752125294,362.1990355696453,87.41330348695271,165.7154066379917
635.092639857492,375.7146718928743,91.44653795515114,154.6214283191066
638.4291495621583,364.68207946302255,87.39086512778158,165.85645696038932
635.5675430116135,378.3406459093993,91.4775217542217,154.645673092876
638.9771277025897,367.32026574344764,87.33396401807397,166.00708289723946
635.9017148231287,381.0183833928095,91.66400923862784,154.7910347410152
639.3531700943338,370.0978130910478,87.4963758563456,166.00839992208
636.4026916063676,383.7902002140313,91.72726619255582,154.6524905832007
639.9540390571121,372.7858828733972,87.44404384259519,165.8337940581273
636.74077268584,386.4826729825411,91.96686399100145,154.42196821121695
640.4140406433195,375.42870478659097,87.45082367440239,165.92556428278021
637.0783823112984,389.1648119805146,92.1142761863332,154.47675014719607
640.8491896168666,378.0318645208645,87.46149880144026,165.97522602392291
637.5469331695444,391.6012758412048,92.13473938090215,154.57328136494334
641.2943745158773,380.5289017145669,87.4978836870796,166.0470842246483
637.7809994443651,394.12362054197547,92.3693277227917,154.65097116627976
641.6313071262423,383.0402075356085,87.55347100866811,165.9837499350731
638.2168975083528,396.56287485609096,92.34545669470322,154.60883612537214
642.1190623352168,385.49027344053604,87.45389438310212,165.77268924707676
638.4676160591844,399.01196315314496,92.61856192924097,154.53594515191412
642.4523162037838,387.9649343688927,87.35455159262983,165.01971504722565
638.8217429434976,401.0666996695378,92.51333582314442,154.4831980979135
642.7671834230052,389.95721437118334,87.42377793175206,165.25066414987396
639.185673682498,403.2696452983655,92.63328521929225,154.36302492474715
643.1790682725216,392.19108565631427,87.46361630388469,165.22124302998077
639.5367622678978,405.5270935327077,92.66830241589673,154.39151143236393
643.5627315501267,394.4845410496363,87.35766654296117,165.11015465972673
639.9851772796542,407.7482876830396,92.5604457840227,154.3651610015985
644.0267233107222,396.6319104190213,87.22078071497845,164.99808977725274
640.4358897135003,409.91720121827143,92.4924833245143,154.2341481934086
644.4621356146954,398.6660840739969,87.06605188880076,164.89883550320246
640.7987747273291,412.6075303830394,92.49383610472432,153.47448321255115
644.93427966881,401.079984441074,86.71143963924033,164.48989943981485
641.2313842267504,414.8852919812398,92.45281647813499,153.25075183733952
640.165456838276,415.89916970204945,94.71137344851854,160.60292963935592
644.8815219381268,407.07184672664425,87.44368567906167,163.8186095977735
641.105018220358,419.092466587681,93.68699647258222,155.19457526948145
645.484225317176,407.75659946355563,87.2433770458415,164.3419658423237
641.4889806195793,421.32151611896074,93.41495185881945,153.81410666491888
645.8490921736067,409.46168023951384,87.193290218789,164.40659464020507
642.2681244218547,423.9709777262739,92.92905880366015,152.72602061853524
646.4987312494318,411.6200542629797,86.88860343093597,164.2707528995336
643.2331211175333,426.7453978989936,92.2473560897322,151.79087522498094
647.294837112436,414.3151524504044,86.4891498260406,163.7329478939589
644.4332029748136,429.4036107542122,91.56157495416414,151.22100406087498
648.2515201136484,417.0859952538772,85.85903164030606,163.02304383866453
645.6581127341578,431.91153009254856,90.70705898392953,150.73334354330984
648.9905454842303,419.99997550189244,85.51647695142788,162.27712918061036
646.8337846444092,433.80209198477996,89.89158003989405,151.14668561473172
645.8467850191291,434.74393283001876,92.32105649693767,159.0174467781166
650.0851844946401,426.13822572957383,85.46683346110149,161.94084344249666
648.4431278314287,435.7745554454438,89.55727670575561,156.36275798904904
650.8695311441201,427.1349024356448,84.78120862282424,161.25181729181827
650.1685265772496,439.2561877456967,87.6817855405659,152.56760406858177
650.8960803062942,439.5737847957433,88.22291603446456,160.4866667504793
643.3624284863873,425.56773154667985,88.18905665337468,160.7141314723533
644.3994282487602,436.73956214047394,90.08587742132477,153.49771285611814
644.963501223405,442.9475191014426,91.59053911374735,152.31830958689534
648.6930565398079,432.31404921758804,88.34949710382625,162.04752309175092
646.8185676658632,445.98976346977065,91.83326543847215,151.19209361632784
650.8469465355223,434.2013284904365,86.48568232137052,163.4535765480848
649.6170595258777,449.11518393526103,89.7464016768181,150.7302938485857
649.3130011514907,449.6583912039461,91.7172714106623,159.19409120086294
653.3944704809003,441.4524971574906,84.64035709710811,161.7529154441463
653.2072483236361,451.3552422531306,87.33583922049183,155.44116259388392
654.4488742893718,452.5002685248869,87.28157098520933,161.29526353452195
645.451063949791,440.57924122956274,89.48840541650839,158.8514665263773
647.2979057714538,450.75867220332964,89.84372826168783,152.63313616021503
646.8960504226484,456.0373794603893,92.61752468333952,153.30557498807138
651.0697520739748,445.7041417033172,88.35247881684063,161.43782478060075
650.2880173502501,460.6460834044983,91.1228091448877,149.48625120304678
654.0633110791005,448.2566051516716,85.25455364755726,162.62931625727595
653.8969642577811,463.1519941786469,87.90498249631423,150.12008058914353
655.3609344283801,462.2726033338133,87.91769224190523,159.89214984877094
647.1193094237265,449.11100250426443,88.91559473006646,159.12845695986857
648.6126377194385,459.41911287802213,90.06878150957141,153.43761688595805
648.2160138590452,465.49568565715884,92.7469035191134,152.6922467738171
652.782674013506,454.76006127050664,88.16308039738942,161.50158002430862
652.6779132591766,469.4979181485687,90.22422047454643,149.53831684230545
655.789842686514,457.3489147590426,84.95651580042613,162.60557220861529
655.9771948188978,471.9075737288824,87.2970149366189,150.21125415734218
657.5299247007008,471.14936415004706,87.2180310732042,159.87084352008355
649.9559818867514,458.62547745199356,87.68370834375548,158.50844760996472
650.6901891447644,469.279631250168,89.96162344827667,152.95252454365232
650.0434017753987,474.2802952909004,92.786498386522,153.68058843309598
654.7159344767282,464.4371054595622,87.55442462059648,160.2119267547879
655.3015805235882,478.57058186499046,89.39288837769254,149.12411288327382
657.5310868830505,466.4591878887345,84.24678590601388,161.60658977897037
657.6376463803413,480.6811084943232,87.20549482387105,149.4884599770984
659.4227975164073,480.7565068826248,87.258738257745,158.85524877802794
652.2256281872353,468.3334199105841,87.17909428608095,157.80870961493747
652.1278394316264,478.6610027475149,90.3544056718215,151.26816187331997
651.9355860087858,481.3170182059123,92.344139896255,155.50570666487397
656.5504678879506,472.44042913895373,87.23262276851187,160.61404814512696
657.6313034030679,486.76982890020804,88.40720602970669,148.86925127711243
659.0746782434376,474.887832584233,83.98217679791173,160.87455948703962
659.3238131996525,487.84288782423573,86.75238976447781,150.2268293531397
660.897195754937,488.59138356141705,87.09825049160145,158.5012714186696
653.7795695583671,476.7143816053933,86.91936793950902,156.86618736736636
653.4345231781963,486.8972176016131,90.40815847481463,150.14714674871777
652.8052956902593,487.9297744822568,92.67173851509688,156.7690265386002
658.0405495897011,479.3813446629797,86.67288954157004,160.55361038257377
659.154388147377,493.8023218639505,88.20181182544843,148.6783553805044
660.4955834782404,481.8624060178995,83.83498077836566,160.6279204518289
660.7522274641813,494.3667515638481,86.79877886717418,150.44762627114324
660.9786683548186,484.1042902069021,83.6979916091733,159.82643003261182
661.5578464072281,495.7569719782323,86.13623420145302,150.64697114415458
663.0397427479728,497.3857562835814,86.31799129551143,157.26661483519877
656.0104513951601,485.9632209763977,86.12953279186968,155.35048506828616
656.7738827403449,496.01685437061644,88.45523980427845,148.99550382958853
656.727436563757,496.7377952120853,90.60949237794307,156.09730510779184
660.5348373940085,489.38416413642153,85.72408074561667,158.40746979478752
662.0427998651562,500.4996556701244,86.23002861736768,150.74055182648044
661.9657342567607,490.3940288452799,83.48897986452607,159.17349443557737
662.6029237642149,502.0410128341216,85.84048640356855,150.20307906187043
662.464845934858,492.13760471010085,83.14751150453503,158.4827755588634
663.1502779002703,503.34829743458295,85.318819683421,149.944914145844
664.136046011125,504.43689342706836,85.65892475246983,156.7017028103939
657.2071234308767,493.2758984074969,85.40521262593552,153.8633204369454
659.0652218527331,503.050610930776,86.60147834747283,148.51365494277547
661.3322120377934,503.649783435258,86.6497007168914,155.29351805431452
663.0165132474742,507.001809138118,87.37164870268657,156.3594305314391
656.9485683518164,495.23186652844333,85.51788126541624,153.5193697460768
658.8672604362102,504.82068372641857,86.71052186239672,149.14237784077955
660.8985330043374,505.87280584260304,87.088770019202,155.39122709440926
662.9191231749344,509.05554303047217,87.39264249831399,156.663094554549
663.6486786637349,502.00285755160894,82.95061102901559,157.53870821320731
664.0390777118806,510.86522336376584,84.92835950983283,151.9886314700052
657.3946790894106,498.30443960314835,84.64642442610625,154.69640231781648
659.2280174813005,508.9718443407056,86.19216232117822,149.23289675366482
661.4337260699972,509.95533820833543,86.45010862734352,155.24722193173102
663.3180301513098,513.1749297932249,87.08090523775854,156.21968444285972
663.8667322798185,506.19912620031846,82.78517360618048,156.91974306992915
664.0679847947931,514.1190086984145,85.58958572404617,152.5515404206967
657.5847227989291,501.70371991103343,84.82529322080586,154.95817678577805
659.5352733874669,512.5197385935501,86.15880413252228,148.88588832064534
661.8477970456638,513.5318245119975,86.27211814966222,154.832282653088
663.6845441328102,516.011408215165,86.93117650630154,156.71093596835237
664.1616952573365,509.3331565994853,82.82018527680862,156.73866863895228
664.3539509378365,516.4066483515041,85.58321917549847,153.53598298558018
664.0687410802693,508.7120217004699,83.01504044683952,157.0224734486501
664.6618072373223,518.4328528428437,85.0433683941884,150.37207230085414
658.0029442380352,505.2037291632778,84.60566099353434,154.54175284088944
660.1215018728162,515.5769104175197,85.62728543634694,148.00301126777777
662.5418973193018,516.1544678261552,85.70855875603138,154.4179600848139
664.2954795299638,518.439450725909,86.48581093846315,156.44386351275762
664.6248616013518,511.7281321762888,82.78143460781064,156.0807610601653
664.9286668188179,517.7052716581829,85.47901917473064,154.18164813880617
664.6681047173684,510.206662848419,82.81239169981995,156.15762406106933
665.2258859653037,518.9314540670977,84.92134242261784,150.80875738676275
664.8586958058702,510.3379591479138,82.47087210493282,155.7757021038675
665.3626365811324,518.698213341289,84.73926363620194,150.7088213143537
665.1957589504284,510.41182975230777,82.0142712304721,155.38921433120947
665.5698866854491,518.4234376065124,84.52249705114991,150.7048369130116
659.0103989345538,506.0164181453699,83.92314326260532,153.75420471410393
661.1510807632444,515.8201423067458,84.88567636310518,148.0820564949164
663.6072596087001,516.5867844938682,85.00035347952826,153.6187194955362
663.7205466136861,509.72023692478115,83.65337262118112,155.52797467797404
664.9213952323073,518.7270856859799,85.27556629372043,149.05249212716592
665.9959405908022,519.906000687919,85.981152909466,154.75644249689867
666.3661676310599,513.3545104780983,82.13244810204867,154.8869974135464
666.6499714059809,519.4228334188911,84.42947585946524,153.01352351076594
659.8263842732006,508.081828087177,84.24438045238139,154.07913307977356
661.9424622747902,518.6035243951468,85.1988498991559,147.15375250571617
664.3655181573765,519.3040351411505,85.27304360357743,153.40718259761297
664.3382562512672,512.2736188002364,83.52823963674791,155.42995030501606
665.5865554468947,521.3179875969827,85.30614808565144,148.93924119049643
667.0007164388375,522.9140951544537,85.25704237806337,154.35621424234387
666.9679016097114,516.2882090360074,82.23891193803001,154.45514453268777
667.2734645624327,522.6345761528632,84.96143969989873,152.27875544255085
660.7121210341231,510.81410275019766,84.21721675626941,153.88368309843577
662.8059445144145,521.6865610126242,85.18854491385264,146.779766266455
665.3561521500726,522.2428065789413,85.08639851356179,153.29297086097586
665.4117443162713,515.1654314496918,83.08665509543016,155.05276722123108
666.6566586593077,524.1698809047484,84.93965701277591,148.70476039916912
667.3121307960114,514.8119745578884,81.02212961364296,156.4467844310111
667.4930501095386,525.6856299509228,84.39766766199489,147.44082093811573
668.3914601331712,515.8986304991263,80.10342218162941,155.64012260298796
668.3747868956998,527.0145632157087,83.75418029446155,146.735030909972
661.9643424579256,513.2869662596559,82.53301968576739,154.10784493653728
663.5758667270898,523.4005519004454,84.32041801523292,150.563947032731
666.1760228739518,525.5574399187709,84.25779815152737,153.41279387764678
668.1693856129955,528.0958284548999,84.77639077360527,154.6796258281879
668.2825408960052,521.618447470182,81.75014963988019,151.859547829456
668.9022856462516,527.1758735508092,83.73888959100532,150.54608726284187
668.6093820001756,528.6683983746395,86.0829044257514,154.95747693061207
669.2274775998908,522.3936288538227,81.82207967569661,151.69777793673882
669.8431434493249,528.5187726981164,83.25122919967373,150.23003536423425
669.2194470929362,529.5423916869549,86.22521837457498,156.4491597848246
669.839706964075,523.778908093378,81.93520508188294,153.69055021933764
670.2017760959445,528.9026011267911,83.6598051506387,153.90648993271247
669.493655901716,522.2490303436527,81.82847433148595,152.7888192421035
670.2853909896057,529.4433587474618,82.97442789340676,149.53903553834607
669.5745131298609,530.2777696376468,86.18632237681595,156.17367691532104
669.9199556736844,524.6062975802699,82.21561581005972,153.3661264973665
670.2449282192074,529.2273490551208,83.8842884903579,154.22161346039275
669.6716549040709,522.5094678784462,81.83391990098812,152.89860309915605
670.5235354492162,529.5894424608052,82.8888200294972,149.7061266591354
669.7107804196935,530.1316684418953,86.01767923795478,156.80505186603295
670.1262865208794,524.6976565290306,82.09406917696242,153.4799210259605
670.6108186921833,529.3936524230423,83.61486129300783,154.4310137420082
669.9624140928572,522.9191415196792,81.80170936925197,152.3461743863138
670.9173638936402,529.4651825184546,82.82183963711736,150.0846492400642
670.0249417001639,530.2048861420262,85.83754080260542,156.94630092291482
670.4252080056135,525.0100224231192,82.06927484150299,153.30197869216352
670.6659071840268,529.2346985287725,83.92235909970941,154.62228850161569
670.1095877394946,522.9515938869308,81.8786901848938,152.23304792332897
671.1771751661415,529.6123497851306,82.62117450129449,150.01616653381348
670.4442458645294,530.213686255325,85.46877495496301,156.932887165691
670.7481143836999,525.1390125634341,81.9330303166571,153.08451559640787
671.2006320059456,529.457418897374,83.14058464111622,154.9416881064633
670.3124732801707,523.4968187319262,81.77171602448504,151.98996251702283
671.4491215360656,530.3809066404096,82.34622885351837,149.1442242534049
670.6463893825239,531.1638711371788,84.97283566354463,155.41626972915674
670.957482540623,525.7637496977204,81.48632658163422,151.43509203800818
671.8646782890314,530.9585864704833,82.29062931947715,151.2624309158449
671.0442801454178,532.1497443813822,85.16750662438199,156.98313159390557
671.3137979574481,527.4940207022019,81.7672825193008,152.63870386780275
671.9849323333837,531.9206625265074,82.82598895787203,153.81259357879503
671.5565316410607,525.8290490381123,80.975793357165,152.19300007471543
672.3829634812428,533.5039130586542,82.35549572552554,148.31513915312985
671.2658900769056,533.5512557875661,84.88670686483601,155.3990030451571
671.9407813808389,528.5176205763955,81.06485249965203,151.57392681246404
672.6722489805525,533.0453693636289,81.94383566866054,152.397730765814
672.4168380601755,527.0674570728345,80.48580789941377,151.23903320735576
672.996018030073,535.0306935872366,82.02503561580966,147.15123899258856
671.7560180001146,534.7461197229796,84.75573525975597,154.84832457750588
672.8968287413918,530.0846963732615,80.37466473219126,150.28482394945422
673.3690133066673,534.321267895908,81.46544969453771,151.65730230519875
673.0013384409435,528.4949653066642,80.2950306769369,150.44171273871564
673.6049368377551,536.3393692578802,81.96400107489922,146.68245394829046
672.4148703265207,535.6507065862343,84.46879598170199,155.60741319005274
673.3975104973531,531.6422713751056,80.36958175485597,150.37200831557402
672.9207116310363,535.1385901657197,82.69237620101603,152.26155770983178
673.0578070262068,529.526515873315,80.4705810508475,150.49029969341814
673.8858136941622,534.4427127115732,81.26145517822715,150.46661036333126
673.4825263873645,528.5385897899178,80.54638202561364,150.42211288009366
674.1591474473464,535.8274662327572,81.7197352365572,147.35275042787634
672.9038029368769,535.1640982599674,84.40628295049987,155.8485783113474
673.8904234203151,531.241940653937,80.27278204593506,150.243939882218
673.754998826801,534.72447179524,82.06845796653442,152.0383504336072
673.672625003539,529.372075885994,80.4548024293531,149.97704360182422
674.4931921370484,534.0809715204641,81.06162676292945,150.51411875583244
673.9763568987264,528.2641763504685,80.28480966505185,149.7179121360207
674.690186913758,534.9909552696639,81.36062497464422,147.38632619800512
673.4631294615695,534.4705562198887,83.8981002349185,156.01079982926626
674.2875690222681,530.8533681773447,80.21570940419451,149.83756302388008
674.005404056499,533.7641812466687,81.85560423690163,152.37907444977225
673.7515517256975,528.6017345930541,80.94014087936705,150.08451836455004
674.9913172385511,533.4141548502612,80.7221969973732,150.25575075003871
674.543150117257,527.4745720347828,80.37181533913099,149.7572989597951
675.4636389245736,534.8068759002906,81.20937693465862,146.838558122201
675.1895723115194,527.5967286675686,80.00010009446828,148.92138055765827
676.1331334837464,534.6022308974102,80.7044260942223,146.23809973485504
674.7596757765723,533.3153189905793,83.25880238467198,155.60681967862547
675.6810404359865,529.9381095955785,79.7587297025758,149.06319887206814
674.8667281070443,532.8966473344915,82.00899862582924,151.71137550975868
674.7809893613928,527.7884079619657,80.87989920179007,149.3716084098853
676.0534558217855,532.437529774626,80.50916073991039,149.95350643780648
675.5275416221311,526.5007540568595,80.23125412760896,149.2117704555667
676.6008350198314,534.1265614589756,80.84545420631878,146.0642690767345
676.2175012563439,526.746705135919,79.74418136463123,148.141942247276
677.5895676298915,534.2496729339532,79.88919509944617,145.00907738553246
675.9775128425013,532.9388864754073,82.79325604027008,154.90592362533243
676.4386987186117,529.6722341612067,79.84350361561883,148.3523873819263
675.9615395374308,532.2915697178335,81.34944953281263,151.16716876861733
675.6273911572534,527.4537646668518,80.9098683815364,148.4845547523738
677.0106906699299,532.3095830200011,80.32943688618275,149.17460934273618
676.4665893684614,526.5360772265103,79.73816228944486,148.17387429071687
677.5606576325862,533.0462411065694,80.02745363080987,146.737782609614
676.9197165762337,526.5078130926686,79.54656020874381,147.35118380440622
677.9935088586583,532.7283533240548,79.51937166525511,145.82943579359335
677.2331661743303,526.0960926355588,79.44886327576182,147.28026963113825
678.1104228127929,533.4078701792821,79.82724335569492,143.77368711322197
676.8583308235875,532.1488513741654,82.29598488532702,153.92151746724926
677.3142098532287,529.2198757528583,79.79016238619249,147.3145267837964
676.339943688492,531.8581378264946,81.87232228101675,150.23943855527455
676.6806724628273,527.0619644296448,80.20585276316149,147.10770596818168
677.5367863482747,531.457025265038,80.33255750335502,148.8252650615916
676.9749305306809,526.249493711053,80.16405785410086,147.23382258927245
678.3371164278545,531.4725585111396,79.6020925415163,147.40461094871853
677.5473889156974,525.8418597351838,79.617364424583,146.70944626224446
678.2111755873391,531.4763537330308,79.97208994417292,146.10120165340902
677.6374478297587,525.3189258818347,79.77882728792702,146.51941240675615
678.2868428201054,531.6900995400156,80.10012180046715,144.7805117726366
677.88551699245,524.9755841065926,79.46674530468783,146.12822185810455
678.2769326171297,531.6338007934573,80.05383925586102,143.75840435193186
677.9138550702321,524.6257035512856,79.37912908211933,145.76558665248615
678.2705647931691,531.4917238951284,80.21151804309989,143.058868052628
677.3000640012106,530.3034735848769,81.88501311544496,152.998093574231
677.7205498406183,527.1751534641287,79.77909498908093,146.58294873151476
676.6063701190433,530.2229573044715,82.00398184116057,149.29149795645571
677.101281173025,525.1514959016413,80.17965683916736,146.3683515182363
677.7560671598167,529.7292694147227,80.75460679041862,147.87911229793872
677.4353093557334,524.3442223922248,80.01261612095573,146.14270974101476
677.8160878205308,529.7127792256936,80.96032532933236,146.54841259837508
677.6278837441496,523.7335593876803,79.91389996215355,146.20680520522887
678.029051719494,529.5507434390292,80.82770879725103,145.87951496115238
677.7834695428899,523.4454238362032,79.84038839577534,146.14209138100887
678.1142255923637,529.3357219330871,80.74294297384813,145.46452783004975
677.8761556198051,523.0302472808216,79.82851179614681,146.06749421199947
678.3862667549101,528.845510180695,80.47097000512167,145.25633370194612
678.0888257651613,522.6116101256655,79.72245763753335,145.94453229323335
678.5073349603387,528.5794277543828,80.30848856766795,144.82778792100044
678.1522675382782,522.2373188384748,79.64024183494621,145.71167045619745
678.5938614631157,528.0938262155054,80.27046503087945,144.71228125133064
678.2723739732112,521.796932422569,79.53955900426263,145.5103393111275
678.6156158017645,528.1765492184977,80.45613054167143,143.962525110137
678.379228488302,521.596468062683,79.43879981638406,145.41820574776602
678.5003686194736,528.1235102125831,80.6272616023657,143.59739850066944
678.3065274449052,521.4076078779697,79.5042472490403,145.27253705672842
678.4197507513318,527.5686858753904,80.6459064167484,144.05959230311032
678.2955511770087,521.0897249096156,79.40347800441259,145.08756207628312
