530.0,525.0,22.0,62.0
529.8062297981232,528.3761744428193,22.368627820163965,61.827160233748145
529.7074800107084,532.0544371678257,22.74382332840355,58.811648881772726
529.8797807261935,526.4541153405589,22.408338209352337,64.66767826324894
529.5917010553273,531.284642891962,22.899228630875086,61.1424691844918
529.6413192434311,526.3438832138489,22.63601551703755,65.66144757229074
529.2911469127157,531.3537608673876,23.126770233345383,62.04553886992085
529.3921863783316,526.5882828005042,22.797395319875022,66.18676342481285
529.0010079545937,531.6610404969647,23.329030925239294,62.58265890548739
529.1170306772547,526.7554433404523,22.998099281413033,66.88630162773893
528.7531580973755,531.9441904855394,23.548066044536995,62.97087643359623
528.8212892403978,526.8669264312332,23.1915886912592,67.59804096182302
528.44318813474,532.2574099586138,23.74155674066151,63.24476643971127
528.5146932667976,526.9211128612304,23.397603647194046,68.3017048725684
528.1309419926256,532.5000349193742,23.93168095663168,63.6520157250809
528.2827712519579,527.0418972755342,23.504144368665038,68.85007441237212
527.8159257963416,532.7415815439047,24.127408427902992,64.05381571181215
527.944735025123,527.2887255877613,23.6781758608804,69.27889111708691
527.5382203529443,532.9308093737701,24.236464142122713,64.826822470911
527.682526472368,527.5582819734457,23.824655896910144,69.78476380092138
527.2497554329366,533.2389518580339,24.390088355288754,65.27547830207641
527.4163294642713,527.7908978286989,23.952410831758243,70.23507767406068
526.9978258573747,533.6445025906601,24.54966208906444,65.39575929526939
527.1921569276742,527.9449053551774,24.054605300134426,70.78405689781869
526.7389587385405,533.8722831944084,24.6955074080945,66.01497497683442
526.9546810390895,528.2819467951219,24.17441524089213,71.1287809073051
526.4892984315347,534.1418714211122,24.785551957114194,66.85360381928115
526.6824095042928,528.7039819623462,24.30604579745841,71.6020673936057
526.2393408359242,534.6575146187014,24.957605218963863,66.86912783253081
526.4344692636485,529.1595679883959,24.466564528436265,71.75464807240894
525.976101404053,534.9840398381224,25.061281198919346,67.48988348074636
526.2081062523374,529.5569871190601,24.54700588562264,72.17751126810253
525.7375588621817,535.4985531980626,25.234604887260502,67.70392768070792
525.9530949756715,530.0329272613644,24.708182373208047,72.54845774305522
525.4766731073528,536.1232858459666,25.36815325372379,67.79355121332651
525.7176684468614,530.420907706045,24.79378129233737,73.00246635817962
525.2605234193645,536.4811126062623,25.442268182768203,68.25202076104233
525.5088548562791,530.8102722786602,24.87555480656431,73.31456000382559
525.0326743275596,536.8597466823257,25.517486884458776,68.67660569035525
525.2230530552214,531.207524167626,25.009881351471563,73.70769533227701
524.7820090289606,537.3210660218866,25.622398132711282,68.96010085439275
524.95205997429,531.6530052107914,25.1384841617255,74.02734414985002
524.5257787479059,537.82606274924,25.71617415091623,69.09388282906093
524.754122013539,532.1025143340564,25.170125952572562,74.15103696584879
524.2596594229262,538.1403000319906,25.839852704749546,69.44308561694288
524.487468457434,532.3535366298031,25.278271272436882,74.59005339628447
523.9895547595404,538.4042332993624,25.93601001921695,70.17819857827476
524.1865127322167,532.6665367743891,25.419284934032703,75.09811789428852
523.7114412679764,538.9099600812292,26.036422991824338,70.35801208569728
523.8858550715036,533.2516717371163,25.5568619337231,75.21310891823123
523.4219107594924,539.4399045909902,26.156422987933183,70.5657869460631
523.665703356709,533.741136636727,25.59227893534171,75.54523161897839
523.1226742014369,539.9476768609632,26.3082045889214,70.82439868235338
523.4389652344784,534.1059180789816,25.632262562240044,75.92134397323207
522.9195510805407,540.3002434814043,26.333941317433414,71.13348026954918
523.1919642180181,534.4795006559762,25.744431070071073,76.25301573223351
522.7195566394937,540.7658589513483,26.387901869489383,71.45857495005544
523.0080865589646,534.8698970609418,25.785919152323004,76.64121823737844
522.5614670434779,541.2192608639675,26.422304497728874,71.81030191859793
522.7772257057268,535.4011334088076,25.934034161084014,76.78691410902445
522.2291735688959,541.6238199601648,26.658415205247366,72.31249284335593
522.4062480967946,535.8312377401189,26.154950004086004,77.17295809652501
521.8952961217051,542.1617665209027,26.778691237334897,72.27012783098166
521.9929449263361,536.377408126374,26.365933993953263,76.6955341569593
521.6073157353512,542.7163804050497,26.77257266060201,70.21663382130055
521.7512857982324,536.3859680073648,26.334338369260877,74.03271035136925
521.865924336038,531.3771105221631,26.085374322196003,77.25646077724014
521.352022547373,537.9854170841977,26.777298882428113,69.79734801706809
521.4975013302821,531.3960733082274,26.356410733587836,73.84640135988911
521.5350677241004,526.7060195619492,26.22919695615019,75.17590349657212
521.499310975887,522.7447133662497,26.230332451383447,74.19553445405154
521.4755060026854,518.2214700342951,26.21808999858854,74.90829964033685
521.5110321144081,513.9656660942034,26.18916794636357,75.5659613616624
521.551266519484,509.91697508440654,26.195487258507683,75.94158228371009
521.5078939756595,505.96589405399425,26.29528721224517,76.23493797865945
521.415462405691,502.3228764125457,26.448894198197195,73.86510649602815
521.379186280451,497.6005168324763,26.48286934463067,73.09320493465566
521.3593676517339,492.8077822082846,26.48707283920612,71.36789271406019
521.4258619219131,487.3249644560934,26.321294758826298,70.65668391103952
521.5016489374477,481.73155170366925,26.16771257767232,70.10353998321108
521.4386890383566,476.1448286891849,26.3357599437104,68.52246600788669
521.577018903251,470.0158781668015,26.079292689198155,68.21738352365674
521.6380500569278,463.97085826387723,25.923535874950858,67.94402015494978
521.6564968802286,458.00339105120224,25.761856419811693,67.63706276341475
521.7376859716624,452.00539595989994,25.611504110291207,69.2948562218105
521.7237829937058,446.6461267411377,25.48680477739481,70.57388629626342
521.670830343269,441.93487584111597,25.400959290706396,71.79921024549787
521.69877675181,437.4566929866419,25.227055319606166,74.3056846900231
521.1186777956582,443.764869402216,26.052784515559665,67.15068090062431
521.2286933545629,437.2111660356684,25.59496492662379,70.97725556070912
520.8210787808412,441.91743993662834,26.01734734221236,66.87929664740597
520.9748729777903,435.4641227506087,25.431096773099853,71.86619373005357
520.6281545436359,440.60860356805574,25.714119112610206,67.49127357124189
520.7714473112453,434.1440442848589,25.209839056914802,73.97954605153035
520.3636580852508,440.21979158404196,25.71935868831838,68.64363809027651
520.5474277417909,434.2895028496601,25.214253265010257,74.16692164091938
520.1498337055623,440.3347115429234,25.75761457462545,69.32573037015288
520.3563168549263,434.4518604139613,25.233438290656295,74.60190107044525
519.9158669406715,440.523868790685,25.809221441713362,69.95280563419362
520.1112816309144,434.8173138299055,25.313709894486465,74.95686187695696
519.6775018858707,440.9533710800194,25.905853557185765,70.32292850435817
519.7645748256641,435.2897261952753,25.52911184476818,75.18624307204982
519.3565318359178,441.3541330130138,26.060399509133276,70.65368159723221
519.006005916498,445.4436749630647,26.409361632350397,67.79405346119916
519.2328118178903,438.9878065328194,25.71650321284551,72.39917825215116
518.9531318326299,443.99513582825205,25.94359383627807,68.60745564241086
519.1642450741926,437.5655280825266,25.409951221231495,74.89848466216142
518.7283166544626,443.78130080743426,25.971706567487217,69.67786724588677
518.9178378229466,437.7277347183174,25.449470952014508,75.33437804809114
518.4679132866363,443.8746451853575,26.034704086166812,70.71953181117101
518.6104276990088,438.21082940582176,25.57085447475913,75.54754778815129
518.1911403732634,444.4270035992025,26.120204844764885,70.62950320470293
518.3443176096212,438.4632673202405,25.64578497750597,76.02215033364513
517.9009425905465,444.85227542317176,26.2285847444781,70.8435754592735
518.1339637798656,438.96104329852204,25.676504249658137,76.09224956488964
517.675419302896,445.20638446858095,26.277497748455744,71.28693126547705
517.8101779443782,439.445248650302,25.837231342711107,76.34403325318442
517.3423066065745,445.84869782581666,26.440836570213264,71.23240956243819
517.481220985826,439.8233918286057,25.966606794941526,76.6621408885357
517.0507764982294,446.2484838339978,26.507418794631803,71.51130762617112
517.2365039542159,440.31956315147323,25.98324832731214,76.82667614392625
516.807432521719,446.80211181440325,26.534217182357906,71.24285565084335
516.9856833925288,440.69372968103744,26.046881440382094,76.75109436703792
516.5840212948056,447.1477354722597,26.531869851365286,70.71144877492725
516.6807782830734,440.82233304672627,26.182431586841062,76.0451951450051
516.300613116281,447.0826340965965,26.58394108427251,69.52352775702104
516.424501701948,440.44776623162454,26.159353134853973,74.73700478317278
516.0901663050331,446.0803333904423,26.496411179862662,69.2972448429449
516.2269609906361,439.48721088460314,26.04245112501667,74.2517118590444
515.9457541556026,444.95666432752637,26.312568569985388,69.11303418906789
516.0546621764879,438.51748371790745,25.928218760589516,73.66668757475782
515.7331840441404,443.86612410745454,26.278719810496,68.69672272012656
515.9101914045127,437.5094697231525,25.79967055090276,73.1712058676053
515.5679199652832,442.66769006943844,26.17592895384746,68.53837149550475
515.6642559017264,436.2402987296852,25.78418778993455,73.80251737123484
515.438372378736,441.75189281664257,25.98872673834194,68.77134181171618
515.5921534567183,435.264661072144,25.549218211894868,75.01793322676349
515.2634695832303,441.36048188432585,25.981630510693776,69.40783212102758
515.4246899553674,435.1007948452602,25.52947845107019,75.38135707278752
515.0160672513834,441.3529622097843,26.07727847222918,69.62255080922296
515.1476830999536,435.18004286789716,25.630453413766645,75.4147954011317
514.7458193993343,441.36431762567645,26.149347833969045,69.9224582492792
514.87564809305,435.2017447455705,25.69433024832881,75.6069459933974
514.5100319744893,441.44537263049926,26.137500645882596,69.86031496054318
514.6547768894628,435.18359247367954,25.687380201862425,75.76452067242911
514.2709809701419,441.4738659522277,26.179510485144988,70.3042611694973
514.4631014177118,435.4266316739201,25.68683807150819,75.77957453857636
514.0515804182432,441.81712094778595,26.194413216123394,69.3586226330267
514.1146822829779,435.48757639626535,25.876430409799696,74.59582438231268
513.8360675455519,441.16459134538934,26.164336274292168,68.88521320744258
513.908671897774,434.8371724318778,25.812360678705545,73.35503710189431
513.6035297010708,440.18713703455563,26.11814997363672,68.21379472604548
513.7160468481827,433.8123754289861,25.714445531904857,72.721239759112
513.3768407847415,438.967612513978,26.093469730897596,68.02863499387888
513.5243337577266,432.5291141228433,25.621255930195275,72.56809031859211
513.1772009279339,437.74606832998967,25.998174260364976,67.67748137434404
513.2884317227506,431.34383980381324,25.550751293077383,72.31303971033185
513.0100037635382,436.5220957366705,25.821076201896062,67.57368863827708
513.1355484025553,430.13688229791677,25.43614084611181,72.97621057761796
512.8514235592861,435.6560388618542,25.695842880816826,67.66852726076479
512.9295005976919,429.21525141749123,25.36280053934206,73.61468354343617
512.5576060223466,435.03625205239575,25.766268441507236,67.80258359936181
512.6754386289354,428.72980233678936,25.367637564844244,73.34148633500251
512.3522656563218,434.40645907830077,25.711571203813946,67.88138020235164
512.5123818214697,428.1037616140369,25.289894670515878,73.60144310834357
512.1489224916108,433.90978207900275,25.725428820513343,67.72620859798985
512.2920225795448,427.59628718329975,25.323535485299544,73.37907133328065
511.93785137979285,433.2991410534653,25.702420563918167,67.76374080238588
512.1039744422751,426.83951675826916,25.305032864678992,73.63664991637961
511.78972616052965,432.6886262267519,25.68001150706243,67.80211899482833
511.90151591583185,426.4540271836928,25.328247747421642,73.24931367435767
511.5771305873154,432.20848960922945,25.669135340931803,67.5290596495596
511.7140095773426,425.8216033911973,25.28737690327,73.03842834986892
511.3577289872836,431.4199542414611,25.673949761728295,67.58197816396677
511.4787383166761,425.17524661465706,25.30502568408906,72.50207260548149
511.07522978697284,430.5816911445684,25.764371244627,67.11634069676137
511.26226633234853,424.21183457964855,25.242546570861123,71.74293513440819
510.91915001176517,429.3714055247113,25.637425701700067,66.90078046700563
511.04613602044174,423.0680809394594,25.24554897832968,71.59682517693363
510.70869575214397,428.2204850247062,25.644051755473583,66.73473213875292
510.83741592916635,421.96966919217084,25.203859325310418,70.92941590214969
510.51745491163774,426.84481291920906,25.598782269381672,66.5368564381854
510.6789053806492,420.577268446861,25.095326385172484,70.96437451585945
510.3767884578847,425.5586186440931,25.48820110321776,66.30535978052654
510.4770095216636,419.22424501618156,25.10012053884043,70.64190910815688
510.18958848344687,424.141743820394,25.465545243550423,66.096458736508
510.3637873175581,417.7839940688594,24.975438057311123,70.3745641024422
510.0655786190637,422.61065094643084,25.3516959339413,66.05637965963194
510.2185430838531,416.3186123417857,24.926044300587137,70.26365154801351
509.964118528148,421.21337251166256,25.280920294039333,65.80688324441712
510.06974694194605,414.9628215904518,24.885268018337,69.95407307697508
509.7863867046326,419.8708014158351,25.26767353641469,65.48835721620162
509.99164375404325,413.5856179304371,24.768237547823446,69.7491043710383
509.69340731888974,418.4072036365793,25.207459292962085,65.33574554031804
509.86998878967165,412.14248980899197,24.731714386586873,69.67177733397693
509.5202357046686,417.0855815715672,25.240554787744713,65.08807625930967
509.6768590430107,410.8173511290507,24.77328108219467,69.38424799941487
509.42954623910896,415.57475735916086,25.161344896706623,65.13413951972262
509.58128618526825,409.38239018629685,24.720832154010168,69.24617218997508
509.2579613344602,414.20847012304165,25.16037043245433,64.87436294631021
509.387685062369,407.94152040093223,24.737102797063812,69.06348924477032
509.09223005001695,412.63860250047674,25.095902072371132,64.87980591298242
509.22178717529187,406.43169194807064,24.666322147596475,68.96869189123879
508.9128733786888,411.2062650159947,25.076240178556873,64.64329287614595
509.0200141629748,404.8952184948844,24.630407359413766,69.1091765097056
508.6597849126558,409.5697706598992,25.03595802577786,64.84629873537779
508.7647599159279,403.4874229334239,24.59967158856557,68.8323967783308
508.4304534487958,408.2057867518566,25.015713330436938,64.58647242654348
508.54780008731257,401.9447504968491,24.58098024812864,68.93671322846882
508.22061181246033,406.7548672489968,24.963406225915605,64.40294556146387
508.2857032579532,400.4442777923764,24.60328312787601,68.7663746833843
507.9856548792941,405.2252882384258,24.972310199675462,64.37823267847506
508.15317118402186,398.9737862362756,24.511160623268893,68.7143195661011
507.81816024200225,403.6739192885602,24.947531135313852,64.41187166583904
507.91704268902913,397.37391902282764,24.56603412536515,69.06638176025342
507.6013902020791,402.15993309025333,24.886449018731696,64.55522637234395
507.6253571759747,395.912069290388,24.57981488526957,69.39541327063898
507.35168361811725,400.85560025364396,24.839787236094026,64.59196027812197
507.3947693066533,394.53172835073747,24.5375208185186,69.92795705921446
507.1196740316186,399.7786359906101,24.838853629521054,64.74937703886468
507.2154045941538,393.51063496726135,24.48729170503134,70.13776415588825
506.9071855091747,398.8109345831446,24.858753911782856,64.84031973924829
507.0431938370284,392.5216398197053,24.469025144000057,70.53132489894307
506.73902380854906,398.0049319161988,24.85268534278407,64.98875666769021
506.858939311777,391.62179372053737,24.440225523647996,71.18410825092468
506.4168089487184,397.2224567839038,24.943011426880275,65.63816591074101
506.5727627193155,391.0194737171653,24.478584236376264,71.49139053199337
506.1515937561454,396.6951253305354,25.010388844621616,66.2859380264419
506.3221912946449,390.6825899416172,24.546931102919416,71.85826907886945
505.8970205703546,396.337579853748,25.12487197499661,67.13907327789343
506.05476260718274,390.5822208848772,24.646331197021482,72.31248156874847
505.68770242429923,396.3134962026493,25.153768417377478,67.4998445830787
505.8246471806768,390.4449745924652,24.74768832200715,72.78112649545994
505.4193177164934,396.2887484936394,25.290377638305927,67.71104061180671
505.5728320187154,390.4096235179509,24.82088837898482,73.07506708284461
505.2096699949261,396.36699625284496,25.30732415383477,67.70593026958295
505.38727276798636,390.32063072268795,24.83460050280064,73.32353917212401
505.0049835290597,396.2871656146541,25.40064897207708,68.09316343202676
505.21592002202647,390.37928806466033,24.892624874241505,73.40646500290649
504.7539701488254,396.2283247747068,25.507198777687336,68.57093797156125
504.94680629012316,390.40661677409685,24.994930324930806,73.7790274754791
504.54661397659174,396.36437707956003,25.57439005993706,68.92152403570168
504.7024261770489,390.65417377861297,25.14188071696549,73.94652055926701
504.3043235808582,396.55124756911573,25.687291466456372,69.36765437785266
504.52359065196435,390.831629672139,25.154148676629006,74.36691430935991
504.10675443606226,396.7571385812237,25.740582457909,70.18402769550283
504.2956038631644,391.2304733256266,25.259994505167697,74.78750272470609
503.888566734886,397.3219073439801,25.846140697093347,70.15740758503176
504.04400292212085,391.54748711228103,25.36746369103639,75.13855910059738
503.597038679698,397.60599043531204,25.985431253039224,70.57815475362548
503.75951076771094,391.97230983430904,25.501869186848694,75.40360212076826
503.3183299284601,398.08181228987087,26.091895257643046,70.86878732870986
503.5380961116439,392.4945906165849,25.531822799704514,75.54626851233843
503.0657977735508,398.6231471377214,26.177018181795916,70.85298966896517
503.25865909130215,392.8976549038713,25.639902488933387,75.81372019130833
502.7949245495538,398.9921898271981,26.27656169369743,71.13645791404565
502.9366935452729,393.1214273072539,25.79819805765794,76.32080411133785
502.4968168814503,399.3879673641744,26.358038874269482,71.42460879208397
502.6477672664876,393.5829406924529,25.852873705892932,76.38324908692016
502.194791154992,399.7572877139937,26.461233138883586,71.53189676165857
502.3691470346098,393.86655176347114,25.92294163391466,76.73460007196098
501.9455051578361,400.10460816481145,26.47553361282519,71.89274104812966
502.0915531576464,394.3457540455961,25.99673638498456,76.77906903755343
501.67010206848454,400.6593280308425,26.537114571765187,71.26716860045394
501.85499565560053,394.59605312480346,26.000341906873473,76.80012037828521
501.4334041111648,400.83418999599405,26.526768699520403,71.2959063866798
501.57936749247085,394.71229494287536,26.05310894625893,76.86507362792463
501.1403702989205,400.9705006126678,26.62109737036394,71.70671570820559
501.3194008036712,394.98307408880123,26.10371447072248,76.98706990014443
500.89291403833954,401.21920815696444,26.624825897399887,71.74078968207169
500.92058482019684,395.05214757423516,26.284119002565376,77.34363138592187
500.47115856130836,401.2519415282473,26.81453214802491,72.50793811410966
500.62846869934583,395.42735976912724,26.2904996184443,77.54850565406804
500.14908620448466,401.72228869014793,26.832310256815276,72.38487449218906
500.27577770011703,395.64256480814095,26.353184340715416,77.92428936967269
499.78901711833987,401.9790718793307,26.942518769644266,72.82642208980235
499.87946812664427,396.1174247268329,26.47955377800986,77.97931326329564
499.45924152382713,402.4300875333075,26.955370738009606,72.74213305221849
499.5926634591151,396.3185183431664,26.502397479716024,78.21551081215102
499.14508663170636,402.69843940684984,27.033654760137324,73.30508044435476
499.2900237646427,396.6734158535719,26.56067061032445,78.57557470109259
498.8298826585474,403.13152224582217,27.089347858102997,73.33461282129554
498.9791846266901,397.09082287118633,26.610215114708353,78.62467564874044
498.5086114288051,403.48353444952124,27.185848161072727,73.02003735774747
498.6634180885213,397.21145105366685,26.68078489632319,78.70434452043384
498.2254445948083,403.6630417493901,27.202966691885422,73.06550822159613
498.32231370044144,397.2964895489978,26.76257322464437,78.78588004649384
497.92239805753866,403.76090923661286,27.189497782241574,73.00169161999554
498.0369112697508,397.4030926791597,26.732710384377242,78.81494409958532
497.5787948250968,403.9027148529458,27.221152685514426,73.00778947898732
497.6621850124145,397.44880793258375,26.794650706849552,78.92163115394618
497.19198715605535,403.8785668162446,27.304916684803175,73.24057642645067
497.2589608556931,397.5993698725738,26.913774581902544,78.85710498868593
496.8423716608254,403.95847328536274,27.3430563564184,73.12653233678202
496.94996306452276,397.38097910690163,26.894909043873668,79.31699220534966
496.4772943235663,403.9126327830352,27.386189628573334,73.37481709410883
496.5871367291055,397.62098574765514,26.923137807507715,79.07041871176534
496.14055215668577,404.0548570487589,27.411896079526514,73.38024066811386
496.2051284468157,397.7251995725448,27.00759771970479,79.09688803734235
495.840279958653,404.2556329084132,27.344565888483544,73.37335824808179
495.9405888611277,397.87996087136844,26.9166879287136,79.26261076619312
495.5243893688788,404.38892709083075,27.384144792191478,73.4834518723178
495.66802600923313,397.93225853006413,26.91862061382551,79.425863271764
495.2169090102002,404.4463071693788,27.425915270370638,73.70251736416606
495.3105771363031,398.00589289960976,27.00444691763289,79.66755545157571
494.85162176067024,404.5930086782302,27.49332396898717,74.07166816544822
494.97561839624416,398.2913484118428,27.023672612473888,79.64977471917132
494.6104970063973,404.9072890678808,27.41015063924192,73.72192748823636
494.72068434174565,398.4915073644057,26.975741174389498,79.55603810609261
494.33834366668816,405.07283119782915,27.392707413935113,73.69424872005948
494.444862952872,398.5808037357681,26.994292066110688,79.69983827014335
494.0399075679943,405.18065274640685,27.432215484604967,73.70897654100554
494.1648492445269,398.55222159066227,26.996636671021463,79.918353315638
493.75313135285614,405.17076294033586,27.453775500893357,73.88664107749048
493.8023864780727,398.7517871727049,27.099217479236188,79.69726171491652
493.4151774978292,405.32257436205936,27.48783774924766,73.80341397322485
493.5580101771869,398.9146607055893,27.03852241414785,79.58530788976236
493.1976479216555,405.3660573777177,27.4145833975424,73.70641364452484
493.2723462303852,398.96318802933985,27.053529999843136,79.4239808893098
492.9714076027021,405.4762824922516,27.323203281962435,73.14310347223432
493.0634444999198,398.7612156114365,26.94783900947027,79.49552723174946
492.759430054748,405.3477770908461,27.24401507665425,73.10939554241133
492.8909974164112,398.5307151687728,26.842171992924023,79.49346207614889
492.4968311037891,405.11917748084375,27.308825228190358,73.22165974861059
492.6702653011756,398.69044534152107,26.832151283349504,78.92550937357538
492.3182525879402,405.08850134837854,27.219222324316604,72.8415779046249
492.3589251293474,398.53988796597594,26.910375576337174,78.69291936903744
492.10977538932787,404.94005435461446,27.136874669251938,72.36885574572528
492.1653262937057,398.2222473740512,26.83952218546665,78.31873093629656
491.83755865402975,404.37428609515683,27.15891797314646,72.66236237957736
491.9321296103185,397.8473537000967,26.743573375791925,78.47639283623408
491.62721404202006,404.1325576239079,27.0423947807505,72.27700518407289
491.67790051189445,397.4914989739267,26.703910424075275,78.32241206110655
491.38559198072744,403.77238481490485,26.995398496756025,72.22437506241658
491.454944736176,397.26973179161126,26.669225231393284,77.87090682830575
491.1449663498861,403.44828048966264,26.960223100313897,71.76186001214779
491.1834322049592,396.8342462027441,26.666961787154833,77.57082002926757
490.95528151817734,402.89042353879466,26.86034790222709,71.88296970113862
490.9553045248323,396.48079228480685,26.64522057813474,77.27139626959695
490.69040344802715,402.4536065558224,26.871459601390143,71.5736213386557
490.71086912403223,395.9573192573432,26.61745111601533,77.25020947951862
490.395227460912,401.90607084155295,26.896607358054325,71.56732319664343
490.4081207968502,395.3960284402248,26.60996276082676,77.17229198216643
490.18177199060807,401.30613218400214,26.79252372121283,71.54510106791571
490.23192236452047,394.7559154031828,26.49493977668618,77.36600218907893
489.92470597326906,400.87707032335345,26.797131379102893,71.3348129614509
490.00735572834753,394.4138845405749,26.419312157014247,76.95009921964282
489.7471685748094,400.39471784643115,26.67013710157562,71.27091773145855
489.7714062035024,394.0076315598503,26.42056214180144,76.82148527582603
489.5431027726451,399.9955691591414,26.634554469391162,70.98344314109511
489.4916391631068,393.4178080296243,26.470201002872727,76.49477445809435
489.2584083892875,399.2831047249849,26.638118654281925,70.79951304498547
489.28743355504844,392.66414862158825,26.36077161492949,76.60564816848165
489.0334999072534,398.523377426121,26.587357963901695,70.86876036986587
489.00832101735136,392.0062346609038,26.383350076508805,76.44056190860289
488.7430001953011,397.7587569043988,26.599696194585135,70.78414624735746
488.7511024156702,391.194089705863,26.340758276801353,76.07977099871528
488.54038762173855,396.90110893857127,26.49017705596384,70.59323724977253
488.48684659166327,390.47979654377366,26.315672519371674,75.82513377005137
488.25201432747826,396.19485404963893,26.525226763713476,70.26774862228751
488.2434000018661,389.7491027746004,26.253033030113784,75.0462201461549
487.95828439204183,395.0273058975199,26.4895311840138,70.25413179611246
488.03884340631737,388.56323152676316,26.11835821847194,75.06270294047067
487.77784959828296,393.95962455151323,26.377707699632992,69.98531487878745
487.77607791275364,387.4524536685395,26.11652000263109,75.14583278280651
487.49001989499857,392.94427416309156,26.391910067831645,69.85234974668708
487.47032149144434,386.46985897305376,26.125059287378917,74.82867093584741
487.1879299417326,391.8749951488485,26.36514257933527,69.6835205061293
487.2179870191527,385.25184504071865,26.044840711393476,74.74463508453391
486.90146092095733,390.61156959719915,26.342595169301717,69.67468213490736
486.8804059703933,384.0817358478598,26.055217422505393,74.27175086239367
486.5989690636659,389.2462736076416,26.336861646929037,69.46992237246974
486.59070073973817,382.82688309300454,26.046851650164626,73.93562525629432
486.3508924355061,387.924002398021,26.282759818408863,69.33804607940829
486.40605763443455,381.49575335140236,25.924129924038652,73.71960244841733
485.99594233306175,386.50921384120284,26.41327124675786,69.14132832993982
486.0394744078151,380.0411433218562,26.008937991023117,73.49365214381919
485.70909218465613,384.90236662082975,26.355641123737996,69.20694786266893
485.7347343706838,378.45398112275484,25.989405204411753,73.47102334366025
485.3935223825913,383.44015363728516,26.367596836088296,69.01531349370686
485.4386870072898,376.82178763084494,25.985130586048967,73.31933083212743
485.10861164343214,381.7656501992084,26.323366935035608,68.85485525172601
485.1814861385524,375.13209170417804,25.915729943774977,73.37465150346998
484.8822374279755,380.13268472969423,26.26125372054429,68.87122941496375
484.9563337262557,373.70374430693334,25.871054303398296,73.13202638327056
484.60844502470104,378.6167668906628,26.335915407523203,68.83799020978131
484.6874891647549,372.1378266695441,25.92404617807574,72.98235355727701
484.39728281057364,376.91474207052795,26.28711482461466,68.89159604492795
484.47042217051285,370.4779299072981,25.892439038074144,72.92139141229893
484.1704908766576,375.28705700698185,26.25130315147686,68.79596731663639
484.2536629954734,368.82104587850984,25.832605546944706,72.86026431756721
483.9092933837135,373.6272053961107,26.283975118185026,68.75195818545245
484.01226704494707,367.27586650532675,25.851921748293762,72.74178087783531
483.7508001326678,372.10907752395826,26.203844667093108,68.62079219786358
483.83998448116404,365.5921013747501,25.806435816321027,72.87379959350704
483.5580535090237,370.46529745589464,26.230111885690746,68.65576154703308
483.64136652835555,363.99199604158724,25.836744303663124,72.85212269245784
483.36954083379123,368.8312127216997,26.199811864798903,68.67254240500102
483.4657767918063,362.4620428446624,25.778970877897905,72.76612396071448
483.18919162090424,367.32442001642784,26.18200651822235,68.54114743887197
483.2592896860824,360.95269830185634,25.821007269797406,72.48716763045672
482.99335002328735,365.70997460578747,26.211822428125743,68.53831028326795
482.92331833592596,359.18232456708733,25.943903251078325,72.7800762064116
480.5624158555558,362.5081243428388,26.09478064880153,68.91572228202375
480.86242154489014,356.28624199972194,25.587301923261293,73.26597366682392
478.2771780220128,360.2271912004655,26.07540498947469,68.5501913492929
478.2866174086653,353.5826072550826,25.73025731570965,74.68794442610488
475.6153348629212,358.1143803054394,25.970973369865476,68.92222033096658
473.4732696298093,350.43106038243445,25.553312488326014,73.40368752872007
473.2648049264882,355.27837794654243,25.953117336952914,71.99596236354608
470.9491482349624,348.9317718347452,25.236186235896355,74.24737234936634
468.3139397354091,353.0332894244427,26.01343848131529,71.09166386678771
465.5203416579472,355.7389382088618,26.106646218547723,68.77375336975865
462.70082045496315,347.9920248752952,25.51718247091634,74.52181347109388
459.2066963646016,351.9887058750505,26.096361183443264,72.6338580984617
453.62307154500985,354.015184136008,26.125410533725585,69.44640149848624
450.7483715320273,355.95264668774286,26.050066189418487,68.93320375255684
447.47781807146305,357.6296976760564,26.393562275069712,68.55321991470981
444.64485475782226,349.7034960304284,25.59936204023245,74.46684719043623
441.0396447374917,353.4071238720231,26.11388478836551,72.78565905552017
435.2725252558342,355.584526643646,26.104633089109484,69.28131800088408
432.21008380569293,357.4441898863142,26.165129672452338,68.9231505442171
428.9772809119547,358.8837275972902,26.315628921746793,68.86800966823444
426.074648653027,351.15113261157614,25.652686883452702,74.61439860344024
420.5019985540479,353.71738607665935,25.969464585745982,72.08498107814245
414.4972174200175,355.1944800497606,25.9445243620022,71.77947145643975
408.7174723356418,356.60099807919977,26.025930135140925,70.64574381073345
403.07529068472775,357.50541790551983,26.059763454659446,70.4671783354936
397.5538027886614,358.40653590523857,26.060996053585313,70.18567920521139
392.03544212203605,359.16941747943577,26.06100878398223,70.13695244691371
385.7509458616404,359.877989000959,26.07042928480132,70.8184731632374
379.751622016333,360.99805276692257,26.062280851272533,70.28409986664349
373.9990173852949,361.8344477683363,26.03261115202315,70.15694326407697
368.3742471224736,362.57234913418813,26.056583873025318,70.19214434744617
362.7379572060741,363.2441319315085,26.137852475565126,70.31189960269057
356.48659611032326,363.8599105938284,26.07959033435759,71.37185137256097
350.4027451946811,365.07056420849995,26.101510123777928,70.81872883537176
344.54473301685243,365.93218734931156,26.15955379510251,70.60088299801492
338.7298740044291,366.6568518399538,26.278668019482893,70.78087524410262
333.05162675122347,367.3644548839484,26.287605690466876,70.94767372168332
326.78133161668666,367.95107735507213,26.147587625991036,72.01833782387689
320.60255778211416,369.09310984272486,26.254383250502883,71.57195707744881
314.593170120164,370.08580445236623,26.3265432637844,71.27856354460812
308.73023533922765,370.9317735122637,26.375784517953434,71.35978770905706
302.9261171601533,371.66657926762366,26.40956600502801,71.76902472297058
296.5625067652029,372.28474942889306,26.345982928660078,72.86793561606817
290.25906736736556,373.49090662895526,26.355666033682382,72.49512574718113
284.1188253697806,374.4990699139041,26.497533416604995,72.5413757145489
278.0821229089168,375.5367840703742,26.58729821878609,72.44250646367095
272.1303346434795,376.44050988359334,26.68196640628048,72.66175185660853
265.7286934049323,377.0520422552043,26.573949942077775,73.90225994499838
259.3994457296263,378.140344552865,26.546974455739303,73.83651411160912
253.10108171247737,379.21966302937085,26.660148982115004,73.76144017161647
246.904997428461,380.3027136535893,26.793227830153683,73.80952198438854
240.76105390562023,381.2260552698612,26.897523750913507,74.00052489843034
234.21506538428986,381.94177488818514,26.928883740107665,75.1678467940601
227.73932735074186,383.12261312883106,26.892975028919864,75.21283591087138
221.3029027825522,384.365937549861,26.951078203644755,74.91908103307532
214.95681611075855,385.2872222825086,26.97995189535689,75.20083305673023
208.5999333797385,386.328737181624,27.161021907662985,75.29973384948812
199.18402547881269,386.0376174543371,27.477462698801332,75.0570392075233
193.17040669625413,387.0105000099022,27.379944892139576,75.40590903239297
187.054818000976,388.07886425533604,27.36349000216282,75.67544351759341
180.8185177062425,389.1351377069832,27.481150933454074,75.91540960927443
174.589491855878,390.18901730823836,27.45558600142931,76.17975785652732
168.03332305506092,391.02734242960133,27.349692559114317,77.8473311792402
161.35526366539324,392.79672412891324,27.48419363650359,77.44028250076275
154.72211757707282,394.0491536614566,27.565817612879925,77.79432565371224
148.17400495101566,395.43397872313176,27.555873532685638,77.85163280536642
141.60354836470907,396.6114744202856,27.58508417630739,78.22609966928326
131.68232170175526,396.70616987792084,27.993108923778777,77.41823373764612
125.36210363032477,397.37822287012114,27.787354638494392,78.89158271563247
118.85136891174052,398.56917037260524,27.88843408987755,79.28085324384728
112.29199803786697,399.86288442252976,27.95600066723476,79.60285464453602
105.68402315660761,401.16410111809046,28.08384615846883,79.87939254566663
95.81530022844926,401.0531278054302,28.271224434414037,79.89020976798997
89.38135910398145,402.5972329684412,28.106060227799333,80.52619213261119
82.7637088360107,404.23538680486536,28.222909813807235,80.94186699513688
76.1120648169122,405.74193154973284,28.32747000675235,81.333916260092
69.43296326033456,407.3381374032533,28.3621295804019,81.7028035739774
62.332579569834934,419.3144851549884,29.124066237357994,77.85122366226136
