1200.0,108.0,29.0,47.0
1199.9697287086165,110.52993787757114,29.173912065685727,46.71232770082014
1200.1460557697076,110.41665351290749,28.643554087921075,49.149249972336406
1200.2435494798024,111.24239423409256,28.739953564939924,44.67791134601279
1200.1875518318993,110.15988538883886,28.621061745231145,49.19290654294872
1200.3308876389844,111.11929082646884,28.868856788825497,44.38766349083318
1200.3210024344467,109.97213330339707,28.656432138944638,49.154167965944254
1200.4098970664681,111.06245064027706,28.598192479598993,44.41830291067572
1200.4975891090924,110.00431342787056,28.741813458027536,49.032542381860935
1200.7498181048072,110.89810749649905,28.825073171557506,44.24795332316228
1200.71686604543,109.75081215835303,28.660879468371604,48.98535602260793
1201.004862798919,110.61038614970107,29.021923320093947,44.13589432728827
1200.8179935562948,109.38070223712634,28.79008488744921,49.02317645701012
1201.1788718177556,110.3673540729778,29.08087151597283,44.16754422339304
1201.3568941977023,109.18877373305031,28.647489394911418,48.99890361101518
1201.5335275653088,110.15078548350053,28.843599337073556,44.16948837166697
1201.6881375392777,109.05242784296138,28.561173571081326,49.04311838548688
1201.769838430253,110.10456840969957,28.60754766478658,44.297767196674585
1201.6990288606094,109.0350296278819,28.561068540789165,49.030097583146045
1201.7417976969796,110.01393627443315,28.58368412215509,44.32858780022997
1201.7634578098355,109.02080829171075,28.614299657476295,48.86247131428951
1201.877687796234,110.00151289868032,28.648851514755506,44.17502347734893
1201.8609173597188,108.94131566969656,28.653143580378355,48.86793385977134
1201.961347490651,109.8123422389001,28.705174887363683,44.2441471379085
1201.8270463010545,108.78589676678268,28.66515533362599,48.85779378010176
1201.914810385245,109.723969396087,28.692068248262785,44.23080437586546
1201.7788347474275,108.68488127697037,28.706071047048454,48.862404819562244
1201.9565601367183,109.5857816090861,28.659179532958433,44.22064671822773
1202.17388710856,108.60099643883768,28.921039437744184,48.57627320737018
1202.218462289431,109.41933907883384,28.652875161011252,44.27978212719822
1201.7474411124713,108.30236462129494,28.826309710373607,48.895049266607714
1201.8849800462365,109.30502560857252,28.750011427791605,44.19112349285885
1202.0168078416837,108.2527458026671,28.781609365247732,48.840189566558024
1202.1803816213687,109.1951600534872,28.779502299504202,44.162549012239964
1202.050849068583,108.0687947979535,28.68748144867368,49.00096431676991
1201.9653860460169,109.08517309371919,28.70080252226785,44.324975840930335
1201.8569876140873,108.04949812700613,28.709626723741167,48.99815889019547
1202.1227878433535,108.98841456980776,29.024880733545615,44.11376984749339
1201.9053401859605,107.81173345949821,28.834202213343815,49.01062895773623
1202.0981710005058,108.79443899792068,28.97725091181701,44.15045856684435
1201.8158768269814,107.6293221803171,28.8729421745129,49.006161704937085
1201.932242548096,108.64459556252041,28.82026648021565,44.321838923405835
1201.8029338914032,107.615942610915,28.79031057570137,49.06796455919465
1201.8739023776666,108.60856426346174,28.694456260834613,44.42760275266198
1201.7404261707825,107.553849854276,28.73867728597247,49.140569474542076
1201.8612586937297,108.56673212493482,28.76023714134317,44.3442608696341
1201.7575472776405,107.48376678320506,28.735086883204303,49.16335559950039
1201.7660667320763,108.50669388327486,28.71403812174549,44.43436874586422
1201.5084783314505,107.45420447473043,28.82194892404641,49.11344487082275
1201.6344192308534,108.34854484464935,28.74054379431982,44.49244297919287
1201.4713719413546,107.31006628030877,28.77810441953602,49.15550786080678
1201.605052033341,108.26421081846789,28.821077147554888,44.408644247578195
1201.5606228969943,107.20077752768657,28.73516302046778,49.114475268531805
1201.6965362379492,108.09601432215555,28.842728301219267,44.374909401739416
1201.6582740992026,107.00042117400062,28.736293264163578,49.151088891542514
1201.8658354308911,107.85425914188517,29.101506435511737,44.28709750472461
1201.8381014776498,106.73040058234471,28.84071420768055,49.181408591577394
1201.9030458944055,107.7454903497935,28.84117154169803,44.390444316315836
1201.8874730575985,106.66106834426682,28.863901139058044,49.13778970206977
1202.0644970858496,107.60289688191907,29.156115113911028,44.2505457995683
1202.1123181274816,106.43404487221846,28.850468770218868,49.24453400195739
1202.2016907368047,107.50590199983827,28.935263427185873,44.34297425279391
1202.249824483435,106.39203211270501,28.78379311457138,49.2970125993688
1202.415746029721,107.38955434211584,29.044322820786874,44.327754146451355
1202.29600204645,106.23282554728462,28.926158674949193,49.296550366642265
1202.4492870016668,107.256768408975,28.9094924566009,44.47141164668645
1202.3200229369668,106.1725979354037,28.89905015724071,49.33706914938318
1202.4573265146114,107.1918986570152,28.9808353521571,44.44987425890719
1202.4864333791588,106.0793565813537,28.867270112673395,49.324544628229546
1202.4123019870317,106.96778949995081,28.88463200937713,44.7307812379523
1202.1859107471555,105.93934349567883,28.92750749878769,49.364408373779895
1202.3315339713872,106.90292843342795,28.925188085360105,44.57187153325103
1202.1116756166793,105.77901213035057,28.950747090361347,49.35659867885434
1202.2229354628162,106.68909031730851,29.00351434384993,44.657906494285555
1201.9729284410519,105.6002730585293,29.019210815140013,49.38428213930246
1201.8752494333714,106.51034633198572,29.050818977215386,44.73944557773834
1201.7488611826052,105.45488103120533,29.078501140434128,49.43931410886984
1201.4771578803006,106.37294105916834,29.15281744681124,44.687056440439164
1201.0870652851117,105.23218176638784,29.133015626481438,49.42948536465872
1200.9075892253504,106.1794752171931,29.105431024158406,44.73432962320331
1200.6717681688096,105.03595517501753,29.1619845099558,49.49004856873819
1200.824120677304,105.93031175943415,29.204566679632762,44.75794305614309
1200.2380265494749,104.8163398026253,29.043913471358792,49.536114356569186
1199.7895504244661,105.80617707554666,29.244916090792685,44.63930691074893
1199.440630686213,104.60708588764533,29.234154079837936,49.61646334597714
1199.0158301264855,105.66924798662143,29.256198440952176,44.56718923854564
1198.922540443592,104.46167116408333,29.129307054754463,49.716374973439486
1198.6559828016093,105.51778844732166,29.226221841019424,44.8278031270915
1198.2781820285031,104.37181577153319,29.260918902612048,49.740377534930474
1197.8925170258517,105.35531529176887,29.250965071981682,44.72545639797863
1197.64748260322,104.1531173063322,29.306568846111986,49.72010740617475
1197.8099493830523,105.18904370344862,29.275526676501613,44.89413482956493
1197.2805473873682,104.04415611661761,29.325755124951684,49.67159976296813
1196.8783460450677,105.09080815658697,29.32361743872184,44.71624271443329
1196.3883461050464,103.83869026793747,29.33571270219727,49.72503170892884
1196.2892159861217,104.88281760554628,29.17588455550913,44.946364969570766
1196.1887977165413,103.8212298101601,29.14109947560064,49.8396014048688
1195.551313390888,104.88948679162309,29.381217556702723,44.69202546718077
1195.1361247163186,103.63824798636006,29.375951277637796,49.679451484492176
1195.2156190009855,104.59901903240484,29.142470971696184,44.976830023689956
1194.5107240710272,103.47133785198741,29.148781105948274,49.962914988812656
1194.4992050397486,104.5908926109953,29.176752754763584,44.99631661002792
1193.8464422628585,103.42445140626751,29.196226826242764,49.757183508556864
1193.4519072684798,104.34992847132494,29.396748869239673,44.98648843186558
1192.8966490614148,103.14296369437716,29.334465356478177,49.739133824533184
1192.806005520206,103.90707862769557,29.293094366721334,45.256102610709036
1192.6778294239175,102.85781297708849,29.33362782670065,49.94192402676623
1191.9770375842108,103.85217228713375,29.195672482700502,44.998590855664276
1191.4265219624053,102.65001940288255,29.44683785726852,49.82607615365055
1191.3887375341164,103.66549303321358,29.28164273711627,45.07120531961516
1190.6885747399388,102.4826784076323,29.06250157613931,50.051467089375365
1190.4733285044354,103.5841612109117,29.342634994551872,45.131679275928946
1190.1842481656058,102.48062890904112,29.39224757251577,49.89032446286001
1189.8589537286716,103.42139299856149,29.42825519364851,45.06554883044376
1189.2644294157408,102.24291553990565,29.396707772948503,49.88756885337202
1188.5996865459938,103.21763601591272,29.45873441423828,44.787764556109806
1188.4366499081173,101.96478787155894,29.44550610604756,50.0846935551603
1187.9599617970966,103.01778119810416,29.521360664656413,44.95609892866631
1187.3641759546358,101.76590867643284,29.211556223522166,50.209340594596
1186.8238064004008,102.76007473756584,29.504443145975756,45.09196333441446
1186.4140933226167,101.57242614764448,29.51745705632652,50.051577694386594
1186.6043838587195,102.57721013836277,29.33724742688696,45.260453647862136
1185.9052679655301,101.4932609618844,29.329041429809877,50.25619195539741
1185.285594761388,102.60822165624327,29.54432804780845,44.92394381973571
1184.6699365521672,101.30745010997191,29.214343089472095,50.242537104517965
1184.0225059796712,102.40444252711376,29.563232749772396,45.02096212740031
1183.9475030370486,101.24652489178749,29.407337889668952,50.212261807032775
1183.3146682020042,102.3339157751779,29.635542290033754,44.946424285246934
1182.7534666054553,101.02233674835946,29.318947215665503,50.35069144481719
1181.949978891596,102.17172833516855,29.4663971386135,45.16325926319544
1181.2632802828361,100.92166120340721,29.35206356630715,50.37914935149243
1181.1678512886274,101.9016889424633,29.452644297539337,45.45940397588484
1180.5631881354057,100.7676199013132,29.634804281184188,50.20155527928688
1179.944586637459,101.71334071405451,29.611407030786722,45.09891126684087
1179.3038864006762,100.44931869781067,29.299400078662984,50.33055245069863
1178.4195703728496,101.31950730884125,29.21934888341957,45.37532324940642
1177.8407604679496,100.16330720035592,29.616209655907824,50.35397626195382
1177.289151910517,101.25378827093903,29.73875444685632,45.11244780357259
1176.7370273232395,99.90994596377232,28.96323426542449,50.34252456080344
1175.7029381878529,101.12585676732536,29.19287330860243,44.97367123181871
1174.955997965033,99.73317439927712,28.792212707596263,50.03518298619764
1174.1552801287235,100.85381263550568,29.700573416854013,44.9376580552306
1173.626795066742,99.68618174279027,29.274292749975757,50.285589570304126
1172.782322632399,100.80706594554317,29.387682157730524,45.16005681429215
1170.3932564012327,99.06944464877887,29.712346896031477,50.09868620060331
1170.1936639010278,100.20105568537258,29.667408307575442,45.19568830147645
1170.1496193023816,99.2474186186688,29.514779110108975,50.365837418691456
1169.3782523666314,100.37558894259539,29.494563987958372,45.406900437748675
1168.6816144999793,99.17321882226582,29.09941518046253,50.34454389045294
1166.2724474697206,99.09763946651483,29.672761154386535,45.92226319108491
1165.9911865526938,98.67478813627034,29.67765023017114,50.334763006492636
1166.12933375157,99.76942622578099,29.56712687116169,45.44887738143984
1165.4524927117923,98.59128095308381,29.148380458232623,50.36694242102567
1164.5002398791576,99.6607675114322,29.148449736221664,44.96761914487254
1161.98764448459,97.83400527165907,29.765740825589546,50.25867549516576
1161.5172567009004,99.01190618628118,29.818264404362253,44.95682676216882
1161.3919782001158,98.04856852316732,29.72152445878237,50.368914969214984
1160.7662437960944,99.16147881527809,29.67683951346362,45.20302377366724
1158.62110879395,97.38586366277607,29.66957657576677,50.47626413915154
1158.455001225848,98.5532518531956,29.77158543211135,45.43903388701659
1157.9003141908065,97.39433775795652,28.974891148355255,50.27037687921319
1157.0493677075406,98.5195722066693,29.878799198417255,45.08426027903033
1156.511206937751,97.38329470288642,29.397512722232022,50.603410461004415
1155.6821675915253,98.38522854519658,29.146882083714445,45.115693455911924
1153.1857906680598,96.64226801817244,29.75926890313167,50.384617089983806
1152.9845646709582,97.8239024738202,29.810557541256003,45.29421978798476
1152.9103793599652,96.96949512241585,29.722712264644542,50.51742932026394
1152.1704337083756,98.02725208180888,29.476190960940585,45.345339933664576
1151.473087392922,96.66449452196838,28.91006579337045,50.33188703907601
1150.4112136200374,97.51069910588978,29.16020401363312,45.292752635183604
1147.9287621040153,95.89241608299355,29.731350934766397,50.341047057907645
1148.3917069729182,97.04474718771922,30.20354053487199,45.01965457631687
1146.455812532467,95.65027916368845,29.752982318802424,50.415473065998924
1146.3372643134003,96.81374753459949,29.785251230682206,45.45961553386479
1145.7212268123644,95.82796594458904,29.601419452337723,50.73002819037549
1144.875155396181,96.97021521113527,29.62045894100811,45.57807442044904
1144.4391048209254,95.8052852500594,29.934327606832994,50.763184712799614
1143.7996766001743,96.63528504191157,29.813214347610483,45.90596525020709
1143.1520698794548,95.48602436474152,29.32686838526206,50.68838659281681
1142.1772827430023,96.3122368383782,29.358960583474527,45.527281109653075
1141.364357943623,95.05353250880177,29.058955870954378,50.540677285632796
1140.4858505989346,96.1840063679308,29.943609664732776,45.23717716478396
1139.8937372984183,94.91564302213311,29.551666826795554,50.814659182165286
1139.0522892591307,95.47266141398993,29.38510486436735,45.95991256716749
1136.561773324977,94.01104258841056,29.929585001584655,50.647542466058496
1136.0086882942846,95.17301052566725,30.04212038783794,45.23191890853471
1135.92731679778,94.0171748176167,29.91306887325709,50.81460918412347
1135.1843976107152,95.19129303053737,29.496519829454428,45.21628271327333
1132.7687286817763,93.35516020297564,29.92910950256828,50.77850150469132
1132.1080016754622,94.57676938790092,30.085945087741493,45.22761385300146
1131.5674063940655,93.34605390550573,29.4473094641844,50.78250992569474
1130.9600049299365,94.53103330568314,30.106436953958564,45.54655871058466
1130.4466706600992,93.36497434302547,29.278181465355374,50.58970243396823
1129.4321044437152,94.42121667978861,29.391021012888814,45.13302385764726
1126.515678536362,92.62437259895637,30.46240659876139,50.621284525913495
1126.0339029701477,93.85116007175156,29.8565550508838,50.987050018351226
1125.956320881501,93.5328929804943,29.988847429532825,47.6595945050359
1123.5976358934322,92.50313115068525,30.26372733469998,51.19992886652011
1122.9421319356916,93.42530466054075,30.123874689934382,46.38054539701332
1122.267543761146,92.18515540385323,29.515662928319216,51.246846029161475
1119.6723742642334,92.3312956012837,30.294390476074113,46.45131557440894
1120.0182759062434,92.07239788307359,30.47475319327077,50.93081470855057
1119.3711998292251,92.89952097819446,29.898784299587987,46.04137553886159
1118.5903593180956,91.57817239854057,29.537922846539004,51.25207903010539
1115.62807514749,91.73213771560654,30.663365140096175,46.13045871203269
1115.1935244213441,91.09174704750899,29.84504626774651,51.19660972262949
1114.773335680281,92.18448445842603,30.27056971388106,46.08473567912526
1114.1572130800232,91.09337257641778,29.65500029154464,51.21146685260783
1111.364222651849,91.31148771936199,30.577510533175428,46.1573773750913
1110.8829007888944,90.87807324010376,30.182375454485282,51.3102299721661
1110.0749073044826,91.91258928029077,29.91414655562039,45.91644937072519
1109.3944764085682,90.74853639352006,30.397621452048043,51.355981012019356
1108.6681198659899,91.91198434413741,29.94562411089464,45.78532742359343
1105.724502648889,90.09921202709438,30.90288576524472,51.17787463981699
1105.254687022535,91.14172578827345,30.182489730635098,51.80577605253296
1104.3549624575508,91.55353645198767,30.01429399247627,46.9973419319212
1103.511781541109,90.66256148732322,30.52430546581172,51.82864844726902
1101.2078549480557,90.55232720593116,30.64236741341847,47.16128529773633
1100.5728243445064,89.88616232969923,30.38668438395007,52.06851339942196
1099.6829635266972,91.00044432290198,30.21899477955003,46.44674283967535
1096.776907018047,89.05600946262985,31.11099677053744,51.73223354221591
1097.1954220472894,90.17925495474384,30.7450152364745,52.24553404448659
1096.4021504213006,90.35960879708222,30.5344200020445,48.13466460107648
1093.9688239096258,88.97931438434262,30.869803230566504,52.342873339839
1093.2255449130867,90.09966238837512,30.700066349501412,47.131573712749
1090.8882511546499,88.52680252799564,30.868160352020823,52.266863452722475
1091.2479740058209,89.77109670134041,31.125786433500934,52.40082147707389
1090.494067799014,90.3390631663699,30.596106977922318,47.472372221894034
1088.0805126053374,88.5571908299849,30.945939461673333,52.62135430806816
1087.522327448402,89.66042723014675,30.924263145321675,47.14556002945136
1084.9920465826144,88.03331730087234,31.257988118723006,52.46870020881582
1085.4375168815714,89.17724056266471,30.92593583292978,52.991020682885875
1084.508811340344,89.68395481380827,30.80651132165076,48.26351614671131
1082.0670296971534,88.13672763558515,31.12975603204768,52.87312717897967
1081.3510572623627,89.29383730126915,30.87245278107548,53.15189729289355
1080.3458627436394,89.48829454948876,30.981650378053473,48.807885555526155
1080.072972064092,88.61326246702697,31.021205487696534,53.29658528836782
1079.128858420484,89.6957429373631,30.928843901162054,47.810413898029566
1076.637538788932,87.7622565484144,31.27768317740083,53.10943720845026
1075.863546136732,88.95473544361198,30.91978727960759,53.32967455654983
1073.3240419174695,88.38544713888061,31.42831513675401,49.246648757989675
1073.8213835202178,88.16942560568492,31.434053810210116,53.2978495577693
1073.0245922836284,89.20307560499248,31.127206166152064,47.98342186359861
1070.5346885401113,87.29875092002291,31.437966223872536,53.381849314454456
1069.7433105003793,88.32148055826701,30.92214648182835,53.697177720279115
1067.1774921519605,87.99532965558274,31.541393575130314,49.27009323978848
1067.6809892900353,87.69144904588688,31.599620515523156,53.60630316966521
1066.8438562512702,88.76189344058923,31.225643264819155,47.891462541107046
1064.0373627171484,86.87340535344094,31.870436941010666,53.52849122605687
1063.3891459875276,87.8661679050806,31.05135894686009,53.94174359676768
1063.0286581566402,88.82503958574449,31.264889288007907,48.63352883098108
1062.1336599987253,87.51163811305781,30.941784555985123,53.82550387554818
1059.3480785801407,87.75348687683177,31.710366505672482,48.33576905143573
1058.7208958725096,87.3652836596651,30.951271015481325,53.11892245507005
1056.0702595466064,87.32728362958889,31.588094097074645,48.27688631044444
1056.49785236351,87.46611064427555,31.326707850098956,53.0704550687139
1055.59171667373,88.22017019665623,31.194785998456155,48.06496056385345
1052.4582669966471,86.3053930469799,32.015056527854995,53.5667051931413
1051.892990505572,87.4441777688861,31.171823298174786,54.04512929122447
1049.3192842954186,86.91839527944208,31.728899663363336,49.74164217486839
1049.7766967657221,86.77238528002235,31.797308981403148,54.11747455516388
1048.9338075189617,87.84407793352685,31.40342523122763,48.29055273570853
1045.8848846565752,85.80537834773207,32.192171317719385,54.09547313115786
1045.24085748706,86.86466911827915,31.28860435888737,54.512475070910256
1042.5037013322326,86.49032255735352,31.99513827971259,49.63818249914067
1042.903976013566,86.16721616725135,31.678011177897588,54.690978170984295
1041.8993553765113,87.37250854139882,31.608408455292647,48.70219688193396
1038.675916688294,85.38078000567677,32.26265079146356,54.72238634620058
1037.9790712071454,86.60695515149291,31.578546953433488,54.85217042887078
1035.3175314505534,85.82513705300107,32.167940199109125,50.519778828331425
1035.7563909306737,85.63534178692728,31.770212175262714,55.187218695103894
1034.6625209352396,86.88808118802419,31.803535705816557,48.890936462376686
1031.6094743751896,84.72846114737308,32.4999105610309,54.9755453531331
1029.3659231441284,85.37896174121698,32.29856865836291,55.45521995428706
1028.497346845803,86.45275074416926,32.034729431361484,49.724140290405415
1028.2779055790265,85.16151312898779,31.9926630810221,55.57943687388243
1025.7389866482772,85.42577612542743,32.38026770799479,49.91482936047703
1023.4255537067179,84.01796914296108,32.35167814867509,55.61937244318145
1022.5229651968343,85.34561892117654,31.927441674031343,55.66229346336337
1019.6855468496037,84.60061487702177,32.61011928687594,50.94872119580367
1020.1040678702428,84.45272029935717,32.05309216787157,55.73057572478922
1017.50234875039,84.55186668867935,32.53102510606254,50.44351504273715
1015.1840231869946,83.4922418088338,32.49522082637441,55.64329792184796
1014.313006769109,84.72743313243382,32.21802631698233,56.161886217229096
1011.5296144894292,83.86231817387238,32.64759465437464,51.476105663711564
1011.9193231860573,83.83100527727629,32.06218991431058,56.167989351040745
1009.2440819717688,84.0306113272892,32.68887803528378,50.658781289277414
1008.480665263359,83.74358694320864,32.21082134252811,55.61061809852313
1005.683836906808,83.75656729727527,32.64607578530308,49.9101165837813
1003.3498814932173,82.91190922020508,32.61274195494116,55.14003055899494
1003.7556830844799,83.9785443362124,32.634153834926565,56.493243897546904
1001.2282549967695,83.40448242153272,32.87319479358257,51.74113697093634
1000.4374092961839,83.07824322397423,32.29470114758715,55.94093981139656
997.5701765546569,83.17298113865891,32.9055192795729,50.25612201773944
995.1989901752509,82.50982188832742,32.842823075957085,55.15311096284867
995.5412856982007,83.45990191762772,32.82290838206791,56.80900524038799
994.5476974681151,83.93239411519426,32.577232266521605,51.21860498857092
991.0802064549966,82.13984622909703,33.12487233246293,56.570959096300754
990.1607944103453,83.37771738295237,32.74842985138093,50.19842104693112
987.1465417803003,81.49715082276839,33.34496444055651,56.3390249725345
987.5100002992685,82.71828940174652,32.81756318934299,57.36934438080459
984.7978838141557,81.90856928093814,33.24823618143,52.5612514756134
983.9419383568656,81.79220551489382,32.71298178225152,56.68567028230527
981.0461524269217,81.95274527618221,33.2548977137136,50.73528984767654
978.7176330006396,81.39043747368015,33.14205386121148,55.959022784334195
979.1872168896152,82.38734732315885,33.27337733654031,57.46011585436244
976.6775296063088,81.74392815136298,33.42872953748133,52.716863583823624
975.8249938788504,81.23908199843157,32.85137159102305,57.0974837272467
972.7379799197079,81.32679383620834,33.48322944798565,50.952288708102515
970.4297144656248,80.46891569169992,33.30892731885342,56.54192646399588
970.8837139933653,81.59985510974292,33.45527555622516,57.79966162110256
968.3516640803159,80.87838730734165,33.59268521602007,53.056457689271525
965.7254388982062,79.80153515025461,33.797334744755744,57.71401715519414
964.8080756852271,81.08039811384572,33.3019196775756,58.0182093074109
961.9014251817207,80.2642118091915,33.81774423242132,52.988152449735566
962.2713645257611,80.24891666982995,33.2740582121387,58.026850582437135
959.4267000364634,80.2716932324191,33.8924949782122,52.231721009269165
957.0490770297104,79.07742910660605,33.79413243383192,57.994205954799895
956.0385268784848,80.38373346861084,33.61077492758113,51.42106144040244
953.1766466790291,78.63172218037425,34.02510589280655,57.56425423409996
953.537988541659,79.80631184573963,33.43240347179233,58.95967343262808
950.6946917424593,79.02799576664358,34.05121772792518,53.88020896827402
949.8099262051876,79.00352299394223,33.5306516195285,58.02995345409752
946.8491555132568,79.12492486155327,34.09836032120438,51.903776132577434
944.421786856562,78.3307472701809,34.00855601739977,57.3669326165064
944.8386919348532,79.36351220394357,33.99860414489717,59.121950567473334
942.229749577331,78.89459370891655,34.197751324154524,53.92600030049721
939.5993491978406,77.68680108767427,34.385755290471934,59.00660866554611
938.6343442959421,79.08388743900616,33.960727893170315,59.370465113419215
935.810326148078,78.17975651922166,34.437591765427214,54.424457795886866
936.3286845453446,78.20093809607704,33.78255003084189,59.494506518472406
933.3737133715404,78.24201951585258,34.47190377592051,53.34790850276181
930.8340980844432,77.04482545336793,34.5050514520517,59.1110004880575
929.7482614431888,78.31241478772017,34.376944860413914,52.504562855210395
926.4748270464412,76.37406824953064,34.627832547475805,59.1557831652905
926.7026325842432,77.82897596814564,34.12907737803653,60.128700802599724
923.825056884795,76.49841064188018,34.717745071945956,55.71005173493745
921.2206120761298,75.77663800078517,34.84848822524668,60.24941512833948
920.2061320801959,77.28153094433725,34.61656412514458,53.185316299525965
917.1315266629897,75.36230605279354,34.978894285077786,59.69932212524071
917.4062627659271,76.76204903020175,34.522486106815904,60.83331184966488
914.4579371626619,75.65771010440324,35.07559694315137,55.77599422152585
911.8232478317054,74.77959467591893,35.15960458059135,60.51224039682711
909.1084752319023,75.51528686780182,35.38514566862773,61.40373447429434
908.4059210510038,76.43087095372437,34.74884854589163,55.13626467597936
908.1174084028551,75.26211095558403,34.83527385443688,61.37703938591284
905.0877049692963,74.88777779395014,35.13402982561729,55.04629912785077
902.4060435397587,73.83766231576661,35.340102387484876,60.60749590812787
899.7091028211726,74.48811118764928,35.527743623313654,61.72334469485969
896.9926822564867,74.21166480415587,35.67075571643181,56.01612756072751
897.9542236948579,74.08590250658051,35.283199761209175,61.216242825617
895.0783574137163,74.19352709517807,35.600243586927036,54.91196806949634
892.4422594925595,72.7402199919311,35.57494932207419,61.06989078825896
889.5812437327618,73.3153477850874,35.93744953769283,61.95960402484266
886.9243709112907,73.31008027660687,35.869966738360745,55.9036120861669
887.7693274883137,73.03954536686496,35.28276376792519,61.727983506213945
884.72832670258,73.18393574768811,35.71713440231247,55.04730113336862
882.0174630753131,71.53900209546867,35.77089274174341,61.42696829930972
879.0768549915952,72.11914619574384,36.15931162334755,62.30599631936025
876.3970641148194,72.296142777478,36.147836466272565,55.945818515661074
877.2644516606997,72.04884227610029,35.51670529557566,61.860865433609575
874.1149570278121,72.00601617022724,35.81677393603968,55.39094592488017
871.3100767695794,70.504200318024,35.95870572017634,61.58704890901896
868.4694746814039,71.00647907053303,36.2363786358012,62.764171175368176
865.7140381234651,71.05734049912132,36.23040978964582,56.29214837578684
866.4542254458555,70.79292539961898,35.546409440034154,62.37462812063359
863.2992404095623,70.85136997609038,36.22366327878649,55.84968951702072
860.7008844489465,69.3528370581065,36.082888754521264,62.198462492321624
857.7637029111575,70.01194866679876,36.47620757463301,63.07494863272842
855.0129927745156,70.13257263639423,36.478837442851045,56.64120397362461
855.8468962727441,69.9316539282706,36.03907169946342,62.51892908158837
852.6822695923131,69.81295375044647,36.27626890765782,56.07536700475612
849.8957802798129,68.27559876736649,36.371005576861535,62.48077912016305
846.905748967172,68.9034779418273,36.74395378062377,63.40260264710665
844.1546064659601,68.96660089490751,36.64534180326473,56.890691113554055
844.8613943639348,68.67178048736582,36.18903887614101,63.166891026345496
841.6146064060142,68.62032758689267,36.527689703559076,56.480630774655054
838.8079316796957,67.25955559979809,36.605428030252824,62.675453870449275
835.8546045626267,67.81477811980722,36.91482811243077,63.76912324677073
833.0831263738423,67.73879906838177,36.8767867725619,57.57413832794474
833.8690663033804,67.54109737811791,36.787873303653214,63.30160604991448
830.872216154562,67.49992019446253,36.90801630841861,56.82905733275584
828.043454876306,66.04351991848571,36.886411400585075,63.156766526442794
825.014728064061,66.53922054701934,37.23270327737282,64.25701563021056
822.1986374868745,66.83109772586118,37.18663260854714,57.31707090113326
822.8737873604554,66.79359148090145,36.61297707015672,63.459810873436055
819.7776007849943,66.53997140372667,37.124873582603186,57.39096339561104
817.1045678028822,65.03915067230216,36.98773478356816,63.93171777127165
814.0744717915036,65.81152842186273,37.42793969679633,64.73615222815255
812.8780642700767,66.37550654345941,37.18824908604802,58.38034669355906
812.3572693011482,65.63819607053463,37.045495084049776,64.98830877982655
809.1809006068311,65.62057735630896,37.442347626211586,58.073101305029425
806.4308007406162,64.01678837463137,37.37693071058925,64.65683932638208
803.4308064952324,64.89865315017354,37.702472639805364,65.65629814740524
802.2951179482798,65.59486287373463,37.4744143152584,59.122640948205216
801.8366569854988,64.82712162291543,37.34210234721627,65.57718592142967
800.4209599732667,65.09346796752118,37.54891162236618,59.3265345948989
797.1482378648589,63.59539761176737,37.97041425685802,65.28936652247694
794.1074309191026,64.77361395295895,38.167931029282045,65.87395931828394
793.3476811194714,64.329968369569,37.6369879224485,60.86758629523908
792.8998265160881,63.90173766800217,37.863718310454715,66.59659301938089
789.8294214537768,63.028239163827294,38.148786514768176,60.77835052811709
788.8180838236067,63.01768571581246,37.90416493729845,66.21846662608715
785.6278445083531,63.10351935765357,38.306689102814175,59.31055786287688
784.5799752045132,62.31316015728203,37.97809126607899,66.16716260299535
784.0034531707206,64.18909297331857,38.29068799502784,66.91471976591578
780.8916123438194,62.2130238268108,38.55284077562101,62.43691872319744
780.0151871192757,62.360334160505204,38.234608783551266,67.3534515068938
778.5472816157724,62.781310898213206,38.5509714615132,60.918690251342355
775.4058329682539,61.20466569034393,38.88462579727843,67.13244829619298
775.7761550392883,63.236446876624626,38.86639860439777,67.84377938641913
774.5338355819295,62.37013139791253,38.80260439567428,62.67521547153123
771.226779002337,60.969163873226535,39.36421528503979,68.12786488887227
770.6203031888426,62.06851795010357,38.679993781184066,61.29598829952853
767.3592932579666,60.24624043198355,39.21418120218436,68.229866694235
768.2569392862922,61.592765202676674,39.34920656564441,60.76327109625623
767.228484461375,60.45446289258638,38.98482644115575,67.99782199515306
764.1096570943612,59.27119790845791,39.18967939375216,62.57438202119636
763.2800647238353,59.29054027785281,39.03189479222692,68.2119062921952
761.730693249051,60.422317248533375,39.506105345259584,60.991440888699145
761.4617700415627,59.34218074046312,39.014345709596796,68.34186405699484
759.9145783350878,59.85621118785298,39.50975935154588,61.93315825194911
758.6714612021456,59.08440276194415,39.31123888872048,68.21829152890791
755.5728539326728,58.06213014253592,39.39475353894875,62.53161410466973
754.5967538433933,57.80022033779642,39.467308917171295,68.56898607735275
754.2700699512377,59.269995278873836,39.75942230792384,61.24121501272262
753.0853356259067,58.01498634300077,39.5007972554904,68.53801952945832
749.9889326557677,57.11828823680139,39.5399705984255,62.756315406694014
748.846375915834,56.83992642316366,39.730370688782386,68.70429514288321
747.3008804460123,57.937271428939084,40.19901169098557,61.50460132609069
747.0581797894495,56.798033171385214,39.66346275880801,68.9337858782003
745.5495850487036,57.203229702874864,40.16715337746746,62.62088415224969
742.6170922033366,55.59852405033348,39.807136841720876,69.0727904677469
741.2986564579655,56.718112908389685,40.28765234972593,62.13673063416064
740.1046776222574,55.643586742405205,40.08970145888816,69.13213528274702
739.4922042835656,56.259518403337324,40.171395373324685,62.626801771867676
738.2081244145556,55.34266461429797,40.24661963137987,69.41837857712608
735.0456061747877,54.03568607222391,40.250411281722336,64.02829786365191
733.8450003914677,53.892254118257256,40.55304492933374,69.66683356848841
732.2182890081617,55.16103269888174,41.03831495412214,62.15504169977292
731.9640027318619,53.856894266281415,40.29541548120142,69.8673727763084
730.2238827779383,54.792771815088884,41.087170675018115,62.76224970138445
727.4338743373592,52.79003570570734,40.32166017009513,70.04226121475071
726.2062102925302,55.28149282919006,40.9240550546383,70.49741507195338
724.7073088633442,54.16970675351138,41.107951666569306,65.67499976826318
723.9303298029649,54.0453020727976,41.05240087525772,71.25256042432267
722.570644156367,53.242941910761374,41.34419563669144,66.245074804054
719.2246341879049,52.268657880370654,41.3620335284827,71.29242090127903
718.0127851576872,52.71145841488544,41.631500248495286,64.93792906490755
716.7214803739521,51.801549717799105,41.43290151600968,71.83625060566641
715.9058855599151,52.528579286103195,41.59655652906213,64.84996931437354
714.5360025994737,51.531117807983776,41.56517693339492,71.66967684578763
712.4478171965602,81.90328859872196,39.50381743919934,67.78115006533366
710.6230809274866,72.35268248667788,40.662570093756585,63.55149435316267
707.0474335509512,50.08274144833416,41.19484159191097,65.8690003908306
707.3755048593142,50.41813670859386,42.48337924024884,70.59738618545472
705.8551819865561,80.2484928714055,39.65299710671047,67.19532818537984
704.1065979892337,75.79923692589341,40.39267395524348,67.006229924519
702.2429003593809,51.164454251115785,41.618545166908234,71.20142019417243
698.8383123929052,48.95251704261486,41.707684106695524,66.55925383507349
698.9244505164554,49.17295042252286,42.99486817888942,71.45521981456059
697.2458387112843,71.52325093801966,40.26961472102289,67.14103334456638
695.1212699880716,50.94115884274956,42.30098427736971,67.04504089613293
693.3786626791634,78.98863065609731,39.89779374478849,67.3986929700059
691.5696793817431,74.48834470912149,40.67987873173388,67.1361532626077
690.5780323690421,50.005397432420835,42.92694100113442,71.32404367543711
689.5348841320047,48.64754852167977,42.32326518015361,67.02104809324146
686.1779812434288,47.874221730115835,42.022893523242146,71.91911256752856
684.3186369734897,46.978850911778466,43.29318626532313,67.0786735045069
683.2982124197454,46.54780939527154,42.69872431329668,73.01657299321919
682.6279861616626,78.41457357077002,41.30295348840491,69.00704497254944
679.9167586095045,107.19722523877793,40.50803240806465,69.08316767930445
677.9589847555421,85.68126479749493,41.530165912585744,68.62491184547498
675.6348907330394,114.46937405447328,40.23727075424813,68.11715401549127
673.6801698111881,92.84253105638861,41.49389177309877,68.31759878493206
673.5612687227492,113.7004121338924,40.53197840876351,68.33328615947707
671.0562918968953,126.15494710231684,39.737834719383955,66.52030938317878
669.2153825871667,129.85599054006826,40.78570607573761,66.2652756406888
666.8567557210981,124.69235372763947,39.632264022847494,66.05629407533505
665.1008216544762,128.68689458079157,40.7027756010948,65.72814849613306
664.2506389404352,131.92366818438467,40.661058570412024,66.91468055126813
663.0251548521246,128.25723414630428,40.5970566799042,65.38090331545888
659.4115833991768,130.6104897355112,40.73011049856632,65.48847983469611
658.3114200150483,126.64461149825547,40.60742894477062,65.21037931113975
655.2238195100508,129.1025766978393,40.23244911275151,65.56602102114977
655.7877671317926,125.31811026806238,40.26841441840361,65.10980748849934
654.5353967631547,112.18482899113175,40.41348488710696,66.17598246338994
650.8736616866856,131.49886061359757,40.683319165399325,65.34264430350618
649.908190699638,127.60129633080145,40.33331871687005,64.8755223230065
646.6132680272838,138.1540670107575,40.265425087064386,65.40837724987
647.2485013698384,126.1526073548103,40.73203747958814,64.91403225364772
646.295202484994,113.24187831255146,40.26348040411108,65.74621390825435
642.6324610860847,132.50402818340018,40.60816254233032,65.03548483460332
641.693624478911,128.31677458191402,40.32689000757,64.99762901349933
638.176678517319,138.7839413551347,40.50493856707021,65.5142737929327
638.8180410164134,127.05461941949278,41.13362135991201,64.61603912626907
638.1284874377561,130.3670189529505,40.275850046856476,65.30983840668131
634.2472778269412,125.55679219295803,40.845711747237374,64.71050625414125
633.4398043170934,129.13995354948938,40.36687066685408,65.16908515116748
632.6518865704788,125.29631744818947,41.267932970735956,64.80690469752783
631.9963844909355,128.9001973054651,40.30215277576053,65.28302847073533
627.8121739136755,131.44742933942683,41.156208206096835,65.21147444999346
627.1042454767212,127.5056618082248,40.45767393193523,64.89597142055896
625.9782986685932,114.50656279002112,40.38469889059343,65.77652641444683
624.9123347003228,127.32362811348749,40.58125947897861,64.83893412233563
623.8557853945692,114.30942553150308,40.348475492160105,65.76233525999208
619.4062051271095,133.74398472119643,41.48504946553203,65.0379727984213
618.8115437985255,129.0802168391747,40.491247956642155,65.54357913515253
614.5606205915528,131.70911645990773,41.37445757309911,65.48126224062136
615.0014136102477,127.74217325792304,42.1639595772092,65.12268923053469
614.5998332427855,131.02595008034461,40.715829582251445,65.88178389948672
610.1913121233532,126.22413000965588,41.7848560132968,65.12245687554872
609.6534716976803,129.58193773856928,41.405049695024445,66.10401379953444
608.7530165196965,133.43052947793433,40.83679720250893,65.50665679871807
607.7141100624599,128.80243029179866,41.00403591254599,66.0936179198493
606.6356102706777,132.60713526668212,40.803163583477726,65.72039497001322
601.7391502668743,135.50553564712928,42.31787044637781,65.36863586647678
601.3755490810424,130.6268403945509,41.08991265156783,66.26622138685846
600.2978098385072,117.83836329309514,40.86297985634087,66.20834340932399
599.1927962555928,130.046740233753,40.999727286769485,66.16255803968778
598.0500772846963,126.13364748538413,40.92317055047215,65.68368185030377
593.581175042816,128.7239806721902,42.007994174272994,66.33610373484763
592.9785359321661,132.45295808752593,41.653933364191516,66.36737027956116
592.1086835214278,128.0391429070522,41.065144185372674,66.54028387191752
590.9552851733474,131.90631308700426,41.89697283620171,66.4828472310353
590.1461678062949,127.66850969804747,41.185576187974675,66.38574912945114
588.9845645819751,114.56393915304261,41.139010823399076,67.06942715611407
583.8741064814249,126.37716698212577,42.87405971712633,66.06765083281903
583.5011860699417,129.73465227421156,41.403026667980384,67.16915145135457
582.4524695116991,125.8680380815657,42.761000708177335,66.47758182312698
581.8880577633806,129.35075961716367,41.479726299810864,67.38879012226582
577.2171918892577,132.13921922494268,42.74705646955226,67.30732028661822
576.5672883525474,127.93847200662039,42.814730870553376,67.12899897837126
575.8881226578169,131.5920643082056,41.73559621739241,67.81757017622121
574.7367260947412,127.56251725547,42.41966842948,67.29624388572523
573.8397540730075,131.34394234692778,41.816401868414914,67.90938470807333
572.5798936328783,127.24484791699498,41.82486179997227,67.3056117913844
567.4507687833608,129.84216799925036,43.52874209461095,67.7868234050784
567.045100825489,125.77748858807055,42.76452618414169,67.46469214972595
566.77191632186,129.42152351340377,43.09313877770239,68.0949160233983
566.0175880342567,133.16588713242805,42.17825739715954,68.6443383621625
564.8068082847149,111.59494579820743,42.12827786042135,68.69457869425666
559.7969923744847,89.20074621122319,43.76389729512198,68.07084018487373
559.9859223719734,110.0002919643645,43.34078089593652,69.08392417726733
559.9930702314111,131.2643002612022,43.50411678545322,69.1111137980433
559.2309816295019,126.99993938080337,42.70551935498679,68.80064078316843
558.054468547034,130.72393241170397,42.61937377327831,69.39432247184911
556.8004244215954,126.84363056067716,42.655367859379794,68.53752855535748
555.6533052793206,130.57432346723292,42.74634201264416,69.17369705557161
554.6523359864482,126.6984515376613,44.13692786233037,68.34100377119887
554.196269021955,130.1929286028305,42.92987242528943,69.43042053972258
553.094732412347,126.21382210532319,43.11476882266993,68.71387656658807
552.0717733627982,129.8610383081441,42.863090133877904,69.58043644703656
550.9053158118156,125.9368351456189,42.94714551792549,68.75506788224236
550.0688963292505,129.68743192538872,44.03752401154861,69.38835331444005
549.4338265960116,125.53120172043008,43.0499538589163,69.01574849765463
548.3906113801331,146.4268086980967,43.01819299374074,70.79605856661351
547.2378058776521,125.33495830099271,43.160672868281836,69.2601275439416
546.1583355286555,129.14148971781427,43.20669746700264,69.89360225100097
545.5081462978621,125.12353186041557,44.093874780044416,69.15591562744908
544.8491271417017,110.96871695050913,43.43324613571656,70.58108828131503
543.7903506207836,124.58450575003371,43.666004837300534,69.4647606639619
542.8442827195067,110.35873771066467,43.70596165756524,70.91418455447389
541.8576171307359,132.27139734694367,43.523716464376776,70.52534169502405
541.3642569092615,127.9300829864871,44.25205547653559,69.99397137480182
540.5896965499269,131.77254936962487,44.414593648898745,70.61325970135888
540.6410383726441,127.35608679004864,44.29010037389844,70.30950317830573
540.8572607023749,131.2130783306237,45.309446296072,70.80241151628536
541.5474014334725,126.82068658302337,45.69895232798979,70.40509303181186
542.3196645023977,130.55245322776747,45.104536017136866,71.39360883636226
542.7000009022039,134.6895575318397,45.63751638540464,71.4855131531869
543.203424307344,138.5679506023223,46.17959524892535,71.96802484889304
544.17900897646,142.36323478094096,46.356569946316085,72.07786852398561
545.3854468746375,128.41178305229573,46.26300752900454,72.1572435173511
545.9531892723431,132.36509330786353,46.758187996855554,72.85136823707566
546.8969797159568,127.60848844916592,46.864045793561445,72.74154826672148
551.977026944985,141.96522938836253,45.29301057829866,73.41736447557872
