246.0,278.0,131.0,59.0
246.76084702229127,281.13360402942635,129.32243727799505,59.057784456177615
246.47696950918805,281.0687065741663,128.8004899925453,59.52554879596141
245.69853074139309,281.1677076743763,130.47845332427147,58.42683089169441
244.86043275977852,280.78099561551835,129.84356745136824,59.43978661891879
243.45889614712996,280.8369787944821,129.78930252501237,59.50267933315217
242.11220197939275,280.9309714628821,129.7958778405453,59.51459763325602
241.41539848881897,281.07854590879015,129.13546617214874,59.497243521271685
240.30228399133668,281.205738547264,129.18734203485437,59.5150188641926
239.3842998785902,281.40326433075893,130.5741840683697,58.3960334067782
238.2310394438116,280.9996932995473,129.76655586584366,59.398038347527745
236.88368880224982,281.18363224436894,130.1189728422753,59.33757433620269
235.67505072151965,281.353478065083,130.20696215545883,59.348612381973
234.45355193603098,281.58806006441205,130.3477198032756,59.33773621847786
233.21611994473147,281.8324528503181,130.46260146576003,59.32434601362138
231.8862860929396,282.2381931099553,130.55214102701086,59.201397004894716
231.03720879283765,282.5229566348985,130.29932186275255,59.29015698127341
231.2858212283851,282.7964066026175,128.91248411866593,59.50875055181086
231.52097798941156,283.099520105563,127.99193968399436,59.59311751809878
231.96304588068313,283.41215043388274,127.3799227650216,59.58082795970404
232.19747949342025,283.8393455471953,127.25205650058115,59.491728890206446
232.57311271025756,284.2589922788102,127.31517265343584,59.24712297078531
233.05407020005748,284.6361268078424,127.10413531173845,59.122348180651215
233.6470708651667,285.04255292505877,126.96523604023486,59.00344979861893
234.50512488924227,285.41587081712623,127.10635912412425,58.94090456765139
236.2869454641318,285.7560230966151,126.85535231483072,58.97293131628976
237.96234653740174,286.1435525654065,125.92529339148899,59.07403797849838
238.94056323785475,286.62784560858836,126.37073376068355,58.88762584980577
241.51173798334275,287.10235668920313,125.43043065202227,58.810168325996074
242.93435349597902,287.53943609713133,126.87140969958361,58.72257658411763
245.55848900563785,287.88144499086184,126.96686628980757,59.4590366057339
247.7229341198792,288.58563800582306,126.35572022423952,59.105032609770205
250.56177240349803,289.2485535536498,125.1704889066666,59.048619795697505
252.49890941497583,290.06913184296377,124.91302340810498,58.930492898480566
255.18863939302537,290.98241793712566,124.00343438622679,58.72163101008391
259.1608505355184,291.91825317603116,123.59428277227613,58.640041388919144
261.17048918209485,292.7398829740166,121.08647319574612,58.923377398815546
264.21607204640475,293.9262574898264,121.56696212750501,58.33226960794809
263.181895858696,292.18494682379264,129.39073798444946,58.82119338175755
266.22936107222165,293.5514191405157,126.45582149177204,60.66570773440287
270.22982338793713,295.4556833045044,124.95433047076847,60.139917411934675
271.4618587541033,296.9578239175644,124.49232587604985,59.9553321052781
274.1767649399965,298.31229636968783,121.72908621514011,60.14339223628349
275.71964197140744,299.7495778764626,121.31242729412179,60.04750786347671
277.6768581147312,301.12815859980515,121.12761531275169,60.22785412863925
279.0146336230491,302.70784970127534,122.81345173906334,61.4646473590044
281.2473797855405,304.6332567001174,121.65705604656665,61.258964110314196
283.84341114648237,306.4435055633826,120.78281104153979,61.167257871209074
285.4436457167508,308.25114744220105,120.5568927815143,61.656795091842355
287.92439240679073,310.31421441016573,119.97307732917534,61.63144940970153
290.4911512984794,312.5034286478631,121.17844609723295,61.75516985013974
292.36218957022095,314.65724877287903,121.2713277218046,61.96569080658492
295.2586906686738,317.03094586615975,120.66994489225846,61.71292784364073
297.72323478008616,319.1959846385794,120.41251121238395,62.02665364777897
300.64191789225674,321.57451546567347,119.46341151977435,61.96145723064956
303.02389687524715,323.9668631215354,122.44832906250099,62.10544393761302
305.5168425344691,326.3432194432114,122.49453537242857,62.2504120055421
307.23864849507083,328.69437401789764,124.09419815342744,62.45675349933845
307.08630889827305,331.03364612360133,127.1778544614603,62.66147655125678
309.28245138855345,333.3079076816874,127.95929625202234,63.202623134582836
310.75349074529123,336.0491093744997,128.5557265678649,63.69130886218227
311.93064311622425,338.73360192296207,129.22398137487374,64.22024836377614
313.3945634236892,341.30532216804806,130.26806088251868,64.60595298497589
313.59690924116853,343.843422200571,133.1221716947893,64.75428528665645
314.847627114256,346.2891955475402,132.97748913735086,65.05760309461965
316.830567201403,348.7552266319053,132.47224342197285,65.85501356091754
316.92816880148723,351.64090888698047,132.22752051092215,65.76540436146655
318.741316648807,354.60840369527637,129.8258128148774,65.70450837816497
321.34049049783334,357.785307846304,127.555407465818,65.39414201712361
322.64985915086436,360.83561036420167,127.53587562721805,65.34677950600087
322.7123856853211,363.82134622999297,130.4016590533044,65.8038754740403
325.39136530935,366.9357582614625,129.58432692338533,65.78825482492647
327.3608520924754,370.0209328896631,130.3521259689296,65.63472497133438
329.2447678361791,372.96258733033915,131.08449906609587,65.75012732198456
332.2343548102999,375.7804223563576,130.19570736514333,65.97535515171785
335.59914599755746,378.85455884063913,129.72611366377805,65.74037705661522
338.8442038967862,381.8985665861777,129.86099843563346,65.65573279509408
374.00393907679273,397.11628497347857,127.1689454624024,63.384258374890635
392.87344500539007,394.3486771289056,121.65153538791515,62.66445183118594
373.31793668673896,399.31826950007013,130.18688831954836,59.375629255994795
375.91964995959506,404.41507255842725,128.72781792415026,58.986974378681225
379.7380883342538,408.221297972711,124.8104781060901,58.805620007040034
394.9740787363679,411.423925684222,126.24377190764369,61.212720920461834
413.36511059136205,415.9386890179124,120.90896271731754,61.92679572531205
411.1101395476398,420.2029191340852,125.97218537492716,60.51516542187511
410.9350374511265,423.9690674998791,126.40736187348432,60.520083243699446
412.2884235797326,427.7258182356293,127.94619000389798,60.027293120306126
451.3126493696933,439.9406243278961,116.67917297564827,59.61444882502224
451.26390960557194,436.2701718764748,117.79069922077622,61.21908027110908
467.03240484216303,442.0547495845685,118.25605422120191,60.95748679609869
481.5040515021566,447.57240235887434,119.73018955739803,60.96080619159238
484.77083327406126,451.86214216475764,117.89055733315968,60.87299691440876
504.1470646052983,463.44506699433316,112.11661267729937,57.666159995246176
502.2099177294922,466.32876243953984,119.45918592927706,57.79045460369724
518.1912023484413,470.9170886854932,117.09927437010515,59.50360851928821
535.2933921040712,482.62030099357,112.73426714002562,57.008388303690026
534.7066398882068,486.0238820922758,117.66998597595773,57.12697952367864
549.2313030996281,490.4228714526924,118.95622583479826,58.79078981526749
565.5966921375889,502.82751538917205,114.60241835861507,55.58154810945973
575.4039345369096,506.7839460970289,119.11360604354729,58.409679189644066
588.1282542091076,519.1398195928523,122.31623310658324,58.044617608999715
603.6240730248977,532.0522149475221,120.95416519324942,54.66143553170264
614.4181546582683,535.6111217557673,126.72984176420323,58.11527281100098
629.5635694166268,548.4955437682761,124.66400325125005,55.17820286978758
641.4107445332763,552.140070494293,129.396168940684,58.14210851609005
670.7179847453781,565.1501032491981,124.94746631501243,57.03622810483489
672.836214806196,568.7053679164217,121.42937394835258,58.86769828295496
671.3012651553433,580.3541939771458,123.21490416832853,55.94366140734223
626.4932731749257,588.4821335369923,121.13118840421464,53.28457176581287
639.8001095858183,591.2351033260791,125.49483590284456,57.53147061946436
658.2087801110488,604.2172227572579,121.76580006508584,52.83413342943675
673.4601166259707,602.5791988353869,123.81411646396475,52.547480350953265
642.8012561766021,597.059958557233,126.22714616989299,54.63097667792147
598.2518792946817,597.0908656578381,122.70002527838813,54.512182706807835
612.4944681233533,594.9763923393543,124.63477668419034,55.10535975703965
643.860874928808,586.4699037688057,122.20402432787546,54.3339759138546
659.561450967404,576.0520529953428,120.9417881438477,54.79130909263222
689.0808820540828,561.4086801571274,122.0249420762425,53.85141672007114
706.1711903854423,545.3305002872319,117.99891082965394,53.45749867974257
661.9950506699622,531.7541717060601,115.68901095205979,55.834165653167815
649.0848654184335,519.9048823001094,112.76090861393709,55.622560851921776
663.4091725204562,503.57968694126544,111.05124149189578,55.251717082664186
644.4651557405484,500.6439148798709,117.62292195768282,53.25481410592812
646.0554885029737,483.97088055256796,115.29774061661271,53.570761527943034
648.8961699454621,467.36073054085693,110.23073141342593,52.91079737778102
653.9295545387395,451.05241535124856,99.98951698281053,49.387852576568775
641.4635279565555,431.9117159075465,101.79012417806007,49.31742608585705
643.5561208850777,415.5432151649487,99.20623511156009,47.273992295225185
645.2810055228797,398.7582721143135,95.18569189509208,46.5494756223834
631.2273614015694,381.40708002734,100.31645115872197,46.06374116278715
633.2663133844576,364.47928523473047,97.20592348995865,46.011326683851166
630.8354414848259,348.9130437047005,101.09409076089514,45.11549653455563
629.6430419488192,335.0918652408818,104.50868196499437,44.08172933005517
627.6813207594823,321.2323081432602,109.14365187606745,45.52979414692771
640.8985674063981,314.26120878724777,102.56908946137378,44.09011991610356
638.9084756548443,300.8999490076317,108.6889036343448,43.428798265464025
652.173886332735,293.64255638576674,100.91876500814624,43.66539879935374
650.1082920382235,285.94361626248974,107.83380462856485,43.02489168835018
661.2793365358211,278.4825349679529,104.41476365712731,45.39847241932296
665.4512720405291,276.5689597438367,101.08156290831744,43.59494537124874
681.0797556227075,273.86982719969205,94.01437657133704,43.9463266069788
681.4908077087366,271.2024900082048,96.38508988625301,43.63489922248584
681.843499002176,269.85851721621293,98.51809787281354,43.08926785288031
687.176453128282,272.55291255804934,93.87382365244514,43.46177710164761
700.1923000939165,276.5992875426199,91.79827737086237,42.642865087615405
700.8082714720811,280.01504802622003,92.13897987844052,42.04789471586196
700.8391851395085,283.7552321190989,92.71985113158655,41.91627507567796
704.756856706425,291.73782317068446,87.9439761158726,40.62250648280326
706.334485046171,294.69852939102213,87.6461158181371,40.76698850252842
706.6206772420561,298.43403500985914,88.79068761624796,40.22454149369344
706.8238037439246,302.2015052088527,87.9304043412593,39.73982258623926
708.6357445009842,304.33445999330957,83.63570255327409,39.33179922161071
699.2254353912724,301.39644059120235,84.00062296758813,39.61808515343978
702.1213626711317,303.6303789502315,80.84085727910178,38.67894742468968
692.7519114435618,300.29571043084695,81.38184704580635,39.083872101856855
694.0547487549245,298.06018382922525,79.92535294157642,38.62797395258599
684.7519575020176,295.35679864542135,80.5613130796346,37.9502538017357
685.5584468723871,293.8160877343868,79.65465708013653,37.331349852660765
677.2240727585909,291.0425724722659,78.9706720200337,37.45320903565073
676.9738396134126,289.57465636474683,79.00178349548014,36.80860253688155
669.0642153766166,286.6435344135379,76.78671144727377,36.68966415888161
660.4041835442088,284.2827077555164,77.23347387661249,36.30729055089097
653.3126430531292,281.8870207615033,75.66573837771602,35.87856824931663
654.5233036661602,280.2216552977327,74.05436162674505,34.96753092969624
646.0674273670606,277.1297167426888,74.1471510512929,34.75057337385414
638.2082735329982,273.9757719820227,73.18592041426473,34.26251305294318
631.0648679853778,270.91184892646874,71.34869467982537,33.947143557542574
623.7370518341938,267.92502716298964,70.69891297808465,33.85939602633016
624.6525560438859,265.31976723888664,69.41697192471565,33.51477628495667
616.0635858535325,262.0923086769551,70.44889012104011,33.06514600202104
608.2200035811402,258.58003009493405,70.11116817024185,32.86871689342138
600.8664361684198,255.83665328325802,69.7010056369104,32.75584004776553
593.9577764924256,253.3535564243816,69.09140882090765,32.553164048622165
593.7206586430251,251.44451137671092,67.60042754736162,32.21317486642778
584.9668030927814,249.32451917653935,67.95754431803402,31.823372403804342
576.9262574160587,247.0880091931519,67.62266040603902,31.90622739048939
569.0069384565811,245.85055448814785,69.30377549758191,30.864175841844087
563.3308682614279,246.22886579148224,66.09635769606052,31.092065497739554
556.0341816043201,244.0957469457813,67.78059966198543,30.808177586523072
549.7525530806206,242.41367100514844,67.48127862255603,30.57788990540547
543.3276116677298,240.80285371958058,66.73422395388116,30.36226790492094
536.3413652954123,239.5710800763959,68.15357367436263,29.765010198988534
530.2960098495125,238.20395540707182,67.73060132965475,29.467604760835798
524.284308724853,236.67398246547282,67.42611753951314,29.389586376773423
526.0325734357539,235.12937729049315,62.55772779322797,30.249070636330202
517.9530380151707,233.08494192891519,63.06916416609545,30.02478694134848
517.4413290199508,231.42138305621847,61.473422125430375,30.543716059342273
509.3706176195908,230.15834856828002,63.703261520406386,29.447233356107972
509.61898267569603,228.57194473302826,61.26302820186271,30.024374894188497
501.99610642015705,227.50013004441143,63.926073109702656,28.678420267045453
502.6148957759373,226.1533354757657,61.959779832675906,29.215704575542816
501.51328752185964,225.2511868772593,62.02024648579663,29.038774672737873
500.5045194772909,224.65567729835357,61.860994397671845,28.51087664221359
495.1667897668988,225.20579334127103,61.125989872272044,28.48362417127612
496.43727651389804,223.8249150954619,60.245607974762834,28.822539110892023
495.4173744927748,223.14450835180588,61.016997863581764,28.2245968882236
494.7953412548386,222.51992313609753,61.35719467022682,27.757426737963897
495.695424459606,223.093113369888,58.90235130439544,28.24941559884428
494.34377228559754,221.77130553421762,60.66921481869974,28.300104444912137
494.05102699228576,220.71272172898853,61.359062740220224,27.9495386910682
494.12623359735494,219.54870498657414,61.481555979449354,27.791187692403753
494.39967773844967,219.00361914508557,61.50760971328475,26.847221689866984
496.711677105511,219.63035915160458,57.94944757938998,27.424618592176557
496.0803858201334,217.41068980635475,59.252085683664745,28.14147067780931
496.14668317854364,216.16178587425634,59.31058673840528,27.898098114025913
496.83516576671866,214.70001523429175,57.63931095110627,28.00495730695681
497.21911943239536,213.7399017733859,58.26937769618792,27.400276462652982
497.1745877560071,212.56728926046895,59.44699327271803,27.229203127280414
497.85359922005136,211.36297911485195,59.25481372116337,27.216048660551735
499.1356860327801,210.301688480252,58.62026839940211,27.125706616618828
500.68079462642595,208.7607277447264,57.87210362333667,27.492307343988358
501.771005932103,207.47065945051173,57.88880357551284,27.443365327403626
503.06777951082904,206.23885125454834,57.60631612735324,27.318835731059977
504.6015910965532,205.16929186615494,57.176381356613774,27.04185755159307
506.16206860202874,203.89651729469188,56.818101467080055,27.067971277527363
508.3918241021013,202.38882084466331,56.01100705238673,27.324382510591704
509.54018751375077,201.08783633830274,56.789891368939266,27.280098196331124
515.4053757582847,199.9534457413523,57.444633692045954,27.276007799725733
516.4662583632844,198.21113650654152,56.2966191733949,27.52135163159184
517.4570776768378,196.91880423754063,56.21225272217271,27.200813207810455
523.2279328657042,195.68255779570438,56.85607740926628,27.297219626424777
523.6639637596087,193.79588019908618,56.24537501249108,27.581446773912205
524.1498979693897,192.72972331882005,56.976911467695345,26.871761457580277
530.5331488813451,191.75391535413885,57.1707030144355,26.813528435377748
530.256750577216,190.69690995902053,57.88299804884241,26.16578900139416
538.129387350536,190.24299276066358,56.014212145616966,25.648055898250846
538.774506237326,189.13958121252776,56.327695405329905,25.591465161173943
546.6499049152471,190.40045236848192,53.87469362067668,27.169777364038794
547.2006629381349,188.81602141660983,54.27241091658925,26.961355814364936
553.6404870532444,188.3955334930738,55.073594473324874,26.157119064188464
553.5811988591304,189.38165073648668,56.131931897759614,26.94640260854095
561.631153189073,188.74876104704282,55.16858554324415,26.49010298355779
569.5670894647336,190.34515926168143,53.07257464544557,27.275827547970948
574.7989476077548,189.3068377076636,54.44800276788078,27.001138592532726
573.9969582030776,190.69105959672595,56.258754186349506,26.938652429546494
581.4530496787542,192.3996956614285,55.98960276347441,27.089736567731848
589.1743409782849,191.49598580962333,55.5428116587359,26.85412500619543
597.0202227295304,193.0800716008971,53.53933982806666,27.431013626604
604.1094529389844,195.18944005274216,52.793350472573934,27.30405588703843
608.7809767503641,194.06457032323908,55.55014765701708,27.250603969040498
615.8535237049211,196.06371720216555,54.414425404123676,27.366026042399767
622.2256882023621,197.87447797709888,54.707125900697974,27.707330520352315
632.8986088451716,205.5530322274525,49.29532422278953,23.39433645608551
630.6252455114088,199.77771146451062,54.679119227711226,26.376302101662645
635.8652345328076,201.74614001044324,56.45986129682683,26.780881534585887
647.5989199631213,212.2048348214521,49.207871876050376,23.054774955696757
656.058277887103,214.83346640834634,47.412093119026395,22.176814186408137
663.0077970844848,217.08837124421723,47.11406468224345,21.773253016360286
664.8293966734873,218.970856743152,45.78727562121867,21.293862934020183
672.509732578761,221.4646662498008,44.13768083304967,20.62019190031947
679.5598228515948,223.77727263407837,43.75794297822472,20.49734290795061
686.2416771979865,226.0227768404173,42.80932039449931,20.18555180849694
692.7594743459181,228.1382738979761,41.83532836934364,19.92691284816317
698.7612471202294,230.21146657234544,41.33022356454103,19.693609465441455
704.835039814451,232.30425042608732,40.6657962874674,19.40584037657004
710.887398812112,234.7211984270325,41.43071613966811,19.02171368752107
717.428485396038,237.0026960789371,40.936375260234854,18.729743525217827
723.7845617462062,239.14230735238507,40.378779623992614,18.547110705500785
729.8076864230152,241.25679195975886,40.32786118960121,18.415991112719894
735.9146927140628,243.39819737390627,40.11775451881658,18.25814478192018
746.5210483816254,245.61711052147325,39.74592213135202,18.785984565515832
752.2750235124414,247.9432538006734,38.958752396824934,18.160623646690453
757.9001825249252,250.10196194224318,38.54878396674394,17.825067997215683
763.0917863414795,252.15810187031707,38.844368752587684,17.611695770354913
768.4860851275845,254.30204596049964,39.02415340808318,17.357770181521175
773.2473166833015,256.4524854991164,41.14430486145966,17.448659482951598
779.2842705971559,258.59504304245206,40.641831510577276,17.411686187730822
785.0816709782753,260.65384279849553,40.12729271341493,17.265976586129625
790.9291810058847,262.5540196050707,39.20044150551291,17.172012199457072
796.3755528538857,264.4216071017733,38.22339605764671,17.013133975489154
801.2448088431843,266.4026612484198,39.042444328746456,16.86766898994904
807.075547750089,268.1374207337225,36.944626859051255,16.75051062531952
807.1716569024911,269.39862611764784,38.95419408447083,16.72389425779852
813.5509808435856,271.08864187667587,36.30297763237195,16.51123334267055
818.6958125264155,272.4346409463908,35.13323714498256,16.5950418662012
818.0702965304622,274.0537733784157,37.9589178882361,16.061436774945037
823.7372703647634,275.67170194443713,35.42722198091815,16.068716661313942
823.2697594302774,276.76710834694745,37.12232139182902,16.127659370465608
823.8143662246587,278.07365399765035,37.81470972398574,15.974744703242322
829.5700298990331,279.6387238538886,35.154274914991106,15.965195008949706
829.4373471702534,281.0823414614745,36.25591726724895,15.678003418445826
830.153420427543,282.355347850479,36.135897788775196,15.601961889805239
830.6293123453647,283.4876789816488,36.225871029550376,15.660709791392662
831.8360420559333,284.5404304545892,35.09176985588567,15.681069390067364
832.4727949217163,285.5114130951533,34.99330512444101,15.682080149432693
833.2020664764865,286.40429322777027,34.086988898006325,15.717467899892199
832.7089606341876,286.42906924202066,35.38105766825879,15.177242530980266
833.6401999257505,287.4855065553746,33.224447769041035,15.214905157520775
833.2802006787474,287.4271707149056,33.21057877396038,15.203520074632081
829.2517851285456,288.60454904963603,33.78137245026187,14.778333676695866
829.7402565766165,289.9032196624247,32.56590699728099,14.728145755188848
826.118251990813,290.7564721268404,32.92366219594783,14.596911226309146
826.5835314800187,291.63143414243393,32.33548951504292,14.769357200142053
822.4585265237762,291.4516675686218,33.490607816970964,14.521173455420922
819.6201074820829,292.417473605643,32.05552404412697,14.330637744801322
816.1026675633625,292.09134632288806,31.93474610038311,14.093600363501935
812.6783627018561,291.74896678707023,31.62630708811946,14.276499271885257
809.3280525183854,292.38533675164604,30.344234633857923,14.293695133591314
805.213442663134,291.9432301001866,30.68907510339045,14.064046401440862
801.1912960826684,291.62777609945476,30.70197418064629,14.100786118784583
793.714555078159,291.94459356885045,30.279069822074803,14.14786408711916
789.414185274682,291.52132423069395,30.90178165216423,13.986040090742563
782.2343694079591,291.1227227499471,31.480549839076048,13.773060928915584
779.1459360461299,291.6157733493832,30.11109498078622,14.023979215696727
775.1099663980344,291.0348172189121,30.277969916849088,13.824905419812012
767.7645138674088,290.5607272226074,30.947297965542475,13.58218112663036
764.5682285903364,291.14078637264396,29.90537687445442,13.742122477464989
760.7250340535201,290.6865131862853,30.104194945785252,13.5047570167917
757.028672219024,290.25404595255,29.946896298361253,13.60437145750035
749.9853770160296,290.7270386410963,30.326076155895976,13.544165460126578
746.3793813297252,290.4124715566114,29.877622257892313,13.493922882859692
739.2692845214088,290.91394265248454,30.1971336340099,13.451197917150864
735.6719690272457,290.67530974435954,30.438672388917325,13.35871774024838
728.7177737871567,291.27285315124146,30.55172608857208,13.33725032179467
722.1831553874164,291.7194644055062,29.741948265804353,13.500250410821536
715.247808843058,292.51882631532663,30.108048399415566,13.243211335928947
711.8357050132944,293.15086686268614,29.51598343203534,13.535309958359676
704.6238557138478,293.9574674180601,30.129866111022125,13.304710594942435
701.1073652096611,294.7692900439414,29.111379255965858,13.49196949627941
693.689465736282,295.72976423157536,29.89363133475308,13.182373732821816
686.521823090089,296.55662855433,29.767671158629014,13.243484732869774
679.7712652183069,297.57614370394197,30.000984423033174,13.05651966371073
672.9252217505368,298.35734765856705,30.466149658380004,12.997587127588758
669.8879264204218,299.2040921248322,28.818229752663683,13.254621366045285
662.4745465868465,299.86877485098864,29.583563613021283,13.06652377292221
655.2612973017051,300.7498916603863,29.848488138282164,13.067929332014728
648.4668386731576,301.67666539401745,30.30745506369408,13.027727212100558
645.3967616274364,302.73669709899434,28.81737174695661,13.114652959372393
637.6971662032811,303.6584432719928,30.10927088041842,13.040457411319437
631.0405129161873,304.60393665223955,30.304081959063524,12.958058803907193
624.179296937743,305.6082535846667,30.407579188653244,12.989595297678648
621.0059553985994,306.69436247968474,28.813043312837294,13.124945093683664
613.5210363758188,307.60564816293527,30.221430096059976,13.069845832858618
610.372099012458,308.7988603087414,29.071266248902248,13.081829285339325
602.8185336088045,309.7153719377912,30.504795094257133,13.078106571362184
595.8205411534445,311.8519525265681,30.836013921186805,13.169785090937694
592.4694238773837,313.1541684871122,30.94636842747832,13.291227959153048
589.2322694198311,315.40160668965643,30.324438357762006,13.42016705235551
585.4456346838867,316.70465675050445,31.223682004373927,13.32086843722152
582.2144929265072,318.96100296993245,31.08756333293934,13.454633801648015
578.5417884596432,320.3574557114016,31.729148597998687,13.481709533982666
575.2073486728492,322.67127437539176,31.780099346396582,13.579724798016514
572.0359115352458,323.8818990950011,31.788926061140046,13.304115329851982
572.5564901196481,325.1528208399353,31.42415893192549,13.415160382588795
569.2415860665315,326.2608879919579,31.924670597278237,13.281531176676424
569.7494609572523,327.4967580982827,31.123848384218945,13.59431025947299
566.1488971330534,328.58440573993175,31.983670423655326,13.336788802285582
566.5811898992631,329.5799139279568,31.933087514159524,13.610524493115804
567.158692762308,330.562710660263,31.142283818177248,13.69424141360588
567.4652294323693,331.4625872687421,30.44145045139885,13.814058145602246
563.8264626658025,332.63480119539975,30.760029481789275,13.327509369777545
567.8626676722747,333.8974916322155,31.2643393772305,13.52643434830668
568.5540647386604,334.75855491712446,31.17610937399013,13.696465500999011
572.5642601082114,334.69952269383054,30.869063194852743,13.947538383846904
572.7048226761182,335.77836691225264,30.865779816186546,13.795687704759985
576.4163689625857,335.8019987111054,31.346392405675715,13.850463328211845
576.6962109646116,335.72565652424726,32.36460987415796,13.766438537590545
580.9232822441329,335.72679338985654,32.163804087524795,13.995678966705555
585.3154810522219,335.7427732594157,31.273056662496288,14.096527305297286
589.1229776764194,335.77290767872523,31.391972602905298,14.059753548648814
593.8521243584761,337.0236923444397,30.057690497589306,14.032048724226456
597.3392091359107,336.979970168837,31.003411381570572,14.115113610812728
601.8950251087977,338.2205425000119,29.831232544708655,14.094311585824812
605.3220214659635,338.25195497497043,30.695591751846564,14.104609053109016
609.320955573734,339.6245612256772,30.30417586034673,13.955182464036398
613.8092011325418,340.88778678524307,29.847682934825684,13.864491287337614
617.8534560555045,340.6867833803959,30.36649662387117,13.685915828123768
622.1951692773373,340.50952279156013,30.243548596759865,13.861516371180755
626.2368467711065,340.449795090391,31.10115261965325,13.950908318836525
630.7888130395281,340.4971760443541,30.922025923101046,13.951071596593579
638.8744259551786,340.6744121920475,30.125665520849907,13.989236068690047
642.8260698314011,340.51686352549905,30.36664869533297,13.993123349343023
646.9877434496394,340.5501317888353,30.58858605078524,14.02518941917026
651.3588072296396,340.56954172330177,30.190996128495613,13.904302671331095
655.6329112185151,340.3833816905112,30.134368602327413,13.75530829013212
663.402627393768,340.1430159709233,29.849490934922414,13.80093702482668
667.2663582087891,338.34949879530944,30.127377962565106,13.991290426660441
671.7071154821654,338.0662422413611,29.7080574222133,13.657593074123895
675.5459422383697,336.20770627801807,30.46795133000296,13.948673981433387
680.4515431057087,335.90544314622616,29.456429719228936,13.689617181442713
687.8491846191984,334.2443146286369,29.725386931414164,13.644617581405043
691.5435397459057,332.37047551118945,30.09885259130158,13.931124788254522
695.1870576362141,330.7219377589534,30.644715089598776,13.94192398765125
699.7820411237594,330.4780443294422,29.413466960045753,13.674790277187128
703.456639422687,328.6585816020091,29.815062708266396,13.803824122923004
707.7003727883206,326.9559796799716,29.729719870799045,13.659001502419414
711.6989098533073,325.2064992044728,29.678449204017284,13.841885017738775
712.8916019132034,324.65663229934694,28.93565791218714,13.528865545944882
716.8285320901505,322.80174411987184,29.109640325555574,13.463726524856952
717.027305321278,320.8588333141232,29.864687244694437,13.432654632950914
721.1484838049496,319.10807802318493,29.45581243553397,13.502258752233615
721.4214778592487,317.2926515722623,29.921455587558967,13.47400099262262
722.624478249445,316.73563954046085,29.068117725378215,13.290904132771175
722.8581808487417,314.7716167043061,30.173364763361974,13.377185429640576
723.4455925790265,312.9275026759019,30.52204876490339,13.333592640999541
724.3825635302161,311.0088055314201,30.43968383731169,13.235312019271475
728.6085769608738,309.1841993069959,29.6207894043863,13.561726715861653
728.6942895929271,307.3522134983548,29.66232221784901,13.5261701098907
729.3242574589152,306.72318993762383,28.682744094326722,13.382826795553456
729.0579687003192,304.8443262059875,29.539648536025766,13.346532881766052
725.3364790945002,302.77545504773303,30.646544031243707,13.394938576729317
726.3664010359045,302.48931021012993,29.47355371820788,13.20996997538657
727.1904827827568,301.80377338835456,28.426099738534276,13.24210371097547
727.6094107670815,301.0932119628177,27.969602182319022,13.165212166417177
727.1568230695351,299.2679304092119,29.35524010860513,13.283832384417224
723.7412293464292,298.93564912616284,30.230768083710586,13.09099984254209
724.1825050444972,298.8532314270491,30.586129364861677,13.120603566051727
724.8686041601061,298.7427119334052,30.18246261967772,13.165243255790813
725.5412496399777,298.6120529804009,29.432808949858327,13.186445250168788
725.9768554711378,298.493504844497,28.92248264684281,13.171254979340006
721.9407912836509,298.05445849357875,30.769535124105005,13.155893208206635
723.5379114990858,299.07426024518645,28.331611315610417,12.99570514361585
719.936803822118,298.1938049060824,29.92183507413074,12.99479779663693
720.6405203618287,297.85708991725414,29.36613395182303,12.861018768356871
720.8590115974148,297.62795503810025,29.03555025925118,12.976848406389934
717.4206538990693,298.7000833036675,30.221934191666605,12.783601743045494
718.1583371456363,299.87782982786786,29.325943614239804,12.800577808150479
715.0574271843573,300.8370871614573,29.9031273786602,12.65439910601242
715.9328877113023,301.91051601418036,28.613110490001304,12.643233909829462
712.9163532605655,302.6060256769889,29.149088914359822,12.66490449998139
709.6586005917843,303.3747754232759,29.820318623830303,12.66431578073491
710.7510502977939,304.46100258319217,28.053600508710474,12.583756219258646
706.9492757654298,304.0455953650142,29.57500496299872,12.585040512250373
704.0043567967475,304.9045511999006,29.59568316189234,12.48237585541466
701.2145494620272,305.6153384598199,29.473768268762797,12.541883562605221
697.8543405537184,305.29940767539733,30.081286449816275,12.638460160412308
694.9814124991838,306.24090694054104,29.429254090602626,12.47362199092862
691.6431379678072,305.8743143258565,29.90612491347224,12.615257220848775
688.9955440376737,306.5964378997778,28.465435254577073,12.563529988611208
685.2123462932225,306.17710286404076,29.106177305504843,12.6436026587279
678.5626800467957,306.7470736874793,29.466563692788554,12.508683771061442
675.3454115130735,306.2868580583822,29.375149000624333,12.449145458181931
671.9504676649867,305.85818860607856,28.80235980643579,12.66292363237028
669.0562520033416,306.51252889527876,27.285141505427646,12.590054353469839
661.5493139901288,305.89084733605523,29.394769007401464,12.313133674774008
658.6278738909459,305.36498433832753,27.864548967295377,12.541104000711584
651.106679380865,304.81671476664485,29.933302903284584,12.348781850748537
648.0637278759723,304.3368506264133,29.276960454163827,12.5501754676539
645.1429901954672,303.95356889764514,27.82249130366938,12.48434865686977
637.6427485568479,303.2652620112002,29.81078339514852,12.221452543560304
635.0735121539219,302.462148121965,27.792769212577696,12.303465940018043
631.6245979579569,301.494821628671,27.419107704326734,12.431320693899067
624.6887519700624,300.47536931925185,28.733671712095884,12.30090470638288
621.8374625993001,299.64886886401143,28.448004196979127,12.342717487989603
618.9486270857965,298.99915691456,28.006838717172286,12.244543969085043
612.0135312719469,297.9989611213068,29.05917286620479,12.318427982383128
608.8299735636188,297.548359329508,29.507975326862834,12.496040444893652
606.3845668640752,298.1827668550197,28.315271538059505,12.54041521639465
603.0604067327649,297.6141247565119,28.647985606222733,12.630656961639545
600.2324149753238,298.28737413345755,28.515613472298355,12.584572632821619
596.817507379276,297.9261336566845,29.073249260330044,12.705702894275419
594.3135561678503,298.8994581322221,28.2918315954671,12.433369623932663
591.5676462120113,299.47955391799337,28.372010494627602,12.599268998721584
591.7014661996108,299.22747277091736,28.296954068939613,12.780472885892038
588.8135462087926,300.2497280868704,28.133383516626395,12.578949808624884
585.7239776819841,301.1591277216421,28.71395220907118,12.519631294002465
586.6932059540243,301.98653698999306,27.318574326846488,12.701689471879945
586.1539342875121,301.76699572045584,29.062655632120595,12.851461014820416
583.4043904343664,302.95033197805924,28.629341260099636,12.824267984287417
583.8031516143897,304.1582015287827,28.11441009498685,12.7962875950671
583.8126579327684,305.2991054769713,28.085501068124813,12.829492890259417
583.6042979071431,306.4612846408455,28.320748046896824,12.874996817552528
580.7231339529942,307.5389862690986,28.43478410349985,12.856840170663531
581.2294237647319,308.8988950454641,28.606143933998624,12.868951147256666
581.6743916427372,310.12761986487317,28.48428040918452,12.791731838977796
581.577688598123,311.4084659661523,29.346194732855224,13.16277875117413
581.7626807172519,312.85810422613076,29.51705155124023,13.14911980229499
581.9728055419232,314.17207112764333,29.514798691769556,13.419188766450247
582.3036782896452,315.65336187553044,29.365501217025667,13.385797821928918
582.5018442672881,317.0860986292007,29.70772578672006,13.48183829306663
583.3616892573225,320.0589820870936,28.884490865381622,13.246274897270439
583.5162771603593,321.32567670493313,29.77742364106234,13.596068623782685
584.0219568416888,322.77227349496127,29.73717416892225,13.601772652964996
584.9326244651216,325.7173703203564,29.15894840399517,13.270471823327114
585.8177005550401,328.34998375728946,28.734052482863717,13.312189307026529
586.3513524452501,331.2016136973439,29.234928203732125,13.293183588134525
587.2919379599898,334.00490525536213,28.892079306133382,13.177865796191668
588.1413908397572,336.6129540602787,28.494841903883753,13.30768124691707
588.3302972205644,338.03061611280737,29.545246624218407,13.355391566034314
589.0976316422507,340.81801685527535,29.131539990268266,13.19668432862909
589.4237005900721,343.6693747495224,29.302379592916054,13.221369945274432
590.1458263037043,346.2478391818305,28.724112483103,13.345269412313485
589.6944148013572,347.558720763424,30.077159069507502,13.468616602532336
590.216641835439,350.3802581793334,29.275850300779098,13.384495283881051
589.7185338689844,351.6920463458506,30.528379688201312,13.694931174202452
590.0768732606693,354.81600746001754,30.26813182661408,13.679985046493243
590.4307955696358,357.65646736264523,29.744397797373267,13.460281798397205
590.0698578027349,358.9843216367884,30.432576505116913,13.577427839640109
590.0511971146137,360.3952841595482,30.549883019844515,13.683165558733151
590.0695843117234,361.7738744277807,30.568513412503307,13.716700396888655
589.9864876689834,363.1704107379568,30.878707102381327,13.65874835669797
590.4185333038477,364.4101010626886,30.024407619275735,13.712185435987408
590.5017423388696,365.4992767316047,29.414387190342836,13.59517895946425
589.8663051037875,365.11106820362465,30.474611713589184,13.643490014877841
586.8939572900475,366.15058510750276,30.095604805643234,13.406577303460836
587.7395923138448,367.1028017315141,29.211112064506892,13.445067286416474
587.8795845982627,366.8208824958181,29.73508660313928,13.291855567407765
588.1026368598832,366.49283688878876,29.946744201901197,13.436403789232713
588.7062185777553,367.43129890995476,28.667850815235283,13.416997302809932
584.961701516357,367.0252251179095,29.862569674659994,13.122206193327543
578.9252497802117,366.1521704325961,28.93237674766715,13.23724459519849
582.9181642024452,367.6500696764776,29.163193885583382,12.93954168722189
579.886351512732,366.8774037569405,28.991029592470227,12.980173938722999
577.0300448714604,366.21400824600437,28.645957243414728,13.034837832332414
574.0787333904157,365.71188282578333,28.652225597461666,12.949827236277258
574.2384011418385,365.3641368602929,29.319360071895062,12.92491300775606
572.0188987433754,364.63592183960986,27.861377609843203,12.726984821411236
572.0477067901325,364.012452133177,28.65811823426816,12.686867681976082
572.0243134743696,362.0336916483433,29.093223721592153,13.016058140720475
565.8042676511047,361.29095933143145,28.258966659077487,12.749453123160322
563.1428650848711,360.3420561265659,27.793290835567404,12.764468365491211
559.5889668285174,358.2284361398173,28.60433081066958,12.823310674159416
560.3980570394629,357.72615849050504,28.01276139674428,12.678921370299065
560.0169977514029,355.6820429163564,28.67712071417202,12.925026685857006
554.2576988084973,354.7249444418752,27.471748237656016,12.636859622249915
554.0122286963484,352.7634999558401,28.707409586615427,12.83221882356878
554.2779801303445,352.1009553139969,28.12422892533948,13.014114681228477
550.8851588074721,350.14852356959454,28.93200564702977,12.906797575178643
551.0545057230165,349.5829615216892,28.553214088932577,12.979521914878944
550.6451179488972,347.6828688870776,29.230427735850753,13.243369126965945
547.5488158425883,347.088280484457,29.053357626727575,13.036326621610783
547.6630959419133,346.5666086868781,28.984361495174426,13.035565284954373
547.7171021835902,346.0145274274024,28.575520672542325,13.046906842264264
544.7188066445269,345.2480903405595,28.941322721747383,12.960109555012366
544.8890462075665,344.74407946366296,29.271823528686696,13.002145957520383
545.4913341568292,344.1403084619599,28.564562909939696,13.038771785536937
545.7075131358268,343.63257365205857,28.333291710021967,12.974949092332508
545.6200950949792,343.1201862152201,28.632534691414094,13.009598462385725
545.3462019060839,342.74528949446847,29.19788561995142,13.102176040749555
545.1912394300291,342.3864116349181,29.462750602906908,13.446789402829154
544.9341332993877,342.07553809245496,30.481353544624426,13.6774009197336
546.2806133841517,343.3315599111164,28.663602727604825,13.269692002245677
546.0423986914382,342.9163101219242,29.797539453481704,13.584094604377924
547.2691286002976,344.1345830167943,28.85008339061949,13.229222973213552
547.1674387954586,343.7256604307354,30.252536262761396,13.69020492532627
548.3157954990875,345.1079420990138,29.805830644726484,13.74561843886687
549.2196029059983,346.46849019069214,29.627256688467924,13.630533428181934
550.2449061103861,347.7895221931847,29.55392850981923,13.444432863437555
554.4475913853026,349.33500809503084,28.317536145977442,13.71094018903284
554.4797107211747,350.78138607429474,28.650085318420338,13.687810976788285
555.9377299183129,353.7547986478048,27.43295178467406,13.293624274078468
556.3615784180795,355.0759553986909,28.665065131562187,13.392062496166545
560.0705573495493,356.5476861229287,28.357357092545953,13.735013179909004
561.5595654877163,359.5152621046186,27.034280567118003,13.234559956938199
561.9397225202038,360.8471494667072,28.420981442325683,13.302419503951057
566.2319164835878,364.10609143340287,27.594263628740237,13.077129133068127
566.4338835194221,365.4328615633261,28.86326506687942,13.270294832731452
570.8468713358768,368.44758172506636,27.05538375198762,13.140911254975265
570.6847659705409,369.81754200402906,27.93682933513719,13.246754333320382
571.9381574245099,372.6500967312992,27.58198090257008,12.939650351760292
575.8651745252814,375.53663957242986,27.11185004231106,13.029251660992486
575.8907010844578,376.8779437822691,27.77855250500636,12.892391068980714
575.8348606705384,378.11465829680805,28.731474759081266,13.16990534311509
580.2197647295623,381.14193829667977,27.24798549518141,13.027093229494596
580.1102857241752,382.4408121104381,27.984228047606507,12.931950002375572
579.6702686482653,383.6795786003469,29.95436032729799,13.26727176945576
584.4007809582351,386.74399640103366,27.96522775477456,13.035230853419762
584.7808156231453,387.911955806444,28.305267830792218,12.925751454180954
584.1107918049238,387.38370888308447,30.516861255100594,13.513599360900628
588.297082033967,388.99059164941445,29.43067883421645,13.525996410090556
588.9305632562391,390.3680636713584,29.88117750221909,13.405325135072246
593.378833864499,391.81902177646487,28.532798699289742,13.31107440518116
592.7342869491357,391.36331353915057,30.656317557764396,13.644085644241216
594.0930817343789,392.59757706294624,29.789257487852296,13.481009728661661
597.442237785722,392.4420965599968,30.21824376710549,13.855328923666775
597.5341949711034,392.21159638162214,31.33650280148163,13.874171307929487
601.9036505436793,393.70828441566556,29.978362401086997,13.67950583383265
601.6735657904392,393.20555117397817,30.92534846840863,13.945449091750561
602.0140352729484,392.81910113170875,31.55272009078908,14.190393816944606
603.4366330319953,394.01481558194905,30.35580589213589,13.911740311521271
607.0456491064533,393.58251902005856,30.441282000717138,14.10459886666905
606.9053217062226,392.94180186502786,30.64529845362324,14.10697227738001
607.1265500192824,392.4401981939268,30.98236610906463,14.022011477780609
607.5694643438683,391.87103417620324,30.721986338216766,14.063512492784639
608.1705219003292,391.24091251145614,30.39047009422211,13.99258322947344
608.0743186136315,389.07335288083414,31.353580927078383,14.051899855371346
608.7575967492764,388.51005953321027,30.6400061301847,14.052113274815213
608.4287652840327,386.41339901285085,31.676047288731866,14.273476892350459
608.8336648728965,385.83625690656254,30.805666246005217,14.139774454419808
608.3200640567834,383.6375288315305,31.581205473977207,14.477774146153934
605.5108556719979,382.96124864805824,30.640882474933733,14.006413792522437
605.3287448889678,380.8486263210393,31.37169428645211,14.1673268163442
605.1522275913203,378.5505067825658,31.60631939403447,14.621812014680813
602.236524746215,378.04179562253466,30.62230791866216,14.104003377470974
601.8351610005998,375.73354683768224,31.164922412778196,14.41966408711238
598.1428307787221,373.5078147874499,31.55332574215322,14.181132002660547
595.5430065097098,372.5944656682378,30.271556508347203,14.05048144986148
592.1102189879759,370.2628400985011,30.929034278741028,13.936998660061022
592.0373967973053,367.9791273712115,31.008112008878356,14.093031683275683
588.4522731585622,365.6351851824327,31.386480047899568,13.993285518187918
585.4591431447984,363.02940759529366,30.675749680401623,14.044692643809412
585.0203248474265,360.67793369354536,30.934848071136344,14.320655679556637
581.2640426017065,358.3213623264502,31.376579059081905,14.24320247623973
580.841747594196,356.0737897935737,31.59840369459971,14.643429546313655
577.2385706285933,353.7897989303464,32.11332725313025,14.597855816589401
577.1207741063021,351.5308101424112,31.62977907215634,14.903907347804022
574.1903155987084,350.8080311456629,30.952139511259247,14.324796025811338
573.8450169199077,348.4219427332597,31.51697819297806,14.897889637851563
574.3939267225044,348.05301609088235,30.466132949650046,14.441831082777526
573.502059793206,345.5833644857638,31.49587214582334,15.14157524903419
570.8481719014726,345.1199056698206,31.051959416901468,14.365261635060904
571.5427607784145,344.4456820826396,30.19548990781118,14.422382134236727
572.111829461958,343.9447386222181,29.18835499641341,14.14441294014182
569.2063901239371,343.04586654648483,28.97996652243819,13.992011968055522
569.7814706549334,342.4056423753899,28.515605403479185,13.913170112927446
565.8476848447648,339.96952806963384,30.469333937460874,14.340032187240467
567.7723625914944,341.14094452217506,27.98444794481111,13.924364734930464
567.9015333939792,340.63536635590793,27.8340641973914,13.703317241434434
564.9816961882625,339.97052905354235,28.502837833904096,13.663123913311097
565.342963966431,339.66468111234065,28.433209971409724,13.871674520888405
566.4684569234873,340.8374968027406,26.700913397824934,13.486935292121586
566.023616106344,340.4358671724749,27.56839023478824,13.748750659357484
566.8121037740848,341.589071238453,26.2526871443215,13.467901563154783
563.3926946234192,341.1846282235133,28.006904443366807,13.3408652007397
564.6592273444462,342.53320809366414,26.84217925702626,13.16174590153281
565.3148479411502,343.802571894699,26.245546376912444,13.20598223356933
565.6859070936425,345.15206252404397,26.055547120145093,12.951413516787909
562.8401393810273,346.26658304535886,27.049211136179565,12.739963322784888
563.6261507693823,347.5957478047063,26.825083162418423,12.92643101527517
564.9936290340993,350.2816418859197,25.671655262903187,12.833029473945658
565.479874908151,352.9904091585545,25.215814607387074,12.822701930931203
565.8529404664441,355.61204413648966,25.258898208408027,12.833505425504654
566.1817179151612,358.3655742176687,25.337479503311897,12.586238665458382
566.8640380299125,360.91796830679596,24.535921006204262,12.687751558626019
567.0197724183154,363.5507894924185,24.98498624567128,12.488956023109722
566.8445733693598,366.2660597308237,25.44185986958837,12.458967359528685
567.4627317059194,368.7635266466134,25.094672408110455,12.527862067328215
567.7674221643465,371.34231740988344,25.242597048389143,12.506123927234057
567.3357115034037,372.7206985309783,26.024934609678894,12.379167342004962
567.6120480045478,375.3644927319413,25.93656952299,12.374284309664404
567.6265965617923,378.0486470258952,26.09507527963467,12.447399509474053
567.1291325890415,379.4474867462404,27.035976717299945,12.3525228323428
567.3919344219753,382.0421805961523,26.579706707802757,12.45701811042727
564.0796582201492,383.1800364793535,27.891616707244793,12.19558673707121
565.0983189130826,385.58659177822346,26.666541735758415,12.518069081125077
564.8658698879681,386.6911492289964,26.986238689270976,12.611645709316235
561.9716415685887,387.5648432250419,27.575899192394672,12.651442155378788
562.1071134537801,388.7315086968327,27.625616041847024,12.581294698234274
562.2609031725356,389.68213753413875,27.229090111193273,12.879660225717544
559.3335449513226,390.60468186153776,27.532561603704835,12.711600832665226
559.3623053359006,391.6197154905335,27.50472607009624,12.935035222213628
556.5522659293969,392.47087501395276,27.461092776658347,12.827684968398955
555.9773794517296,392.2378267537298,28.45615840670814,12.705110217423908
553.2777245114637,393.0339352922852,27.91876191438746,12.877714577945085
549.4688740893507,392.39319312019575,29.541706645308295,13.01175074678963
546.0746701525447,391.722524994933,30.097096535853098,13.160340623878142
546.2016548590036,391.38201094318356,29.769954446470365,13.219143255919334
542.3985384271107,390.74034472269204,30.43798293249506,13.347624347376495
538.8615857926334,390.09219068145313,30.88702096031784,13.45732031159622
533.3266291870768,389.3546483552768,27.998745129013514,13.452108250282663
526.8256202467987,388.55098614200216,27.912210162327824,13.358034369571953
529.235589379341,388.47850791914806,31.04489326271232,13.45515337277726
526.018901604263,387.78351778473655,31.01817203205519,13.584241692520095
523.0046354182199,387.1332073722548,30.777252804280465,13.625361107217259
519.8723103470514,386.4503982888323,30.76436664873279,13.596008804976407
516.4134473917987,385.5297069451323,30.482024090111167,13.697630251695841
512.0983228996215,383.2351792453654,32.20191802716545,14.009670506116606
508.73239564074674,382.54596308301467,31.624501294413108,13.998504782661257
505.1285357738569,381.8865286025727,31.283556776310206,13.947687879040245
501.5464574256747,380.89152736470044,30.718918563055126,14.069117252515014
496.9878811063875,378.38506236101443,31.543870341369256,14.316484074975278
486.58159674049125,377.46498973277096,29.696884231444187,13.964861373974315
485.8600660548468,377.128961086745,32.02503468383429,14.025735037401205
482.4250171768504,376.2560743552592,31.570884761135574,14.175982150286927
478.42805174332545,375.4354794421583,31.749960570428186,14.195449313235201
468.1290370235922,374.37184841321334,30.037276411742482,13.99613295226601
467.609941805709,374.01991904752373,32.166886463001674,14.140421825271744
464.0018000197307,373.2602453461442,32.20963734201774,14.101585038229018
460.3420392975329,372.37593548181997,32.09366110687938,14.257293245156006
456.5422605628901,371.601403193296,32.23683492852422,14.270318849840862
452.73515419374144,370.7053557151517,31.9826219341669,14.3464958758546
448.9232347843617,369.78387982664117,31.861382484113562,14.306308754758788
445.0570585559495,368.8453776574309,32.22135827882062,14.337174993679696
441.84890767492493,367.8918582807783,31.86435927544204,14.369973971683805
438.6444813746773,366.9361912280204,31.663840737084286,14.29876338339858
434.47387062306115,364.4745134267185,32.97042603188743,14.501394610409363
431.3675151497577,363.7881584303612,32.44892975738276,14.415469338664764
431.71789444264937,363.01400435191067,31.51086130106762,14.62530559538692
427.00551504888733,360.56958107888494,33.25851873349984,14.91128164228968
423.6956796168537,360.0136249511556,33.051388454125004,14.533151627442635
420.7024464935339,358.98794967316786,32.24155608796991,14.52596631593292
420.0480660184353,356.438824454707,33.109040271745414,15.35705449495714
416.1710457459217,355.89127700061346,33.21211308537386,14.942995908590035
416.4395463120172,355.297191283222,32.203593375224045,15.033046513368731
412.31598909090684,354.43226086589095,32.93115921150445,14.900151247992994
409.13157001610193,353.67249760641454,32.58430338423324,14.621937915702006
409.58205356188813,353.04119276669405,31.740028118137957,14.797330861208707
405.9663444690242,352.19454527631416,32.44285930289857,14.637506631549968
406.3261879240483,351.5995143366663,31.714240844706637,15.037488864971351
402.81498791882353,350.8844314421482,32.57056315445652,14.786939457143149
403.25744111597385,350.3221549866546,31.76854869233358,15.261978663285163
399.937145884226,349.7596474971664,32.37320653916282,14.914239782507423
401.7135254103432,350.903982897064,30.03659299831179,14.677193590279103
402.0039903694908,350.4960552106041,30.059061994467584,14.529537724116722
398.3807388077714,349.7558104094537,31.234067807151007,14.808486677126439
398.9841399468472,349.4571580803706,30.52754241055402,14.942351369909261
400.1371543230513,350.78397981478736,28.875155393123464,14.487598810927125
399.8131021679435,350.4393830416369,29.161048212261676,14.629455848607336
396.21783327231515,350.02635257856264,30.685362963018576,14.51054240327403
397.4834712244342,351.28778767740835,28.941698038140203,14.147099092362964
398.1761172909321,352.30573046717916,27.942935557668534,14.141960669596813
394.76284130409886,351.85454617112055,29.304917761889328,14.1745160396124
395.8458594156923,353.0507849340853,27.98461076237743,13.984646693053548
396.3429618582659,354.135032516751,27.36063228741932,13.921103623579882
392.8041484256096,353.762331550984,28.973999700992294,13.84737073972775
394.03400707576816,356.4939594720054,27.197868535309,13.765837872045267
394.244452135159,357.61726435808697,27.06561634694117,13.682323675912073
391.37712362579543,358.5399469022449,27.37798214072029,13.557538325874248
391.8578833451463,359.86487405380365,26.919494787675262,13.456379054165382
391.76572751800995,361.1800012927038,26.957960315734454,13.584542363781054
389.06210653490984,363.87080940827036,27.161172661507408,13.32087032805839
389.9527605943151,366.51887151001165,26.30293729230243,13.32101435142738
391.35143049727685,369.14282150624604,24.645664760390673,13.379517163200944
387.7906244425029,370.29449586327723,26.424778080780925,13.053079351797123
388.6160488995389,373.12034382135914,25.669613371452215,13.133702985617333
389.6431917088771,377.4667413749489,24.32551565555559,13.098452776563363
386.20954802882807,380.07995536814065,25.696372545591203,12.80576816132708
387.635897729866,384.1642688131808,24.315788444811915,12.931187001016553
388.01995050946334,386.98234123299653,24.25271671673363,12.788547838397335
388.30950038938613,391.17974161064285,24.16039829372903,12.68977583750143
398.296254625295,388.2723214254138,25.17305130817215,12.399435829970798
398.71124841544975,390.744236998833,25.218810087594875,12.269908802067675
398.9496362159698,393.44847373883465,25.620857068148325,12.486701549614281
399.55793298767594,397.6476213743456,25.179660550254823,12.401005973601968
400.0968766878983,401.6246290884501,24.88072649457706,12.289220645333216
400.70676958737795,407.0533511661067,24.607284560950575,12.154912574635318
401.1509519629808,410.90136426612,24.70078520475272,12.177007262269797
401.39035204572605,413.58178345671377,25.16003330350071,12.355933651063879
402.04726840468766,417.57406945827074,24.844059154526803,12.160243616897617
405.64980852043834,420.44407791463675,24.963169543950244,11.922975791002841
406.18228849681987,424.43229032084867,24.79552203442256,11.950799736169586
406.6941658908245,427.01720054198887,24.682990614114715,11.854520617707806
410.2260154892349,429.69349552053654,24.443775655019635,11.82995634158192
410.4442523611009,432.20148848458246,24.52241497219086,11.798414039820614
410.76102014512264,434.6923998445363,24.602954116991214,11.969351727886192
411.0341324839127,438.6661466825717,24.99219977646419,11.841448660971764
414.8114848972808,441.3219642118035,24.468863442734744,11.902511948642825
418.32868324514027,442.71981333223823,24.69653919708111,12.047272314504767
421.97937196510793,445.51969023996753,24.29441604995145,11.720077842775027
422.2209827356637,447.8820758515393,24.477967227747286,11.739926703399306
425.81034842315523,450.4686710874471,24.27503316850232,11.700146754997093
429.274483671761,451.66623799222225,24.057135312296623,11.64811986575802
429.63077066566757,452.7407737270769,24.360538871550148,11.889355015015894
433.14046577460533,454.1564849350634,24.21939659438283,11.82904630304347
433.45157469762427,455.37979966640324,24.49776161137339,11.73922579157039
437.23442300162213,456.7171515727921,24.029960225576815,11.792524375766106
440.64445828145585,458.01081898428777,23.910726113188275,11.534852574819695
441.01635096053656,458.9418788619445,23.696526702123037,11.46941931684239
441.34637505559783,459.9533579503733,23.77505679442862,11.394662652940724
444.64858422373345,459.75855712019995,23.860503560773168,11.409358346094109
445.00307052741107,460.69795885022063,23.4509438962034,11.340173349490328
445.1339486284654,460.3725831275965,23.825629424523754,11.306171839392846
448.6383591300273,460.194302540589,23.42596225831528,11.201502674762537
448.91637518102016,459.7246282841861,23.2220386451462,11.175980084918478
449.1809784510682,458.0432315518831,23.46556758743384,11.37884455194262
449.6911206202666,457.7791141262441,23.01200940617275,11.142664869706607
449.9647746770624,457.324029606091,22.79960498443171,11.10781414980056
450.16331617203053,455.67419569384845,23.072099963439996,10.987662314047384
450.4586807923387,453.97281702763826,23.183107466595914,11.081661037296726
450.71394343554357,452.35574776369936,23.20081809154499,11.072419481880843
448.06885054968234,450.55589910495894,23.300441476121705,11.079960687750827
448.5957267828063,448.95636570788565,22.94449625664032,11.004926432619357
448.87508345732095,447.1765766561839,22.792603052010406,11.046319157785092
446.1725302648101,445.3956772944319,23.05472597286439,10.999933998473011
446.71675103661255,443.69775347338526,22.402293521339743,10.944711654655634
446.84786340594707,440.6866114931313,22.527912226421392,10.885754499895768
447.17542443131344,437.72026130702,22.52159084719665,10.869312805391417
447.4966705679757,434.7719532339677,22.565961077078327,10.889747808465017
447.83050565149813,431.85020288350916,22.668079790932666,10.866086039330867
448.2937927540547,428.9486650396956,22.330585854931087,10.816194639710375
445.79030019491427,427.1752514684266,21.778612708363312,10.678001792348653
445.98503137022226,424.2196506812577,21.698251481070656,10.636558595214751
446.303529406576,421.3374603157108,21.36979305801583,10.48367834940467
443.1119296699528,418.35292072299046,22.579024996572002,10.392890764958338
443.6663410504932,415.5143133610736,21.88782697443139,10.362016834535893
440.8513431867367,412.40832559284524,22.146140070232434,10.447034123429091
441.1399097381432,409.4968863343377,21.788541619336854,10.396099332823155
438.0063692673457,406.4483125331428,22.721559806961068,10.389367622665077
438.36648756941076,403.5299764708765,22.159040427771743,10.434740877089894
435.3425188034225,400.50698620898874,22.79812899208696,10.437328611472083
426.4890424197587,404.8438717099963,23.99212095085022,10.740926100227739
424.5417469412503,404.7648870775413,23.354311439016556,10.125945357651858
425.1835618754395,401.75587949211405,22.304100919236475,10.123143512036847
423.0174184527561,398.4541740144146,22.117011750513086,10.148321816228702
423.4756459536677,395.1844939489598,21.564633716994763,10.301933524619585
421.34192549150976,392.100737286554,21.119022272997654,9.929136025360549
418.8067977265205,389.0366197721345,21.402906301210805,9.632580283494349
416.4797437468005,385.9909573902157,21.32427101297594,9.437019681502761
411.6259388682988,382.85480546533904,20.91744178497538,9.239248165421259
412.0181843940507,379.95201751415107,20.90683279805245,9.336914422147629
404.817009278928,376.76957544874676,20.06610628003898,9.125094581938356
397.23759328215255,373.7439399033992,20.04158542601391,8.885637669789503
389.2834586643339,370.7246881822226,21.127850665682786,8.884453839941443
382.09794049742106,367.6542396449281,21.183801664100997,9.060017323548323
375.10888126376665,364.3981097414794,20.69082008211825,9.361263096401103
367.71920500066244,361.31979847659863,20.956023853449324,9.532665423163508
360.4432529072735,358.3705522628113,20.74205843837393,9.405670952514186
353.0660515702879,355.36431664505847,20.670674841642438,9.356068732995425
345.7397150293051,352.33946229742435,20.628673304506435,9.34160841539125
338.2691344371777,349.3987962445803,20.86781248410182,9.343003811766323
331.0516958715239,346.390796309385,20.60793246029948,9.339445326206032
323.6734761240488,343.4074289194542,20.580071388622343,9.29778234284663
316.34281889466547,340.3464113156575,20.407479176407662,9.261583626167067
308.89356749657765,337.32824794116686,20.57280205497983,9.246003796135938
301.61072618402767,334.3172001026417,20.482682902060333,9.358815704188316
294.23365477952825,331.3894179526124,20.59080324135425,9.260358650691103
286.99237821522615,328.3344715852513,20.32406128002026,9.266025074488482
279.6048484486227,325.3357158451243,20.555007719777905,9.400403994195528
272.28500115681726,322.408293429133,20.567771314569768,9.363723843691218
264.961821497838,319.43339437455893,20.495487573351454,9.204108004218597
257.62798959163933,316.3226080760245,20.459251934198335,9.314346380701465
250.4647688751042,313.3913973473672,20.392754369960073,9.520504073915674
243.25084161266074,310.55417791641923,20.388585566806682,9.178554548557145
235.8193215852009,307.5380600725327,20.70988490492448,9.236058508946712
228.6380902742567,304.56444277048007,20.364032827049215,9.329859852376615
221.26405598979227,301.6365646852446,20.175118110563233,9.068282768689869
214.0023244544046,298.56379991504554,20.266872467439697,9.25527670405404
206.63803835502034,295.6025160988718,20.463833513664554,9.186255350110287
199.4608114838816,292.6010392973078,20.39599114093727,9.209957247459556
192.20427180822136,289.64612643514903,20.435015397075773,9.127910511608377
184.84140599755153,286.6645639051021,20.760204442941074,9.14084769236365
177.5899465248478,283.69430558788076,21.21159378818669,9.288773124445584
170.42496128535817,280.68064162400583,20.748766690956018,9.55465630010076
162.90007055567912,277.5358488513084,20.764793074155023,9.588548568960675
155.71805279822001,274.894507497509,21.108249051969324,9.120164026895566
148.72910234102196,271.83191334461003,20.655415531586158,8.848742456293849
157.2212109004903,270.48649501824025,19.742580840043615,9.43778133642553
149.47217850373227,267.83442731762295,20.76553167479682,9.361336826381148
142.12619760902976,265.0049846750013,20.72441009699213,8.670946479815598
135.36636633771406,261.78595676944735,20.260916076201795,9.395712919209416
127.67893998691206,258.66350319771044,20.784149984569936,9.645938435659218
120.29972209507169,255.9375436542498,20.130687619347285,8.690146530891525
112.77435635382675,252.56566399957188,20.276476011699955,8.8837139885797
116.27818975986565,250.88467460491438,19.4052364510722,9.439779850531238
121.41208314231466,249.80339147739437,20.10319786008273,9.111803497542724
114.23755442813429,248.9693135162621,20.19684819903368,9.02578879083677
109.87893520333176,248.3877676569966,19.881289125219013,9.435327864402865
117.98786836741502,248.67634169744008,20.117463665659926,9.05419834805457
126.00965859787894,247.59796342186291,20.169213293256036,9.03895971910947
118.98513736729183,246.57656015935828,20.064183704089203,9.188611485112403
111.882019319934,246.81078369780016,19.878733240043843,9.115765475090143
120.42735959873045,246.8472297852876,18.912006925260414,9.456621383944253
112.67245784333987,246.163268581282,20.293375649055704,9.358929602153268
105.74422435689357,246.54555753491036,19.556456610575424,9.495502115129852
98.1466998133219,247.20421988282362,20.19601010450424,9.316622689737244
103.55356716099459,247.26424811741737,20.543283331935157,9.60074988548854
109.48621450589354,246.32982030744176,19.814638337297026,9.45949469563061
109.47661582329991,246.222468930707,20.75958571490338,9.396532197886586
112.71795159520647,246.1904662973601,20.564043545017597,9.446097232848217
113.79222447110715,246.00494425267783,19.735633206937564,9.605643439965775
105.95084977976559,248.211965595048,20.511632498965042,8.516280250698856
114.32455050506283,248.57433331011572,20.01040502605511,8.573169980795058
122.96266086702246,247.33048985562272,19.08133525906146,9.013846704625507
118.15158302333475,246.648087313316,19.42068693156034,9.538076924493055
123.68713269678305,247.88210083769206,19.18377136670712,9.105960227861715
116.25876660707928,248.19332254845688,19.814686023648164,9.172406080755138
114.03539957501721,248.94542914646973,20.10130344642903,9.475590983493134
122.27660722136997,250.382033318323,19.762534539032885,9.054907632083996
125.32101570240155,251.21951506391866,19.57134984274819,9.115901986502593
133.17308212382827,251.7674963215719,20.24750483857136,9.21682655296479
126.17970290548347,253.41416592409877,19.63200561956485,9.131363816016972
118.96279821668968,256.21533698830547,19.69929232016817,8.95022919820417
117.01908022667922,256.88324536078795,19.2765133462986,9.140949809591575
122.55775739046683,259.29723969785084,19.19114068306726,9.102569241130254
130.60292632978005,260.56784618936325,19.35372428862516,9.320085723967793
130.8569405480782,263.8332857258431,19.609557074440772,9.086118391332434
126.07441856736045,265.32849112442705,20.092053296101938,9.3833850471799
125.94524710010919,268.7198841985064,20.50921476581547,8.927084830582203
129.3361089504528,269.6328584820365,19.717826456623186,9.299888826998256
137.40559160346925,272.0426364080688,19.94920304345544,9.15805008206462
137.86499652951983,274.3470364985276,19.997315375975404,9.18988866091081
138.43656683967112,276.65088608586103,19.932616317397617,9.210088385724191
141.3983506505899,279.0592388756076,20.013633880912494,8.827649239132484
139.42920324749977,280.951476425756,20.315478272060687,8.853443387602965
147.85196460453187,282.57299401793034,19.676654600489684,9.118593296142308
155.76034532632997,284.09840368483935,19.99363338870134,8.817891681297056
161.5982309749807,284.21875679134814,18.916975314081924,8.739002321625549
154.2027674046866,283.67199699179355,19.310927926911006,8.774335479550018
157.1596161408629,284.45563470051525,19.136229196780278,9.184201133828935
150.06540338190564,284.9106256739768,19.08916456847021,8.960218565323657
155.2939145685233,284.9641092145198,19.138764827114983,8.944860658461948
162.9049159921449,284.38531737832784,19.70082365194932,8.683104665649637
158.82212322735774,283.8018933324281,19.234334170342038,8.843780113296532
151.8539013632419,284.07541251093767,19.20570034801031,9.043219516261502
144.9837446102568,284.5374492171398,19.185892719859055,8.93292411075555
152.770637928405,284.68954472607265,19.379651651934182,9.088208673317013
160.86222427128132,283.89222863123723,18.57362059783827,8.973925248932744
160.63370822258548,283.70472323756525,19.433938020515598,8.64285734351455
163.70836599713712,283.52306236119887,19.29267952912889,8.787795239843092
161.89578810213075,283.2222556866331,19.061549428181337,8.743489270904945
157.50855122671345,282.97707399876754,19.13492339320655,8.90758031184032
150.85951215376227,283.65683255035435,18.932378739327163,8.662046119422598
153.5837414238532,284.40403116966354,19.309321817567934,8.87743441396401
161.2275151927385,284.53449995964434,19.401849112809145,8.786418586553168
159.51627059744135,284.02635247104433,18.951361505210684,8.906755895387164
160.11578467854517,283.9253568233646,18.95489943244229,9.08508619730219
164.84933289663135,284.25453244649674,20.151190873473837,8.648227178322884
166.25664959333125,284.13182230766336,18.500871127579046,9.027796727494547
166.37343116752368,284.23716583015266,19.226683081795898,8.91537630062885
167.09696403913813,284.3414432948722,18.82398931142052,8.8570408065126
159.92525782195463,284.75327426893523,19.05691957004973,8.844529136351639
152.88623764391312,285.3852282992784,18.94230099901941,8.873162908259246
145.9473000221792,285.84565295927746,18.714286723657096,8.666188962735077
139.00463563499082,286.3794674153818,18.710558515392933,8.60404766203726
132.22512135074686,286.89977367366237,18.57193051850274,8.86997957125027
125.24421895302703,287.4447175519608,18.37946939890344,8.563844404888982
118.05820793514182,287.8121820480063,18.499536874518114,8.649240760683483
111.35314089353054,288.30710540269996,18.152025671003713,8.532460113395075
104.12268811301492,288.87101803089865,19.15695417414355,8.608025378305456
97.66175596927502,289.1380108066817,18.199736423344746,8.5971723264214
90.80951622643606,289.7738766525185,18.33857191596364,8.444528004698839
84.26315697492481,290.2351726244949,17.85665891297603,8.45748880625456
77.59634868467393,290.7340948047291,17.962348000711927,8.30367040883391
71.00154806372723,290.97930837409206,17.665306624338655,8.441287097961094
64.44765441845655,290.5940419391345,17.174948996913997,8.476554682118149
61.25146844213347,291.4054245475326,19.05352705198385,8.574578195791105
54.14895474493338,291.9314387877291,18.869335701521095,8.383385106450135
49.659752075552106,292.51134050691803,19.14315564012098,8.365783053670611
42.609747188570424,292.0342419704315,19.421323292659203,8.376598531972036
35.45735828962481,292.48931329541205,19.74789808878181,8.424194689169042
31.61862788233286,293.01222792789906,18.720376875796134,8.478594998393874
27.050764446160183,292.6042098760217,19.14005265597098,8.493124867177585
20.243956257993375,291.91594386437646,18.683625084803097,8.49667487814719
16.143750936528658,291.71431052729133,18.29311664625833,8.22881990641747
16.433883074276473,291.71257619512363,18.238668027912404,8.231646086354488
14.483819278708573,291.47086054347164,18.49156249024753,8.20513520336226
14.69377248494332,291.4959202022376,19.016799129167172,8.184697531936592
8.163799372525343,290.7624526917431,19.111706333168183,8.420155816401348
8.673376777987139,290.7467314910731,18.826195940387166,8.540064145942893
2.4670608176752378,289.92641077041253,17.738975361335562,8.654816365962006
4.895789929007878,289.7635804518536,18.438793003011796,8.618771908313477
2.9204369461996595,288.76265361783464,18.605299261606554,8.416221085536222
3.3192640541702794,288.4319641052414,18.548395092498588,8.504733143514045
8.359438159839081,287.8540379918031,18.56498468119259,8.478096761552479
15.837594330738835,287.3266603229604,18.523857182195467,8.468037179194653
23.195154830652147,286.6777450068902,18.79040384814093,8.287811423916992
16.41158673973157,284.21954917217033,18.963403350138556,8.092494073582202
9.952888782597384,283.21529382889685,18.541197810300076,8.61799411247523
6.066960682058834,281.9845318124436,18.165739789984578,8.149224591463167
13.542030806593843,281.2684532817449,18.360313218376007,8.431523862356585
20.823632614242197,281.56827845246954,18.81893933676351,8.208506164160326
21.41669654566091,279.37611871689444,18.5148557941304,8.219642953159905
14.894379849603691,277.76097168636534,18.535255674644663,8.142106809843995
19.993062855261883,276.8578027389193,18.378013345035072,8.249702336222924
18.14028602404644,274.5053130466686,18.323895448745574,8.329355617017995
25.469745750518666,273.81694499076184,18.33925085355097,8.249367021115859
18.323791860267576,271.1623638123381,19.002329669878797,8.199365574213289
19.528322386495176,275.5933711360166,17.268393360936017,7.779528752567842
27.157900553108682,276.10088602089616,17.353798026734147,7.402983054224933
34.311761734012805,274.2165312121891,17.64176035453059,7.842432095587526
42.024976677248844,272.64025704530206,16.26310382712319,7.563658423940183
49.057274892846095,270.95897317561156,16.657648694907977,7.797534376610088
55.743828614824636,270.471611925667,17.26890523738821,7.667052940040321
62.99491375436776,270.00665899250544,16.682865106180685,7.500635268754422
68.19165743770418,269.3933518158226,15.751864986529199,7.181741390474144
72.97194943631519,268.6946932302294,15.317469675833195,7.107078364349491
79.61592882169953,269.13103563247387,15.43571605421755,6.872159690469061
86.2833431745828,269.59839154437475,15.891447852315707,6.896796367275101
87.0489133843335,268.79609353292017,15.584988825506855,6.926360341862448
86.03058218613864,268.8032854938915,15.035825295471739,6.551897855157222
84.72007387599353,267.73159375087175,15.041914502325398,6.8680140578965165
84.83736328950864,267.90346295677546,15.264122750346303,6.453509794536103
84.02274787999212,267.75765678846483,14.400975766451069,6.3845867430131875
84.41530172098123,267.79521881305027,14.166941117617853,6.179481866749029
82.9286356967562,266.869081706471,14.718704640057041,6.4141328855541815
82.18743968988542,266.9182903068913,14.043220549485795,6.062819372007652
82.38740933147656,266.1681488172029,14.267593068257014,6.271369557760863
81.22740712184992,266.1568968696529,13.942195359205996,6.024746677712756
81.5183812266417,265.4924529150785,13.946143900730448,6.155893486714149
80.48063231642641,265.45670182357685,13.616549371131669,5.9498539558433094
79.62317626689611,265.32774402946984,13.068876738314543,5.847074526129177
80.07035622512922,264.66526363544835,13.376301110547502,5.847713869200561
82.12021211948036,264.88798782970844,13.207069468861334,5.603904401021964
82.80536425841612,264.2242593175106,13.0945864009621,5.740609073887754
84.68975997849296,263.7719448610742,13.38311947384733,5.782007780701747
88.41333193190863,263.39246552046393,13.052058148942393,5.781644546870439
90.60103250778579,262.96139433976896,12.936137053992866,5.7673661318065115
93.87389259749324,262.5820503870753,13.326036276416644,5.837229493265909
97.6874133722998,262.8327771340666,12.766849490321704,5.665014806342526
101.10487371324902,262.45288811387104,12.973328665161688,5.58553347347447
106.44269481584962,262.13870530820486,12.477320906378907,5.570935358709448
111.48758633768318,261.8229509524663,12.468476971957415,5.454770733387022
115.08078811810383,261.43772408758423,12.340850979355778,5.3281751108766
118.98340699654099,260.87549797288136,11.72034118023052,5.473112168824514
122.7770874002299,260.5916186669243,11.360353845228417,5.372770413096191
127.99010614814483,260.30660258810656,11.220562118871044,5.415864754673407
132.81562078916212,260.10106681248203,11.662436883226263,5.287733827069303
136.4310518027574,259.66380949618133,11.338536901211057,5.208388600165563
141.12277968529497,259.3784802241953,11.871205695390671,5.111240651365961
146.24348048360662,259.08599126284514,11.510864550365483,5.036088257812025
151.28582531495394,258.70074872512714,11.09646180902186,5.049563554959832
154.521601117086,257.80752471817686,11.41155187713639,5.110178229927328
157.7769761967614,257.6170666701064,11.674531786152983,4.963763164658303
160.05969950971405,257.0832722162595,11.065611160022172,5.014176424312041
163.33582222570638,256.79184389078125,11.035090509114951,4.840745738453393
166.54461175638667,256.4164166812865,11.042558751680275,4.798389864682349
167.00124891220065,255.8121043916566,10.991562086593206,4.880706634648163
167.6009640267245,255.38569815763896,10.84131806010896,4.7542685488973575
167.9528825099965,254.81713448986164,10.98196004830288,4.757459324571471
168.51372258753145,254.30725801751623,10.787443727895152,4.892902493478516
168.92949563053713,253.8487568751773,10.760167601580122,4.875223280109822
168.08227297488395,253.83264675336653,10.621377437545732,4.856544971138192
167.2434991425468,253.3560452753309,10.487157862192987,4.857539030714548
167.7999581680033,253.6207902428698,10.27923937511332,4.610593684813267
164.02787486533967,253.41032721916667,10.644019473754014,4.595811698401917
161.64602345178804,252.76583387397483,10.78066856106318,4.749781425085985
162.3897682503789,253.10215255414073,10.080041757480899,4.527596331890436
158.85824110208267,252.42389326285024,10.303332432505528,4.642978702250161
158.13087965159724,252.54704888164702,10.051999989852902,4.573332858315723
158.50694173672997,252.73373353349183,10.120017728348046,4.420973186710626
160.2600003140488,252.30840269922393,10.051822496468901,4.626612005434055
163.1246911856603,252.6543002006464,10.047381803159908,4.424255012399442
166.247632865787,252.38128177506155,9.80501966406527,4.538559986259202
170.53036802170163,252.27240310123298,9.671515446554508,4.604624835484827
173.56613065584298,252.17125518904504,9.733119927849714,4.4064152876796925
171.56207743159234,253.32437379940572,9.519294664523159,4.428368144807479
175.78080912645166,253.80420281394765,9.48964517279083,4.257770965481484
179.87506965634822,253.65358484529014,9.564362648887197,4.301334948807437
183.9144883765187,253.57848559274024,10.08511425112357,4.211135241490041
188.33192829863714,253.4265927413793,9.870115727636346,4.257960852725091
192.2861485444122,253.2236159644798,10.272854539295281,4.267642629712441
196.6512772779468,252.42727072924333,10.022827869174364,4.460419338121994
199.7313934734575,251.62765438676254,9.422025069094161,4.5272988861915735
196.00114040704653,250.48944191252306,10.69429142326726,4.5052610762576535
194.7809794343582,249.37191708417086,9.450899616414432,4.230497465163836
198.77925364243632,248.55453985218924,9.62679178643208,4.4289905074606395
202.82655291954876,248.97193226909897,9.821028291690482,4.299435310805933
207.0402911661783,248.97416624794914,9.75344674160354,4.258210431976295
203.95272715608968,247.75243426338727,9.673214315926714,4.368915759697558
200.7049640032613,246.52606646732016,9.606839731430568,4.495636863618273
201.4955746888716,247.83073189661218,9.060022255730473,4.40142659931621
205.646450194438,247.6956406469291,9.110514636526318,4.493730920935235
202.25368157223727,246.61607147399627,9.600566143252308,4.314465450515854
199.11993961724062,245.5298605400453,9.776618423585347,4.29013448430274
196.116874589347,244.3830804796068,9.5018698571495,4.295796761597387
192.83542271245437,243.2725951052892,9.660631652003019,4.281974774288358
189.82523772871224,242.1069185406052,9.43439615529988,4.361878813547179
186.5266001114835,240.99014737581385,9.735451007797963,4.4268567564169246
183.42683625098965,239.89269321253786,9.527647932237187,4.434312146997485
180.2395929958078,238.82426282901866,9.607972976151018,4.316543334070815
177.00482276413152,237.69315664149656,9.749986860996842,4.375822697027331
173.87718700399137,236.5466187525185,9.829592696351426,4.340402146555533
170.83333772760554,235.36746825965872,9.489752724853332,4.253926372939702
167.7037626781751,234.1661782360195,9.395589068968917,4.387088302733503
166.80612709780286,235.36447871422112,9.656818991146594,4.393616118722463
163.8677638713641,236.36824868043632,8.952462717336402,4.375755356131407
167.5745252717447,237.36060428722962,9.862020251261669,4.286613444754408
171.81138509961193,237.84987382784553,10.057556395621248,4.219821315256667
168.92303134737372,236.71135096508488,9.566509195061343,4.21913495889072
165.61134684992862,235.58473106723284,9.861651241182614,4.191843889543634
162.59869884131524,234.3898244033353,9.478035320409504,4.287925106355033
159.27274821312812,233.2390290273662,9.763360048492473,4.340402450545469
156.33646763532394,233.71224183629184,9.311811635833664,4.387016408738816
155.5580482873159,232.78218561081388,9.500012184657948,4.306247733306577
156.21135258907952,231.86007743594473,9.212789833055979,4.381728414206918
157.85833686344918,231.5619225042986,9.250496855387496,4.412698834804559
160.65670394068508,231.8597227468729,9.328374760968217,4.429012774341317
161.14962002797756,231.50307396874268,9.242984795160282,4.393983780162756
163.78466073540935,231.83542111625513,9.671425895494906,4.386227675048076
166.70611795261308,231.59608602180316,9.50078797967248,4.453656011906162
164.90259170297827,230.5746858081098,9.23785685722487,4.409954890827805
165.3677651638282,230.76107433760802,9.254818119434447,4.36748983744161
167.001100617515,229.96791833966103,9.259457706678035,4.329080826260451
163.8669722802646,228.8394722498001,9.23511780436354,4.309296255578943
161.90762856515593,227.81257318220955,9.335064153806997,4.224267877099663
158.68967748515766,227.22590069882696,9.586401044088035,4.2034472613643175
155.70762412524238,227.69047199081112,9.375996698953173,4.210027419648583
152.58770960805043,226.5685388745251,9.463521519488467,4.2782497462293065
149.53081753592656,225.4720813519683,9.39636145753127,4.277676004939821
147.63582493156127,224.41608484829885,9.379472991738993,4.280144726564231
148.17154065893078,223.5285827990873,9.256538235288076,4.269961194995801
148.61730124858485,222.6221260116239,9.290477704137913,4.261870183857468
149.09482216348988,221.70652649506624,9.266012095249607,4.299123459730964
149.53013513056962,220.7729772843848,9.31553729063333,4.317778859441717
149.86751463079875,219.8428558125679,9.496305449214901,4.369399769615825
149.1504341586491,218.8689869048324,9.421463126789376,4.347726906679441
150.73151742544832,218.01535955381232,9.569321434531616,4.408799600497986
148.78059035232474,216.93408144872853,9.61936316577129,4.439182295523807
149.1791038331661,215.9971100301226,9.695746152144835,4.498309676018039
148.39728292336122,216.0879506653825,9.770326713050423,4.51053649699864
148.93373934757497,215.71103055291712,9.661920774252252,4.51751274782896
146.88918710709174,215.75860681538387,9.786802124318712,4.451299174835498
147.42651776903838,214.74667466097878,9.521238524003024,4.603521333820481
146.54632367603682,214.26738569354382,9.706028028010849,4.601909137114717
146.83629180475157,214.4355031630006,9.964370212613034,4.570229915195
144.78849378333865,213.89465314731365,9.958075776579932,4.592988970764111
145.12259886525544,214.0510299360359,10.072590678373189,4.615920246948917
146.8206016653354,213.16790798533174,10.035300242187247,4.6246938263426784
144.68756639794697,212.58823183171518,10.097916883147036,4.6635228317747135
142.70521326018246,211.99657012567076,9.959399354251673,4.734071926790875
143.04049526204489,212.16324998872417,10.16162266718635,4.70215747708275
142.23456126174796,211.66100402420852,10.16747076777736,4.726803145123995
143.95120634980995,211.30412871666394,10.090398786968677,4.800756073295361
143.06621110314745,210.7994018380821,10.183202479727015,4.790569423320591
143.32544487516222,210.932598525171,10.498425797342406,4.805423163117041
144.94496832673536,210.5606795421347,10.609651307964754,4.8482792630912
144.29421203696643,210.03969534992189,10.204190460628723,4.878089944361591
143.4768000751525,210.1199130324445,10.234054532473579,4.857082955350904
143.78413327636855,210.2511489018155,10.36529241075442,4.843533007414521
143.00358059627035,210.31077173163766,10.214466019930256,4.825688853166412
147.27000326552516,210.06334507693066,10.256145984940446,4.885349711420133
147.59049687982144,209.62926880366973,10.417542528668548,4.856875273143601
147.97799883802406,209.16871711635162,10.419915019420245,4.884717938006048
147.08888579925224,209.21139211753132,10.433921488750002,4.901313548168844
147.49980762977913,208.76136704630335,10.51524892824159,4.912972000725404
145.1992259056887,208.14685138975182,10.59276490063894,4.90372839225796
147.0094097879015,207.7748155758248,10.550791350567494,4.93472170656716
145.96404361362738,207.862602161802,10.80949979418591,4.880664764458174
143.88215558734407,207.2378429608756,10.501298105000615,4.891049750368808
145.7562836160351,206.79568544111447,10.398450139951535,4.982269771839356
143.42580778399798,206.12917392223062,10.552716890270716,5.023556552038599
143.77945962217808,206.23149830928904,10.666249383345587,5.022435021627416
142.80785668211533,206.25757755865357,10.724873518800251,5.034522414719902
143.26175917377853,205.80105376679876,10.729398098352306,4.997265808463624
143.66426458946836,205.88575155916817,10.710213545104324,5.044940387856428
142.6014092786819,205.31955154271006,10.967788257595629,5.036694650565806
141.6674598415529,204.75059906302803,10.983125313861336,5.071209195904714
142.10801858917293,204.2389017426983,10.906150882065361,5.117113054877592
141.05625509744937,203.66455153418818,11.088764447712265,5.09522653347355
140.13458369430106,203.10653227257325,11.051968098071598,5.073673498511653
139.22891484526508,201.89353151143268,10.949595015593331,5.061604706691014
140.89536843709075,200.88795727797947,11.176509429406565,5.073713649911724
140.0737201270992,199.65538170548777,10.975939522445344,5.129042053868176
140.4534234939571,198.48771183937913,10.99463925944167,5.181013429268745
139.54934074212852,197.90284374148973,11.023693623666446,5.178416891232018
139.96711616725764,196.74629338951627,11.02890364192018,5.1960925893076535
138.81811875869448,195.49615068124956,11.216556911165299,5.17727769236572
137.85590718410725,194.88657552207118,11.2954360766974,5.185059961393421
138.4237991056815,193.7140045370571,11.146033400802992,5.237751528129337
138.80749662282642,192.53335051577275,11.140222355709284,5.266117775884794
136.46346990478276,191.2058740517993,11.106745270779413,5.283631143037212
136.9570029525462,190.67587225143427,10.99861330521776,5.297011279279502
134.50901096550115,190.65937311080316,11.090405784192086,5.232329713426253
137.79250660820912,189.68493485817697,11.072140305815878,5.225135163769778
135.54000046275945,189.58657449403802,10.862374775155672,5.295427049074647
135.92475982469904,189.0726304654313,10.908894135672625,5.280779753736624
134.77153473198177,189.0991885932128,11.247908701487887,5.2815686989247865
135.3650861895078,187.92418339910103,10.933234603355913,5.293154938464397
135.92804346773943,187.40936655921035,10.838884516564207,5.26252332369188
136.14045101823098,187.5207665929702,11.179167202193184,5.261592351781559
135.17308912440203,186.26042325906644,11.182262750715552,5.288285856783148
134.15328322635162,185.63231824215794,11.202270152404537,5.300547183777468
133.14209299265895,185.6832071731385,11.294433412247827,5.2325202413649095
133.54069756223595,184.4971352627221,11.338537416670135,5.284313981765422
134.054507722877,183.9343900395306,11.205861844844065,5.305583980778152
133.07949533349802,182.6189042076659,11.162767888927192,5.335515229445491
133.55231500522677,181.46633186135,11.122429453087534,5.271559528241113
132.56332606332148,180.14711852311143,11.163966204845593,5.360540306338066
131.55288980982414,179.53833418909488,11.139434273094707,5.321708777320424
130.45874069075154,179.54950130496752,11.279014744891697,5.30085118036277
130.77614415342106,178.3572596663954,11.552191965214803,5.35395911203409
131.29835185431878,177.15167269799775,11.331515604266627,5.374755660617723
130.09043991078119,177.19511598984104,11.639498895776853,5.300123775044597
130.61705950094012,175.96590661723494,11.442666842792306,5.360839030115159
129.52404493626005,175.38267763859466,11.60802089187979,5.308176865987434
130.05512033713288,174.1369928795547,11.491972650846463,5.3655799188760795
130.43373364608252,172.92700317203875,11.58304666158881,5.418827263604186
129.343789426494,172.27323148612425,11.67459772599338,5.4387152912537715
129.8388603733191,171.04025211320305,11.563868737573216,5.469102792844268
130.27600945639819,169.83700593327862,11.619298852452545,5.493319261861473
127.77672421790919,169.08281954816744,11.530307175222873,5.491691698029911
129.5978329451779,168.59861928473472,11.646530169590761,5.480855890809863
128.54853808212164,167.26450423828192,11.652622538561673,5.505826657973557
127.5983887588085,166.58662072556385,11.460408354329317,5.49895460455636
129.42642728916962,166.08318354125535,11.744762047281569,5.509502357792968
128.30115301712954,165.47021050871342,11.800978526270086,5.436705165483033
130.16175479069028,164.2846426538264,11.871229022467276,5.545513295239175
127.57581837875466,163.5338517628997,11.870828856615958,5.505062418452127
127.86487396068054,162.91659357439335,12.012724941051829,5.565701231501265
128.27545038406322,161.65369684836244,12.010613895024676,5.575752786333538
127.16414905208745,161.67272578267693,11.982831990256216,5.528638296000281
130.5623092340224,160.5464755635329,12.021426355568849,5.604776436744601
127.97058269170999,159.77823125905857,12.113352736979536,5.555027262203254
130.08226059109174,158.54175282568133,11.893743817857938,5.613530213871542
132.16347562531107,157.37645535908052,11.58746563798411,5.588192428953732
129.40469631523138,155.8623978055526,11.801620818895799,5.689350852752625
129.75202741513735,155.98565105231955,11.969388240980322,5.6261325181696975
130.2464499996125,155.37399440375563,11.80264096481551,5.662542212845523
129.13126798902775,154.00490586404422,11.874323554686015,5.645050064115367
127.74691235363184,153.99934671961023,12.295059429553021,5.653230652562257
126.62916168954622,153.30624138139183,12.333047528210628,5.6673668687842
123.98134292658861,153.19736408951925,12.307609924821634,5.647397136031344
123.22051642888073,151.7238760314441,11.686266056802083,5.766211464528482
121.9240800883585,150.9975464605845,11.996587059555424,5.776502145899883
117.52655614231486,151.50392831570676,12.285283073570668,5.70163470836215
113.31892959735808,150.57329021108237,12.211067774147978,5.709646244153589
109.005763627791,150.36071991839322,12.302740916660937,5.689680124566962
104.68353005255887,149.46246768408088,12.332503357173664,5.685956465197933
100.15855681072362,149.20734534489142,12.589364325655325,5.747093892566937
97.52237783361667,148.39554643542374,12.500233082553052,5.740786443734521
93.24586674848645,149.58994188708175,12.167316404676612,5.705314691198424
88.93151691218715,151.45478887602667,12.214954245005117,5.749506951253238
84.6455021578914,154.09894190285382,12.022868176859419,5.742264986578789
80.42178435509737,156.75538731992629,12.044328534790338,5.599817743263202
76.2211029974186,157.21130514123752,11.982597500060876,5.649581411509189
72.02445379325317,159.7802222176465,11.972928969599892,5.634191000332294
76.85985877807663,159.48886256638335,12.53909472192069,5.547359597985491
74.56351274660206,157.8925470273973,11.7845926194029,5.651251297905333
71.9361414582255,159.16954812242952,11.845604966866631,5.746210592159741
67.6755895470785,160.40189328551944,11.936229262029883,5.69802604612272
72.48380392281005,162.89922519167726,12.52013186832987,5.5816398159392975
69.88858932855871,162.00294598374288,12.229884554890432,5.52664021995696
65.74837910876646,160.3392454657428,12.227806683012759,5.629197830070325
71.59331353856294,162.67948319780476,10.994934407691687,5.804019110612671
75.29432547527057,161.7832835121192,11.065245558239894,5.530765315950873
73.78061585579337,164.7159264315992,12.498261448488734,5.349121249544908
77.60828365533304,165.70370004400567,11.903949315959835,5.285248988372729
