423.0,250.0,43.0,68.0
422.722831342835,254.11347985453904,43.07304046628997,67.55382305709645
422.5213603309912,255.08147956442463,42.86561019092915,67.11558136104486
421.72167371074397,253.9941766690303,43.719705526003736,67.54072430202041
421.6973864987686,255.00235363218474,42.792616114076736,67.06684311640993
420.79090941159086,253.64719356758474,43.46066542437711,67.749093268597
420.52363110387034,254.56986343624953,42.577457209936824,67.30967539111111
420.2430347895349,255.9786855498096,42.51232529397754,66.40888767349998
419.6074909848022,254.44733376587016,43.07562485935125,67.52878303482521
419.37470612627897,255.30744024895557,42.205126199521374,67.09538969045184
418.4035135309896,254.1186630081271,43.16552018460243,67.4588122965821
418.25236384007144,255.00318298271793,42.14913665314248,67.21957001178498
417.73109761362684,254.20854643947928,42.90127169282732,67.08280592432664
417.3389529252436,254.7850165101463,42.09510987104295,67.21401617421316
416.7892469518522,254.06140096605532,42.935304860764404,66.99006825322567
416.4583394503012,254.50162681306256,41.925745013691426,67.35329171781268
415.9547016860301,255.65502947705522,41.91111528947715,66.51780997244657
415.4171658822077,254.43544379443267,42.5129136972389,67.05989932094201
415.21031813632635,255.38592507826274,41.78689772571033,66.59354375504904
414.57687715106795,254.4219472867992,42.49949138913962,66.7542176030222
414.2345592265583,254.99910997530606,41.725798061008845,66.83478383770989
413.5615764073887,254.2920105759706,42.629417016923355,66.62671381179734
413.3912961500611,255.04366483478339,41.82568268161424,66.54234468330174
413.0351009419155,256.29116748954414,41.76506755162245,65.84404294526576
412.69342377850717,254.9940536020245,42.06553762392002,66.58750624833425
412.36787634849,255.88624026537957,41.55936059687542,66.24014931109264
411.989790369217,254.93257403318557,41.98495233589205,66.29321995942604
411.66189326069457,255.6482352237573,41.23374480060397,66.12614903161773
411.224192510113,254.74002669016102,41.970505053402064,66.23058210274894
411.0022591873295,255.93759243507657,41.619669223146616,65.42686533200595
410.3388872348294,254.48296628968387,41.78480693875031,66.31531372711379
410.0998105270527,255.67410777551277,41.25190331777901,65.38546209016567
409.6270495290279,254.66480396086763,41.906509308764385,65.79436646313161
409.4006588871509,255.56985344747773,41.36324093307019,65.43687033220704
409.00358869499314,254.6781669942324,41.98780869999496,65.64643486937234
408.8690017099957,255.3207704667593,41.01480207102077,65.6702622759667
408.5142839577402,256.8864228058692,41.345091710236375,64.4329005287982
408.37948205931104,255.5236008804186,41.54052029093259,65.36164818638463
408.14159311927506,256.2255188659972,40.96487588991238,65.23758416319936
407.82297594032616,255.37855813681006,41.57396309472688,65.30967791167996
407.63257672462316,256.1126692144071,40.86746073812105,65.14278272426452
407.3407935747945,255.44904367571849,41.65923981202707,64.98871697603727
407.4596936074648,256.3443097063613,41.53604709914248,64.66959633630768
407.73584678891336,255.2852064149822,41.58002628316791,65.1390343144264
407.85435759100335,256.01824599385884,41.50779847550376,64.9265485405972
408.3224191117967,254.9755588091541,41.472110907254546,65.25206597013187
408.40088705454116,255.5976348698007,41.41665483293764,65.15186967509783
408.7499636773173,256.39346194076904,41.13850766660471,64.90040803716784
409.0798701786535,255.43896296954927,41.29912334937592,64.9026016999012
409.32646460154774,256.11759582844206,41.18928578005034,64.798263297007
410.7794925232266,255.14968630612452,40.28048895992424,64.7585189908483
411.27663078504884,256.2295596556762,40.47863528007565,64.16163367258628
412.0095083998755,255.00726549636505,40.510731999664415,64.48621781639571
413.2369475874563,254.0697539532672,40.19133169307287,64.38905160079025
414.2273048299613,254.79844948191214,39.936239566055065,64.15809985196029
416.3187584143276,253.66917999250654,39.378517000983436,64.48272513624397
417.5478420612093,254.62371570631603,39.14444319521016,63.74778605668439
419.01249191774934,253.73749529468137,39.24084190439612,63.588626995228196
420.18942569915953,254.6644708363974,39.06122198875096,63.019996132697884
421.8996333440655,253.72074135551497,38.984902229376075,63.08312323495926
422.91799026079843,253.00235918664634,39.49224916036701,62.81459275519512
424.20323370585356,253.90326074598653,38.9019387543986,62.37948218165769
425.0921197906095,252.94595456002446,39.18494632180949,62.37051648367628
425.75007991018646,251.95010469841054,39.346929507667824,62.53395237744178
425.70346902618553,252.87394599251365,39.82945592772717,62.08042232792309
426.66887096889803,251.73012018163462,39.30288142989906,62.44502714392644
426.98416225864116,250.90298107652546,39.535111487884365,62.47778073455663
426.97811541115436,251.82439933756496,39.635603160654796,61.95985196660456
427.4856034920008,250.87708079713047,39.553278406448726,62.22857381097174
427.6955266516354,250.15240020600413,39.5657209262821,62.195985491584
427.8326077431391,250.7918074077379,39.62314347735321,62.10208350173616
428.28777194813586,249.998846423911,39.465714490113385,62.13953936131156
428.4402350604005,250.65941321937686,39.26435901988725,62.039192204423216
428.6653324025665,249.92252802525104,39.413221827473535,61.99907856649088
429.12328683379025,249.06843669389878,39.13116270000586,62.14386986987523
429.13795347164205,249.74946282870576,39.05491604588099,61.979751271376244
429.2935626229238,249.0894041200322,38.94424747977746,61.8457440856605
429.2528964604249,249.72361481935627,39.007678603916304,61.80130370557322
429.63675926384826,248.94468697395934,39.04781090023238,61.77869640948728
429.72797837244354,249.52917018560083,39.025346326069325,61.826305995753614
430.00576609772236,248.97299512021505,39.020435805727914,61.46267444963769
430.4893532089539,248.11380622774345,38.744832378174465,61.58395997486309
430.40488971627326,248.8109372415738,38.75520679494883,61.59313862359886
430.8429823183914,248.06851002972473,38.75223476242178,61.47200081478428
430.87818151045417,248.71506431254477,38.84304334770968,61.465754919775634
431.2859763952233,247.97595501913753,38.8192779273694,61.30138339498859
431.5525010326423,248.47058284360264,38.474048000248274,61.55223248332845
432.01344958134473,247.81460903965592,38.55071622492824,61.108933985248086
432.3891671659616,246.96675566742607,38.23450239343765,61.16268232339718
432.41718750439287,247.7765216220373,38.62009950664719,60.918422877767625
433.08990081406955,246.98070550973813,38.359583776014006,60.83046239209614
433.302124459354,247.4792086776261,38.238761993453636,61.07224474002493
433.82656168807455,246.90548716464974,38.25997943905486,60.57540717801487
434.3090235934149,246.01555054861228,38.024495944153784,60.65282759832735
434.47162114501435,246.7956433439013,37.98742726254176,60.53927775256108
434.94145651282867,246.05872836912232,38.02481409230262,60.313214512029845
435.5518913670776,245.1636815355577,37.83003652496018,60.37766477901533
435.5913613641436,245.96398867248666,37.79715290086,60.20821373628371
435.95212120310214,245.2501738145113,37.92628601894927,59.989707919630746
436.3469917596787,244.35102859671406,37.674435281410524,60.13328680330574
436.5450860792447,245.07456728560965,37.515640749323325,60.14531297256508
436.8655995137305,244.4834669168123,37.636842566056146,59.42598926329197
437.2262760141016,243.62663330314615,37.70520543840803,59.543392711971194
437.6122181569677,242.75900983681356,37.53644120131531,59.66256282522011
437.76908459975465,243.52718337258437,37.30260313935213,59.51350990429876
438.3406339868609,242.7537172946947,37.26937332792761,59.272760916397715
438.70035847290035,241.79713828919552,37.38812181762091,59.36706863293574
439.10515056421525,242.6246210687059,37.15277705316856,59.13421965934549
439.43642518226227,241.8576852134198,37.339083694691226,58.98514901256874
440.03713689068536,240.8232276418937,37.17006888761205,59.202478643304175
440.77661950065294,239.76883801367148,37.226119129735594,59.309130936813744
441.20116670210257,240.81613739208098,36.77813215014555,58.78233488179137
442.15874416469995,239.88067794465042,36.410228835087935,58.78819196958921
442.68519480183187,238.96723631926966,36.76031354728576,58.75533612384544
443.44191700450057,238.03913223489968,36.69179559934912,58.730024327249396
444.5511647388412,237.1834387842233,36.398969581334825,58.58465544199862
445.41061288950544,236.30923690720863,36.373539353902856,58.458903770880056
446.2615719649275,235.37560230914602,36.4170918998434,58.39709216945039
447.04176023456114,234.49358598007166,36.37088280549011,58.27664125049728
447.83032062815585,233.4986155760197,36.36461448653233,58.297259839297
448.8898525417703,232.5597699533903,36.16148769951451,58.19687150405571
449.5423517634662,233.95941316527382,35.92283708160397,57.303458891732646
450.19126260879654,232.9459338543832,35.752848531776806,57.18175466790342
450.7569659282268,231.88718830021088,35.87526840247415,57.56770085216857
451.13164214835666,231.12021196265243,35.988543893142776,57.41367469665454
452.04161464678714,230.24142922153487,35.76744871138595,57.35634032589155
452.49671135342686,229.3559969793331,35.85365326688992,57.27573423541617
452.9429826182404,230.55666143720464,35.40700582611868,56.69168085842557
453.61620692251796,229.5616740098501,35.2484221025411,56.840276298298704
454.04521295604786,228.78642198824502,35.30349215423371,56.74594264699476
454.73445811053784,227.97582544797478,35.30162685211394,56.67541371284278
455.118272003899,227.21785643989386,35.47123440715529,56.469567538745196
455.7264375235271,228.36506406137823,34.90417881125478,55.99364933507735
456.326869328469,227.29536818584154,34.78266953896673,56.120608774979814
456.7233622040142,226.58706820371998,34.89905046988241,55.836376206741306
457.24418884188344,225.56769194195408,34.79896553444314,55.521606285511325
457.7243613296103,224.40069343521003,34.73382878701949,55.42590276072218
458.18278718720944,223.3675629382799,34.464505282974415,55.432316062210475
458.3855835474429,222.14885141801432,34.472954534256075,55.308161641495985
458.86803655982294,220.965219715555,34.455411745042,55.25497437075819
459.0663732060731,219.06635653268717,34.81598364805541,54.205114034274516
459.76328111745056,217.9458733544161,34.292079792150844,54.99568671376983
460.1543028299839,216.48273396288573,34.16168381285701,55.12528185341887
460.5281624273836,215.05149127284773,34.22696086387896,54.91179277034206
461.03157962699197,213.61522806602056,33.97524214573218,55.06651586524299
461.15276456124184,211.74618812369872,34.49120022637794,53.817083337959644
461.89692588268076,210.42897898537274,33.83178941588119,54.775752206082586
462.3099127026311,208.912361227247,33.7663215610836,54.96565414534922
462.6488414483956,207.3479588081309,33.62255124601688,55.16497999839453
462.9810085687943,206.1130666748685,33.52613367491472,54.84036069115473
463.21818891457417,204.25824042184655,34.025893817871975,53.58525112018373
463.9725742705814,202.96703943272405,33.43404063710295,54.43642035955304
464.27497563370946,201.33068219787617,33.57322856681253,54.62253551814638
464.72857423300553,200.01138085157515,33.41495182927116,54.729982439044136
465.3151569721665,198.70612971829905,33.30186680778996,54.73360229193804
465.7484109706893,197.24388762438275,33.35273406014494,54.4930929239722
466.4126904316954,196.46380758626663,33.221163474050854,54.30209043852392
466.95387014207756,195.78194112785422,33.13162444947778,54.071140552141514
467.4475980702686,195.05540821447664,33.06090396076087,53.966453023351164
467.89995797922325,194.39313858320162,33.00804339192268,53.762208990068245
468.65159954816795,193.52726887669235,32.77433899874478,53.82718402405794
469.23300243981686,192.85705536866192,32.65356552613048,53.59248753265388
469.6906188236994,192.16040088341862,32.685639951622306,53.44887034308715
470.2005729319644,191.48344101634677,32.67167903203881,53.23141934034027
470.67147890401804,190.77259686619072,32.557615470780604,53.09744751405742
471.189858056816,189.90962291089818,32.462791535702536,53.170010769506916
471.7239965295802,189.2006701159969,32.473270775793424,52.958712771511046
472.264564922078,188.48672133826898,32.3998047133436,52.81522415992555
472.7222391489024,187.84639910220744,32.332543598941584,52.56349342121621
473.0567077571466,187.1478470333018,32.21516723728274,52.4432732067653
473.39002616993855,186.38386953682277,32.21677995206721,52.434063454334705
473.764923573704,185.72125261564634,32.16968976603516,52.218399474642865
473.9866683052994,185.11035094892299,32.012796799519265,51.848281617078555
474.4081273473004,186.88506655018136,31.334230104450683,50.654745475575965
474.0722246973082,183.580714892212,31.499414380976134,53.00599695855723
473.3067787205691,182.7996146830094,32.23966956517643,52.4924871304479
472.77791711864893,181.9737244406017,32.46104016618801,52.15098297337943
472.98126755382384,184.67771893442517,31.766255694248912,49.606249931137484
470.8445208663546,180.43340044048165,30.739276813806782,51.879578296788
470.7808019266149,182.38366611029744,31.10639974765047,50.457332838040315
470.6541433792098,179.5087359859511,31.065012545027457,52.76141135422728
469.89767886496713,178.75609624367854,31.954201280271377,52.02674457394295
469.88737668163503,183.07147444458678,31.815342943634732,47.76256563570496
467.9250986570278,177.4906635345559,30.304318106514756,51.29981542351237
468.135552723386,180.25063433550804,30.31784247792018,48.87373666056163
468.172745041903,176.16635360385834,30.210283332571862,52.09332369518057
467.6898976905763,175.25166401794465,30.864434298656818,51.458991858100234
468.1598756039107,179.4780292795798,30.343618096931266,47.07387906939323
467.67086061907327,174.98208530126865,30.878475929483443,50.02189425322723
465.6851473682718,172.44098052682887,29.548808075742215,49.84506236953183
465.8968177483713,174.04744645281949,29.601365041390864,50.47929678045725
466.0573380261894,171.811265565211,29.532712697005536,51.3983114267802
466.4466494884555,175.85103489435954,29.43114492951554,46.98179499379421
466.3556345609914,171.59602829387535,29.636915477880564,50.77625688024392
466.1171409020974,176.75053330507592,30.31413615157271,45.394116010072025
463.7149045903675,171.1504285132017,29.55390886006728,50.00971576393539
464.29307994445065,173.537975431816,28.88474662340451,49.48957459332854
464.79456426078275,177.8331135945498,28.82283183629437,45.33846375838607
464.5257368105333,172.8640893150754,29.232574477195044,50.29005474425534
464.25574698610717,177.95771542996943,29.969720333868054,45.839857877086786
461.64661250186373,173.02778355748356,29.324748850626747,49.66975575903459
462.32315586476216,175.85097559817285,28.509826096487814,48.571857764932986
462.66627176306463,180.32820782453928,28.64297600530142,44.43774365423451
462.77450146463985,174.85864586698796,28.50370343960907,49.93346698170808
462.67340708439355,180.16729574801252,29.035339458898193,45.33568919072195
459.877881743163,175.34617003458607,28.918635227355935,48.97976150079944
460.3933565381751,177.8842900089894,28.38090194156098,48.407115957785436
460.84396228466505,182.05987199344554,28.156697259094358,45.5362829299861
461.18854033880785,178.1521526110478,27.75252882217586,49.19257610983206
461.38570843572074,182.23393218700275,27.910800350739805,46.307661444289664
464.0506129178264,187.8096871529894,30.257072685232345,42.28904618238971
461.82736955247526,181.67191015124973,27.779727891862308,46.573461048595675
462.1753055894446,185.24423942860483,27.586879389104695,45.11993856732013
464.76337500998943,190.59528133405712,29.92707188707641,41.62414131078896
462.7014731744649,184.94689773577431,27.314895087470518,45.52704315809609
463.0487406954891,188.87387706274413,27.229568734021655,43.70905529356841
463.0157727774254,184.47252191775,27.29276599483245,48.0682385876172
463.0260938695015,188.66096183350146,27.510571751646978,45.095159509876055
465.5016997158897,193.87141580162307,29.907669984819222,42.43317871613306
463.6716490429826,187.60637504804544,26.904254638167913,47.94256850457896
463.68838027286796,190.6214438252341,27.17409000487197,47.28895112657008
467.52306080646963,201.5653570912097,27.693575921447973,43.833451814782165
464.4360326733562,199.48905191412587,27.643184647652163,40.90254792859264
464.7242324975132,202.5717840109828,27.776438743707786,40.15082722562511
462.40284439461004,195.73770133697417,26.120388535289862,46.941000769405036
462.53250723325874,198.59367237560048,26.213728498002126,46.728218756527156
464.77429852688874,205.09908391917395,29.141859985939618,42.36786955476282
463.1525226138897,207.91118728366473,26.552475778836993,40.5461664916877
463.6437812889153,210.99040829590245,26.577884462150053,39.767517182514496
460.94622613128263,204.5976248126878,26.36643389163072,45.917203225813125
461.4603679562897,207.2008326980644,25.73262653193899,46.260601154241385
463.9522685945527,213.76935379090355,28.39984980188592,41.743204248871336
464.19788765559815,217.3947328756044,28.23924046405233,39.838915021270736
461.7638802524903,210.9939857160618,26.449690767312575,46.06971151609781
465.2499265294979,222.0404566478854,27.034667293404823,42.16630495919972
465.94351874443754,225.0221716283301,26.52087945682524,41.924203322205756
462.6327889217712,222.7940357400164,27.047999151961903,40.60665215728011
462.80208387932805,226.09430395094495,27.538325659564066,39.51139699274319
463.1206502394417,228.7361619249907,27.36951860189248,39.541237294693246
464.1107062817713,230.90051754049375,26.301988840001286,40.90620541229208
464.7307862809036,233.6979302418283,25.86946987707057,41.03996529931683
465.18569683536,236.6176140981866,25.84069038485768,40.19497897264813
461.6800271677939,234.15221856230244,27.02354127487115,38.49829976164756
462.22517237355027,236.34250613042838,26.53582089308003,39.479690020925204
466.4061332104096,239.61140761113512,25.314728478953384,39.76406605915628
460.3732516495354,236.33310559398717,25.682157302285532,38.262066168270735
460.45018496923774,238.89066539839564,26.161285118158617,38.265753710758986
464.6264545461157,241.896778397868,24.961122703595606,39.30217237986261
460.97364456404944,239.41190476673557,26.141229199658483,37.99551691780482
462.0488503493233,241.41852125848877,24.945036583445585,39.71159175888138
462.5826424308638,244.37130364412388,24.711217018231594,39.17572008736573
459.0674051486949,242.15964716388987,25.92335744148511,37.2973912690976
459.60732520901956,244.24121140005917,25.51276753986076,38.192782889864304
463.6074717226469,247.4928267393134,24.422890652051137,38.427684797914026
457.7629841101334,244.2272914001785,24.85824629186095,37.178296371234296
457.8364911000954,246.6768564824387,25.340498136224596,37.14549265023774
462.03686037641415,249.6725207553949,23.87656159945169,38.14028754096765
458.4534296909899,247.26089131406763,25.267800306972276,36.83420405085832
459.52744951514694,249.29852684284788,24.099598756268506,38.310814889273956
456.77583267859694,247.34457380456263,24.498319900957938,36.39701033481458
460.67598573313495,250.02252756507357,23.626583108380032,38.116480388747846
457.5861990947959,247.78694388566686,24.524888278647666,36.338589014516515
457.5457994824219,245.8139434066678,25.102482396830965,37.12594278609734
461.75939418351777,249.07358242343207,23.521633230097905,37.82964056986134
458.4239425281621,246.9292334628476,24.714465025075583,36.10843461790637
462.4876972495074,249.6921979272921,23.39429232009593,37.35144768932099
462.87384277147345,247.89552469883074,23.37488945017668,37.32901459068046
459.4839018136198,245.79997687909963,24.65328620825761,35.61951568745883
463.5341656615881,248.4119794914311,23.297820417431637,37.22306877909443
463.98083902578696,246.7842958966505,23.20054053966146,36.97767597182221
460.6986680649502,244.49836616795255,24.39701730328636,35.61807846599146
464.7521331440503,247.24488669181892,22.977420533630266,36.94416314783393
465.24201627398304,245.53842739846863,22.85229296300554,36.68863107338501
465.62439144960706,247.57052611048252,22.901923489286787,36.43179373298236
466.0252193969971,245.74092672713252,22.80999525212775,36.417383589412935
462.9270411241828,243.3768926381124,23.84210481596938,35.31109014721403
466.7504080208555,245.9216196124196,22.818695269998443,36.526441067869996
467.2671032622633,244.32036194986208,22.60438475218018,36.08749681098064
462.0050051609678,241.1489187998421,22.839676018691307,35.08373600220821
468.2914770446913,244.88233045368543,22.39511342290018,35.67114907077536
465.83733934037497,242.2060285043152,22.626623011832464,35.938962812098964
466.5357434710998,243.9961958119699,22.32227833965618,36.389775471900435
466.96161184765833,242.44699061311255,22.389735519156773,35.9170850450827
463.863181219584,240.43830389610497,23.49739739766585,34.27053777434139
467.84529462715045,242.7637009564759,22.151837253546546,36.12713376771839
468.3109953730155,241.32854555399942,22.136575607388238,35.50940849785118
465.19168754476954,239.23222178637025,23.368118022896624,34.262012048168344
469.1036044068919,241.78913487155614,22.05743379604769,35.71894111534857
466.04939604756896,239.6220698001414,23.163128366008323,34.370989004087846
469.7991958529034,241.78423133068213,22.178421389930236,35.97751361384837
470.20711495656496,240.29893667071826,22.1212639505423,35.35216812241379
470.5998614317524,242.5275694444947,22.131146791538185,34.58800419532878
470.987551099676,240.31126851858514,22.010537084827092,35.28444671406382
471.55731965430226,238.86657242385596,21.682307970847376,34.932562505997765
469.31558171613165,239.8792179436033,21.699300931572623,35.92878153396725
466.29066486689845,238.0534836015272,22.819426735461263,33.914665155049306
470.1007596095836,240.243874443188,21.682007815743418,35.69059699675509
470.4705504551057,239.1102880411742,21.800895478513723,34.556933633864645
470.9259819792943,240.85202445171598,21.765556548372672,34.52516159257556
471.32438999200366,238.90455794514736,21.67802847713068,34.72425614316296
471.8607655724416,237.53275098136078,21.4629863908429,34.34071435626777
469.61034371705347,238.54231193971142,21.519490169863786,35.457794288812494
466.5663580995515,236.85328481836393,22.704991498982054,33.396255519676174
470.37076615940714,238.81026324328195,21.490488378969303,35.40843897117156
470.83470912799453,237.56612401616206,21.41072187804923,34.459650552032485
471.1070323387988,239.66987446403724,21.61553599528895,33.806277415472636
469.01755226014745,236.66547242833792,21.412869458198998,34.86285734196599
469.58350663809404,238.61748128984905,21.290989846234083,34.50821087121605
470.13793123012715,236.85238047684751,21.06792188479949,34.45696423632566
470.4615123587345,239.07193384912446,21.25423407572481,33.563810753897
470.8302588145994,236.79575984342307,21.252436854493737,34.31524533353365
471.3112150110559,235.66528895831092,21.079179628064708,33.50466270821906
469.1488655254102,236.46282314059638,21.08731666671042,34.71596107161932
466.43706701338454,234.65850431443363,21.80573763569822,33.050112907158734
469.92720448788685,236.64359992604554,20.983491204704535,34.66777475892897
470.27245070528846,235.3616356407848,21.024992056949145,33.74890170419076
470.75067347587014,234.05214602585866,20.77265592608751,33.40861489326144
468.51997777550423,234.87598805303287,20.89736631002779,34.7234383459562
469.0057540358727,234.29112686326272,20.715804240018713,32.251161112388786
469.31222831821316,235.34552939203726,20.87292048039552,34.10852496591539
469.7819288379061,234.17160834680828,20.676720626860742,32.95805871312757
467.7088536527915,235.06038536724589,20.628137248582675,33.64279695152618
468.0840434167385,233.75348341077495,20.70366452722726,32.7231344801462
468.39252507016266,235.3344270722116,20.838449639504972,33.30675741408197
468.948582627296,233.63945057731863,20.526672085580913,32.98081707510241
466.80621562610213,234.8470227063965,20.518658691312908,32.89327018105155
467.19432427770994,233.06650810327514,20.506941410992,32.80677357437591
467.6598975438401,231.8403372424587,20.288597254562262,32.166648132817045
468.0337404592879,233.55560497298137,20.366216375703857,32.90712942069081
468.41020324118165,232.28585869193176,20.34029567228106,32.47604045118106
466.2947054679096,233.17659397534126,20.340874817297276,33.488469076135715
469.2166340399515,232.94833981783336,20.236295072819985,32.40376023013596
467.08270194535623,231.163542115204,20.103606371615683,31.62890081613085
467.43988388834794,232.8568491034951,20.180232967991856,32.55566634084522
467.79292644899124,231.70876942242683,20.15038214071228,31.848566359322604
468.16596931586713,233.26395171043458,20.24130698887592,32.79650326428924
468.68773351046815,232.07480268836315,20.047391058591472,32.05027651586107
469.09185161712156,230.78376890312046,19.870678299378312,31.68827753590915
469.52873167112114,232.70658567329934,19.87890779194231,32.08250927418936
469.90770116671456,231.4058423431366,19.873709909073114,31.711834204690263
470.18411414728456,233.10052014638836,20.0696434279252,32.290363983810835
470.8158014129341,231.63630579018624,19.683605778269907,31.719081397139945
471.16963192607426,230.30300275449224,19.642001021251758,31.542911719021504
471.5189160676897,232.2047940414585,19.764296291838832,31.720564408538962
472.01360405759567,230.75318327461565,19.58600769033876,31.554612327896507
472.39913072169713,229.52347536992997,19.535360834982725,31.328586748403694
470.35835783180636,230.24219846213725,19.610401281669,32.844105863574896
470.7531004549403,229.4164542298254,19.62801891769476,30.964537042443368
471.2121729619157,227.98668018182258,19.486371472941983,30.83642482051215
471.652035005131,229.47283095541297,19.424049670116688,31.849603741955093
472.0489547751971,228.24917481353495,19.371153779872884,31.0027251716929
472.3642115023529,226.88642500088542,19.447247005042072,30.867973157822576
472.8611108459294,228.60046349333203,19.38909896172845,31.399468939882354
473.32104495810006,227.28318192039083,19.371484238825133,31.038196044573027
471.41773991869144,225.6534581969363,19.255380837925657,30.313233508927738
474.30233110459346,228.08194194904462,19.153857292123234,30.68121355245006
474.66406563047735,226.59361001747675,19.14060299658064,30.777242421737583
472.7167367649047,224.75187218071784,18.974252145655726,30.3175839722673
473.1367374306623,226.4115919469807,19.02645052343331,30.84108282936836
473.5389105393953,225.17760817756488,18.98436876489302,30.396119587871283
473.8720825214377,227.03835728572392,19.213707091843787,30.57825470973637
474.43456904354457,225.4198041775539,18.926515282551577,30.51979669385591
472.4647478850544,223.49575551009372,18.84444852346371,30.046579708484302
475.2593535112996,226.00912182820218,18.803319281894744,30.065139238800157
473.3393894400224,223.66509585529582,18.724815676346225,30.314681964730426
473.661957895585,225.53718578147686,19.019835392760058,30.515664541152603
474.19011496735254,223.99787703505075,18.874619516157622,30.318128450388258
474.60870652271313,222.7563604803952,18.716720680707738,30.025151016799896
475.00006880700926,224.7535333610407,18.73810434849088,29.82967891412477
475.4204899340618,223.2453943960995,18.67025827146,30.085989842995247
473.4012060487174,221.53108000181547,18.7098529686333,29.53750816028287
473.8721267589093,223.17296768852952,18.673097338595994,30.10222022078949
474.3089631610912,222.0141606121278,18.53581761425295,29.57496598842215
474.77330878938096,223.84245964293342,18.574293165045106,29.792088241101425
475.22413393022975,222.36148822346627,18.538566336602457,29.886937996224106
473.2851899354153,220.74522706776975,18.538512318616768,29.201452484849455
473.7970632257967,222.11394945162246,18.43493203971559,30.117968186678695
474.17203078352696,220.96536220521722,18.365980798797125,29.40598693238485
474.64203513027843,222.68595010212078,18.35968246613794,29.73306416144581
475.0559162837859,221.27102664997813,18.396236717074657,29.705855982341546
473.21015551390724,219.69705845287547,18.322274131812605,28.941363835936897
473.54489318387743,220.96390657615643,18.415659772393383,29.84339274544226
473.87126142788065,219.76775706340356,18.393499353360028,29.189314076825752
474.4047999496971,221.29471846822804,18.28153041116775,29.766898871931318
474.8492288076927,219.84578025553787,18.215946444121528,29.610096326978578
475.31908839960283,222.0021460626865,18.380101937337145,29.11287762158247
475.8029749428167,220.18344324703833,18.301930450132204,29.62366781332841
473.94309803250565,218.3013166510067,18.18827434044016,29.199608897211505
476.6141958327935,220.76468172482305,18.189868869526777,29.214153922883668
474.800187377974,218.39879781644214,18.14515393655097,29.537671789929107
475.34827591461084,220.41698127365044,18.146136523292284,29.229530859344834
475.7915793502917,218.72607188204543,18.199287267318994,29.52627825814008
473.85024160349474,217.04761572569535,18.3173793365018,28.857107484464052
474.3900257629019,218.42364662696318,18.121862549923435,29.609697235236155
474.80954880363333,217.210992514856,18.092104369894628,28.962333348605114
477.3387856516321,219.67597892741375,18.177681305550607,28.768461806015182
475.6251674950587,217.23628163511586,18.016121938044705,29.352699523989088
476.00111367244364,219.47560130646622,18.196842732718267,28.586473341892912
474.27775041116206,216.5919568212546,17.96801052205626,29.48699338915202
476.79910375622745,219.37790950992746,18.07901186058524,28.560774441951594
477.11572975870706,217.64860398931384,17.972324011264675,28.68871797081161
475.35916234050205,215.57120321562672,17.777850237168423,28.856877593551843
475.8168663295329,217.5612744442465,17.827531701583666,28.710817004702903
474.0343124329412,215.27035647118385,17.661792864198162,28.845480993389828
476.6009356277641,217.90703436524348,17.763845586821105,28.442715782248598
474.8109175972942,215.40912820573703,17.69629895403989,29.132093469298383
475.2584746688042,217.67128915692422,17.800122320231594,28.356903254843928
473.5753979077614,214.88547005114455,17.539281827438344,28.980682743139738
476.11789195552984,217.70801796962854,17.647040705084237,28.179291639289318
474.4897004410435,215.12996325940367,17.406240558379977,28.96639288446181
474.9384164377424,217.472176441408,17.543960760896596,28.00592980661017
473.22636492017284,214.59772206971525,17.39561743296872,28.8810313477386
473.5950642479463,213.7508461341743,17.365014691166095,27.979204743186244
474.0426002821189,215.23759355137986,17.393527630859353,28.711058668524743
474.4559538069333,214.0484164144458,17.349750564648673,28.181872777032822
474.915297253112,216.01591316905206,17.39368244465942,28.049374446808258
473.2133920908693,213.749613153236,17.11231748167495,28.322152145328857
475.570607111262,216.43731842812042,17.47718677586613,27.748853081521958
473.89180338909534,214.01653766849032,17.28366571591272,28.676724410174018
474.23341784115615,216.47867255814623,17.44469613614632,27.49859142769941
472.6823390610264,213.64061723000498,17.004078406935434,28.59016905430977
473.15180941116773,215.99953560135378,17.14687337571354,27.65978371834177
471.43562897271045,213.1756080477778,17.102328656063037,28.457625431252893
471.88609929160475,212.4602502497371,17.02457723662087,27.493753527713096
472.3275017255961,213.84416216141108,17.011743023980387,28.259802738707776
472.7055094869811,216.31081061601378,17.241762819081487,27.162088430306767
471.0481214370774,213.47582653592366,17.074149961562057,28.140527852436946
473.49207190145864,216.39915879217145,17.200926981134273,27.030626709473694
471.9153294452506,213.94066422541835,17.02970511733872,27.89827814694263
470.2029617359635,212.1454943543465,17.042084875375167,27.613127642235668
470.6243092374203,213.61065482356935,17.10240878487241,28.209699560680747
471.0738105047009,212.38210508999515,16.96830810220024,27.73593521151895
471.4205982356044,214.40631684996978,17.107301386750464,27.617472940005683
469.7791220143344,212.15237093986866,16.879148258967007,27.81757645714299
470.25905374127365,214.08079132908247,16.91261336420598,27.735712111001476
468.42477365014497,211.98754330965158,17.067542680953977,27.647169863018718
469.00575764230564,213.66206323783308,16.916166354987354,27.996502811742516
469.4335717272842,212.32687825114772,16.85300385022049,27.773523344456066
469.6963427270884,214.4047584143683,17.035559920560274,27.407206820679022
468.0841198011568,212.11773345706072,16.800822491376266,27.985123702630915
468.36857696614356,214.23045509729775,17.08763730464517,27.590419295455035
466.79324813047845,211.93974033106656,16.793574495707787,28.08736287153397
467.09744794069485,213.98441179503675,17.121554864665598,27.90554626885296
465.35636319293644,211.94204306479878,17.059491313897638,27.885977235021585
465.7559164733434,213.774849524297,17.188350847496395,28.088815324218615
463.9798047780596,211.87890319511826,17.212342461212756,27.8611202724112
464.4341124159779,213.5497759941245,17.187750066364856,28.221445251116165
462.70242386050563,211.8995618319056,17.17466866238584,27.7750827852812
463.20403546757217,213.35959716282144,17.08608307845566,28.36300303056109
463.56718545544805,215.67504327546814,17.255436329234215,27.47400203415225
462.07570878327635,213.09194542375363,16.82204256568167,28.42893991772422
462.2784739927105,215.17981933245983,17.21315330253549,28.291234942401843
460.4083808781461,213.46001638708603,17.31717888966614,27.79570213895755
460.8482864541569,215.05289194052074,17.279750795423183,28.499037384728467
461.23417817885223,217.45556843572953,17.309454540076956,27.46698624432122
459.54052965472044,214.9438739487972,17.130017329969064,28.41713602975028
452.81229252733556,215.03170298570967,18.231252178838872,27.668188254940787
458.1979842623534,217.41448441603177,17.227354508599376,28.54418108182074
451.6540121904331,214.5198682523793,17.984294522539756,28.689726734508668
456.85502009941075,217.32383524462557,17.406882612467882,28.69220855572962
457.1885078407892,215.81731118636577,17.511958278378017,28.810298060004413
457.4693655643095,218.2432735653888,17.691343910809053,27.669889260212756
455.8027192331972,215.51885706784185,17.484862343418285,28.87879995700837
453.87952735000704,213.88741588444813,17.68829429014329,28.291434423540665
454.35241864626795,215.31088189082493,17.58459377112439,29.136611755913805
452.50503786884957,213.60919023945945,17.6545161383454,28.45630886893369
452.95402550830266,215.22418463975964,17.621839784908445,29.086119321278545
451.141831107097,213.427366238309,17.686799132644694,28.596736888348005
451.64381725497464,215.17482562721466,17.604207807293903,28.98049880980318
449.80627448092844,213.1942094391938,17.648895163720795,28.758841829908647
450.22967345335417,214.94577860728285,17.691480681149528,29.106878926083965
448.33643196820844,213.2751733793819,17.80614375847489,28.50132318984322
448.80093524589824,214.75286051107514,17.720567777370206,29.380520987885035
449.15099540942873,217.1209880988336,17.78162839900955,28.37356532667684
447.3890069295985,214.6925569841298,17.602948030752714,29.04443146989621
445.66153673696135,215.80170098321545,17.547817432612646,29.176379486663592
445.9719892056856,217.63958544102798,17.77106022666817,29.220888705287138
444.09447436533594,216.01658204286878,17.87028184418716,28.571453424865922
444.495664135597,217.5743846919006,17.834121205657368,29.36266909195146
444.80692034063657,219.94359737033443,17.902482993260264,28.367406468653655
442.99169923708075,217.40259721448456,17.786652150760915,29.403729399257827
441.2465361791365,218.64260731062308,17.766659247322877,29.382487767114696
441.58017419808687,221.08545069741018,17.979570561974015,28.241875745490688
439.9563586041706,218.28494170199974,17.65219419848978,29.37305486182504
440.27391803859643,220.53852976562715,17.836505513801512,28.555276216821625
438.537782661062,218.02981913781514,17.61734791165395,29.350723345843562
438.85227553734967,220.29225337232026,17.74677344750347,28.641881119230106
437.1045799279296,217.86167319454674,17.560050783713393,29.300065025053925
437.3923685393404,220.06077819477184,17.75339168442281,28.719517931300118
435.5762101758056,217.7637448850698,17.66345367670567,29.203172335280954
428.6997932414107,217.87841034833804,18.609606002256555,28.428940446899986
434.00727222135885,220.33373282336976,17.828601658221316,29.358796965548265
432.301626007557,218.03136803906403,17.714866720680902,29.474138879427244
425.77824367695035,218.27398892068334,18.169923596211675,28.242936545081193
430.9705064165581,220.5257451870451,17.7760365771166,29.40108059213543
429.2217645304785,218.24353506743032,17.741482456458925,29.465405633169524
429.6108318726276,220.3555148573678,17.854438040387492,28.94247410754818
427.8376838606203,218.0564001452907,17.769372239368693,29.30571552491432
428.1519477378122,219.85287807083455,17.883200885547694,29.53434362864016
426.20797947535493,217.97408214730774,18.026689857869428,29.19516400271388
426.5134582800635,219.7230394766438,18.082917354294864,29.72224135642989
424.60134060345007,217.98350661450363,18.099634255741307,29.259737304721767
422.93044804247853,219.04580656023313,17.874744758467216,29.68311473747889
423.3084740982533,221.09483615096127,17.952214030031314,29.264007559340115
421.5643504936065,218.9070881755508,17.80946026413062,29.522628631852626
419.7205636915842,219.94047744309887,17.983946715288766,29.71031412501418
420.1688683549678,222.15016248754216,17.997509825450834,28.980476464052032
418.4727657662716,219.7351089208371,17.793444984674807,29.572176387083772
411.77591721241674,220.07994780302943,18.47276982502666,28.57607977921424
416.96866167031084,222.32570458636093,18.08352692944345,29.945592066774054
415.21784206558493,220.47309714907777,17.942756257047563,29.377466086075543
415.5034821248378,222.14560108285747,18.124360890648063,29.89908355249895
413.5646364371838,220.56971677258866,18.228001911054776,29.070455831307555
413.9172427261668,222.2321014384014,18.18629187539375,29.873265486997184
414.21596419270594,224.64800745983183,18.223723825713535,28.755370621433542
412.42868172543604,222.03605935321104,18.035172593673167,29.779089140947633
412.7336478286126,224.19867192660894,18.123304293609806,29.163947692543843
413.0406144772061,222.29442726321668,18.137135009603185,29.826583419850863
413.4842973220261,224.46162488266486,18.07497016361623,29.06294231751042
413.83798433964796,222.5087116234178,18.172035788192204,29.860773573224407
414.4138991924053,224.8256804395773,18.083358049716878,28.992168460034435
414.8506051137708,222.52507423221516,18.168338649966813,30.09400309400027
417.6780595667111,222.04539347601587,17.92825183497945,29.14640936708065
417.92454816365625,224.05883030103,18.086495308272333,28.810034730590075
418.27588728525035,221.99705689657833,17.988340056938625,29.78052813980503
418.66861324271895,220.77394345063934,17.949313006938553,29.47385151385967
419.10903438281525,222.5910117008928,18.103460304711746,29.36926571807058
421.80446409147186,221.2136741902321,18.158510432850278,29.93710488228828
424.63127270642735,220.2538910770008,17.972498364428304,29.85076921265255
429.6384316739472,220.03396076330057,17.793835596195947,29.349594778307164
434.4978210731003,219.37082787515018,18.07854034074859,29.776448348512048
439.5278808827444,218.8302214868087,18.097999111827335,29.86913355996009
446.7621404646703,218.8506457273413,18.150277271777554,29.79205504887821
454.0926883209279,218.59683235986648,18.133819762424537,29.88265065018149
461.4157661957039,218.3278727802196,18.369656190481237,29.659642354584435
468.6113444416744,214.90361970340837,18.589987780731462,29.49977216892404
476.19118867062116,214.9000590821833,18.327392036718663,29.78299527347457
483.81033334251316,215.05825005823704,18.26555087689178,29.218511570949914
491.2690980809391,215.06907273326965,18.62091973750205,28.77839635728597
498.8740653830708,214.72890361198702,18.500994723641668,28.62409912300754
506.09387854885915,217.90117154908413,18.665388395937157,28.451672325855696
511.5313940982223,213.17897062423523,18.23640270285358,28.910054154716164
518.7500143789593,213.11165362284027,18.428870920286613,29.073152633541042
526.2835433999251,213.06351671289715,18.050924094869856,29.024946041243624
529.0336328726908,212.326927523081,18.004888204732424,28.236717585847686
529.5865015311983,211.05016564950637,17.812750544734627,28.03817697766368
529.9737267759771,212.79693280044725,17.896724898209982,28.12635277398104
530.5298002257891,211.44126315235576,17.741769846210786,27.80095672247387
531.0803088636789,210.0368233578895,17.580386698732013,27.970269120016724
524.6320476297428,210.06010311538097,17.968481665443733,28.512089395183153
531.9483458043703,210.3774718728638,17.669338705712562,28.352176001417888
532.5253980437445,209.23043491625458,17.255520577808625,28.114779441984467
532.8767473130221,211.35487814433873,17.276730594490914,27.338045373238856
533.463237090028,209.87089885890333,16.93500969453453,27.589206003798836
535.8988063519464,209.0444719024867,17.019435447811475,27.758297191156316
536.4963559355267,211.13213721496373,16.887306849815218,27.18580378396328
539.2592453210964,210.23341914127695,16.67411994806025,27.10249455980312
541.7992039522619,209.44672006880182,16.722477190253358,27.03534780756206
544.3041079633529,208.7953797707073,16.6210148446296,26.904965165205482
544.8879498017991,207.5615026619251,16.62447496912182,27.120446284776335
547.5918036071075,210.23052006409694,16.62381913498757,26.423038303177577
550.1430588707773,209.43755498989316,16.55995859478321,26.220169628793883
552.6037202183395,208.63735513641825,16.50217658051929,26.094232014691755
554.9551493806165,207.83801226543994,16.443499559791235,26.247070491388627
555.4397277716896,209.8065717629638,16.477206391362643,25.821516871239055
558.1121993671345,208.9183219776001,16.409796898038394,25.747089759072594
560.5462845609553,208.11643992483852,16.34558126933939,25.58369870729024
561.2904937654854,206.63226053048638,16.02400925899542,26.02214765142233
561.9629808284517,204.88151761299395,15.676823012647219,26.6954678336827
564.3699471880386,208.00752107620184,16.21996702593151,25.176323709706764
566.8999157699095,207.1229318556322,16.35442445077024,25.194086688709888
569.2956338884941,206.3268079767703,16.375434255240293,25.148884523772068
571.5280567246955,205.62750706171036,16.309501622163225,24.966971867702085
572.1368425170904,204.301924222852,16.25355989487025,25.39537683938923
573.0215915137528,202.20576127610082,15.472275175775962,26.658698917920134
575.3406217174879,205.60795049209082,16.122953918601524,24.586015293525634
577.6665763020392,204.5748518386777,16.456527031604992,24.727504753212997
579.9992031411189,203.6677425521881,16.4143485638092,24.70082033301935
580.7678622613477,201.84610037243965,15.84089304947463,25.42185241431983
581.4756139908393,200.03295997724547,15.561841117445738,26.159428335359905
584.0651991510695,199.1374099425995,15.413208088964439,26.21784914005343
586.2615210106851,198.47572493968755,15.572160211851951,25.844776556654153
586.9819367586747,197.17314792926393,15.299091759437033,25.950760301448014
588.7734721387008,200.23381043828,16.499804020901365,24.409395985108745
589.3252477726762,198.84096116227346,16.3772963345873,24.591279137933043
590.0154042324482,196.69991326455286,15.700083395235083,25.468547258259576
590.4488099180281,195.08659574004082,15.515006481655291,25.867993561411538
590.8940155881925,193.8858049782175,15.4913971330501,25.775431766031204
591.4162587623132,193.04924241597809,15.420890000144027,25.277273881762824
591.7820903580725,194.41600898680417,15.53987638415515,25.412307420479237
594.0004135556919,193.23212079540576,15.625368126125409,25.447587454087937
594.6669252748916,191.8132611588764,15.373131692898369,25.520775524824813
596.703625221546,191.04576524942902,15.729008113327723,25.406410415674173
597.4064807977611,190.02833277915923,15.474807256456302,25.19571036989501
599.8124013072777,189.6049427805624,15.443251957898838,24.553696386519817
601.918011173854,188.7779499938907,15.779092550657424,24.66418497601083
602.584940877436,187.84196825777428,15.483349858012957,24.544133907267536
603.2986345277759,189.31809789057303,14.969707393425779,24.726506732539235
605.2479760953914,188.18927335256308,15.677770875245074,24.811915902916894
606.0405763452782,186.9794382012276,15.155040405676573,24.808263740304824
608.4503223871625,186.39622487215394,15.236372278617637,24.61927183749998
610.7193473405373,185.67986638739725,15.480308837052121,24.569075556369228
613.0326777243489,185.01037423951925,15.546473598796524,24.511379310852874
615.3728785938201,184.38440221103667,15.59350796520448,24.304104419546604
617.731377656675,183.75502716164235,15.627582038521268,24.30393620920384
620.4362293232571,183.27095092675393,15.073718058369195,23.925782549882626
622.8469172876903,182.62171082067914,15.023753118320656,23.901030789036213
625.2411766075736,181.97407108115365,14.995071279202648,23.848529132289542
627.7231100272152,181.4239515076105,14.712495037535518,23.730523286198974
630.1014337354986,180.91739812998222,14.675453095653893,23.560352714184404
632.5097128546213,180.51092916789207,14.529119976859874,23.36713757756641
634.9844157491992,179.95442417111832,14.368728293250228,23.216442181443853
641.2418696506492,182.93491311251145,13.798488932585428,23.202108045888934
641.3236166527532,179.0451907047015,14.492782988601903,22.754124469520832
643.6660150407155,178.32230047738295,14.414454608383267,22.69139371982328
644.0502297231701,177.46179269601396,14.662349353589661,22.728837606855336
649.8953970141998,177.7031801987926,14.635155767062884,22.471680877316885
650.7264560392085,176.38443049144442,13.99633713670221,22.591493455696394
656.7684980578952,179.28367090681127,13.676709259999825,22.46373480134821
660.73859583683,175.49139031323853,13.663324125409531,23.287667171272375
664.4573989071597,174.90408093282804,14.013129315675883,23.208665932519125
666.673644461663,173.8680600115572,13.801924107624586,23.233928068690147
668.9790227712249,173.09248836209682,13.583415344191963,23.057178469417835
665.5426616164425,174.1374556161203,14.347587956700636,22.80130158108392
667.7156018113301,176.48174401897202,14.381999624476066,21.75615024803693
671.7724710925838,175.81656137043973,14.11396207254586,21.852429936024123
673.9060309245776,175.02222236629223,14.275819597802979,21.594748909796408
676.141775924606,174.32254376057796,14.349072952923052,21.524663456854626
678.5730730909052,173.7754523475883,14.167516688562728,21.278380367939747
682.4917060563528,173.11088771707114,14.172035868793046,21.63166846977765
686.3575520987823,172.61769629170436,14.121216493628822,21.497194264800044
688.6297680613726,172.0784130329607,14.158239876283346,20.972791443852742
692.607542843398,171.39958155877247,13.974256215902528,21.286291518334167
696.376239801787,170.93614456727482,14.173123468000313,21.250978635256388
700.3429153961984,170.62548784135743,14.155222671810407,21.07993601997896
706.0374952851325,170.70127430184624,14.14572665344599,20.870635098115912
712.1140536156558,167.7423640485216,13.480108541123855,21.678443643235425
715.6643056958186,170.4797802264519,14.114260105413678,20.40329383330618
719.7955506727544,170.19619203497854,13.921206579341288,20.374149736923016
725.3581967326793,170.0006670306213,13.914500129297721,20.68244749478083
731.0293019559574,170.29689967102195,13.853102663750633,20.152340050108933
736.4886565687484,170.1436525278493,13.857137623263952,20.161679507237665
740.5022324411073,170.05367805022456,13.706252475606675,19.68628329567241
745.9005745619263,169.90325781936042,13.77150918978964,20.00642740920364
749.7236779375003,169.7689474133011,13.783560790210913,19.768330843880875
755.2233030014031,169.99319799221587,13.760918521169515,19.765632335194425
759.0702275849358,169.86872412428835,13.592433378024452,19.56620254895114
762.794674174462,169.57217866737295,13.593434112906152,19.65253150838339
768.7411600150247,168.9250168704104,12.593888283886372,20.674451547968914
773.7994847838652,166.72291095726138,13.156611496251912,20.245494098962496
775.9855495288207,166.54993808764385,12.895947297054363,19.890754071634774
778.0780431886435,166.43281357352453,12.998631156618558,19.536551025357767
780.1115938982819,167.94478668535012,12.974723978059274,20.257366916101915
782.269331616921,167.83031285786564,12.783443530441787,19.65700979351533
784.3349763209998,167.67617537142087,12.809434656451572,19.43624866103397
786.7389385205083,169.4178442018687,12.298666421919734,19.898639484636846
790.2257167341653,169.59250703705152,12.628887276801606,19.40920044154268
792.4361608199852,169.46018225032662,12.475845642867625,19.05596299532698
794.6116438457773,171.1467832772068,12.238855735132347,19.44772366072891
798.0329396136017,171.22606042642235,12.508201969843071,19.140620100575205
801.6326980166752,171.5229532909624,12.475834069350867,18.535597476385874
803.6281968292764,172.80910154795228,12.347173945912232,19.2338229039581
808.8249038660072,172.72450996562532,12.125540845403293,19.703736151515727
809.3176500757367,172.72742261828404,12.209743818343554,18.320448599984474
811.4019110766219,174.57829832703013,12.093595612311447,18.7059079377847
816.2877932854956,175.24849724997324,12.354575837155949,18.03021418629865
817.0843463171566,176.49181859841212,11.859958656169965,18.581646546972507
820.5660566534123,176.73061130257167,11.911639181736291,18.162080107008904
823.967219685565,176.86959942683353,12.020264112598056,17.935040422150337
825.9607174891007,178.52293921720968,11.940781461790948,18.280206391520778
830.9617862672502,179.28910208449906,11.923518649402808,17.477515675540417
833.092519182595,180.99336849775221,11.650459991398066,17.927797930486406
837.9051993012744,181.53879105259955,11.755056144204445,17.541639637234425
842.8875763761941,181.69585892148496,11.436471334729504,17.87698973504061
847.6639042672696,181.8699243982274,11.434365435557424,18.011302949375022
851.0318633788183,182.35741713194955,11.375956455949108,17.193168884494128
854.3662903864682,183.80450636121788,11.26005165467734,18.260292588591312
857.6345338650013,184.6824848626626,11.314463417402862,16.749965730394962
859.5755711903273,186.30523086249352,11.132570341305154,17.368151441862437
862.8453355792502,188.21783932297927,11.099247107657106,17.791671217169778
866.0952731463976,190.43174015181253,11.099344254486823,17.633927373295535
867.9872513771707,192.19394284265493,11.068085632545262,17.852061287308203
869.9016198669725,193.95934787477944,11.038918480718394,17.80731378897488
873.1118634206902,195.9974099967696,11.110931544129585,17.82334828188408
874.9690817021002,197.56715966788616,11.085997271569454,17.875684493710963
876.8259994055406,199.3967561038948,11.09421195233881,17.74954863272299
880.0506356278224,201.38843469747252,11.08289776999436,17.72600414830373
880.5131499750144,202.6172361218319,11.00507120523207,17.6386391251512
882.3129242829767,204.18825590511932,11.06806843746142,17.716298071014933
882.8267225912335,205.57440021365045,11.012944514014066,17.50889998763654
884.7117626986967,207.50152605733805,10.96629077964667,17.3643169697051
886.5463631710305,209.08510823639415,10.968175837630156,17.413059636984343
888.413612702133,209.29380626284228,10.867502447582979,16.479930662094944
892.8959134570393,210.806854421461,10.978343528831374,17.47407431416312
890.6492245300337,209.5009218510932,10.854715906502406,17.271332434470622
891.1131434319191,209.45786091773903,10.793378703671465,16.264260494843796
894.2845996978148,209.73257775883633,10.875387698488908,15.91331212714627
890.8857751503442,208.15515693532706,10.607203868275406,16.177783390970035
891.3209959855435,208.99258316574617,10.608139837187764,16.887444398538378
890.497976924683,208.07729228373304,10.552012539384009,16.65697302019956
890.9615249892245,207.4424576433007,10.49917463019301,16.570538579622962
893.9862345090432,207.29080468496977,10.649391464742394,16.770369364803514
890.546538035871,204.4280969500315,10.384721389394599,15.643881604017736
889.7060280623482,203.8156573893828,10.33040331590962,15.527613466986622
888.8988791287289,202.97620170530263,10.22509441893419,15.62613546551006
886.8263557330812,201.61384642187505,10.202710245309845,15.99628410999216
886.0541537769565,200.82153522580325,10.170711818720633,15.75421745106388
885.289546246066,199.91332544211332,10.147718131269357,15.7169312303798
885.8057465136533,199.15246994913468,10.009821677575246,15.86331683924709
884.9989957380127,197.99488688036882,9.982624261152637,15.95331767960758
884.2250289203187,195.79219720163098,9.919667843456068,15.047362272649877
883.4556532651975,194.87065290911391,9.887556047570683,15.26061421076352
883.9505997281542,194.33032285554333,9.767302662467955,15.105148714167285
883.1778903858851,193.23295338875755,9.766018858080088,15.384091266403573
883.6856498588224,192.50441488817995,9.674275955267376,15.453675813643656
884.1358010813518,190.68641530874305,9.673666302526613,14.558356487208926
884.6469375099198,190.0218438830193,9.567035744213285,14.801672591112265
885.1265778454025,189.2762985285807,9.52715267563974,15.10361529545014
885.5932824947248,188.5715487474882,9.482002872115459,15.08836394084679
886.1027748335719,187.7265872963008,9.385187165512434,15.139677146771447
887.7504873403594,186.1733386926191,9.402442000021551,14.34099052396897
888.2462203252949,185.40960589376326,9.308540997178625,14.630679136709546
888.7172921930091,184.74883287813373,9.260533401634916,14.658140516094136
889.1840335045348,183.95389266735765,9.264974254976778,14.727046089926262
889.6525489337688,182.26645296134848,9.300481913832414,13.93348042755116
891.3639431113281,181.5912065372812,9.116763943689307,14.446555861618208
893.0225610806024,180.05836898485745,9.02164803383971,13.840223311347017
893.504359805582,179.3305821503543,9.00613505254978,14.14049466544111
893.9729977098111,178.69941577994734,8.992784052676711,14.186238116084127
895.5951043906095,178.32701429967517,8.912648652718644,14.142377276463435
897.2013783260923,177.83470211648205,8.85504932504216,14.296001842583479
897.6467484812549,176.0232125705868,8.926666840754024,13.689941120088093
899.2971741124002,175.52848990309533,8.787977242356419,13.91983628959602
900.8962407134413,173.90583576107008,8.741425174574147,13.581477691326882
901.3585405375313,173.20562251105713,8.776370708345212,13.910183199490547
904.0600072547493,172.96380206450073,8.747456376304171,14.132892963916731
906.7613353912266,171.36991624525666,8.657231320459005,13.84507924454499
908.3107736087413,169.77860399716542,8.677656419031337,13.435868514368508
909.8997398371964,169.26616794162373,8.607655739807797,13.84085291452493
911.4488161196762,167.7004736619379,8.628450551456353,13.323940028321601
911.9434076581281,165.66529031617955,8.608577705750008,13.296540674828691
912.4506295968727,164.86243394774863,8.553374121365323,13.714735310584302
914.0163810810386,163.37676131911405,8.544356190283679,13.21915745373525
915.5787827594597,162.88136670029326,8.50500316713385,13.555091034447969
917.1505091600549,161.29029707051367,8.433945571164259,13.121216364344178
917.6435689074084,159.52222029913486,8.422024426006828,12.863567949993808
919.1873115301726,159.1457393819486,8.393487770752472,13.14487368103633
919.6702187370846,158.46739104183354,8.38906199459268,13.270232187004467
921.2359653624909,157.0791262753155,8.358183824227126,12.720643147983878
922.7770295106736,156.63086485302128,8.302735788628297,13.103057692464773
925.3368846921267,156.40900913120248,8.276955115305555,13.276656379422946
926.8576307505226,154.9033018046573,8.297239660736409,12.753736383504588
929.4222757035151,154.74013903547498,8.240355843045677,13.047008505693412
930.9333550732365,154.33489865882748,8.21041688686978,13.258541260094916
931.4030767599206,153.76727149994687,8.220777559433373,13.150689877748334
933.946236426883,153.62190643980975,8.226777980163888,13.175995025515931
935.4741354455516,152.0615534835831,8.20663009336738,12.791163708114823
937.0155574665785,151.81247501667792,8.153023291253021,12.922635309401898
939.5276463015932,151.73136289861068,8.14128250073054,13.103642256116984
941.0333912970946,151.38295392777133,8.160946521316077,13.144285152584928
944.6016845816636,151.4833950485288,8.145979949820799,13.128435419738906
947.1314539645018,150.32472701015962,8.164833606443608,12.52371722920438
949.682344943908,150.21106571200556,8.120903396685208,12.874986615307307
952.2120281547889,150.06603321462046,8.123542343837357,13.017432573066344
955.7423389771546,150.11366691075273,8.109809675591464,13.043273541948679
959.3067276977822,149.05266757384481,8.132737625729874,12.633014966433848
962.8599802956692,149.015890594015,8.07494880543004,13.035290684734093
966.3920162275942,148.09088506093264,8.064844767581235,12.44530778791028
968.9198092576722,147.99732724864492,8.043720367150513,12.798060241878005
972.429116608679,148.10278558772353,8.01394022530053,12.967686931453244
975.959318149851,148.1892198807181,8.036992791918806,12.960078615641748
979.5334054647808,147.18274555063553,8.021784036712916,12.509826713846792
983.0697557069288,147.3916630248341,8.036313947866802,12.723574487988174
986.6482450597567,147.5917882135929,7.978240189290773,12.714021906137702
986.2101776287666,148.9738171511321,7.8538993013082745,11.760946977230503
989.4912465110025,149.4739131463287,8.258557472954976,11.399826346767838
993.2421387613995,149.97938016558692,7.69372057118926,11.119426752066829
996.7776222756102,150.31334099217383,7.553198348604155,11.071394583420897
1000.1461247899123,150.0510078299553,7.5777125460551815,11.725705242975181
1003.3739290093204,149.28577551373655,7.81065068510793,10.972765815962703
1006.986876039106,148.01243652315816,7.3291394977169375,11.295212688483502
1009.2694717363876,146.65826053923004,7.4404164872706815,11.279804501667684
1011.6071047095373,145.20691048476192,7.4345685554352485,11.4182525242486
1014.9122225885411,143.70224697842525,7.37475053674234,11.86426694508495
1016.3332803801742,140.8497822600383,7.365858408962481,11.531579898293899
1015.8958004179833,138.6436752310468,7.348898816606834,11.8698148323856
1015.441142082263,136.75037246031437,7.364502389319227,11.67034013642521
1015.0117128985448,134.84922509344747,7.353051846025892,11.567413566537198
1014.5837377601193,132.86491020037818,7.3347705290655085,11.576405876282877
1015.0611693340277,130.9853956524862,7.327142101703998,11.731305097735856
1015.5385822867052,127.75474700642229,7.302774829303644,11.63373884237248
1016.0111704314604,125.7523380597996,7.311123073559429,11.830790649490808
1016.505377234666,122.50643786722244,7.272869865267239,11.742653636697469
1017.9008178289786,119.54171149709602,7.2794207599898755,11.600808261158349
1019.2743699578264,116.42037886062005,7.322893540634141,11.813423754133709
1020.6676538552213,113.54448894250382,7.315491512660174,11.311880316844494
1021.158306935484,110.19064423027001,7.287700117198483,11.107408158616153
1024.4014152628838,107.41041606708418,7.20507950120782,10.857424833044632
1027.6355550093053,104.42168194641633,7.126157275009518,10.875819552780541
1025.5021773447147,101.36936744155952,6.945835165507788,12.02082027627263
1028.634599310456,99.71095690389129,6.967742419160459,10.277205558119618
1029.977302027604,95.93508769940186,7.032631277194241,11.35953671044956
1027.7086590614085,92.15551829380087,7.208200925696929,11.011077095702348
1025.5679126153384,88.22512683328472,6.979109642528101,10.983863112362087
1023.3083126051578,84.25908050232255,7.079767406181077,10.954966567688814
1021.115489433552,80.2880478350007,7.010501563410571,10.874989460553422
1018.9221988035224,76.23235598919823,6.943635646692201,10.962105788454636
1016.7364082987369,72.3091304480838,6.810938229790054,10.811116078547911
1014.5275690440506,68.47197696023557,6.810976235344242,10.615458187903982
1012.383611484248,64.69838928048561,6.702085434108994,10.499559856396544
1010.1976043200056,60.88826969007895,6.767052714337183,10.480537416328865
1008.0597809402261,57.11310155667289,6.775486592003517,10.535663639108208
1006.0241845949001,53.31643804576311,6.595451903786056,10.66274777005917
1003.8752507180486,49.591271801986224,6.7844315498372225,10.733172208466002
1001.7630886390891,46.105494259637666,6.908047202363946,10.391514432262419
999.7578666740942,42.65991155805281,6.772685711341865,10.257706454343896
997.7963369843592,40.56237218937558,6.607003287997713,10.202952099573537
995.764030134398,39.68723634689056,6.624228090993483,10.302820150862352
993.752685096203,41.445186680974906,6.517996758119011,10.295947965362295
991.7098509653408,40.679122014520615,6.569313021065113,10.182467841603042
991.4879489503846,37.716491710621625,6.303218834445943,10.043976781099055
989.4403017211245,36.90592015947351,6.368655529349553,10.024158638959491
987.477083362565,33.500988030188644,6.336797575077753,10.024249169981026
988.7407543353659,31.033740276053756,6.377876224220927,9.726754938714386
986.8190581615117,27.719643491813173,6.362827568381363,9.699459154691795
984.9070777758449,24.49064892256761,6.43378636225259,9.641689314911964
984.7221013314344,22.869077845425874,6.1694104110910075,9.543402143982423
982.760736170369,19.647672799987323,6.363206884268152,9.618158517988647
980.902855833952,16.53613216647411,6.429331823645384,9.523171381156999
979.1648600753598,13.279556629261425,6.25852120245213,9.773564213138926
977.3498098821847,10.061999432439311,6.093307818136054,9.640682614679609
975.4493960929237,6.757682114250343,6.173593227152423,9.646261790148607
973.6076242288705,3.4118516719561995,6.076075645298715,9.572796346243607
971.7561540749064,0.18903567026764279,6.015085134974925,9.361841686957106
969.8776309396969,-3.1592745047890842,5.998448437928573,9.363237950985017
968.0594339806678,-6.3798170195591615,5.995464498293359,9.181764957294817
966.2675618286335,-9.629586612742262,6.008215889941994,9.416797374081478
964.4934840806103,-12.766184583404836,5.995491847977405,9.517860091198305
962.7153524506094,-15.848470029978746,5.992816320671523,9.513548048012751
960.9383195801719,-18.92914092555508,5.990079985926741,9.509246496416456
959.1623243073905,-22.008188663877604,5.987343651182073,9.504943037258478
957.3873054703583,-25.085611334030386,5.98466812387619,9.500635762977133
955.6133242309826,-28.16142040507627,5.981992596570194,9.496338026504208
953.8404417511699,-31.235615873447962,5.979256261825526,9.492047920278019
952.0685968690136,-34.308193906611734,5.976519927080744,9.48775590649014
950.2977284226065,-37.37915068273574,5.973844399774862,9.483458170017212
948.5278975738557,-40.4484900343537,5.971168872468866,9.47916424866765
946.7591044495118,-43.516223419826595,5.968432537724198,9.474881772688192
944.9912877609173,-46.582335548259714,5.965757010418201,9.470593574023681
943.2245698318859,-49.64683788158133,5.963020675673533,9.46630919048254
941.4587673034475,-52.709722776127734,5.960345148367651,9.46202099181803
939.6940635345725,-55.77099788269721,5.957608813622869,9.457740423400253
937.9303972366029,-58.830659365188744,5.954933286316987,9.453456039859113
936.1677075011333,-61.8887072378715,5.95225775901099,9.449175471441336
934.40605536332,-64.94515295910645,5.949582231705108,9.444906348393665
932.6455019850699,-67.99998505626345,5.946845896960326,9.440633410222624
930.8858638806621,-71.05320735117436,5.944231177093229,9.436360472051582
929.1273246625683,-74.10483513830115,5.9414948423484475,9.432106609497367
927.3697618802237,-77.15484545811441,5.938819315042565,9.427833671326326
925.6132366955354,-80.20326126300897,5.936143787736569,9.423575993648754
923.857688073347,-83.25007489505197,5.933468260430686,9.419318315971182
922.103238210722,-86.29527872484886,5.930731925685905,9.41506063829361
920.3497036219392,-89.3388727381305,5.928117205818808,9.41079533036931
918.5972679194704,-92.38087223649345,5.925380871074026,9.406545282938467
916.845869687907,-95.42126954773566,5.922705343768143,9.402287605260895
915.0954480188437,-98.46005705673177,5.920029816462147,9.398029927583309
913.3460639474366,-101.4972424071455,5.917354289156265,9.39377988015248
911.5976564385296,-104.5328332141022,5.9146787618502685,9.389529832721635
909.850347562435,-107.56682184820733,5.912003234544386,9.385279785290805
908.1040152488405,-110.59921595312458,5.90932770723839,9.38103736810669
906.3587205329021,-113.63000024152659,5.906652179932507,9.376787320675845
904.6144023794639,-116.65919763013527,5.903976652626511,9.372544903491743
902.8711218236817,-119.68679284589237,5.901301125320629,9.368302486307641
901.128817703649,-122.71279353246162,5.898686405453418,9.364067699370267
899.3876124699301,-125.73721494863207,5.89595007070875,9.359840542679635
897.6473836719606,-128.7600188903544,5.893274543402754,9.35559049524879
895.9081924716472,-131.78123594655253,5.890599016096871,9.351355708311416
894.169977833834,-134.80085082989913,5.887923488790875,9.347120921374056
892.4327396317699,-137.8188787991832,5.885308768923778,9.342886134436668
890.6965391541129,-140.8353046098849,5.882633241617782,9.338658977746036
888.961315112205,-143.8501435065241,5.880018521750685,9.334431821055404
887.2271287947043,-146.8634107764282,5.877342994444689,9.330219924858227
885.4939800748597,-149.8750758734807,5.874667467138806,9.32600802866105
883.7618079175152,-152.88513876914334,5.87199193983281,9.321780871970418
882.03061219592,-155.89363003807088,5.8693772199656,9.317568975773241
880.3005153606385,-158.90053439293592,5.8666408852209315,9.313357079576093
878.5713948343557,-161.90585180520011,5.864026165353835,9.309129922885461
876.84331203248,-164.90958233194013,5.861350638047838,9.304918026688284
875.1162057931042,-167.91172594461767,5.858675110741842,9.300706130491108
873.3901370246339,-170.9122826432327,5.856060390874745,9.296494234293931
871.6650448186637,-173.91125242778523,5.853445671007535,9.292282338096783
869.9409291751933,-176.90863532681357,5.850830951140438,9.288085702393062
868.2178512561301,-179.9044465705685,5.8481554238344415,9.283889066689369
866.495810934723,-182.89867090026092,5.845479896528559,9.279692430985648
864.774747175816,-185.89132357467992,5.842804369222563,9.275495795281955
863.0547208878145,-188.88238930649808,5.840189649355352,9.271283899084807
861.3356711623129,-191.8718834115811,5.837574929488255,9.267087263381086
859.6175979993114,-194.85980588992908,5.834960209621045,9.262905888170877
857.9005625607168,-197.84614145421452,5.832284682315162,9.25872451296064
856.1845647197786,-200.83090536322652,5.829609155009166,9.254543137750375
854.4695433145895,-203.8140823296377,5.826994435142069,9.250346502046682
852.7554984719005,-206.79568766931376,5.824379715274858,9.246165126836445
851.0424301917116,-209.775706066389,5.821764995407648,9.241968491132752
849.3303384740225,-212.75416812405655,5.819150275540551,9.237802376415999
847.6193455158967,-215.7310737852397,5.816474748234555,9.233636261699218
845.9093291202709,-218.70639250382203,5.813799220928672,9.229454886489009
844.2002279984874,-221.68012430834185,5.811245308500247,9.225273511278743
842.4921647278616,-224.65229974491564,5.808569781194365,9.22110739656199
840.7851389281414,-227.62288823888858,5.805955061327154,9.216926021351753
839.0790896909211,-230.59190510612643,5.803340341459943,9.212759906635
837.3740170162008,-233.55936557687988,5.800725621592846,9.208593791918219
835.6699820658876,-236.5252696796873,5.79805009428685,9.204442937694921
833.9668623894166,-239.4895715525665,5.795496181858425,9.200261562484684
832.2648415992595,-242.45233234482706,5.792820654552543,9.196110708261386
830.5637972448518,-245.41352145327585,5.790205934685332,9.191944593544633
828.863729452944,-248.3731541937786,5.787591214818235,9.187793739321336
827.1646382235363,-251.33121525046957,5.7849764949510245,9.183627624604583
825.4665235566285,-254.2877199392145,5.782361775083814,9.179476770381285
823.769446487377,-257.24265297268596,5.779747055216717,9.17532591615796
822.0733459806255,-260.196014350884,5.777132335349506,9.171175061934662
820.3782220363739,-263.1478193325977,5.774517615482409,9.167024207711364
818.6841356897787,-266.09806794636535,5.771902895615199,9.162888613981579
816.9910259056835,-269.0467601351103,5.769288175747988,9.158737759758253
815.2988925573375,-271.9938654097927,5.766734263319677,9.154586905534927
813.6077970601492,-274.93944486264553,5.764058736013681,9.15046657229857
811.9176779987102,-277.8834373443592,5.76144401614647,9.1463157180753
810.2285354997712,-280.8258734295885,5.758829296279373,9.142164863851974
808.5403695633322,-283.76678369298827,5.756214576412162,9.138044530615673
806.8531800626425,-286.7061069852488,5.753660663983737,9.133893676392347
805.1670894482667,-289.643873881025,5.750985136677855,9.129742822169078
803.481853072577,-292.58008443739345,5.74843122424943,9.125622488932663
801.7977154564505,-295.5147385972775,5.745816504382219,9.121502155696305
800.114554402824,-298.44783630360064,5.743201784515122,9.117351301473036
798.4323087497905,-301.37934709586114,5.740647872086697,9.11320044724971
796.7511008211641,-304.3093626409469,5.7380331522194865,9.109110635000263
795.0708082931305,-307.2378217324717,5.735479239791175,9.104990301763962
793.3915534895041,-310.164724427512,5.7328645199239645,9.100869968527547
791.7132752483776,-313.0901013007228,5.730249800056754,9.096780156278157
790.0360346049073,-316.0138911457177,5.727635080189657,9.092629302054888
788.3597093620301,-318.9361246513049,5.725081167761232,9.088508968818473
786.6843608084037,-321.85683233506256,5.722466447894021,9.084419156569083
785.0099886905264,-324.77598356525914,5.71991253546571,9.080298823332669
783.3366542970562,-327.69360897362617,5.717297815598499,9.076209011083279
781.6643575012422,-330.609647410854,5.714683095731289,9.07208867784692
779.9929761060212,-333.5241599691756,5.712129183302977,9.067968344610563
778.322571400051,-336.4371161880895,5.709514463435767,9.063878532361116
776.65314312983,-339.34854652809713,5.706960551007342,9.05978872011167
774.984691422109,-342.25842041454376,5.70440663857903,9.055668386875368
773.317277438795,-345.1667379615826,5.70179191871182,9.051578574625921
771.6508400179811,-348.07352962971527,5.699177198844609,9.047488762376474
769.9853178710093,-350.9787954189417,5.696684093855083,9.043398950127084
768.3208335751954,-353.8825353292618,5.6940693739878725,9.039309137877638
766.6572646799744,-356.7846883255194,5.691515461559447,9.03521932562819
764.9946723472535,-359.68531544287083,5.688961549131022,9.0311295133788
763.3331177389394,-362.584416681316,5.686346829263925,9.027039701129354
761.6725396931255,-365.48199209793154,5.683732109396715,9.022980409866875
760.0128769211539,-368.37798048633124,5.681239004407075,9.018860076630517
758.3542520003398,-371.2724736275562,5.678624284539978,9.014800785368038
756.6966035152751,-374.1654103152201,5.676070372111553,9.010710973118591
755.0398705575542,-377.0568211810544,5.673516459683128,9.006651681856113
753.3841141623333,-379.9467061679825,5.670962547254703,9.002592390593634
751.7293954915192,-382.83503470134946,5.668347827387606,8.998502578344187
750.0755920945476,-385.72183735581024,5.665854722397967,8.99441276609474
748.4228265487336,-388.60714476309624,5.663240002530756,8.99038399581923
746.7710374386688,-391.4909262343993,5.660686090102445,8.98632470455675
745.1201638559479,-394.37312073456314,5.65813217767402,8.982234892307304
743.470266835727,-397.2538505051304,5.655578265245595,8.978206122031736
741.8213463780061,-400.13302376505993,5.6530243528171695,8.974116309782346
740.173463644692,-403.01067120315986,5.650409632950073,8.970057018519867
738.5264351500641,-405.88679276235354,5.647916527960433,8.965997727257331
736.8804443798432,-408.7613884997176,5.645362615532008,8.961968956981764
735.2354301721223,-411.63442778352066,5.642808703103583,8.957909665719285
733.5913925269012,-414.50597170599565,5.640254790675272,8.953850374456806
731.9482704090241,-417.3759897495643,5.6377008782468465,8.949791083194327
730.3061860155539,-420.2444819713034,5.635086158379636,8.94576231291876
728.665016895926,-423.11141773948145,5.632593053389996,8.94170302165628
727.0248855007051,-425.97685814633144,5.630039140961571,8.937643730393802
725.3856696328278,-428.84077273135176,5.62748522853326,8.933614960118234
723.7474303274506,-431.70316143746584,5.624931316104835,8.929586189842666
722.1101675845734,-434.5640242075971,5.62237740367641,8.925526898580188
720.4738202422893,-437.423361098822,5.61988429868677,8.921467607317709
718.8385107511627,-440.2812332604503,5.617269578819673,8.91746935802911
717.2041165338786,-443.13754891144083,5.614776473830034,8.91341006676663
715.5706990058452,-445.9923387406018,5.612222561401609,8.909381296491006
713.9382580403118,-448.84563320843466,5.609668648973184,8.905352526215495
712.3067935105275,-451.6973712797831,5.607175543983658,8.901323755939927
710.6763668319011,-454.5476139898035,5.604560824116447,8.897294985664416
709.0467943919607,-457.39633082091757,5.602067719126808,8.893266215388792
707.4182596764273,-460.2435522907036,5.599513806698383,8.889237445113281
705.7907015233939,-463.0892784562381,5.596959894269958,8.885239195824681
704.1640587709534,-465.9334481111349,5.594466789280432,8.881179904562202
702.5383927077637,-468.7760919442021,5.591912876852007,8.877151134286578
700.9136420451671,-471.6172404730179,5.589419771862367,8.873152884997978
699.2899291069774,-474.45689364050554,5.586865859433942,8.869154635709378
697.6671927312877,-477.29502087201024,5.584311947005517,8.86512586543381
696.0453718829417,-480.13162222460875,5.581758034577206,8.8610970951583
694.4245274703451,-482.9667282729558,5.579264929587566,8.857098845869643
692.8045985850922,-485.8003389599747,5.576771824597927,8.853100596581044
691.1855852271831,-488.6323931934325,5.574278719608287,8.849071826305476
689.5676095936809,-491.4630132148718,5.571724807179862,8.845104098003787
687.9506105226786,-494.29207672567344,5.569170894751551,8.84107532772822
686.3344658171133,-497.1196449322236,5.566677789761911,8.83707707843962
684.7193588359548,-499.9457177774456,5.564123877333486,8.83307882915102
683.1051672553895,-502.7702952613395,5.561630772343847,8.82908057986242
681.4919522373241,-505.5933468663271,5.559137667354207,8.825082330573764
679.8796527466025,-508.4148725924085,5.556644562364568,8.821084081285164
678.2683909802877,-511.23493353181664,5.554090649936256,8.817116352983476
676.658105776473,-514.0534685352418,5.551536737507831,8.813118103694876
675.0486748113444,-516.8704776597607,5.549104439956977,8.809119854406276
673.4402206622173,-519.6860219976062,5.546550527528552,8.805152126104531
671.8327429488394,-522.5000403994688,5.544057422538913,8.801153876815874
670.2261807628053,-525.3125940146582,5.541564317549273,8.797186148514243
668.620656301178,-528.1236217509413,5.539010405120962,8.793218420212611
667.0159860782369,-530.9331846434743,5.536578107570108,8.789250691910865
665.4123537064535,-533.7412826922574,5.534024195141683,8.785282963609234
663.8096367352631,-536.5477937128246,5.531531090152043,8.781254193333666
662.2078352914165,-539.3529011531048,5.529037985162404,8.777347507005857
660.6070104100698,-542.1564214510157,5.526544880172764,8.773318736730289
659.007101056067,-544.9584770193301,5.524051775183125,8.769351008428657
657.4082294264709,-547.7590677438943,5.5214978627548135,8.765383280126912
655.8102120355611,-550.5581325895524,5.5190655652039595,8.76141555182528
654.2132324958089,-553.3557325914605,5.5165116527755345,8.757447823523648
652.6171683566498,-556.1518067144623,5.514018547785895,8.753480095221903
651.0220197448344,-558.9464161078674,5.5115254427962554,8.749573408894094
649.4278476955191,-561.7394993940597,5.509032337806616,8.745544638618526
647.8345911735474,-564.5311790999649,5.506539232816976,8.741637952290716
646.2422500521689,-567.3212717776541,5.5041069352661225,8.737670223988971
644.6509467819478,-570.1098996115935,5.501553022837811,8.73370249568734
643.06055891232,-572.8970626017829,5.499059917848172,8.729734767385708
641.4711476051921,-575.6826997130659,5.496566812858532,8.725767039083962
639.882651825408,-578.4668720947523,5.494073707868893,8.721860352756153
638.2950714462169,-581.2495795185354,5.491641410318039,8.717892624454521
636.7085289181834,-584.0308222127218,5.489087497889614,8.713985938126712
635.1228406288361,-586.8105389138485,5.48665520033876,8.710018209824966
633.5381290287395,-589.5887908853787,5.48416209534912,8.706111523497157
631.9543939911428,-592.3655168638493,5.481668990359594,8.702143795195525
630.3715744808899,-595.1407779985699,5.479175885369955,8.698176066893893
628.78967037123,-597.91463543885,5.476743587819101,8.694269380566084
627.2088041127279,-600.6869058509143,5.474189675390676,8.690301652264338
625.6287920929118,-603.4577115333819,5.471757377839822,8.686394965936529
624.0497567623464,-606.2270523720996,5.469264272850182,8.68248827960872
622.4716369591248,-608.9949283670672,5.466771167860543,8.67858159328091
620.8944325564962,-611.7612172196657,5.464338870309689,8.674552823005342
619.3182048431183,-614.5261024919771,5.461845765320049,8.670646136677533
617.7428925303335,-617.2895229205385,5.4594134677691954,8.666739450349723
616.1685569067994,-620.0514785053499,5.456920362779556,8.662832764021914
614.5951978457651,-622.8119080971018,5.45442725779003,8.658865035720282
613.0227543120748,-625.5709951437227,5.451934152800391,8.655019391366295
611.4512261789774,-628.3284950479746,5.449501855249537,8.651051663064663
609.8806136999746,-631.0845302226297,5.447008750259897,8.647144976736854
608.3109166215647,-633.8391005535349,5.444576452709043,8.643238290409045
606.7421350704986,-636.59220604069,5.442144155158189,8.639331604081235
605.1743912438395,-639.3438466840952,5.43965105016855,8.635424917753426
603.6075629445241,-642.0940224837503,5.43715794517891,8.631518231425616
602.0416500458018,-644.8427334396555,5.434725647628056,8.627611545097807
600.4766528011739,-647.5899185166544,5.432232542638417,8.623704858769997
598.9125709571391,-650.3356387499033,5.429800245087563,8.619798172442188
597.349404640448,-653.0798941394022,5.427367947536709,8.615891486114378
595.7871538511007,-655.8226846851511,5.424935649985855,8.611984799786569
594.2259407861603,-658.56401038715,5.4224425449962155,8.60807811345876
592.6656432485637,-661.3038712453989,5.419949440006576,8.60417142713095
591.1062611115601,-664.0423284092074,5.417517142455722,8.600325782776963
589.5477945019003,-666.7792595799563,5.415084844904868,8.596419096449154
587.9902434195842,-669.5147870562648,5.412652547354014,8.59257345209528
586.4336078646119,-672.2487273902041,5.41022024980316,8.588605723793535
584.8780100340464,-674.9813251790126,5.407727144813634,8.584760079439661
583.3232055337617,-677.7123969747615,5.405294847262667,8.580853393111852
581.7694387578837,-680.4420039267604,5.402801742273141,8.576946706784042
580.2165873825988,-683.1701461491626,5.400369444722287,8.573101062430055
578.6646515346578,-685.8968234136615,5.397937147171433,8.569194376102246
577.1136312140604,-688.6220969837201,5.395504849620579,8.565348731748372
575.5635264208069,-691.3459057100285,5.393072552069725,8.561503087394385
574.014337154897,-694.0681884432774,5.390640254518871,8.557596401066576
572.4661245782379,-696.7890674820859,5.388147149529232,8.553750756712589
570.9187662402649,-699.5084205278348,5.385775659417163,8.54984407038478
569.3723845915425,-702.2264309142996,5.383343361866309,8.545998426030906
567.826918470164,-704.9429153077048,5.380911064315455,8.542091739703096
566.2823678761291,-707.6580571559791,5.3784787667646015,8.538307137323045
564.738793971345,-710.3716728970405,5.375985661774962,8.534400450995236
563.196074305247,-713.0838239085052,5.373614171662894,8.530554806641248
561.6543314551503,-715.7945100762199,5.371121066673254,8.526709162287261
560.1134428437398,-718.503792435341,5.368749576561186,8.522863517933388
558.57353092158,-721.2116099507119,5.366317279010332,8.5190178735794
557.0345345267639,-723.9179014730233,5.363884981459478,8.515111187251591
555.4964536592915,-726.6228504502039,5.361452683908624,8.511326584871654
553.959288319163,-729.3262733201716,5.35902038635777,8.507419898543844
552.4230383796275,-732.0282314605425,5.356648896245588,8.503574254189857
550.8877652560933,-734.7287857923197,5.354155791256062,8.49972860983587
549.3534075331522,-737.427875280347,5.351723493705208,8.495882965481997
547.8199653375549,-740.1254999246243,5.349291196154354,8.49203732112801
546.2874385425507,-742.8217207603078,5.346919706042172,8.488191676774136
544.7558274016408,-745.5164767522413,5.344487408491432,8.484346032420149
543.2250706261678,-748.2097679004247,5.34211591837925,8.480500388066162
541.6952906666961,-750.9016553541678,5.339622813389724,8.47671578568611
540.1663649459107,-753.592016700698,5.337251323277542,8.472809099358301
538.6384159143759,-756.2810355020973,5.334819025726688,8.46902449697825
537.1113824101848,-758.968528310437,5.332386728175834,8.465178852624263
535.5852643065867,-761.6546173101831,5.3300152380637655,8.46133320827039
534.0600618570832,-764.339241466179,5.327582940512912,8.457487563916516
532.5357137730164,-767.022400778425,5.325211450400843,8.453641919562529
531.0123423782003,-769.7041563962306,5.322779152849989,8.449857317182477
529.489886510728,-772.3845082054424,5.320346855299135,8.446072714802426
527.9683461705994,-775.0633950567509,5.317914557748281,8.442227070448439
526.4477212310638,-777.740878213619,5.315543067636213,8.438442468068388
524.928011818872,-780.4168353774274,5.313171577524145,8.4345968237144
523.409279095931,-783.0913887326423,5.310739279973291,8.430751179360527
521.8913397032704,-785.7645383934166,5.308367789861222,8.426966576980476
520.3743769998606,-788.4362230962876,5.305935492310368,8.423120932626489
518.8583298237945,-791.1065041047182,5.303503194759514,8.419336330246438
517.3431980483215,-793.7753202693987,5.301131704647446,8.415551727866386
515.828920765036,-796.4427325113322,5.298760214535378,8.411706083512513
514.3155590090943,-799.1087410588252,5.2963887244231955,8.407921481132348
512.8031739424032,-801.7732847625683,5.293956426872342,8.404136878752297
511.2917044030558,-804.4364246577177,5.2915241293215445,8.400352276372246
509.7810891023946,-807.0980385598074,5.289213446648205,8.396506632018259
508.271420163532,-809.758309802613,5.286750745377901,8.392722029638207
506.762636044309,-812.417055052359,5.2843792552659465,8.388876385284334
505.25476751580504,-815.0745187921304,5.2819773614344285,8.385152824878105
503.7477839336914,-817.7304564246889,5.27960587132236,8.381307180524232
502.24174645987495,-820.384990362807,5.277203977490899,8.37752257814418
500.73659393244884,-823.0381204923312,5.274832487378774,8.373737975764016
499.2323875133199,-825.6897857781056,5.272430593547313,8.369953373383964
497.7290661039566,-828.3400472552862,5.270028699715851,8.366168771003913
496.2266601585617,-830.9889049238731,5.267657209603783,8.362384168623862
494.7251392229324,-833.6363587838662,5.265285719491715,8.35859956624381
493.2245643956004,-836.2824089494188,5.262883825660197,8.354876005837582
491.7248745146586,-838.9269330077585,5.260512335548128,8.351030361483595
490.22606964348245,-841.5700533716579,5.25814084543606,8.347245759103657
488.7281497820719,-844.2117699269634,5.2557693553239915,8.343461156723492
487.2311760289586,-846.852021638519,5.25336746149253,8.339676554343441
485.7350872222356,-849.4908695414808,5.250995971380405,8.33589195196339
484.2398834252782,-852.1283137500022,5.248624481268337,8.332168391557161
482.745625736618,-854.7643540357766,5.2462225874368755,8.32838378917711
481.25222241339463,-857.3989906271105,5.2438815010442,8.324660228770995
479.7597346808904,-860.0321011112314,5.241510010932075,8.320814584417008
478.26819305668334,-862.6638690502216,5.2391081171006135,8.317091024010779
476.7775057979131,-865.2941720313084,5.236767030707938,8.313306421630728
475.2877341298619,-867.9230712038016,5.2343955405958695,8.309521819250676
473.79884747157644,-870.5506888663201,5.232024050483744,8.305859300818383
472.31087634063465,-873.1767804216256,5.229652560371676,8.302074698438219
470.8238207370366,-875.8014681683375,5.2272810702596075,8.298290096058167
469.3376501432042,-878.4247522206089,5.224909580147539,8.294566535652052
467.8523644957621,-881.0466324642865,5.222568493754807,8.290842975245823
466.3679944390391,-883.6670476359076,5.220197003642738,8.28699733089195
464.88450939208167,-886.2861202623977,5.21782551353067,8.283273770485721
463.4019092915146,-888.9037890802941,5.2154844271379375,8.279550210079492
461.92022478166655,-891.5199929402872,5.213112937025869,8.27576560769944
460.43945579916226,-894.1348542551494,5.210741446913801,8.272103089267148
458.9595412454702,-896.748250497955,5.208400360521068,8.268318486887097
457.48051170154366,-899.3602430463202,5.206059274128393,8.264594926480868
456.0024282659144,-901.9708317860916,5.203687784016324,8.260871366074639
454.52522977667536,-904.5800167172692,5.201346697623649,8.25714780566841
453.0488857796239,-907.1877978398531,5.199005611230916,8.253424245262295
451.5734878908696,-909.7941140045338,5.196634121118848,8.249639642882244
450.09897494850566,-912.3990875099302,5.194293034726115,8.245916082476015
448.62531649832914,-915.0026572067328,5.19195194833344,8.242192522069786
447.15260415644985,-917.6047619456322,5.189580458221371,8.238407919689735
445.68077676096084,-920.205585174557,5.187239371828696,8.234745401257442
444.2098038576594,-922.8049434455784,5.184898285435963,8.231021840851326
442.7397159641235,-925.402897908006,5.182557199043288,8.227298280445098
441.2705741788849,-927.9994485618399,5.1801857089311625,8.223574720038869
439.80228682245837,-930.5945954070801,5.177844622538487,8.21985115963264
438.3348844757975,-933.1883384437265,5.175503536145811,8.216127599226411
436.8683670755269,-935.7806776717791,5.173192853472472,8.212404038820296
435.4027652659754,-938.3716741263943,5.170851767079796,8.208680478414067
433.93801794861145,-940.9612668865691,5.1685106806870635,8.205017959981774
432.47415564101306,-943.5493945746872,5.166169594294388,8.201233357601723
431.0112088607584,-946.1361797176744,5.163828507901712,8.197570839169316
429.54914709026946,-948.7214999027583,5.16148742150898,8.1938472787632
428.08797032954607,-951.3054773144047,5.159146335116304,8.190123718356972
426.627678515213,-953.8880509174575,5.156835652442965,8.186400157950857
425.16827177402087,-956.4692208260697,5.154494566050289,8.18273763951845
423.70975004259435,-959.0489868119348,5.152153479657613,8.179014079112221
422.25211325755816,-961.6274101385159,5.149842796984274,8.175351560680042
420.795392063241,-964.2044296565031,5.147501710591598,8.171689042247635
419.33955587868957,-966.7799841024337,5.145160624198866,8.167904439867584
417.8845741229502,-969.3542570383897,5.142849941525583,8.164241921435291
416.43050795792993,-971.9270650164424,5.140508855132907,8.160518361029062
414.97732680267535,-974.4985303352108,5.138167768740175,8.15685584259677
413.52500007623286,-977.068530696076,5.135857086066892,8.15313228219054
412.07355835955605,-979.637188397657,5.133546403393552,8.149469763758248
410.6230322335983,-982.2044422906442,5.131205317000877,8.145807245325841
409.1733605364527,-984.7702922608844,5.128894634327537,8.142083684919726
407.7245738490727,-987.3347995718404,5.126583951654254,8.138421166487433
406.27667223483377,-989.8979030742026,5.124242865261522,8.134758648055026
404.829655566985,-992.4595416186617,5.121932182588239,8.131035087648911
403.3834933913238,-995.0198985389926,5.119621499914956,8.127372569216618
401.9382162254282,-997.5787905014203,5.117310817241616,8.12364900881039
400.4938546502517,-1000.1364009538734,5.114969730848941,8.120047532351919
399.0503475038874,-1002.6925463342698,5.112659048175601,8.11632397194569
397.60772536728865,-1005.2473490553821,5.110348365502318,8.112661453513397
396.16595772287747,-1007.8007479679005,5.108037682828979,8.108998935081104
394.72510560581,-1010.3528041069816,5.105727000155696,8.10533641664881
393.28510798093004,-1012.9034564374688,5.103416317482356,8.101673898216404
391.84599536581567,-1015.4527659945186,5.101105634809073,8.098011379784111
390.4077371795135,-1018.0006717429745,5.098825355855126,8.094348861351818
388.97039458393044,-1020.5472347179931,5.096514673181787,8.090686342919525
387.5339064805348,-1023.0922715857987,5.094203990508504,8.086901740539474
386.0983339678583,-1025.6360882070926,5.091862904115828,8.083361306054826
384.6635853030405,-1028.17843975633,5.089582625161881,8.079698787622647
383.22975222894183,-1030.7194485321295,5.087271942488542,8.076036269190126
381.79677358365524,-1033.2591146486452,5.084991663534652,8.072434792731883
380.3646800115097,-1035.7973158072573,5.082680980861312,8.068772274299363
378.9334714491297,-1038.334174192432,5.080370298188029,8.06510975586707
377.5031173155619,-1040.8696898041694,5.078090019234082,8.061447237434777
376.07361767418155,-1043.4038626424692,5.075809740280192,8.057784719002484
374.64500310594224,-1045.9366927073315,5.073499057606853,8.054122200570191
373.2172735474685,-1048.4680579284436,5.07118837493357,8.05045968213767
371.79039841780695,-1050.998080604425,5.068908095979623,8.04691924765325
370.36443887886446,-1053.5266379800432,5.06659741330634,8.043134645273312
368.9393338321095,-1056.0539751091496,5.064286730633,8.039594210788664
367.51508321416674,-1058.5798471661994,5.0620064516790535,8.035931692356371
366.0916870884114,-1061.1044987484308,5.0597261727251635,8.032391257871723
364.6691454548436,-1063.6275629599863,5.057445893771217,8.028606655491558
363.24751934861956,-1066.1494069250302,5.05516561481727,8.02506622100691
361.82674773458297,-1068.6697858180175,5.05288533586338,8.021403702574617
360.4068611936874,-1071.1888219375674,5.05057465319004,8.017741184142551
358.98782908160393,-1073.706393213367,5.04829437423615,8.01407866571003
357.569651461708,-1076.222866084661,5.046014095282203,8.01053823122561
356.15232833399955,-1078.7377518135856,5.043733816328313,8.00687571279309
354.73592079701024,-1081.251294769073,5.041423133654973,8.003213194360796
353.3203676888331,-1083.7634949511228,5.039142854701026,7.9995506759285036
351.90566907284335,-1086.2743525880417,5.036862575747136,7.996010241444083
350.49182488566584,-1088.7838672232165,5.034612700512582,7.99234772301179
349.07886583500465,-1091.2920393132604,5.032302017839243,7.988807288527141
347.6667917307337,-1093.7988684015602,5.0300217388853525,7.985144770094848
346.2555415376968,-1096.304354944729,5.027771863650798,7.9816043356102
344.8451764178009,-1098.8083764158414,5.0254915846968515,7.977941817177907
343.4356963076705,-1101.3111774121353,5.0232113057429615,7.974401382693259
342.02707068972774,-1103.8123910377533,5.020931026789015,7.970616780313094
340.6192995005971,-1106.3123844168597,5.0186811515544605,7.967076345828673
339.2124133846074,-1108.8110350225286,5.01640087260057,7.9635359113440245
337.8063817608052,-1111.308220556141,5.0141205936466235,7.959873392911732
336.40117404823707,-1113.8041856149348,5.011870718412069,7.956332958427083
334.99688192638797,-1116.298685601672,5.009590439458179,7.95267043999479
333.59344429672643,-1118.791965113591,5.0073101605042325,7.949130005510369
332.19086109587704,-1121.2837795534533,5.005060285269678,7.945467487078076
330.78910186963697,-1123.7743735184972,5.002810410035181,7.941927052593428
329.3882277165379,-1126.2635024114845,5.000530131081234,7.938264534161135
327.9882385732045,-1128.751288759341,4.998249852127287,7.934724099676487
326.58907334110506,-1131.2377321054532,4.99599997689279,7.931061581244194
325.19076260119317,-1133.7228329064346,4.993750101658236,7.9275211467595454
323.79333693442226,-1136.2065909339785,4.991469822704289,7.9239807122751245
322.39676569646343,-1138.6888838894656,4.989219947469792,7.920318193842604
321.00104895069217,-1141.1699563701347,4.986970072235238,7.916777759358183
319.6062172780619,-1143.6496860773661,4.984689793281291,7.913237324873535
318.21217893571213,-1146.12807301116,4.9824703217661295,7.9096968903888865
316.8190256665033,-1148.6051171715164,4.980220446531632,7.9061564559044655
315.42672688948204,-1151.080573961197,4.977970571297078,7.902371853524301
314.03531318560175,-1153.5548105043658,4.975690292343131,7.898831419039652
312.6447233929555,-1156.02782634441,4.973440417108577,7.895290984555231
311.25498809249666,-1158.4994994110164,4.97119054187408,7.891750550070583
309.8661072842254,-1160.9698297041853,4.968940666639526,7.8882101155859345
308.47811148571975,-1163.4386949252976,4.966690791404972,7.884547597153642
307.09097017940155,-1165.9063396715915,4.964440916170474,7.881007162669221
305.7046528476928,-1168.3726416444479,4.96219104093592,7.877466728184572
304.31918994479616,-1170.8374785452477,4.959971569420759,7.873804209752279
302.9345815974624,-1173.3010951995357,4.957721694186205,7.870385859215276
301.55082774231613,-1175.7632465534605,4.955471818951651,7.866723340782983
300.1679283793573,-1178.2241776608735,4.953221943717153,7.863304990246206
298.78591402616416,-1180.6836434679233,4.950972068482599,7.859642471813913
297.4047236475804,-1183.1417667298422,4.948722193248045,7.856102037329265
296.0243876978088,-1185.5985472183236,4.946502721732884,7.852561602844617
294.64487572264653,-1188.0539849333677,4.9442832502177225,7.849021168360196
293.2662488206252,-1190.5082019452866,4.942033374983225,7.845480733875547
291.88847641079144,-1192.961076183768,4.939783499748671,7.841940299391126
290.5115279121917,-1195.412607648812,4.93756402823351,7.838399864906478
289.1354033882013,-1197.8627963404183,4.9353445567183485,7.8348594304218295
287.76016393735193,-1200.3116422585872,4.933094681483794,7.831318995937181
286.38577891531463,-1202.7591454033186,4.93087520996869,7.827778561452533
285.01221786788676,-1205.2053057746125,4.928655738453529,7.824238126968112
283.63954189359987,-1207.650123372469,4.9264058632189744,7.8206976924834635
282.267689830547,-1210.0937202672005,4.924186391703813,7.8171572579990425
280.8966617421035,-1212.5359743884944,4.921966920188652,7.813616823514394
279.5264881458475,-1214.9768857363508,4.9197474486734905,7.810076389029746
278.15716910515437,-1217.4164543107697,4.917497573438936,7.806535954545097
276.7887044932733,-1219.8546801117511,4.915278101923832,7.802995520060676
275.4210638560017,-1222.2916854379143,4.9130586304086705,7.7995771695239
274.0542471299641,-1224.7271033934014,4.910869562612902,7.79591465109138
272.68831554044283,-1227.1614231726896,4.908619687378348,7.792496300554603
271.3232078621556,-1229.5942776516144,4.9064002158631865,7.78883378212231
269.95895467605584,-1232.0259118840274,4.904180744348025,7.785415431585534
268.5955254011901,-1234.4560810443838,4.901991676552257,7.781874997100886
267.23295068188725,-1236.8849074313027,4.899772205037095,7.778334562616237
265.87119993719375,-1239.3123910447844,4.897552733521934,7.774794128131816
264.5103342656412,-1241.7386539551408,4.895302858287437,7.771253693647168
263.1502619243692,-1244.1635740920597,4.893113790491668,7.767713259162747
261.7910746562382,-1246.587151455541,4.890894318976507,7.7641728246780986
260.4327113627166,-1249.0093862738916,4.8886748474613455,7.760754474141095
259.07520256138247,-1251.4302780904982,4.886455375946184,7.757214039656674
257.71854825223585,-1253.8499492039796,4.884235904431023,7.753673605172025
256.36271791769855,-1256.26827777233,4.882016432915918,7.750255254635249
255.00771149439535,-1258.6852633389365,4.879827365120121,7.746714820150601
253.65355962665498,-1261.1009061321054,4.87760789360496,7.743174385665952
252.30023167014863,-1263.515328450456,4.8754188258091915,7.739756035129176
250.94774294704072,-1265.9282854684434,4.873229758013423,7.736093516696883
249.5961240699724,-1268.3400222399189,4.870995084638565,7.7326751661601065
248.24531384534902,-1270.7505383082696,4.868790814983129,7.72925681562333
246.89535811291316,-1273.1595893045635,4.866586545327664,7.725716381138682
245.546226323399,-1275.56729752742,4.864397477531895,7.722175946654033
244.19793379897095,-1277.9737852754579,4.86219320787643,7.718757596117257
242.8504652174646,-1280.3789300217518,4.860004140080662,7.715217161632609
241.50385115983343,-1282.7827319946084,4.857799870425197,7.711676727148188
240.1580763356007,-1285.1853134926464,4.855595600769732,7.708258376611184
238.81312545428966,-1287.5864299186278,4.853406532973963,7.7047179421265355
237.46901383806474,-1289.9862035711717,4.851202263318498,7.7011775076421145
236.12572616476152,-1292.3847567488974,4.84901319552273,7.697759157105338
234.78329301533347,-1294.7819669248788,4.846808925867265,7.69421872262069
233.44168380882712,-1297.177956626042,4.844619858071496,7.690800372083913
232.1009138674069,-1299.572603325461,4.842415588416031,7.687259937599265
230.76096786890835,-1301.965907479749,4.840226520620263,7.6838415870624885
229.42186110380825,-1304.3579909309121,4.838037452824494,7.680423236525712
228.08357828162985,-1306.748731380331,4.835863586888422,7.676882802041064
226.74613472453757,-1309.138129284619,4.8336745190926536,7.67346445150406
225.4095304325314,-1311.5263064857822,4.831470249437189,7.670046100967511
224.07371950249345,-1313.9130183865818,4.829311585360813,7.666383582534991
222.7387784184951,-1316.29851004087,4.827107315705348,7.662965231998214
221.40466127741843,-1318.6827809920333,4.824918247909579,7.659546881461438
220.0713528204744,-1321.0657091697587,4.822744381973507,7.656128530924661
218.73888359692882,-1323.4471722754276,4.820570516037435,7.652588096440013
217.40725363846934,-1325.8275369765909,4.8183814482416665,7.649169745903237
216.07644762293157,-1328.2064366056973,4.816207582305594,7.645629311418588
214.7464808724799,-1330.5841157599853,4.814018514509826,7.6422109608815845
213.41732280616088,-1332.9603298422167,4.811844648573754,7.6386705263971635
212.08900400492797,-1335.335445748249,4.809655580777985,7.635374259808032
210.76150914661676,-1337.7090963539179,4.807481714841913,7.631833825323383
209.43483826291492,-1340.0815264847686,4.805307848905841,7.628415474786607
