1020.0,230.0,11.0,7.0
1019.9453461645171,230.26650194451213,11.149528064765036,7.213258372619748
1020.0992785288656,230.27627575987117,11.381843475832966,7.226157148588385
1019.8269616346001,230.19449285397792,10.900747578946948,7.263308292011459
1020.0078092637741,230.25685923563563,11.348168729243298,7.251677689305637
1019.3474404244635,230.0650741579418,11.238948162518,7.294363130568399
1019.5058722578019,230.07580278306943,11.721239082580496,7.275956960109568
1018.9699199798242,229.8960604428082,11.259628607130935,7.31016650250703
1018.434870626374,229.67239426227877,11.062247193897974,7.2485432899846955
1017.8496575868194,229.39485919052322,10.982418872476956,7.292541760733684
1017.691629174582,229.23100035802315,11.674499198902367,7.327181559194685
1016.8381045827384,228.9666523191081,11.358361563344488,7.307399688407031
1016.2342695353711,228.7206216807601,11.198741577123883,7.2588070123758826
1016.2109629563456,228.4893749148015,11.59872452750551,7.347716300799334
1015.4722191263353,228.2005437092207,11.315171798513006,7.382203037748155
1014.7101570638154,228.05751461780812,11.292782603982687,7.35215374546533
1014.0445496605353,227.8871367800038,11.259212525082376,7.3466608035526235
1013.8978409619222,227.79295202784124,11.96706555772721,7.283916602268619
1013.1281240863946,227.41496156889784,11.623614148948036,7.341476093682672
1012.3680578693516,227.1663174270014,11.620459922802752,7.432653395631348
1012.3458645927212,227.02432242838586,12.133796463475164,7.445506090127765
1011.876070394662,226.86485065378588,11.730082433594816,7.530290039442832
1011.7998879904667,226.84296541174632,12.396963073823827,7.339509945225643
1010.8470244840374,226.50409574509246,12.144640932618813,7.448363318848607
1010.1737488182122,226.23929985963733,11.994246187584281,7.60843057077787
1009.6209492227555,226.14637783265317,11.775697304308665,7.556243857482343
1009.7460546576676,226.17819042692457,12.35081462438393,7.581978062584312
1009.112974904167,225.94508388439988,11.505609944558273,7.609401897517444
1008.3883336637869,225.77786871795362,11.578343801118876,7.621082683753372
1008.2796869494337,225.64033701827975,12.182380602221656,7.522567313282195
1007.4910865923695,225.36592676212302,11.884042245994465,7.537757188926548
1007.6663353900949,225.30856298694448,12.134735849900835,7.622526851740417
1007.0626377028448,225.1364549662295,11.673926863986708,7.581954312756011
1006.2712387079825,225.0279973335118,11.7071995008356,7.7143508337069875
1001.8311764366069,227.4980656879793,12.449358186444215,7.5855403291865
1002.0607180156176,227.3682049968572,12.930367781968016,7.864775538856605
1002.5171172531534,227.33004665975,12.803282944773741,7.932571399946056
1004.3797802183644,227.43334540176528,12.954412289758466,7.785044201322876
1005.104601803353,227.25543247674557,12.623212298240105,7.799677235204285
1007.032023886738,226.40984258979836,12.878198439442713,7.91461200609362
1009.2619459621774,226.65228689870798,12.713428529482371,7.569106161670334
1009.7804619923438,226.53305589208992,12.646748959872411,7.567319627689017
1011.8936667357731,225.62431843509762,12.470321087202024,7.745691237081644
1012.2667902316665,225.64776779127192,12.727670863450498,7.576638532905918
1014.4713652504017,224.71190364626432,12.46626771731735,7.857189960060111
1016.2853929611813,224.8882779434621,12.756147818912268,7.625578929369482
1016.6342262780265,224.75236617563328,12.707351525181139,7.6643087603744675
1017.247746871252,223.8136700388452,12.594429042762386,7.800340889965412
1017.6744610171711,223.82149185701664,12.730669018717435,7.610035320864341
1022.8164700254404,223.16821454787532,12.521015886588657,7.692916773187562
1023.2884721771123,222.2151035951043,12.722630199485025,7.7434545544291495
1023.8379199382689,222.2571785431884,12.59938646511796,7.673291407331021
1024.273062277726,222.05809995329548,12.847143145173732,7.787179361392248
1025.9455829889066,222.01529303070947,13.363373095947281,7.704018873154382
1027.2692576227164,226.14763989617512,11.67627856511217,7.700306526091083
1029.3165143958774,226.4257177405284,11.216013771946791,7.5221131977920095
1028.5277629361121,226.46521433168982,11.100249245270106,7.3205956500549405
1030.4313877222066,226.6841087910679,11.012821002166675,7.084170855631953
1031.1141879547704,225.71259011368807,10.943059217233895,7.3582734888015295
1034.0773016516896,225.22411427039788,11.334604618413323,7.218369513737684
1034.5932791999116,225.22690815422186,11.433944076668013,7.024324290363609
1034.945905263101,225.20704520664788,11.448751442711,6.939010289455325
1037.0256130092732,224.45895820686314,10.974548776325037,7.093423318838035
1038.8786810880476,223.8231016632833,10.85368930704658,7.0643583511304655
1040.4409832495267,224.11754945795158,11.109381823818694,6.74079027505374
1042.571905490685,223.37150048269294,10.347780241913824,6.857356114870214
1041.8135926011496,223.3343999135937,10.412131784746407,6.7213419031647845
1043.6768630061633,222.69109369287835,10.267791428275814,6.8357431361387455
1044.518108126139,222.8321187235597,9.843379413424827,6.539741079687701
1047.2815506748288,222.37098322661313,10.535406661439538,6.386729622891835
1049.0197327011688,221.67365881830705,10.425067324849806,6.570521909554827
1049.3008235606417,221.84132702644482,10.474282424770536,6.324255070758937
1051.1220420454013,221.13953855493915,10.143368057009639,6.562906667979604
1051.58256468573,221.22109946316598,10.354590319735735,6.377174370759178
1054.7611323296169,220.74338038961665,9.96034735545436,6.362775648902726
1055.0953183326505,220.6249520644537,10.137398997758055,6.4537657432118465
1055.4599200067978,220.57236189386663,10.16358100708021,6.4298263001148825
1056.2837833039857,219.9744018060154,9.819768180384926,6.371611180463674
1057.1338667627865,219.95015613590476,9.328489861758726,6.3372574057516715
1059.6874585406931,219.54181094343568,10.239136515747077,6.074151250934165
1061.4021069672137,218.92864879554963,10.219364275931866,6.2242391430306725
1061.79541234194,219.04674040509326,10.175837510319298,6.0173388798421
1063.538575102338,218.4283332482042,9.835830434654554,6.135766286102978
1064.0961380624167,218.33357050170952,9.85394009054039,6.21303856404279
1065.6088927556211,217.85469685398704,10.007181287314097,6.147218271519392
1067.4245753779694,217.35723702707043,9.901254104813916,6.1369051548445555
1067.834587200219,217.34778003365756,9.779929732911796,6.152713801219193
1068.4088447483418,216.7932543774849,9.6907508393449,6.159875305333117
1069.361249204021,216.8193106877219,8.951018907502657,6.143441541002488
1073.2083467323655,216.54938090304637,9.311989095146146,5.8758176906710275
1073.3523201654298,215.87479201635483,9.90315052818687,5.897750123352921
1073.8099845717054,215.90300456029308,9.693523419263101,5.850096982619107
1075.805243801341,215.28669713923566,9.016819334497086,5.98189377828399
1077.285400555169,214.82769359698588,9.210557798682203,5.922000037520718
1077.7689169707999,214.2637413366512,9.455080347843023,5.960518614019179
1078.4338929153346,214.28856597911533,9.289703840946913,5.924775010985826
1078.816741374941,214.2842933471052,9.33229710116575,5.922722712539326
1079.6497269283864,213.71016837726256,8.906111085607336,5.972788806145218
1081.3326668924537,213.33045199585905,8.779994431038176,5.851624852937363
1083.729636295629,212.96100188210113,9.54471695048369,5.720453057315638
1085.3489418022937,212.43752593096542,9.491599456207723,5.6967153447553756
1085.7437727256936,212.41712775052255,9.55396083569758,5.741892210975351
1086.05066876387,212.34550611918587,9.746335934360104,5.773370504973741
1086.5916719988845,211.75434399094198,9.705605260091716,5.802528631254063
1089.4837523496171,211.44424554536613,9.27376965761323,5.74326105768634
1089.9014920896643,210.88594162796767,9.375306066246822,5.813442573503323
1089.627057214544,210.97541660102047,8.964491662473847,5.757299222850861
1090.9789168456264,210.93416724003774,9.304703873169274,5.922750384000324
1091.753795465013,210.31190791096313,8.938523507787295,5.890799832131137
1095.5082204464989,210.04951333373248,9.066689202208636,5.623902078160938
1097.1162671326083,209.47777683981116,8.77641919686539,5.592290395699706
1097.333313869663,209.44592663884856,9.017820799472247,5.628560677934729
1097.6727278243625,208.87521017453173,9.156324693470197,5.658502003393437
1100.6086786662727,208.6385895146302,8.432984791873878,5.503787617470891
1101.1219071282717,208.12394896149533,8.34025421812612,5.553967282549138
1101.1954044494123,208.12717750911452,9.04906577690781,5.666529423122228
1101.5473644249942,208.15484434928896,9.080520763421646,5.693850645445934
1102.0584409367766,207.62561397596437,9.026018608657068,5.703772866745567
1102.680620326671,207.54263641636334,8.73511994919636,5.822788014444541
1104.5044590057278,207.1565948641463,8.145744844414367,5.612223895297689
1107.9486133295252,206.7952257508266,8.575390565830958,5.479634149412277
1108.4619943280618,206.3144462004441,8.276485323097859,5.3429038078924975
1108.5860510487664,206.2717810713903,8.915452112719777,5.433320914440344
1108.9097924016382,205.69398364564785,9.04968057426413,5.50688653682505
1110.719486871546,205.31339086320153,8.428450213033102,5.415320652498821
1111.0335716120107,204.74754026901246,8.512181819704892,5.482708957391196
1110.4485024688875,204.76613214465385,8.531308002792684,5.521516232293436
1110.7281813313862,204.72098739376986,8.715423451138122,5.5868213339124395
1110.0159388956263,204.06298160885297,8.866735434985003,5.6237427158391995
1109.7936947220342,203.45683921418654,8.36512110302533,5.62795583115161
1110.4079912993056,203.0637388078726,7.756247156688005,5.474587223442285
1109.7530232946738,203.10082236402963,8.074059005375602,5.429469313651225
1106.4045593789142,202.91361768364303,9.112539632506923,5.43895089249844
1105.814196047395,202.8810331505678,8.924995695695543,5.486588645101335
1105.5013248836894,202.85359173142544,8.370667944764136,5.433283776608761
1105.8256936617893,202.22779470130143,8.68659939687177,5.585169432706891
1105.341959385186,202.2351798042307,8.603168321069688,5.584028175484065
1104.8657948668983,202.2560576339954,8.298506604397062,5.461201578557905
1106.7756467535096,201.6912525623827,7.577948783789452,5.560498970046865
1106.031079275781,201.61988040645622,7.745343218150083,5.472811624291296
1106.501730489742,201.63241348681873,7.520229081365869,5.437345977797463
1106.9531834882891,201.63459099801617,7.3324097086369875,5.35202500597461
1106.183219784758,201.60112157231197,7.91044540852522,5.350204660913732
1106.7965371094415,201.6581885686377,7.662796762992002,5.357840699003788
1107.3115281250239,201.70440603974941,7.545514104385802,5.427327191061607
1110.42557528917,202.19543489863196,8.306607064090258,5.213387649129913
1113.0216308083363,201.68697449434558,8.209439225195183,5.355697028690315
1114.3718657360723,201.24910093178167,8.53200592916528,5.40620491273603
1114.1139567724279,201.94422306717172,7.945461393727555,5.366739509545056
1114.7509608112805,202.71681340995178,7.645590213755895,5.270172406778784
1115.1074341354513,203.58870162568326,7.80087110253703,5.046957773975578
1115.5748451141549,203.68799270588534,7.535468234349082,5.0432444137959465
1115.8346204239333,204.4475124125282,7.756932835421139,5.016942586138015
1117.5396415969572,204.548308171693,7.040469603771271,5.05174748041776
1116.778747093234,205.92486284998844,7.619636293524536,4.801037501998451
1120.3765894023581,205.63046994313106,7.313478756221684,4.977467156192233
1121.6035025293913,205.2526698654402,7.748066279453269,5.0036000325567045
1123.2219910296317,206.0952587109329,7.4741183969590566,4.974642718221389
1123.8718348811617,206.9140467068788,7.300266257879912,4.965888287687591
1124.9501190911633,208.30045688214182,7.999797335983203,5.049528740147366
1124.7742968117325,209.62088291241167,7.350180418955233,4.952941348103707
1125.283535688799,209.7112616444718,7.248547532889461,4.976308340974128
1125.4529379764244,211.19036465601914,7.567111768061295,4.7575400363821245
1125.815264835026,212.5406342854967,7.695409281454886,4.6884018433684105
1127.5257430735282,213.34430838593255,6.893099486297615,4.743805484575802
1127.9237154991074,214.71635681058916,6.994615869148674,4.538828032792651
1127.489632851335,214.76608660816197,7.094254845465002,4.531861728086142
1128.0575546661314,215.33487040114665,7.09270708041754,4.892258256272299
1131.2317876563247,216.41933690354796,7.138834549659805,4.683162978016782
1133.6794713482539,217.29094303884713,6.944480179180118,4.736083333786468
1134.7494261368056,218.5935594144188,7.465920341919173,4.84251793791293
1135.284745341305,218.1639241750507,7.255266987296636,4.885975437565804
1135.080199402979,219.35891255652598,6.77137706204212,4.901285784223859
1136.609669213934,220.23886185492643,6.497129648260852,4.860139762388371
1137.1447089798817,221.59256855083896,6.255405155752214,4.647911191404887
1137.501596898151,222.30887267745288,6.39290186793869,4.714541363555128
1136.9246279897375,222.44207115914253,6.754408506310938,4.6543179059406725
1137.39495528916,223.88236155531663,6.73814500229355,4.287637973677619
1137.88363938552,224.5152851875759,6.805336199762678,4.472449513109041
1140.9455105703485,224.83260398752964,6.847986488766992,4.563437282336793
1143.383738958948,225.21742262631446,6.495136252833618,4.573577615712793
1143.5495109016374,225.36542257960787,6.98705816436177,4.589859480346945
1144.2075488198798,226.06796092102593,6.630286202942443,4.649330563415333
1144.5895110098718,228.02832245301875,6.668932221415162,4.4467252899619325
1146.8087861927909,227.68497865920727,6.522934323056916,4.6652182751045075
1147.503146177608,228.42307869820908,6.022348669468556,4.632727513617681
1147.0921776648484,228.5523599506173,6.1405378073413885,4.566569966044426
1147.5842301767711,229.92370634512466,5.9655719589386536,4.343461388254383
1147.9932483219927,230.57785523533667,6.11841900014042,4.502483917198731
1147.3706197964766,232.43799120362362,6.662757881678772,4.179263721455101
1147.9142069846976,233.155213969565,6.602772759947584,4.31287832520934
1151.0908387397485,232.51122235214407,6.3203365687350015,4.345710736761788
1153.0295985719297,233.38146781722497,6.629714944042007,4.300712433848162
1153.6243681004864,234.0770986899352,6.3882847022878195,4.33768434755109
1155.6389211005423,234.3887523833606,6.516067426667632,4.35762289935559
1155.1194698675959,235.64775041251448,6.566954310355868,4.161579508682735
1154.835687437073,235.7906386318931,6.354509681666968,4.124134612328817
1157.0992030952539,235.46482752212296,5.921730440054489,4.383678752146579
1157.6308105890944,235.18047786088852,5.6932845024361995,4.33253129383786
1157.9741595033665,235.5292122915783,5.835366906006129,4.042250698411351
1157.4297526174068,235.6856106946749,6.347997509746165,3.9255268233789025
1157.9767490918582,235.39209481624573,6.175605327526455,3.9962920783107734
1158.4410390506077,235.11997272686392,6.271133946093869,4.07255118917206
1161.2913107442807,234.48842334202334,6.177275754058201,4.118305427181781
1163.5196600778218,233.77357690720646,5.879395425813982,4.214612314938279
1164.7932844635798,233.54199281720616,5.853054765851994,4.202079064686927
1165.893421200749,233.33741322290751,6.2552747321281,4.142884585463236
1164.9590153540478,234.04114778149793,5.983985887858125,3.8685971433562827
1167.1047408763693,233.2512658295326,5.742750149133826,4.0891673011344665
1167.649987952993,232.99562247650312,5.536079086278733,4.022577718021438
1168.0714161408528,232.71847257618828,5.718358882672419,4.0589303099946505
1168.6540613756606,232.41861132829962,5.402945729243584,4.106601650020707
1168.092605936713,232.72419206798418,6.095993499162205,3.8599369047061884
1168.6632515285219,232.4966483496545,6.053416155968534,3.9096726705873834
1169.243047361679,232.7742293138432,5.855107117923353,3.713359033066581
1169.0910672958419,232.44557824549076,5.674282638415434,3.7964939236736654
1169.6376168725656,232.70955667118687,5.417213686996547,3.6549042167071093
1169.3448174779649,232.42201734626937,5.593185675579434,3.675183213554959
1169.8594590716514,232.64594537213077,5.452064805696182,3.6932417523087793
1169.7167926180146,232.36612257754928,5.4267364376562455,3.670778980277305
1168.559980426979,233.45788291956853,5.73086199960926,3.51247435205147
1168.302088526156,234.07317818606944,5.62202328232479,3.4580262406716713
1168.0959188879513,233.84078535988866,5.533726500062812,3.447443794749404
1168.5650466626457,234.06325106235604,5.592782662528862,3.443559046779427
1169.0571344928771,233.7644162084839,5.546714666370917,3.559948221007062
1168.8641088469267,233.45543973912436,5.5656429244909305,3.599252394876828
1168.6881564103812,233.57130542421316,5.585545799047168,3.6273597673660447
1169.135491976023,233.75460660952683,5.548698111449312,3.6545130019996748
1169.530969648811,233.514029866233,5.660119720928606,3.6350405323656787
1169.356833071278,233.26644908250734,5.540253588162386,3.5254253859616824
1169.2977489517052,233.40636967493197,5.373503365832676,3.5167635879528802
1169.5280739302748,233.18507325314704,5.759957781477397,3.519510682159762
1170.0229061314676,232.96889854089767,5.644707328581944,3.538019011339486
1170.4260972051609,232.7636390034254,5.6869458240778386,3.5836348083273606
1170.221631572656,232.99224059519747,5.52598532509478,3.5001749966887132
1170.5733218823598,232.82850211678124,5.709753644353441,3.4661814977107213
1170.4331309537654,232.97120249118996,5.577859188031653,3.510797641713225
1170.3040083178348,233.4750870192721,5.388038104225416,3.624248050200322
1170.614125357789,233.28203589709355,5.61265552187524,3.587483346577841
1171.1072475154665,233.4865013114587,5.517584601481985,3.616139250276831
1170.8299312673835,233.6121302715253,5.692753685981643,3.673833528667757
1171.2382400046774,233.45579954754493,5.827774553217068,3.6253779949153397
1171.742926409188,233.65637712468617,5.691510205045233,3.6429272254379157
1172.1774519139726,233.44209757363117,5.632251176340333,3.590225650403198
1171.981696416848,233.1750956960315,5.457869878095607,3.598437081642203
1172.299648985635,232.97560243925386,5.813859735440019,3.603782506987727
1172.0652683987494,233.10761405454002,5.820760771344112,3.629923840003187
1171.880029534548,233.23170897342578,5.60872840433035,3.619180074666872
1172.2946984305295,232.96864968947818,5.624052506219641,3.615294095887066
1172.7224101637082,232.8105718546821,5.604952007792008,3.553683993303025
1172.5355546392725,232.9442748396321,5.5572166008801105,3.5580178657892247
1172.8944849841807,232.74447098818638,5.640852601464076,3.5551363188322966
1172.701860277484,232.8869943757685,5.551285912549929,3.5709784728884983
1173.0836503906255,233.1434401376589,5.546904485649975,3.4754811812902062
1173.4421949689877,232.82179058134682,5.683321698892996,3.6351133097390402
1173.2155082708168,232.5881913683798,5.625547144180018,3.5897812497545942
1174.5148144477532,232.03193197324765,5.414621968448273,3.47956492868866
1174.20051555123,232.47186709152174,5.534228390562703,3.667356241387722
1174.5730119259476,232.00837083855492,5.644277114636907,3.378770550948161
1174.3330006363612,232.13089363026847,5.645553328414962,3.484004789865139
1174.1634863628074,232.25469923093675,5.580305014234455,3.5159615608975514
1174.628298646812,231.6424185462816,5.590864006366701,3.488837564821438
1174.4394050808605,231.7570966396088,5.530991282643299,3.530944704718877
1174.9380779256735,231.93426409070628,5.479450955487664,3.5724387865354856
1175.317255752559,231.73651708942077,5.608696753341974,3.5440182104557607
1175.1298492045444,231.87209913741003,5.54702736667241,3.5324516264379326
1174.931619149004,232.03577256756824,5.493568348852705,3.500207996819938
1175.3702336510537,232.28113347968284,5.448434342637711,3.4261112821698134
1175.7486387453405,232.3943306576272,5.456431127639917,3.6086924888707017
1175.5139380951757,232.4807825622841,5.4394542091699805,3.6620213277793994
1175.1961310307238,231.9296563487071,5.579629144556748,3.3679499107015545
1175.7011037525226,232.47257633167783,5.422901339115924,3.596818709454908
1176.09617165193,232.61609947200083,5.347413326795504,3.6621515620331024
1175.7855694093168,232.37367179180774,5.405043401353851,3.6198242977852715
1175.6038386671655,232.53192823085394,5.3203449669779275,3.5666938607556915
1175.991323077952,232.3546661663437,5.399733207073496,3.530485207541801
1176.407680166291,232.14786513608215,5.448597989830887,3.4997693726467105
1176.7837256598705,232.00159824385742,5.57845798706262,3.4214687223384317
1176.6660801373096,232.16253508626326,5.224911042548229,3.4069292676471434
1177.6260365918024,231.52205673666938,5.52490771048906,3.543330109217436
1177.4170265622458,231.61225853231446,5.516192718286902,3.5749573365627043
1177.802741378421,231.39395004112146,5.584423863887196,3.5676802888372094
1177.6557483120628,231.4977320662399,5.441875840986313,3.605747176630132
1177.4420568484065,231.62992139418338,5.405788944319738,3.583570553207892
1178.4738693716827,231.9514013679367,5.576388545176542,3.4685943154920835
1178.1905626671914,231.61867290948112,5.714859743687157,3.5703002876192045
1178.031588235888,231.33492440870535,5.568393288968991,3.556777099730226
1178.4395108111012,231.15204126597558,5.591743605884858,3.4429686972314357
1178.8517712096736,230.91460094120373,5.601387646700687,3.443064729076241
1178.5951958353585,230.59588459975333,5.678739953470313,3.4980944681713027
1179.0570392363543,230.42641288944046,5.623315617392791,3.485727132522129
1179.526966518565,230.59421726984328,5.519559374181426,3.5515778615140334
1178.6648947566157,230.6902722835119,5.5167403680272855,3.493891376254794
1179.126013051402,230.52269688906802,5.593729769940637,3.49480976219553
1179.615058859998,230.64262968208186,5.497773669691469,3.581937830529
1179.4428234959203,230.45629278480163,5.448465910355253,3.478044117419472
1179.8498336641828,230.60241801322616,5.460399946077359,3.567411963920904
1179.615441875869,230.3653953560506,5.532566203958822,3.53473147174401
1181.5033027779905,229.88710880098802,5.388031633097398,3.4050523520331524
1180.4934782130279,230.32963067213586,5.473339752222728,3.5341173811048066
1180.2489613229245,230.45322762992308,5.457073365618271,3.549291056192402
1180.657036295574,230.24587257527173,5.476976773371007,3.5663864007015036
1180.4434717829677,230.40830318877033,5.375451025498705,3.4953739410588582
1181.452812239439,229.84894419608332,5.597866153116001,3.493285668005683
1181.9110685900473,230.05101268582325,5.5023266940418125,3.4856707011670096
1181.7167720872412,229.78497871745097,5.498391505851032,3.5298453458744063
1182.1470817143343,230.08433656277188,5.506300754220092,3.409186415753993
1181.9939774420116,230.18854510414562,5.395494699987239,3.4707048367075686
1181.8074089472648,229.9139155760528,5.370096063119945,3.4852265049739515
1182.2248202397511,229.70065330810198,5.503804750842619,3.52866611995438
1182.6596779735637,229.527667771639,5.535290973969495,3.5115677424901435
1182.4618553675266,229.70648554436337,5.542512073285252,3.5084315199769094
1182.9275303591119,229.55001039613566,5.509270904777395,3.4770323859602286
1183.3447202028337,229.73676643528327,5.54246965305515,3.5102895843753856
1183.7589876688435,229.50545391854865,5.576272813954347,3.561317032938092
1183.5586720257247,229.63471151981503,5.554514941398338,3.5849434047122486
1183.9498170498064,229.4594822895998,5.575506509467232,3.536127158954571
1184.387905885961,229.63283907181275,5.529268084570049,3.565150521610775
1184.7406479433719,229.45676881464502,5.679790303324808,3.5206237686802524
1184.5708786503933,229.58445864794476,5.492843204910514,3.5588999903655463
1184.306370158741,229.36678314051466,5.530946001073289,3.4841548293735514
1184.7183893437586,229.49038523901083,5.602479406708198,3.62999119030448
1185.1992319662081,229.27449860226707,5.548457676774888,3.624114106009074
1185.5650163604823,229.46234265997026,5.748240941527911,3.6144694693620067
1186.0288874679413,229.61592371390213,5.635835391695309,3.6307894829107283
1185.7604634997715,229.32920222561668,5.68182219854998,3.628638824306819
1186.2012706817027,229.5477979518518,5.606668943953082,3.5826249609494027
1186.558923324795,229.7564708450527,5.734377775418807,3.5840753705020347
1186.9809827207698,230.0157622619506,5.702097314086359,3.4294950905807013
1186.8492955651905,229.66187003885986,5.522849408135244,3.611278466836012
1187.305255505149,229.90799826947955,5.353527165043488,3.5332897914432806
1186.9701580694239,230.0458589866753,5.521104478459847,3.5643516189503828
1187.387844079312,230.2851402193937,5.580671714529672,3.5447947484643407
1187.8811865882858,230.10577376177648,5.486673376188719,3.5363305124118085
1188.2741030964007,230.3280598940873,5.600489878118424,3.5765058704531043
1188.078478123942,230.4722714025952,5.5187624716450046,3.5770700738597725
1188.4919270573882,230.30031164670925,5.625780122873948,3.540602566132179
1188.937766847739,230.54861133259976,5.584218497163647,3.5566279716281315
1189.395834380135,230.8251260010824,5.615142353098236,3.506784380016853
1189.226646801452,230.95889888527722,5.451259219434178,3.5105100531716857
1189.6132495067504,230.72653848384635,5.573096553090181,3.5530022501934013
1190.0528292666286,230.86882898876036,5.531880318076219,3.596726581245889
1189.8954784037433,230.62745722204136,5.411050045468528,3.522807087540855
1190.3424469877637,230.85033858046967,5.371106030714827,3.5088827153157354
1190.0914352944228,232.67736926657795,5.24783596465295,3.755287821430386
1189.1162995218217,233.73557191850588,5.420001583015392,3.652810111560882
1189.5799800641905,233.9524420596606,5.438496589200668,3.715484640991008
1190.0044876939198,233.77279234367342,5.437576394314419,3.6943799426362034
1190.4133540670202,234.03469783461878,5.421203903800006,3.5769122987758237
1190.02138561995,234.1786683851489,5.5338686413012965,3.5559336308310208
1189.7669027539523,233.9178172971949,5.6071066521712964,3.646100633531802
1191.183790879153,233.78048715937035,5.1826727948537155,3.701532269471585
1191.598069573667,233.61507296458439,5.25656640903253,3.657905651616659
1192.1023828523646,233.38439044834058,5.238499200476326,3.7264080623398
1192.5338384315082,233.17432640310295,5.406757402724907,3.7549702465319967
1192.9715086469407,232.9803291846701,5.306178866195069,3.7658741478836646
1191.0486286067744,233.50654578057356,5.938338393242702,3.69523217967469
1193.3591943163192,233.39528528616387,5.160858288031704,3.698931118648318
1193.69373497883,233.21463741571728,5.392249495796477,3.6380338259469625
1194.1393764211766,233.47013085728332,5.466368833255274,3.5505075110155246
1194.0635532891665,233.16711517428843,5.2362129382158855,3.631887468292291
1193.781334994539,233.34657502108206,5.225953814398963,3.5423562968008753
1194.9646464988264,233.20748365079723,5.181527057970925,3.565235408802266
1193.6687579555473,233.30759888968845,5.821338257774187,3.533153746745029
1195.0460712477843,233.10854242418583,5.382052810182131,3.566442768741723
1195.477513179034,232.88279963215547,5.407562966565592,3.5631762042739865
1196.0408106641316,232.64869949270303,5.1743593640503605,3.6567150317007417
1196.4027698974282,232.44095964353653,5.3987447889671785,3.6684629641209767
1196.9566611958383,232.22562239030526,5.183520480946527,3.725435381885518
1197.3447703666588,232.05545793007184,5.417891434358353,3.7096192034587716
1197.6586505394625,232.27560943845822,5.71244750314645,3.6941032405768226
1197.5608803004557,231.98875044119862,5.515068548752879,3.75984838912845
1198.0518189998609,232.2643396553645,5.569364887918937,3.634763604250395
1198.4608638280442,232.00644743653987,5.752541935633417,3.736825931328042
1198.3227661060246,232.16674097286796,5.432016371447844,3.7329135501006476
1197.3062172306509,232.30929801270543,5.7261402684735,3.659895547143776
1199.2697504755306,232.16742651326507,5.67457933979108,3.7564787815014995
1199.8551744625802,231.94026193707663,5.311479544770918,3.766508880415671
1200.245300509483,232.22255102607232,5.519552005439209,3.6259324446902497
1200.7209812544857,231.92406327872317,5.447014281380689,3.7838227952781267
1200.4964167598819,232.11399353940533,5.462545955561836,3.660435029202972
1200.4943726807287,231.81119122393685,5.1413754466211685,3.769290404855127
1200.9390699737896,232.08079722126848,5.195804589421641,3.620482263619124
1201.4512827623794,231.88153360904562,5.215000341599534,3.6335017103692735
1201.8687021899145,231.6904151524677,5.2829801066536675,3.6652238374010437
1201.634975364869,231.88679537194025,5.25561658950005,3.602872208245742
1202.1877733024266,231.67197165916218,5.107637339915527,3.6777105912199204
1202.6915199683208,231.92934059512254,5.034867197420681,3.5698160974450275
1203.12151824345,231.7543792250582,5.1140535306210495,3.5907724425909464
1203.4635192361532,231.56405139101662,5.254626844974837,3.6332296332012106
1203.2997610833968,231.7490822768666,5.155366657369086,3.5863100782332538
1203.6387895641656,231.9985130918442,5.340613469184973,3.60548818413713
1204.0917846484492,231.80455746085318,5.2762848669287905,3.6799049226847274
1203.853987721286,232.4914493944544,5.243425859276613,3.4907360044487348
1204.3874200467344,232.7008547723956,5.107364308849355,3.560106803013241
1204.294990048361,232.8952205478181,4.976134287835521,3.477803903662334
1204.6873410684482,232.68236507248957,5.074506698712639,3.5757940689783254
1205.1315160000015,232.97817093695124,5.029587853033036,3.448482363648253
1205.4849925834392,233.22892750441446,5.206024645350453,3.3986739153835686
1205.4004161067119,233.37276002502043,4.92379435959856,3.416243720156757
1205.2450833912299,233.12521629235835,4.90245838809642,3.5074308847190423
1205.702706606191,233.3973650568596,4.85621867079135,3.4784862546266027
1205.610887439725,234.06807506720514,4.759749521857884,3.312057891037057
1206.0389923393116,233.86341782888695,4.760122202507091,3.397042323109929
1206.386564887167,234.150925707311,4.918169353547455,3.289613980485626
1206.315456317528,233.9266757442111,4.744145005594419,3.367873118821109
1206.722465334553,234.20530532898385,4.825769467120153,3.3049198582980353
1207.2881769386686,234.06263375131078,4.602522444144597,3.349115918276908
1207.6115571372034,234.40082701111942,4.796143179954015,3.1797024658232544
1207.4833037158796,234.566602150863,4.668030492349317,3.2045737949461
1207.293598937277,234.36368188834027,4.707419352872648,3.2814938996288845
1208.2735364797427,234.2594731759567,4.776587036440105,3.3434195083529517
1208.1934379734982,234.56523818332198,4.572107296087552,3.18011458863387
1208.6014790783129,234.7917036109573,4.630769522423179,3.2523889328244877
1209.0654121606472,234.6756110100575,4.530712194721218,3.278805211085597
1208.9206484868985,234.93257581642996,4.497607141195886,3.165890381401823
1209.3161177001268,235.2343499358982,4.530826600759383,3.074595329288485
1209.7365313157975,235.0903222053791,4.587772117428813,3.1577892217941326
1209.7011073093108,235.3691063533342,4.398811609682525,3.03443145236605
1210.2277077088047,235.2266982646637,4.337440329763922,3.138275628907536
1210.6053548838763,235.15718572307003,4.410427092383998,3.1008315522191197
1210.4987791691965,235.01684339464498,4.434000909441238,3.1319374709319447
1211.0568977731673,235.30592256441184,4.3508566156401685,3.105941421873524
1211.4408317827938,235.21493284407399,4.465954291770686,3.1287581768866346
1211.4748559150162,235.48898550418153,4.258884479364042,3.045949351076729
1211.8061470576865,235.39440308362992,4.440942871136258,3.07038269346657
1211.8119713052583,236.01691894747142,4.256716583565776,2.964405841232889
1212.148579706726,235.91371289088508,4.548449315867856,3.025391323811988
1212.604004496126,236.18492593056862,4.498105979064121,3.0251135393509117
1212.5385462543318,236.03366473080985,4.389126308908089,3.0698678065729155
1212.4466578034833,236.284467057813,4.351401104524712,2.9732034876030298
1212.836401827533,236.545150207041,4.449981144356798,2.9861032092018434
1213.418161366878,237.24031998526334,4.217274811932839,2.863713988725067
1213.7703034818944,237.11060750938486,4.373432482539329,2.997991588827972
1213.6997283058815,237.34777435068958,4.317232326963449,3.015039843098805
1214.0755384274084,237.2573207943321,4.405156331681155,3.076133307292764
1214.0280033701608,237.89908140927906,4.362282747783183,3.005954612818016
1214.0380293046837,238.53971509181594,4.281723018410048,2.9564218659530184
1214.5015329170565,239.204804298404,4.320200053021836,2.985447578198432
1214.9212193330882,239.85172117954409,4.339156222556539,2.9635064020002346
1214.8626841139157,240.10687123598052,4.310512934353028,2.887328310777832
1215.3409791804925,240.34351467034014,4.186504148397034,2.9880614453160774
1215.4010481444866,241.3422535492408,3.9930119970522355,2.8782088329268447
1215.7387989745152,241.98726129088413,4.150731129295764,2.8439950931553426
1215.6307746137472,242.58213277919694,4.2648119963605495,2.886735513008972
1215.595622980883,242.84116017280988,4.249748350937807,2.8052044332502817
1216.0985269137213,243.44281338198866,4.175324592163179,2.927196380425414
1216.5273853506449,244.45235004554684,4.119643682960259,2.901018055848482
1216.4464840776495,245.76596790263545,4.170350322796139,2.8446882966880764
1216.8739485478245,247.11740381493445,4.1749166272056755,2.781182763737945
1216.8033264711362,247.36418392676794,4.159670975706149,2.7445946248571147
1217.280884579493,248.32294857003566,4.105457179864516,2.8318434886266743
1217.198937023727,249.604382302153,4.179616277245259,2.821832595518714
1217.7663367139687,250.9429317398982,3.945462526369056,2.804329149070611
1217.569181655132,252.21388843089755,4.162916364346984,2.750837970606085
1217.476089104292,252.44132919970366,4.191135879800186,2.745686385363257
1218.5427115592615,253.42474539461898,4.027068102895555,2.8501953396228146
1218.4026080181773,254.72815130758408,4.133875895111487,2.8252088033605105
1218.8737479114448,256.0633414056305,4.0724506345295595,2.8293007159621197
1218.8283330436007,257.7343975095657,4.059526404474809,2.685942216038484
1218.7915382455967,257.9870483229741,4.048013343279308,2.6739231474218172
1219.3772613677302,258.9570654937537,3.86603641460988,2.7043041324552632
1220.2813060408357,259.9722058344341,4.05111707769538,2.7294758309297436
1220.3270517252895,260.89403304845473,3.8635292934486642,2.6861428957831777
1220.7973196079147,261.53332227474345,3.803353991428594,2.68469290342631
1220.7566001754822,261.8251646137462,3.7822101922120055,2.5852972962690046
1221.187749504168,262.45850513850695,3.837594199085288,2.6021247899340665
1221.0935306488254,263.03775716786583,3.915667556043445,2.597789313477847
1221.576580616162,263.662685568671,3.8856433490684594,2.646966968609263
