728.0,272.0,113.0,99.0
729.57145463489,276.56151397619396,117.96878196112812,99.07758584199473
732.9456035420242,274.79020291999814,114.44337837465207,99.33817240555072
735.4071318666499,273.1206277989895,116.95145395736495,99.48308981736227
738.1668426994,270.51785004354383,116.7495377693939,100.44368412932579
741.0403771965337,272.988189634264,117.34324992765983,98.56533361427637
744.3030057296238,270.6394997902221,117.81234414408016,98.08348557104466
747.2351972135325,266.9327218925414,118.49711583282715,99.81749301610125
752.9841366655578,268.48068858274803,115.51062885520832,99.57100004361348
757.3048348290074,266.5437564937589,114.17351479164688,97.6921490161929
761.290595583605,267.3700829631116,114.49535036525413,98.85654551860443
766.1566795360995,266.05474689061657,110.945886922309,96.48423226452326
768.6255994822355,266.47060468313066,112.2534085534054,97.65965235797944
772.3592198511792,265.0264701016704,111.27844245751828,95.6557534171294
774.076145153598,265.49950971735575,114.2073583883041,96.74296894752683
778.8701399731078,264.1658248763472,112.68329780347199,94.41584603318836
782.6074118080121,260.5149012757072,111.12049923485938,97.01696665100593
785.9484694582195,262.1016431651649,112.0721428644481,95.90386133975926
789.4188426218877,261.03954014515773,111.86775715786302,91.76571165439475
791.8741420503893,257.6452558983906,113.90414811560458,93.87868660429444
794.5800780052248,255.552647237339,114.42076978320574,93.56193196144716
796.3278062162026,253.14809068684292,116.63363134435713,94.17289115218358
798.3421582505384,251.08715874202358,117.98890748365898,93.67702135920996
800.4112394864937,248.37684068390553,118.51005495427626,93.4114472766459
817.8506249653055,249.3938914801081,103.80289544587322,96.12988522674812
817.7813265956433,247.02371761336354,107.74440692738835,91.1013946534099
819.9780291272102,243.97642575222056,111.32232265849098,90.5782117439062
823.9511990507482,240.53481572220238,110.96956167085011,92.20974860621556
828.5118515245663,235.10199136455648,108.04403973546937,95.92044858534868
842.8770652496373,241.98985411507087,100.08909707424891,90.06879724235532
845.0684590755409,239.1279213552957,101.13443807737326,88.50370350761608
848.4013198387197,236.4106014752735,101.08655637606171,89.61187581834082
851.731099012414,232.5008697713546,101.2704008710972,92.72054527206024
854.092938167684,234.64233658766534,104.57514195702151,90.74232737183684
866.0782462669002,233.87264830529676,99.95076792416342,91.54210733765836
868.5392131572971,232.5134952984954,99.88528891434976,89.40910775048019
870.9375100989482,234.1088461874432,101.38762874787517,88.87005428958548
880.1462992113352,235.7787940718572,101.36893078017033,90.34277957635823
881.094471165258,233.89692650599318,102.48009764621997,87.0238916840143
882.6104679231012,229.2040661288646,102.14071005234246,89.9959624723839
893.8255118090016,234.6995545190602,102.36386630382492,87.89537768641372
893.7613187056963,232.31043821404285,106.57398946344256,85.84391721516027
894.3202679008531,228.01313120850187,106.95461877155185,87.90660723244622
910.664100987249,231.0726563202171,99.40451004981026,90.26307473371935
909.9566984176657,228.45299647393176,104.47521165234946,85.50234473335945
886.765417774264,217.71000476147753,99.51902513416098,88.677201335431
925.052660732073,229.46713671899215,98.33553168649405,86.13492226349734
924.2329975903078,223.49857800193445,103.48968830805666,86.20209574299179
937.6620568628357,223.92997939708061,97.52443993175893,83.16265442368535
937.5703347001257,220.35450888524235,101.84319179074794,82.6612034553952
951.5157088986331,218.73218592150556,94.74576772594935,83.01722343319506
952.6789958321683,216.01573296911812,96.50800409243334,80.94382252610836
954.4172940598801,211.8135638122822,96.68968472414417,81.96783726338765
966.3431529933667,212.16096564013378,95.07771829463638,88.01770687326984
967.8745071849289,209.4526274273125,96.54894749267464,83.08980564405755
976.6600426928039,208.62683638006183,99.24075949453209,80.97787181892568
979.5445459808503,207.69484462820537,95.05038246962738,86.60420262492437
980.1675228855956,206.9607291663135,95.72951690443688,81.27029268989793
991.6883442949727,208.3314767516697,96.85327496338823,87.15255738142417
1017.3441542087195,207.27959190216342,93.54404162008098,83.3644289540037
1029.0156369884885,203.12230418071675,94.49070545743507,83.66684843616144
1029.0179964350073,207.2540167809466,94.43077922718385,84.72835007182218
1040.653099264699,213.56047256925422,94.47142358165934,83.9805436364158
1041.4608236515264,217.76093447567501,93.7450413760921,85.24381866504467
1042.0712664997427,222.3719917335756,93.8443353857092,85.30055379761478
1029.360708319788,195.56673559109043,94.22211455531806,83.1031220021153
1029.7586501708404,198.77512169064005,94.35347710882957,84.68429715005868
1030.1872822466748,195.12676052814527,95.48961824000344,82.0694531525188
1043.3467296847284,200.0055892211917,92.6562801674927,84.07557614477679
1054.4351544288452,207.2841302873921,94.55853930015633,83.2675284996734
1054.7794110324653,199.99076644761772,94.55321928359035,85.46355067348645
1067.0555123674094,217.59488543702443,93.88477025844122,83.82784433485446
1067.0425388147153,201.25640423487278,94.17728136473829,83.90330077980536
1067.1116771224356,216.70517101083425,95.10120339159698,83.28585568508913
1079.4019920236901,222.71317142437232,93.50194699462145,83.30558612324722
1114.9160776420613,265.28824851565923,94.34200316830538,80.77949960372177
1150.5139165423507,304.8813334938829,94.05107412335292,82.50829665129515
1185.3219742934443,334.9077285983956,98.94555836662948,82.40899850092819
1187.4022208665833,307.2725695459764,96.29549533737509,85.28498148880675
1164.5111506018811,277.9262038253381,93.16730895979344,84.88406702783635
1200.557167147662,277.9516090887484,91.50295669969864,82.65940537754733
1197.9078374636783,251.63825195817162,93.57009095909348,82.62717573949914
1197.1482438691728,224.90511743584625,92.72526562938219,83.1404653402899
1196.879917943311,198.16158182676628,92.1676019170975,83.54990481227486
1193.3583483074758,171.23120383357903,96.01717837173192,83.90564750954704
1192.7410199214837,144.73706421092504,96.65266266280105,83.75016429817589
1191.9930271188139,118.27796504420502,97.41073658945857,83.2674723087911
1192.5488266740615,92.55889559541731,96.5364525095722,82.12957551406197
1192.7140875460361,86.64859262043777,96.5703016138657,82.91971257478215
1192.9254798178372,59.636083981287,96.37948681614148,83.73715376127292
1193.434426724982,64.31721712419396,95.9678683543541,84.00950856269988
1193.942337255974,48.27702234938602,95.22872863069688,83.73112937509447
1194.1270990844073,53.273459308400454,95.05409112273128,83.53211752741433
1194.263261306077,47.52035976331182,94.86731991130569,83.93838301057181
1194.3738200411822,52.682865750027034,94.710056289357,83.32351617740225
1194.4669278482515,78.36627568972202,94.58285612648797,83.61097121046146
1194.5385255251826,83.15455793947521,94.441684931704,83.50658942323847
1194.5546154593412,77.50422566167356,94.35712304460685,83.49412782514904
1194.6159380707045,113.62789983384435,94.42416868638838,83.34979136998611
1194.6761811794813,129.20854159417286,94.45066557639666,82.96301743466461
1194.7704400253592,133.94145017964567,94.25561247839369,82.8957946309661
1194.9127516864137,128.75857774419467,94.17166080202105,82.47326086567284
1195.2799961636827,123.55096820611126,93.72195146958393,82.27681053205418
1195.5156875481048,128.28660425408503,93.25422664812731,82.53120445270042
1195.6098709403263,132.81983065628336,93.1015170579658,82.6580550590146
1195.5017451270796,117.11410295406881,93.45972072397831,82.21954747112466
1195.6575579754506,132.15735151433,93.22013387313177,82.05748281059789
1195.725729252107,127.11398017923688,93.2869353987719,81.71656840412655
1195.9827180796594,131.43188630730202,92.7764032016355,82.17357121572684
1196.0388120442287,105.08439998050694,92.83630282678064,82.52378105689006
1196.328518782803,89.24758996395366,92.30045322261981,83.55991180460919
1196.784830007782,64.27764077013774,91.63073060399506,81.32326554109596
1196.4726114945238,58.43170604273473,92.03779567354968,82.7723713765954
1196.2150466871904,63.973674609747235,92.41756609739832,81.10107793928574
1196.2852928381956,58.57473852289996,92.41094465670471,81.49351921869592
1196.5494909278068,63.3679884963488,92.02353805349912,81.44816851216268
1196.717631244193,58.481240069167484,91.75253565909497,80.81854661837298
1196.4212833887157,63.02104184396635,92.15943039963054,81.12010354811656
1196.5022542811464,57.88475870799949,92.06480935841432,80.3856107439538
1196.6094410873543,72.06090852570678,92.17526969732944,81.34516198853017
1196.982659263339,66.88068201449306,91.66276182993897,81.14056203677
1197.07326620888,41.34663857758175,91.54301216109957,80.90668149692976
1197.1200425106476,15.870275560130082,91.51734275463741,80.58434965076621
1197.2224932525526,3.3243509352716956,91.24869010811949,77.25347907338818
1197.220917868966,5.598562798565709,91.71537963853348,81.23958404177465
1197.6691225771813,3.3983705702612497,90.79977732048587,77.04299683069176
1197.7765847252213,5.6560837244752165,91.09693067743501,81.06661421448405
1198.2836337352082,3.4258573166816433,90.06037512535795,76.89200180132927
1198.357020886816,5.8480113013230195,90.29260196991618,80.44889065358413
1198.4076093659846,3.5018383732524256,90.11503336126088,76.64100693897413
1198.6829961791032,5.716703218740804,90.01893657768233,80.45703126000501
1198.9898377919326,3.362468499672829,89.4151449074252,76.5241915585381
1199.0708743548398,5.7492876116369445,89.54471947827619,79.93551816104646
1199.2876620298077,3.342637007277375,89.01592397340823,76.12144861430396
1199.4139758951737,5.653740096442164,89.21787645688619,79.65624845075618
1199.6824026282009,3.2982184148773683,88.60372768539014,75.80079900519881
1199.6933077371932,5.548025646967716,88.88320131370801,79.05152213579973
1200.026756827364,19.87359107166155,88.41341333264882,78.94922930560732
1200.255588417436,34.446097833532335,88.00153754407484,78.24453760628478
1200.371868419471,48.70959786853946,87.80344647266156,77.78452111928364
1200.29709122671,53.01192862435545,87.91129839152563,77.84379475425746
1200.2050530831432,57.34703767973547,88.24373530235016,77.41082420884186
1200.510904958619,71.2230073687903,87.66074837684437,78.16074563713615
1200.6793206054695,56.53681680367035,87.56168867878796,77.4224021415283
1200.9395094516574,31.727625402281916,87.20053218156067,78.21578562611037
1201.0365832214493,6.261001668970863,86.73511555285677,79.11990102796669
1200.5637145531593,3.461419700416897,87.32966870357109,75.83259546095684
1200.7856044427406,6.433532095265377,87.19003008318668,78.19827294987307
1200.7801907191024,3.494891034196371,87.12100892494459,75.34883952898585
1200.8650802618831,6.317643145811118,87.10015757178348,77.89776681688916
1200.9400039809811,3.3813784726858245,86.93056067943508,75.05683463565332
1201.1039082970894,6.082721848531492,86.85358830776408,77.75071259734686
1201.202373629838,3.4053772521525048,86.66231333662563,74.53803495862795
1201.3544514268665,5.9407031276435305,86.65725654687662,77.40589082505618
1201.4764659452073,3.3507950472490506,86.39208479403965,74.03076877619208
1201.5423029492504,5.864443603628672,86.14766824252752,75.84777196610474
1168.956177724501,-0.6686059357259637,86.09420363020831,71.6734980436276
1136.986501248864,-0.42569323256890357,85.13583505900556,72.38316174084116
1104.612941722201,27.306726404820953,86.18983335153894,74.80987329847721
1115.4540491327239,33.70173966406196,86.33886212483321,74.04943322036095
1115.9459782465876,19.278984362402714,85.468913391853,73.79121176824593
1105.0031369352546,3.836061055570923,87.08750473721466,72.74761495849847
1117.3203725158396,3.7236078425248706,84.5126755885426,68.22743818901847
1127.8737042660023,2.2181437524757257,85.73695137832328,65.88455512055373
1141.331371386521,6.942218892931805,79.73665963971871,66.96325772750629
1129.6200781954515,3.3024805139373257,84.10802657462568,64.16558876067901
1152.4145764335183,7.471050384221044,80.70271308602878,67.99208810733295
1182.174105771721,7.720761819606139,82.89852830564928,67.11511500475422
1203.8379404200716,6.409568660557625,79.86750076930412,67.4733861021414
1204.0284311192079,18.15397754108224,80.32720850650799,69.65309648895831
1204.587880854524,31.120009441011977,80.17230904441294,69.67980255527523
1204.868910384283,8.847809995755854,80.47551161766569,69.83243627495771
1205.305358016594,4.452230784330467,80.49698388585398,69.52354959513197
1205.7632272331225,2.830588379221126,80.30480285003136,66.17265121588241
1206.2953832691242,5.255893661402906,80.29730022730064,69.41457340790626
1207.272358440129,3.1786574848447344,79.53706180436052,66.56836969614596
1207.7345120824486,5.015614686664428,79.41741914573208,70.29796821681808
1208.0239347490462,2.983764113146549,79.4853541122186,66.99834387489445
1208.5683791524705,4.981559227285146,79.0022436846591,70.26011540344774
1208.942591622416,3.042159596426501,78.27842538886784,66.79147564777624
1209.137407111546,4.966145668386446,78.29527099033248,70.13742883857273
1209.3606392266852,2.9333403218154217,77.82529313094278,66.68743822394987
1209.5331668527124,5.051240162706506,77.82789611183853,69.67566546495709
1209.701116608563,3.0496124087954968,77.49424850045716,66.2630425246585
1209.7297123992548,5.210760874895641,77.64886548131108,69.03264747155441
1210.1446803539638,26.802591903045546,77.01805296848215,67.92383491583877
1210.2369465611969,5.203913531175691,76.86159254122458,68.09423880842381
1210.302244692955,2.9426104240343705,76.79305500105443,65.45266468785701
1210.4449686267242,4.910325662034467,76.86885834351529,68.68438341169903
1210.716045425555,2.9153097079914545,76.34152702702704,65.46504814658735
1210.8316420563197,4.977729898134015,76.42141761328685,68.4661603572566
1211.0524225281338,2.9267497745791218,75.97776421135131,65.26597285812684
1211.1789540312634,5.04724260357807,76.02543346390348,68.09232647922403
1211.3585974092043,2.9229478384119716,75.6362282898524,65.03379479481401
1211.4542984893897,5.106578686300999,75.7183593077516,67.81169186197405
1211.638950001709,2.971305036362253,75.37339994063359,64.81043896108875
1211.761729229831,5.179906986708758,75.3621563873478,67.47472655789628
1211.9570024596321,2.9016741594906534,74.97607957602054,64.73550372145883
1212.1230154601922,5.188887658831263,74.93860208288652,67.23841604306892
1212.3618143726198,2.921266786567344,74.50972275657864,64.48702050808576
1212.4847965488354,5.235899594707348,74.5099914230575,66.94033114452616
1212.6062019004844,2.863742411037265,74.26415394574406,64.28895839155143
1212.6836376986994,5.0063788789680785,74.30147894066613,66.85217133837398
1212.8445608122283,2.878440277753498,73.97016887312611,63.94781412982856
1213.0107272583166,5.17728777824027,73.92806989252472,66.38251582859893
1213.2925718979232,2.936450855286296,73.48335584985375,63.59859547923237
1213.4032604283377,5.099924850149478,73.49007574524671,66.06709400512983
1213.5468011297519,2.9704393132669793,73.17031602659267,63.31586051651091
1213.6233586695216,5.4076611860231765,73.22416528423378,65.62302946164378
1213.8821837002104,2.8126500780468717,72.7722783560082,63.418088305067315
1213.9988407058186,5.197052408272569,72.83043467507514,65.53204683926408
1214.114699640003,2.9186748791733805,72.59017189456108,62.91634820929556
1214.1823475165902,5.355584384422883,72.66934937275482,65.03762771070902
1214.3546771732344,2.8771944774001668,72.32287795388311,62.81120499652684
1214.4799301511825,5.253548778744744,72.32394342833004,64.89529672940121
1214.6198329339786,2.8854132483819512,72.03393417032748,62.53249270921185
1214.7254412663565,5.340886572113895,72.05537775446555,64.55791379046684
1214.9080328519083,2.9111949876278516,71.72605648629542,62.31487466026776
1215.0343771158282,5.268133633535683,71.68104643220931,64.43600077157048
1215.1851652032692,2.904738522369115,71.4077815541259,61.983301416863426
1215.2425029617573,5.093750543302207,71.44291942617406,64.25262476777287
1215.3535010672488,2.807088848372814,71.21843716215403,61.780364000763996
1215.454027680009,5.101411840901335,71.22204671198983,63.892528110639944
1215.5876972664137,2.8645294665543872,70.95635907950509,61.43774385626541
1215.751989283295,5.14083472848899,70.91175022881066,63.65921019903376
1215.937428955932,2.8521241062872207,70.5599118511559,61.28114510582151
1216.05822154186,5.210068989784524,70.5531268191462,63.34147634135471
1216.2161873787159,2.8572068419216237,70.25677025508776,61.0865912021729
1216.3171348561762,5.223724425742475,70.27104922875446,63.11439913274276
1216.459173033098,2.845117933078811,69.99830554399114,60.883985320825005
1216.5639895321665,5.252945799970959,69.99985280603846,62.810253567938204
1216.7082338505452,2.8530315270226083,69.72749726867596,60.6531671084951
1216.8474715275029,5.2779721767019225,69.66608702054691,62.54499412494866
1216.9748523593912,2.8453613912245146,69.42014682145145,60.46121559611263
1217.083147258369,5.336395716578949,69.38971514468722,62.208588280757695
1217.2771895029098,2.839831011519834,69.06705776221293,60.20846508085576
1217.4024242430041,5.325792076401768,69.03892402264523,61.928390006991364
1217.51389037041,2.8322451817673837,68.813925605451,60.009603237802864
1217.6242063842,5.331825173402457,68.79644359790677,61.69432443572753
1217.8055459925247,2.8964543718459694,68.46489366158994,59.706628140226464
1217.8824342962032,5.469040582801426,68.51558853862502,61.30130867902298
1218.0387481559442,2.870145906542543,68.23721437210816,59.577347983867895
1218.14487550262,5.410671504471267,68.23121267086162,61.179436347842014
1218.2932218160286,2.8814261251717284,67.9660562232275,59.303883697983196
1218.4173506340603,5.3982230625309455,67.92114668295653,60.908252106019575
1218.582994750022,2.85994753342694,67.64257483248366,59.06794343646852
1218.7031772095252,5.4007759583244415,67.59912021088735,60.62562925700256
1218.858161366847,2.843781795296394,67.31503732607052,58.851431042661375
1218.9484090216765,5.417720962540145,67.31800910551078,60.35721131710544
1219.0449591874803,2.8750219368991594,67.11025998484706,58.57719754192105
1219.1873765234932,5.452631498249019,67.06436718123177,60.105264156317574
1219.3409315621943,2.8770638527320216,66.76260559187676,58.401810688439106
1219.4378233241023,5.438351823385403,66.76121492103653,59.88622544731909
1219.5976570956695,2.9144070067586334,66.49597925387843,58.109813208460324
1219.7048786615928,5.399220920783392,66.4645608858018,59.6819404899731
1219.8402166852252,2.8432466079027563,66.2179014589351,57.99288552707163
1219.919336546175,5.427946809491857,66.23231354236714,59.387832891788335
1219.9981615983872,2.83858294871024,66.05186305181019,57.751727424091364
1220.1380793831445,5.405662154916712,65.99827586601441,59.18063273835804
1220.3763698090784,2.896609509994832,65.63721196532424,57.40957176372134
1220.4779251342002,5.5005462690604645,65.58630091207988,58.77937218527467
1220.5716635685558,2.904650571081824,65.40921645838353,57.21253569979455
1220.6733388962555,5.550431087550713,65.39797462137608,58.523557923538256
1220.8478516377331,2.9341242130618284,65.12163600521922,57.045683832892756
1220.9833105909263,5.615233703735839,65.04853480431848,58.29725355573254
1221.1969446281594,2.9103805798831957,64.72078875412421,57.009994032994626
1221.3335246451243,5.687638662864202,64.65553281028974,58.18862805127806
1221.4282426066707,3.0243141747817504,64.41650978700045,56.64916703470953
1221.4846456777996,5.65856174109949,64.44947754581881,57.862107346347656
1221.5906812749004,3.049774513847062,64.22618142943566,56.29732224299028
1221.6274816202726,5.695497957964726,64.302440328986,57.48024457244979
1221.7724320001844,2.998788116121812,64.06592519054084,56.14615390270906
1221.8776355752939,5.685546875130754,64.02968558653174,57.289733512632814
1222.0375406737712,3.015467201750319,63.78772065831072,55.85828242335101
1222.1772230577012,5.626453621790514,63.72687614248298,57.077118514764535
1222.3504166008213,2.992095053150109,63.42381507756113,55.70703293577738
1222.4606066738372,5.658293416605574,63.40015573912592,56.84231999411411
1222.6121265470802,3.0180963224494235,63.14818889848402,55.45239869061312
1222.7073747479253,5.666167503980738,63.13540361977607,56.59443880568605
1222.867785983615,3.0191577234822837,62.856722060917946,55.161284176932284
1222.9811220515478,5.6088916552954515,62.81551208441897,56.3668918913596
1223.1255299996005,3.021212751043006,62.56692791591422,54.920753251867154
1223.233825794606,5.608471619229707,62.54280440999605,56.02688099894252
1223.3637811392373,2.9878694112654642,62.31525233826096,54.77433119193014
1223.4740051747535,5.649811306707413,62.28117487549139,55.79186753150335
1223.6283389464143,2.975179040602047,62.02259265481689,54.58556576446617
1223.7377065548212,5.665211593281541,61.99688259261575,55.60196373725815
1223.8998907815278,2.9783266821186665,61.71768267143284,54.37737836846745
1223.9972456340222,5.622060134490056,61.695946770211094,55.44965096127136
1224.1444155543372,3.020030006888412,61.432556626097266,54.08367858952447
1224.2464388865355,5.6236468818635785,61.40958603784111,55.183020676595504
1224.3709340566331,3.058755284020325,61.18313937242215,53.76637848369444
1224.4781509965337,5.660751848423423,61.16297307008381,54.867051721112546
1224.6219986880137,3.0548219353664514,60.92264281801181,53.543940678614305
1224.731950324753,5.678997551168887,60.88432376801916,54.54258120288236
1224.8694364510523,3.0498906118907954,60.642837463253045,53.285156931878056
1224.9875134475517,5.659768604108738,60.60248024801217,54.30754222223575
1225.1281546197436,3.0399522194862634,60.34983997631866,53.069233370709284
1225.253497310171,5.666947754767676,60.299804769200364,54.070646489837486
1225.3993161387557,3.0139943147423978,60.03744964366433,52.90326703315896
1225.5075588568225,5.679413972942854,60.0139812156508,53.85793062182393
1225.6592769567615,2.978744173789025,59.73824293532198,52.74441385929531
1225.758159398013,5.6648565811257185,59.74708634644844,53.62007884517101
1225.9261173226155,3.001509213476943,59.45854358021052,52.570430260503095
1226.0322689460997,5.724830821178809,59.435056502971975,53.29620431517003
1226.1873521677144,3.0236136686535247,59.16439693189113,52.349544555581076
1226.3036216870416,1.9475845962131473,58.95466299649547,49.88639245594911
1226.508954438983,3.919547368898364,58.89693409602796,52.22422309846942
1226.7533473809913,2.4399026858909565,58.52124617611162,50.06995752385964
1226.9666682229229,4.067388833426364,58.41735769635193,52.50073223510005
1227.203534422714,2.4581591166808465,58.03572830048324,50.315172850093035
1227.359260848842,4.374250735802875,57.968353961250614,52.16810152576454
1227.5335191092488,2.4963066529290217,57.67126726529682,50.35938192458129
1227.6603751621665,4.640550305518516,57.644415123909766,51.80496981948646
1227.8163921929417,2.530226022150515,57.38264841382329,50.32856113409679
1227.935474147965,4.822800631494861,57.32282761393867,51.50460727011118
1228.0831495421307,2.609684550153247,57.059291398765936,50.1855366942396
1228.1848920998646,5.026158769511284,57.0347032621612,51.162687611576814
1228.3474476097144,2.725987127146368,56.748821904033775,49.94455266539143
1228.4368140796723,5.155907185860151,56.75401813275903,50.910168806833454
