692.0,367.0,36.0,21.0
690.8847402408719,368.76603772863746,36.72287802770734,21.401558965444565
690.4015869542079,369.17712734167344,34.99277516002735,21.812796060572737
689.0714273890435,369.73384816527414,35.41286523841609,21.69139304768578
687.8940758460069,370.2234582436922,35.649469491077525,21.738292633235687
687.2179788356757,371.0069485279339,34.444771093172676,22.10574404795898
685.644083468489,371.68884573560604,34.93081814785728,22.091171955378513
684.0219204538698,372.31372345613,35.48129848865642,22.02688985380803
683.2310177043678,372.9203566189735,35.16922775899502,22.13793980915284
681.6858383244057,373.4938676579975,35.533319679540455,22.041367929274998
681.283855157362,374.3438752779357,34.19725902315736,22.46118035188948
679.8059688054764,374.9879705227504,34.61902809348794,22.427625478712798
678.9584026681453,375.63325448963315,34.27804137299404,22.527788801265842
677.9516157546968,376.3466405614199,34.16234985838673,22.69849029366287
676.7972801266005,377.06473204179474,34.17158820478653,22.63590648066213
675.301957976465,377.85920348705395,34.5623946864971,22.635043159788665
673.9832329874989,378.64698346549085,34.604217460433574,22.548749457246913
672.5807373547359,379.37061972543415,34.80367829074021,22.24945243811021
671.3342463382892,380.235086309013,34.95214391779609,21.929735542869366
670.1662520435873,380.9546066533203,34.87135042700834,21.871292162697387
668.8216576432005,381.7883809677169,34.83582905425919,22.068830039663226
667.5737521963981,382.5539661739099,34.87445890108279,22.025895140585305
666.2423036254781,383.21015474954083,34.862752837756034,22.00083307464763
664.8272939602248,383.8663119108114,35.64688241764088,21.743313487594605
663.9366046810533,384.39637735291285,35.09669329389726,21.936924355539702
662.7652774576427,385.431909427351,34.791204382655906,22.245794528864792
661.2434263154237,386.0661263441207,35.11159585899486,21.94749256601881
660.2310462435696,386.5578450029768,35.36107511819682,22.115093325622013
659.3557586119819,387.14371971028004,34.80663933484129,22.145609263868664
658.2672881217483,387.81969091001156,34.77868320868572,22.307109052938245
656.807821958422,388.7496944688414,34.88600476419947,22.2619055764859
655.6218509329467,389.38324169084353,34.94539650278534,22.08985342353253
654.3494105114673,390.1266435238581,35.78534476736877,21.922254577383455
653.5669036549598,390.76074323593457,35.52544419853098,22.020286298457677
652.5359007752309,391.66227690376024,35.34653200940261,22.00541268578769
651.6182249752383,392.3777183931302,35.02069892023428,21.942730658446408
650.7071618450714,393.06503147083276,36.17506550186954,21.85534331062604
650.4769409711785,393.75219400203787,35.186287709359476,21.995011472710758
649.7867312334938,394.48296323573595,35.33694317737172,21.904174905798754
649.1002376797023,395.1060875665662,34.94091247596407,21.794947954352665
648.2876755959048,396.07254488122544,35.325106676833684,21.911087767786512
647.8165786722146,396.71833063192435,35.28602447210221,21.952447900306993
647.3867009800451,397.3938463877039,34.77383581044705,21.832867032816466
646.7947650299739,397.9970021254096,34.954980812335634,21.88049726301813
646.3772927491098,398.6870150516952,34.65161933309969,22.07742640496099
645.6604577138928,399.4616540561956,34.297897299290526,22.097481407367525
645.1454921578945,400.3847950978808,35.25695268116169,21.736658380516303
644.9154459348606,401.0078854429312,34.55166967229593,21.87456909241689
644.6291768288502,401.6873996659724,34.40729763130548,21.870635703109542
644.281407731257,402.4416421032745,34.26989397787372,21.970907430060322
643.6765675296338,403.2745979629831,34.23972640476518,22.133322949190415
643.0126265506301,404.1927314492068,35.33376663839363,21.602017717496437
642.9297475144658,404.8188900337109,35.37800129535617,21.649357143315
643.0095483543955,405.49367624414595,34.86840538616548,21.80600691088472
642.6893137925929,406.18249416233084,35.053955414113716,21.78248914185133
642.4262642818951,406.93702994573096,35.156425590388835,21.860299345424437
642.0257127500616,407.75426870116894,35.832199434339145,21.662790836457646
642.1197443213189,408.4887985785965,35.963955465833465,21.591760115597936
642.207195410334,409.19178145085334,36.06272006673862,21.582610166103223
642.7332645128695,409.9562243002688,35.59960094204757,21.71810627593743
643.0746652959365,410.8337460207158,35.704114735025996,21.507625500097447
643.4090526498818,411.68276381922374,35.84651027562302,21.56637155036435
643.9904619757586,412.34713153975736,35.50257454603411,21.606913139743938
644.1416526499002,413.10977755854196,35.99761033825382,21.606159070454737
645.1651708028076,413.77649554436823,35.26360697320797,21.63797272628699
646.1528961761932,414.5701930941357,35.02692757926491,21.72364694654476
646.6779736233029,415.4425775146667,35.25986357417128,21.626104349077536
648.0928861236521,416.17317072979415,34.45890646387534,21.66700991008247
648.1198981787584,417.0018676999582,35.271228174888165,21.488218249428883
649.6361689528599,417.7002129089176,34.196132609295546,21.53679388140847
649.9341411433239,418.63942771891016,34.899573069891744,21.5050880346098
650.773274030383,419.481480492057,34.645326289647755,21.58041972103092
651.8157669729344,420.2833342175727,34.18386021057756,21.50011089097825
652.0200972787638,421.1380048077517,34.77358259182017,21.370760454302626
652.9663496730368,421.83641331824515,34.35223821149634,21.410927888300535
652.9965208411319,422.5980198454308,34.87342994905498,21.704404648786294
653.1793649600772,423.4395432726335,34.75940092394603,21.809506056988198
653.2892537582916,424.2499133499498,34.50958319806796,22.06303168954446
652.4487584193824,424.1986567585851,35.19110192066694,21.48982689797674
652.8635338787853,425.0334590824941,34.29697997851281,22.546781771831093
653.0648578800538,426.24686332264446,34.06230117721134,22.33762745889817
653.2247521306117,427.3027742926571,33.78393515956577,21.91540469606224
653.3814649724568,428.02911815296466,32.68884398196906,21.979787987517057
651.7081337762415,427.6441997732436,34.97862908648358,21.782291746135343
651.8677511677035,428.6213604009115,33.864849088458186,22.572638775698692
651.6755119457612,429.8422640339252,33.09466437350602,22.46100142472079
651.555487910601,430.9472575250677,32.828867665293956,22.22467529999841
651.5742962957233,431.89161433981917,32.29001285143522,22.005365059850874
647.5142309145012,430.95846980798103,35.95185359183142,21.40497505507176
649.1906808341681,432.0425611698297,34.043787591569526,22.188704563017836
648.9784445793396,433.13251925647,33.14424614884024,22.578065718470953
649.1929898910125,434.31806123967556,32.027703423811545,22.372530321360955
648.9503212183954,435.41747240380266,31.767462042103944,22.13117359681155
644.8238958787106,434.72615074437,35.51833365707262,21.202216828089604
645.7970564597663,435.4628935593098,33.32371536379014,22.64632062404644
645.9192034071893,436.7461273830347,31.973912913759705,22.50129902246198
641.7489900966254,436.4072454046625,35.85891268543651,21.153206835595768
642.6277046334294,437.37998101058656,34.10587335238483,22.31146046137019
642.6533442393993,438.44985208446633,32.59511003182706,22.708855576375527
642.5574692459976,439.7841610607178,31.802725912105984,22.388863344499327
638.2441188544617,439.24435408838417,33.945912202166824,21.425240800840584
638.3585339525301,440.0825425860403,33.176923026526424,22.66315676353679
638.4432943223152,441.4112761940048,31.939486264261063,22.640898748879295
634.5379214141435,441.0866959010722,34.79252337813227,21.171465337669474
635.0360179317795,441.87269615553487,33.18325157337972,22.572538620741398
631.6514422279888,443.00288330706735,35.03900615061502,22.044520005064896
633.8199193853247,444.05476674078886,31.25458575186485,22.556415977006736
629.387151535193,443.42443372689036,34.90358856290186,21.471655885574137
630.0203378566385,444.4625317112425,33.254989797627445,22.517726000862126
630.1569857858217,445.7319246312404,31.941893071826144,22.602180756644657
626.2537211811778,445.32267417023934,33.450168152129436,21.49367392019201
626.7378275837325,446.3117881869566,32.61767692787248,22.58200696358199
626.6367703290517,447.6542867055243,31.814839361068948,22.652872652833253
622.9184176661074,447.2433803305392,33.376040218165144,21.377882955724942
623.721808035486,448.159763326747,32.287608274922604,22.526730514074416
620.1575281107152,449.2890954102163,34.23380646025021,22.032532378580356
622.1894653888596,450.41037027358107,30.881106309753022,22.586650093224307
617.9795048656388,449.9208525577078,33.7105560114594,21.2836554934961
619.5113926125214,450.78221281904234,31.520331735137006,22.587127885026348
614.324844520901,452.02004256729924,36.29328460864417,21.84937735505264
615.484646268081,452.9532505573229,33.13435307294617,22.632530765633874
614.5926012872766,454.15999746686157,33.004861390876044,22.531762974058893
609.8741396955393,453.35133952144685,36.60603798343982,21.523196900742562
611.2786722665443,454.13836506496887,33.71564137821531,23.05428388986968
610.1162694975062,455.42892530806466,34.041631114519305,22.906401089042333
609.1319938248448,456.60136203367983,33.84688812952891,22.85739887586908
604.4274198853382,455.4356785576523,37.40529344358947,22.172617123864484
605.1547357314331,456.4719639883938,35.32073043012076,23.02440223152996
604.583802790208,457.6096656209809,35.04521364594143,23.026030715720538
603.7589835095528,458.72584074390556,34.86085961808158,22.800351908241794
599.3451828237503,457.3579226305517,37.7660160537514,22.336749757935877
601.0203720644113,458.9078244719081,34.58138789836721,22.65477831293964
600.0200148155543,459.893258620393,34.734761475871665,22.949643742613148
599.6299305720992,459.50005400718373,34.769698135209524,22.50599265214487
598.6828991702428,460.4051179686858,34.71706345913435,23.234671886242495
597.6079065245741,461.5629141349667,34.967790985359784,23.303111779783308
596.5832413939097,462.7449740876391,35.01830382690514,22.976158545853878
595.6707465370177,463.8390119514497,34.827358774017284,22.786728587642415
590.9532169863319,462.9174131926988,37.23382284592742,21.883432800918285
592.6672978739607,464.03781221927557,33.95051934069397,22.626138792931556
591.7775014323124,465.19030918032934,34.08153886828222,22.78480715121475
593.1992800977109,464.21619333612205,32.260925649233286,22.92300375197499
593.3216909067105,465.6331869566379,31.71418188608868,22.990054992141722
588.9404847249025,464.7293370735172,32.958415090140534,22.372773295324805
590.0117079681604,466.2132251614371,31.923951855009363,22.6632139104845
590.4005129003058,467.65545214295616,30.95956213530917,22.70521293245224
586.2298055185429,466.4711408628409,32.11426524286253,22.580453171326553
586.3706306709419,464.7461763790227,31.812056187613962,18.83603560801589
587.0193482151547,469.55062335192633,30.589866954352374,22.227043184171634
583.5388525158919,465.35324549994857,30.043339350145743,17.966355738446964
583.3688272270565,467.03094003490696,30.349257709806807,17.62597788248786
583.2634047685788,468.60340653620665,29.929128589421452,17.42734714371295
580.7145685118157,467.86431051042587,28.56671778910095,16.68583278468941
580.7380169264791,469.3774728624629,29.050441684066072,16.48747968206976
580.0398881824159,468.8856752168167,28.968451376755525,16.487302655911208
577.8375040994306,470.4506965200319,27.67451477063696,15.640292934422973
577.9745782341805,471.74937803191847,27.82517794003013,15.668755244919112
577.4522452932238,471.3446925647197,27.56834833058747,15.573112150126121
575.4479233558552,472.6394261976948,26.28528417485552,15.059355709572628
576.147783757262,472.18615906790546,24.995905605832377,15.310040956471767
575.0473158921782,473.97089755479374,26.07964822069107,14.613635353749714
573.0786122383993,474.8849613433647,25.16094424321227,14.679336415190619
572.7948216999187,474.70580741463687,25.0131145017167,14.445243571583092
572.2984206878111,476.141673601776,25.27454301603052,14.214981613375244
570.4803227775028,476.884601338255,24.53370226685888,14.373871412344386
570.0621024449628,476.86295023713774,24.675103241383,14.092253538907357
569.8035008593424,478.1645811065828,24.591570409796077,13.970833620071062
569.7537026650275,478.0797434743363,23.636992703690794,13.833714259021747
566.980031007627,479.13818279434895,24.718594480050456,13.786363263797625
567.09741337656,479.8747296256637,24.603257892457577,14.10623444610792
567.0504091017096,479.90832362801666,23.653722995399676,13.62504631484876
564.4455668853036,480.8281501074839,24.585597518448367,13.775051012391941
564.5928178884034,481.5283342593541,24.422764193637363,14.113304454580202
564.4730487097086,481.5782456615391,24.09167042576337,13.374201589792449
564.3739540897323,482.1380755561128,23.861877543568426,14.057831502754652
562.1255410389724,482.0846795389575,24.263054737710036,13.40980169770097
562.0623751904063,483.085500621336,24.357655834651382,13.65432898574511
562.0214295842034,483.068483685718,23.59086415660522,13.491027549103308
561.6279682595273,484.03440616678785,23.75585372491946,13.624736380630395
561.5814532862394,483.98742451652606,22.997942533298556,13.39080276701668
559.0957023330022,484.8776592062709,23.7893687564698,13.539910416824569
558.9905387761262,485.70612898681065,24.521505260124513,13.698358288915188
559.0712985786377,485.68110500211094,23.59356147730432,13.17644233742601
558.7761086117216,486.34831375533184,23.546099916278763,13.704304540025873
556.7461310000456,486.17606499568376,23.73026062905467,13.059799342962833
556.8249997476114,487.0466883188262,23.77682544192794,13.687371794285923
556.7611992418374,487.1574678021716,23.194155385461954,13.2798551673377
556.4990447244018,487.9689987192602,23.13174705395795,13.628405238949881
554.4775446450997,487.8971942086646,23.235098694914086,12.897861553201892
554.4730236071323,488.82467144416626,23.583972949436998,13.415839075502163
554.3657062854977,488.9102361559244,23.149267345846965,13.134276334353217
554.1725366655826,489.67781715042037,22.879395136698804,13.565538793999849
552.1702370868068,489.64573554164895,22.962255898236208,12.681934187178797
552.2642107459583,490.4778396312403,23.361188162037365,13.347454502407288
552.1897858419907,490.52278253351983,22.859702458701122,13.029189954487606
552.1118897949905,491.2273888248021,22.326897280530602,13.474985321739723
551.8606306533934,491.14890123336994,21.990920989988354,13.221435387260954
551.4187859704155,492.01266738432867,21.928502195678448,13.447851645303217
549.1879308007748,491.71570372127104,22.66205811045552,12.890860271768531
549.3456001418989,492.4901306812584,22.500201999271212,13.442177261395102
549.107234126865,492.68712096538843,22.05412415056344,12.87054079249964
548.8129790135933,493.4961752658164,22.083316352464408,13.385896324100372
548.6609495889115,493.4004864821403,21.493116030143938,13.197221723571602
548.1458424071973,494.201765210179,21.671572498122487,13.397017705140229
548.1310885995331,494.1000589086668,21.021727096820996,13.167798892042981
545.7011652882338,494.00815477455853,21.997952542740677,12.564024212062009
545.4404146880997,494.92787470419717,22.36666207820008,13.168518675011
545.4136395680907,495.01236261254166,21.64069966146303,12.741913103561274
545.0940567255298,495.76993986566185,21.888151760578012,13.269177665992629
545.2783092591862,495.6703763640565,20.88530178388919,13.021727960736143
542.9457261141679,495.6631208720105,21.946115043510872,12.254895296692325
542.8144025082433,496.6081834995582,22.282841355093524,12.908372097776066
542.8102581535595,496.5750430439705,21.533649540319857,12.715961165756653
542.6606202875855,497.3744937307898,21.459628673447696,13.167906263495752
542.4095602849582,497.3124698700597,21.28976298732482,12.912561232791802
542.3181049478703,498.2308939608575,21.03912017612174,13.287083582036871
540.1718802471098,497.8794158617226,21.897068547428034,12.776557620949063
540.3334276865858,498.69760943862735,21.716112072830356,13.24329691034933
540.2368984178904,498.5521949029064,21.319583460479635,13.092388699202615
540.1670476722421,499.47397929884846,21.147274057823665,13.352923369571045
537.892870850221,499.19757230678454,22.018531532433713,12.825355996466556
537.7965351957596,500.0129945015088,22.123631738249173,13.284070794270349
537.7946278153106,499.8288494967437,21.58248734560584,13.153631299244807
537.5981362409682,500.7661224991006,21.53004953618779,13.318257215523147
535.6506131437513,500.37115213986516,21.948329770248847,12.870039999532594
535.3816551638902,501.2328939472154,22.36190158079239,13.265201256365344
535.3733949596876,501.0436293103385,21.79399280017833,13.226458835009225
533.669003638237,500.96281151936705,21.901479374829705,12.504535229892326
533.6236605781156,501.720416596253,22.373201314816697,13.265901643317875
533.8474831137642,501.63358678741423,21.550757897399762,13.024836951432064
533.9646830729616,502.58973731700274,21.225131450933986,13.429044879881246
531.7713216781194,502.27758944189327,22.00508458110562,12.994788632252494
531.9236103411854,503.15130709641153,21.865197317316643,13.429191583790953
532.2743144879538,502.99438123096354,21.130262383271088,13.215841900742475
530.2063315515848,502.8163145078069,21.825856347849026,12.772742607656312
530.8594491460328,503.78608243223687,21.24547555547747,13.211900919293498
530.9043743418806,504.7079735956155,21.21448932084968,13.398680287610091
528.6724971096032,504.3643127243852,21.944389196962106,12.953138812075736
528.7387657133268,505.13512291532425,22.019537837680218,13.357988916512
529.5374702986446,504.81965636725135,20.72163654951146,13.320644703849212
526.7605246767499,505.6700115054767,22.275706392055326,13.120989883651134
527.4554087066747,505.4015139361518,21.226246316295374,13.142943103644939
527.5359502861734,506.34574209941593,21.252184424457482,13.424118901931251
525.6361757364466,505.9351589222865,21.634940161625877,13.02683793472454
525.7240937121362,506.82109051000805,21.599809645837922,13.387470260291252
526.2422438065153,506.67937465411916,20.587249649432806,13.135853022344293
523.56030680805,507.4529626059102,22.038555665131753,13.140033801034178
524.5587959487784,507.2763221911482,20.890451234216926,12.982454853811532
524.8591218723561,508.23575668637795,20.666577020861723,13.285256676435893
522.8365668494007,507.89635056533916,21.36452273915745,12.87408668092894
523.7252215947743,508.8158705408073,20.36177254783331,13.227257355804227
524.4211910443514,508.6550973479483,19.601793053297115,13.025718638010062
520.9647233260584,509.64171048905206,22.17439938431926,12.845331200339672
521.9219495719137,509.3932916952151,20.892329680357648,12.826831984560272
522.3262902092716,510.32576250289236,20.51574089165058,13.118120732724435
520.1001429370134,510.1013819378859,21.348205850948375,12.523388224697783
520.3729820176604,510.94706197140766,21.356356366848786,13.106604273879213
521.0311467743431,510.7810931268723,20.439892878524915,13.005889012985335
521.6689414796374,511.82620125772166,19.893609579509302,13.0881713079076
518.8641926608391,511.61168251482843,21.21711201693074,12.557611605411466
519.0817940559367,512.4422433295761,20.933944617977772,13.04950847791747
519.4355278513588,512.2585571386924,20.43653813745391,12.932993606992113
516.5073138734626,513.1746014719621,22.168302749543045,12.723140034240714
517.6347530743361,512.9537724925963,20.97860316181061,12.689091462478018
517.8032132832775,513.7364637650917,20.90948206283474,13.126186913288507
518.3692714546023,513.5606069370788,20.11386512545596,12.949386165077613
518.976163385687,514.5438378433114,19.612978893479976,13.051117518165256
516.2488184310714,514.0488142318327,20.83100966298275,12.84229989618052
517.2018649874567,514.9627939297416,19.946073089378842,12.97471934502073
517.9538668412256,514.7886418914604,19.142050485231266,12.754534871721262
514.7203506469388,515.3988642198956,21.339442253039465,12.922038737669254
516.1037020436756,515.1590699428764,19.63618190374973,12.843620379803838
516.9686489510166,516.176639152508,19.034781473231988,12.830227562761706
514.363862258866,515.6442527084816,20.587320711053962,12.694874525529599
515.6038651656495,516.578618286555,19.392964873934034,12.811021636545092
516.3260502396547,516.4986741900653,18.771425844279293,12.538401966549259
516.6750129109078,517.4870912490096,18.7267020805607,12.708864498436924
514.5348041586421,517.0106859589526,19.017610429692922,12.462996798184463
515.351504347243,517.9672265185645,18.419532127235243,12.56231686201113
512.7008380705154,517.3958984501925,20.054175647049874,12.418701300073621
514.0639857738488,518.4320028343657,18.626762028806297,12.452421743399782
514.6399621579512,518.3524474122853,18.181098242330336,12.198752125691271
512.2418047411675,517.9805487364722,19.199548072820107,11.926336524987164
513.3156863240004,519.0036268478507,18.211891173860522,12.156281097741157
513.8922740698868,519.8823511728194,17.89582043868677,12.328543988208821
511.90938362306656,519.4080518995438,18.472920823382992,12.035631580479276
512.7522618807234,520.2871918197179,17.872698903922696,12.145794375512196
510.40956297474565,519.8116264362201,19.1509137689078,11.90192034394829
511.6394875812789,520.6482144861056,17.953552454401006,12.162383122628853
512.1436176096205,520.5387880703449,17.57374012033381,11.880011819057813
510.0479518910097,520.3212032759254,18.147324652411726,11.434128456741405
510.8498068187016,521.259211928465,17.498258582944572,11.787748592005073
511.27184888710326,522.1755492915602,17.37314045210951,11.92593966141635
509.4317001255715,521.7523666005748,17.805587864461245,11.627388152503272
510.13263268345827,522.5910063156748,17.345608351405644,11.867007068873818
508.2356349862075,522.3790189865911,17.99054980312576,11.21378728614468
509.1599597528175,523.1190190769703,17.170487445102935,11.721029803061356
509.4879660408535,524.1266247289934,17.430346615565213,11.685749206526907
507.7074094269982,523.5834136224498,17.763147143512583,11.564903537832151
508.4820394938706,524.4530165296662,17.209063139719547,11.778159281990952
506.48505828085354,524.117418165577,18.05702415208725,11.282630425448588
507.4725828206033,524.8925556624599,17.20591872312275,11.71671000301285
507.99126136821724,525.9627947874824,17.2090013668967,11.576081796028802
506.2386281658996,525.3192850656592,17.524607577423467,11.57148461897907
506.9753879190613,526.2811392196393,17.12976153979548,11.60064826996745
505.2127230554054,525.7755501753413,17.63569962160659,11.348632463435479
506.0770347016778,526.6099470544405,16.94825886304443,11.586788299639352
503.88479853242586,526.3311981943561,18.05516558574857,10.979521050113703
505.06618919611026,527.0630423235316,16.928901462315366,11.44716665152987
505.5661783270616,528.0388297300733,16.9219435404475,11.468052743794033
504.09199978689503,527.6187883773787,16.91177667888769,11.202712116988096
504.5796585870711,528.479850557907,16.80900366432809,11.473194375587354
503.179816444366,528.2457112357135,16.87591394001288,10.892117686395864
503.8117401451955,528.982857813734,16.589533914400704,11.343996011286208
504.1340845545185,530.03477048167,16.782567399900472,11.224447724949869
502.5987183899556,529.5036000611117,16.75463918533569,11.16093039679697
502.9785683297,530.4046677950619,16.622425446809302,11.351025312342244
501.538909121194,530.1435025048127,16.820878131457334,10.812977839195923
502.0935898148907,530.8974812990018,16.516509686121935,11.264477452628853
500.57436012847984,530.7264361655448,16.842652593212733,10.567669735642994
501.14806126608505,531.448266619564,16.6070193719097,11.05006651618669
501.55405948270743,532.3558586422457,16.450634435022494,11.183047985564713
500.009962649563,532.013908971714,16.683994511600986,10.754613580616024
500.52311653819635,532.7700611491632,16.465955641865833,11.138691171907453
499.15663498995275,532.5538720369577,16.544988422443907,10.477334836574528
499.66204821980705,533.2803141613813,16.363926247505105,10.928712360873305
498.32540514103675,533.1759443250996,16.486759800226764,10.221819731900155
498.8917109454943,533.8728511460363,16.398226399405416,10.750559050045013
499.2023218467827,534.7433605280683,16.483590878524353,10.966038457155037
497.8609898355353,534.3396340995487,16.49940834700533,10.535706939551801
498.30443600182946,535.1046488980483,16.19581069785943,10.871805809196303
496.79988206745384,534.9602100472468,16.486253658662804,10.179377542825137
497.4221779776344,535.5631584765363,16.20136930649869,10.773788853646238
496.1075807582014,535.5213413858404,16.35748527479734,10.02086229570591
496.5269031995465,536.2630481717179,16.308647671775134,10.456734505173245
495.2212215540226,536.3471110828896,16.58532479677035,9.754646857287867
495.724974615949,537.0600220812094,16.296351540780165,10.285456393891536
496.01704615045855,537.783268692257,16.303798765448846,10.688594395586506
494.6417302611517,537.5628567947267,16.417036485188873,10.137191121553428
495.1789783128397,538.2770764452521,16.06887887792709,10.549790739497212
493.7204065997803,538.3329806145107,16.38013641670085,9.785672063497373
494.2673872353159,539.0649369000648,16.170016050837717,10.228536338048116
494.6749198254457,539.7992589614728,15.959990687667869,10.603889123464228
493.1806042229414,539.5369271369723,16.220467648154738,10.13101205906969
493.6791576432247,540.2875821394086,16.04201876600655,10.40636644937888
492.2854271742899,540.3636714201357,16.22435578678585,9.62485254105593
492.70895212288923,541.1219154259497,16.116505879700355,10.06847433732446
491.4121957617599,541.1877052239201,16.374552549416876,9.456168722042548
491.9737751508,541.850058093805,16.17265810042693,10.049329482090457
492.28031619302493,542.566251200908,15.930013614976076,10.395281831284592
490.85154503495187,542.4731605526264,16.04573176165809,9.82079402978161
491.2014809770222,543.2915288048617,15.94985762979178,10.109396246774281
489.9421121602928,543.3306324330912,16.11052869888573,9.515093645084903
490.33532269880016,544.0637215006138,16.020040935244197,9.983811499835383
489.14335004430495,544.1401376680898,16.056161992046327,9.328677055891717
489.6896510049358,544.9636769721825,15.746236991108788,9.745056330859711
488.38876046084147,545.489933048581,16.261018244718684,9.977136675873453
488.96514763691926,546.2123211190969,15.995362092606797,10.178945538714288
487.7382668500213,546.1744862808313,16.16923306467106,9.536185503055663
488.2390018271905,546.8764633442588,15.858763302768637,9.982174693083834
487.00678127562446,547.0144330328949,15.768814518716681,9.23019761474211
487.3953393787731,547.734956163079,15.730208465091948,9.764348775092685
487.6205234788632,548.4529937028792,15.521272405341392,10.095645897893974
486.08741361755807,548.4299991699246,15.945284159396124,9.462387303648484
486.5307943398867,549.1776157937352,15.728049913242216,9.893497928756915
485.2392585185213,549.3519308512023,15.774692585540436,9.138489247274606
485.7856983715603,550.1009352774383,15.543515062893675,9.62569981993363
486.0191561849397,550.8157936719667,15.463424400450208,9.97411633510319
484.62312518382384,550.8126495615572,15.700949673692662,9.346356562933579
484.83615016441536,551.558994183049,15.707868713980474,9.71753128070759
483.6253612101427,551.7040492243291,15.685288082684565,9.053212399591303
484.08995399784305,552.4648598353431,15.424006874348663,9.531168428561614
484.2598162223941,553.2442276250144,15.467999071604595,9.781281792712662
482.95807138450726,553.2534663156889,15.84143959611248,9.199672488084161
483.42303019742815,553.8892774831559,15.851590286684427,9.682315958049458
483.9971796101763,554.026151741638,15.488738231082607,9.30366267256204
484.37160805452726,554.6338472383195,15.645280761367644,9.750702129441379
484.91228541265366,554.6984119864952,15.45618856485794,9.386167690251682
485.4436760838071,555.2702154790313,15.573074544097153,9.82237840456014
486.05455675997416,555.2710773457726,15.525486227023407,9.507775448647976
486.86884698643826,555.4211809063661,15.462437608557593,9.052274804670787
487.7081726974841,555.4603159639682,15.360688465098065,8.901428717107592
488.5132324531601,555.9617382176552,15.642567984843026,9.480260668898609
490.96290272233784,556.0583777701262,15.203134389829984,9.337259035874581
491.4889575542771,556.0567579319406,15.322965266513108,9.113991179784762
493.97614412109624,556.7034235172641,15.147697670268371,9.732816243466232
494.6346726807667,556.0102810713706,15.223483339776635,8.85339971026849
496.9409106412093,556.6103331980771,15.137481650060693,9.675292246243998
497.66213968496623,556.3549717852934,15.53639794576867,9.460601601185544
500.28707708314835,556.2711626713909,15.208843187324305,9.483917741628034
502.92601899126953,556.0745256448004,15.249024265294338,9.52327843963974
505.42939440958594,555.9307905193318,15.310982800370425,9.562628791851353
508.00362704322305,555.7346939493953,15.257805707803016,9.676860110720781
510.5451574041372,555.5601831302884,15.334186440912333,9.66352307562829
513.2145012052767,554.9566024518563,15.19998049495348,8.978768697221767
517.5492218184731,554.956791509538,15.07587782783719,9.35867417454756
520.0992014273288,554.7473280318086,15.14889665321789,9.502684867624794
522.7747689551252,554.1193266776663,15.034353608951278,8.80766121894544
525.4959371138232,553.9070950603416,15.119166365331694,9.218762873586229
528.272914033151,553.748834407236,15.18341221590424,9.308191420153662
532.7993915073403,553.8094433320974,15.033708751738232,9.416557342401688
535.4357921673012,553.156648871817,14.976569440891012,8.883205666174945
538.1015546588037,553.0940276840572,14.955383262639543,9.058154811199984
540.7450542489305,553.0004691838867,14.92826976401193,9.178491536081538
543.4032018024201,552.925157358545,14.93555517983691,9.24919116006231
547.8342274149172,553.0342616738059,14.553316751475904,9.302375978980194
550.1917653391697,552.9733721994625,14.71508245155519,9.322330594432628
552.6910028424127,552.8373868341941,14.497608021903261,9.377683109212512
555.0386202821956,552.838386496787,14.369105955019222,9.263858197465083
557.2744274845812,552.8046551535166,14.508437135399959,9.26446153279312
559.4892771910536,552.8428342681327,14.70309801999997,9.207009051499881
560.2213621173482,552.6939608379095,14.847612361182428,9.117070426600435
562.750682287563,552.8504620838096,14.591670761518458,8.923967859734262
563.4239471711094,552.8141920889988,14.802873061850619,8.870197934336261
564.3035359926398,553.0429182082564,14.6939376066166,8.470970748815489
566.751000776791,553.8833456386093,14.442707636945556,9.014451906616046
567.3706750333414,554.5521059281778,14.458423039563968,9.27437875433668
567.9565998586645,554.5668942938287,14.396088653266474,8.945928271662751
568.5523979351303,555.3256799300689,14.340525761186655,9.132171797121032
568.9613326103818,555.2986515183236,14.339445500875627,8.946718305125387
567.7628294063229,555.9982981464334,14.613876265267663,8.977045706434978
568.460721287749,556.7215474670745,14.45377616623955,9.18664956993075
568.8277467310822,556.8088558066651,14.49130793270649,8.805257433055203
567.6358852415567,557.444351082393,14.593950279114324,8.952850637068991
568.3822986430296,558.2899849013247,14.243277252200642,9.045839021614029
567.1313834467696,558.2668940728955,14.51154183863082,8.6007706447798
567.8292272133981,559.0719726971465,14.308510428127192,8.840262970829372
566.6573243777171,559.1822291113369,14.468954415596272,8.30279300435825
567.3341903482107,559.9017176633292,14.189549348434184,8.739126788459657
566.1747331120052,560.0182854946142,14.371188009875368,8.247318793909017
566.9306068339648,561.5328195989132,14.210614136019899,8.999149282928556
565.8064397030712,561.3060762975686,14.368164129473143,8.735190853268705
566.5010775628897,562.1975441414843,14.26204694866317,8.751314832380217
565.4447944512776,562.2284915609237,14.351452267172135,8.311575733870768
566.2068442583413,563.0349424027975,14.034139472332981,8.667028082875959
565.004470382722,563.1871696937501,14.287569741259858,8.123253225551707
565.7830594954107,564.6431318459111,14.059733798651678,8.912503724896851
564.6449003056755,564.5201528587008,14.300426598256763,8.535203447787808
565.2906607806249,565.4031186248496,14.119266311402498,8.612365098335772
564.2362194951048,565.5005398576559,14.210989069306947,8.1361988281908
565.0379319743504,566.9927577601036,13.95001907859637,8.838853005616897
563.8268151155969,566.9073843248295,14.28135942054837,8.50077394864536
564.4744789815511,567.8226847182551,14.077730913010328,8.57265772850917
563.393061705552,567.9328014176072,14.143721776355278,8.12726833591421
564.0963585881296,568.8067589650184,13.912473833978083,8.412461656310825
562.9320365384701,569.4398346660118,14.18494355099756,8.537825355847872
563.724116075657,570.3514103769928,13.862807550188563,8.55559576971632
562.5725902893986,570.3379382514302,14.087828661731123,8.19364986548112
563.2688679522198,571.1395872771113,13.825647869140084,8.502464589923875
562.0717075461753,571.2581297973838,14.052721812704476,8.039487941514835
562.5890867834169,572.2229846969153,13.900153980103823,8.151802862089653
561.500737386205,572.8155817163351,14.045994228917152,8.40870141944788
562.138826137176,573.7028327383172,13.800859569747672,8.452859373323577
560.9880477907723,573.8577640011094,13.989966355179604,7.902926605258926
561.3267392567807,574.6846243778139,13.973456370359372,8.251170095479097
560.32451709094,575.4394534392491,13.868220767366097,8.277378874687201
560.8333260796828,576.3424155761813,13.795766623781901,8.317936185245003
559.6998218550596,577.0088589226245,13.938344736144018,8.425978463340925
560.0495536743722,577.851350351039,14.01613254824781,8.510635291785093
559.0078474823783,578.008137983059,13.946023591208814,8.036413246992424
559.3536490662188,579.5846566973491,13.980211728290897,8.596754497576285
558.2905530760745,579.6410851646373,13.985717222518588,8.102328447637888
558.6515213421096,580.5194296584668,14.03400840117854,8.240366353883019
557.6493978116231,581.1471247889865,13.94862453761641,8.403234234208753
558.2838382003522,582.0818813949928,13.7768804978557,8.35868384168009
557.0992682958847,582.8179308616054,14.002784604278759,8.406536543918264
557.5569848830273,583.7828281145983,13.976114114291704,8.386763616720827
556.4861888751911,584.4419024241876,14.029669323861526,8.476961642652896
556.9972159959284,585.4825934489902,13.94273575115028,8.282220847832491
555.8974628859444,586.0925736994559,14.00586172893668,8.522076832029597
554.8333617919868,586.8820596564387,14.118288901640199,8.420931825728076
555.4924456806757,587.847465739377,13.831470956571707,8.375052064052511
554.3536688483462,588.5270305424767,14.036041383723386,8.448843149010145
554.724784783095,589.5149333790171,14.057820042264098,8.366521849610535
553.6094470646567,590.2136260902479,14.122953778290139,8.471884431154649
553.9496640038456,591.9360230320417,14.152158755255073,8.723934596880554
552.9023075346508,591.9665051964162,14.043137940420365,8.262645239244534
553.2916727615739,593.5779562052439,14.013535054949898,8.747302309379847
552.0866780007776,593.7320543565659,14.154700679690109,8.119594638423678
552.5520330093318,594.7848007035209,13.98054725531722,8.074132732202997
551.4150053465414,595.7214731725568,13.956990167494155,7.9519412890796275
550.4167793251177,596.5611876629009,13.939584577134156,7.9789074895261365
551.0693029040685,598.1884472677093,13.82324988216999,8.465685627325911
549.9532906557303,598.3770205191488,13.94121014677637,7.855254139972999
550.4459084122341,600.0833590589607,13.858818572690893,8.351626247621198
549.3741723312312,600.8707600955927,13.828207882265815,8.245721834270853
549.6945949227672,602.5477591856888,13.872682088588476,8.573767708213381
548.6154348588387,603.291335366154,13.913390010825538,8.43407969355087
549.013928411606,604.2828067981926,13.922498851255455,8.343035047981516
547.9241321247723,605.0152880560713,13.963956941076958,8.34499428309175
546.8319628277864,606.0831691435462,14.076207198331531,7.951868601619481
547.5445717738703,607.7233814961248,13.752793879788442,8.451416512674996
546.2558722216811,608.446707623229,14.097967732725238,8.427752730057477
546.7098177100138,609.5169989585779,14.056446795149668,8.1861725613403
545.6482101720449,610.4340407133627,13.943006528769502,8.041513637806474
544.5622459250673,611.9510410014769,14.087572332383047,8.429929924861312
545.0156063207401,613.1447733185403,14.038168204136582,8.047819879577446
543.9763097686808,614.0646145405331,13.974432951379072,7.961356800816475
544.4055752702818,615.8057520098105,13.971299812143684,8.320523073210438
543.3902079924737,616.5155456844252,13.879024282149203,8.321658036836538
542.2783517544308,618.1825413253346,14.063619810517594,8.377419272741804
542.7529767261135,619.937268542519,14.09298034231324,8.573425892415116
541.6763814073748,620.6856416762791,14.102462765512769,8.479905689099382
542.0481705164871,622.44388987401,14.19368980207446,8.672079227459108
540.9093937532027,623.170718929304,14.241155253713032,8.612021440015951
539.7954992461421,624.3689260899118,14.290845037942518,8.030282425282167
540.3420710968167,626.1971417888883,14.14919412879317,8.350141534849172
539.2319186439908,627.2003527736777,14.132719157651536,8.11379767883443
539.5266484050644,629.0258135700674,14.301867426590434,8.393386472060456
538.5282626961701,630.5546520649893,14.176540813745646,8.731532330314394
537.3248311666446,632.2114435506992,14.463631176085755,8.778009968052288
538.0315553504365,634.0419144095194,14.21049944908782,8.91473327421636
536.752388867761,634.8874340161741,14.480381013801207,8.692767915913464
535.7173173615502,636.0686112529147,14.434589535047735,8.195898435654044
536.3482764329456,637.8288440906913,14.28289325066612,8.585738328141588
535.2262976201362,639.577547618595,14.346154709579878,8.657988769680628
535.570413307154,641.4357332299783,14.512804692369173,8.769658792670043
534.4348429271079,642.3225542550235,14.462167668581742,8.562606716527853
534.8249846659165,644.241804619692,14.436869232682398,8.677679749915455
533.5767032306331,645.2071752653737,14.514720824566098,8.415788704756778
532.4464771969401,647.0938715380421,14.53309914403917,8.39436612806378
532.8882171165349,649.0172020768467,14.415629726982843,8.557545705485495
531.7414496630064,650.1267433346611,14.383589751893169,8.182372389456418
530.6156791061538,651.7677609842549,14.492117206119588,8.539518277797242
531.2672419182959,653.6571007328976,14.344693167889204,8.65582648251359
530.0416346264184,655.4779099939706,14.53026598063127,8.607893563209245
530.5859543584978,657.4887566031246,14.316257859766324,8.617462899706993
529.3716988117593,658.5917505122952,14.420601629006455,8.203533707899169
529.8686502508219,660.4643746453612,14.339391358001308,8.455443500291949
528.6796100387796,662.1573559652298,14.334597818617567,8.632683656211611
527.4614221221427,664.0523898916108,14.532659888994203,8.491358786708929
527.9318559132273,665.9889889295836,14.409996678291918,8.617201363130448
526.7862278308686,667.1132060397338,14.36072725452675,8.181291838792276
525.6290659863653,668.7856079729502,14.491508734929994,8.509676664956714
526.1303286640195,670.7342827446157,14.434504283752176,8.565189003834462
524.9452755197497,672.5675581822591,14.42924606408701,8.573081122544181
523.8020200926837,674.2827608303062,14.536902679124296,8.675456277906846
524.2749167833983,676.3264864227012,14.50981922871074,8.582375253242844
523.0296137168777,677.3948499215248,14.57826067372207,8.251630468752296
523.4692925689287,680.0009767864894,14.504763321509245,8.896249423024528
522.2258584001788,681.8611536728466,14.489379017738884,8.773185571717136
520.9977634948615,683.0128867913118,14.562518968016661,8.276189916483645
521.3536772556934,685.5973721196872,14.63983024439699,8.961076636157372
520.217402782223,686.5278024668971,14.499798964497131,8.65968145394936
519.0317623292824,688.2642462522741,14.6260621502513,8.7372315721517
519.4392614369599,691.1282169971064,14.632932560821018,8.950252663014567
518.016939434508,692.2852056689135,14.778140641286427,8.381663805963512
516.876799358591,694.0295683107906,14.740839227631227,8.628316251486467
517.3356962084974,696.0389905120722,14.676461612510138,8.653385567824216
516.1236670273161,697.7746656186098,14.70829553029489,8.782006709502753
514.9478118444564,699.9081942914505,14.72306003054507,8.429731317274218
515.3332085893389,702.5771264936498,14.786681462820525,9.045897016756271
514.0638389598007,703.6524267035386,14.822579990722943,8.6456452985135
512.9083090015376,705.3359811613009,14.846960707738162,8.905729664104456
513.4327202377738,707.4239967420602,14.717095686052517,8.76646614205697
512.1963394340701,710.0818215669601,14.765288456464077,9.127478956372329
510.8655813635164,711.8854210363179,15.009513324777345,8.92678675573734
509.6188352027826,713.0251831888534,15.158447620894492,8.433116308015997
510.37537428263227,714.1790211138341,14.799869446516595,8.173558881751205
511.1916109528222,714.9966791953547,14.16128577958682,8.331480892057812
513.244409406629,717.1316240860654,14.678043950590677,8.444571273863744
513.7600744364559,717.1891715249722,14.499191350694218,8.26609721444379
512.446580973769,714.3323494004535,13.802537007076126,8.965576370875283
509.0755506590508,711.6970360602577,14.167891340571032,8.937479234961302
507.7453547755463,712.6383925168175,14.132016822020432,8.47044309152352
504.33446592008556,713.5777458405773,14.940141406852035,7.961005850058996
505.28753829918884,714.5969101609965,13.87921695779454,7.883628897428139
504.15749769153354,714.4516550590024,13.715169270143633,7.768499877585896
504.8597647405991,714.4865315645386,13.254978610052149,7.599069368710843
503.60207779607583,714.3211228667378,13.45592340918779,7.5011399916857044
504.2133398033609,714.1279606489127,13.190188213839633,7.688877384707325
504.7437312402526,712.9639378374704,12.992330307375369,7.938688406721667
503.2072025289481,710.6511602782389,13.942329342625726,8.078040598995244
503.9601401823936,709.3521582528347,13.467335935007554,8.373114039733764
502.7023657964803,707.1720736352653,13.915349371956154,8.138937168312964
503.32214807095727,705.0720288315589,13.3763799305151,8.136827777035592
502.09817144965047,702.8151365741295,13.85618769737249,8.111116691498296
502.90177622353417,700.8290756052139,13.302286299473394,7.948939745181292
503.4380682625112,698.7658085539454,13.258236071167914,7.9846882509394845
503.7211170845607,696.3961132969473,13.82759190840244,8.351487353654989
507.8964633581849,694.7519620659875,13.37882274851421,7.770894066412211
506.9407968597461,698.792063957404,13.10668475842931,7.490362837014345
506.9852056108942,696.1976902416677,13.817012297052713,8.353722264963153
509.09958831332824,697.4180598861626,13.794203836678435,8.10574564061153
514.946283178472,701.6819336493113,13.5080165829811,8.089696510293834
513.4670831926678,699.3920728292806,14.029774952230127,8.024987999463974
508.4250234850738,696.7400991605654,14.700177649983743,8.257503978753562
504.420419877242,695.1823213670139,13.49486422129496,8.286956803607609
501.78347638714604,692.605909380638,13.1796923424547,8.398490136835562
504.08637346831074,690.6469751784103,12.736166131438154,8.286533881163336
504.6623382942163,688.4803659608078,12.944801678573299,8.257878495827072
505.23108651442044,686.4923782924133,13.134818807594911,8.058672310194765
507.6077466167967,685.4577879282012,12.530988457861895,8.181359821602314
508.28026801223314,684.472334444374,12.226865206497678,8.007995321203452
508.8234766361659,684.3245197418021,12.401679263703954,8.054123872990658
509.2948724991154,684.2566037665817,12.833253549514666,7.978206692421395
510.0137855807966,685.0585408531874,12.7735382229871,8.010914461105017
510.6556181216615,685.9085330850787,12.814512526352928,7.992213852638088
512.94647035659,687.201142709551,12.210519080155336,7.64267353836965
513.4374147164931,690.7850063294168,11.995112020127749,7.917645990652659
514.0200598371976,694.9599809283973,11.772771039839654,7.3442834607558325
514.5494376258303,698.8562558657595,11.579526257124598,7.213400807894459
515.0449296622189,702.6947512354882,11.414267182302183,7.130394799318992
515.5451213371232,706.5000051192865,11.262350424243323,6.986575909954922
514.3242990165567,710.0059868175895,11.765314803049478,6.988575405140978
514.8856533643719,713.5197772658508,11.559866619793752,7.259386811415084
519.6366440181046,717.7030908379975,12.024116971246258,6.847225991928212
523.1183946731576,717.9491574167537,11.985092692310218,6.900399434140809
526.5745370242631,718.1375493017738,11.979168312258821,6.9861531950803055
527.040120866272,718.0883642088316,11.959599810642658,7.022884957613655
530.507050190797,718.3180946873925,11.933261719302436,7.011476675246854
532.4559598486703,717.7869261840601,11.936853150193201,6.759792332065103
528.4616660730725,717.3855871172012,11.879641230467882,6.853098314838803
530.4210826198248,718.2495076653358,11.842433781452314,7.018956633182825
530.8648927532736,717.6414381470227,11.854096102815106,6.703289355684319
526.8887993144335,717.3127495432964,11.826654533059468,6.739390790551738
525.8965938998349,717.9354436009351,11.768775328203333,6.919910249554391
526.3412854699378,717.952259292521,11.77506739833575,6.87087487000349
523.8448445985488,717.7031958418976,11.76791729303693,6.863828218969843
527.2716282066764,718.0135947099234,11.72890236064461,6.777262895208537
527.7341288648572,717.9700102716247,11.713325002162833,6.848198502067362
525.2503440958803,717.7174127754997,11.709717094218945,6.8446499935583915
524.2535526809589,717.6536450973246,11.686654570050905,6.763228210012471
523.2556246122597,717.5772221515107,11.678987296713103,6.727103019277479
525.1842216994537,717.7624739447162,11.605622521774308,6.68628674079514
527.1346055680139,717.9111582463954,11.548316232224124,6.690413078615052
524.6793134213679,717.6531665369248,11.576850643235844,6.736093223577882
520.7914281101024,717.3735843962534,11.57641014092826,6.647585277539065
516.8221240215148,716.0987284346198,11.65765914256258,6.884324971125693
513.3926598469945,715.1370495389915,10.606329167738522,6.608165351262301
516.3121495950041,717.8849180478181,11.40971976606943,6.628523945018856
516.7657896180524,717.9100681570081,11.406331454767155,6.616428982991579
514.3836143379926,717.6839781269571,11.366636967299655,6.620386489076964
516.276074115617,717.9026624235332,11.332389549848926,6.52463583430972
519.5822236226935,718.1378729765429,11.314020184026617,6.57302948885399
524.3066041712594,718.4716323571236,11.31386337624997,6.623265931879587
526.1885247752141,717.9283182543986,11.299186852908633,6.449886968352644
526.6722551530736,717.9058570037412,11.245697716380391,6.541406852414298
528.5439148752145,718.0480000802738,11.231887369230549,6.536804458485449
527.600182457888,717.9205850175156,11.230129097024928,6.570456245655578
526.652803182005,717.8373286152978,11.228430077462235,6.536203475010325
527.1342626521568,717.8970055264792,11.188901956711788,6.4860660905997065
526.1957429877913,717.8016583187124,11.178889945221613,6.494908723460071
528.0561937578086,717.9839826716668,11.166302829249048,6.448306244209675
525.7335266337718,717.7433775536712,11.14835473585174,6.499076064502219
522.0188516288622,717.4936971243687,11.10637988328881,6.4072792887486685
519.701733773276,717.4403686206929,11.075594050092832,6.28543221925338
521.5665212975097,718.2682652804488,11.024482797477845,6.493754281084421
517.8625988582181,717.8992080645189,11.030487124497881,6.524874958375108
516.9376502946158,717.8549349004415,11.00901416863087,6.434204960080251
516.0075505728258,717.8048462654912,11.006502518593493,6.385534901704318
515.0966169104313,717.7666691184932,10.991208803421046,6.341627941674233
516.9411284822856,717.9653702666183,10.976437549079947,6.306069499755495
517.4182156869665,717.9774253926781,10.93651664371987,6.356743971756487
515.1626994991681,717.7824307135159,10.899548840008038,6.356887916660867
516.9990218474956,718.001815834072,10.886128277271382,6.275950903220064
517.4749372561062,718.0099094274585,10.845039699948074,6.330955536421243
515.2161918909649,717.8111849574137,10.843649904416225,6.333717310226007
515.6908161567986,717.9000386622597,10.81531575112615,6.264163385589882
516.1481784156852,717.9462795176183,10.806179220435297,6.266458163017205
517.9701713036098,718.107844424653,10.77671052257051,6.263118219081889
518.4296435860339,718.115613549572,10.778419521312685,6.304573758647848
518.8966769462012,718.1373394189512,10.762860912276324,6.310445421585882
520.7109173655958,718.2810648632427,10.75247453984639,6.303422393734195
521.1723128267267,718.2776104040881,10.743334612617446,6.338210737753457
521.6270853288074,718.2873367627254,10.748841082388026,6.343442294229817
520.7499514607368,718.1684545755741,10.733982781384157,6.362408210065382
519.8449141029018,718.1035739097192,10.75990526935766,6.314543855770808
520.2979060751575,718.1332830061377,10.759226484558667,6.305843647958341
519.4229557389817,718.0445105468498,10.742412264238851,6.3065646657644265
519.9178985559639,718.0940512534836,10.69376096373071,6.277912511992554
519.023071605828,718.0110169730044,10.706995793649185,6.280104729494269
519.4830721953485,718.0615616912337,10.695877818932217,6.25463476407117
517.2423535080293,717.8702221924988,10.728909876960074,6.257176126757599
517.7091331723846,717.9642441555081,10.70487830593595,6.186275306996663
515.5225818835705,717.782873571231,10.662016501956145,6.198337465720897
517.3349090314075,718.0094468013394,10.623780317886258,6.125552030800463
517.7975545929402,718.0447867445062,10.613453419087591,6.164596935849431
515.6124114343794,717.8587785811487,10.587110372418351,6.180953816598958
516.0696935988142,717.9688470555087,10.56760246472254,6.10470960627913
515.2184367994194,717.9073482650924,10.543193896878165,6.122317652033189
515.6880118202745,717.9953084235257,10.521594790659265,6.084829228797162
514.8389591034879,717.9408068812706,10.507095041878529,6.094855978040641
515.3203750624671,718.0128087999858,10.45230893830501,6.07655084147143
514.4647557185145,717.9591028600578,10.466000008449896,6.080714045903733
512.3018261548261,717.8241980979994,10.461382413110869,6.047097597227321
514.0970508137516,718.0471437610529,10.417084474775947,5.994499964834972
515.8738276545339,718.1902654955217,10.396175973662139,6.044707688269227
517.6623730389476,718.3316120307352,10.363641596591833,6.074907947306201
522.0224370355558,718.6667880804629,10.37829241775546,6.1167202215766565
522.4753233858195,718.072457894674,10.389111897259568,5.965340568694501
519.037883716768,717.7747843748973,10.373674106779731,6.0261809887565505
519.515853203588,717.9414609222654,10.345376224802521,5.912250563222187
518.7050696196995,717.8990941532826,10.302367344319237,5.944181590467679
519.1794729696228,718.0027033396595,10.275780534170053,5.916344125645196
518.3820767035878,717.9573012989086,10.231250937204436,5.938728694711699
518.8524221177364,718.0502911684868,10.216181895809768,5.911930255692482
519.3289838248878,718.1161140782442,10.192459743068184,5.923986828143029
519.7945357986993,718.170817564119,10.18092785971703,5.940573233991131
518.9900178455727,718.1163649652196,10.164210425890474,5.9508154910522535
519.4504507923696,718.1962663587757,10.15931505131448,5.923539835699444
518.6388003719017,718.1439694755956,10.16363878301172,5.935234682694158
515.2904779627572,717.8959007448575,10.13701593566293,5.921955887250533
517.0224860960308,718.1546461460954,10.13485471485933,5.820822937452817
516.2308403385189,718.0877664782641,10.10666789758568,5.883731004837273
516.6933200382516,718.1749360805915,10.091906092734689,5.861793597175961
515.8929854651221,718.1266329258688,10.084349897619177,5.881576736542229
515.0961378429733,718.0990507473115,10.072251949372685,5.8664591313146275
511.77776092294675,717.8675785208557,10.051779292731908,5.8476415067350445
512.2392191505821,718.0311986361949,10.048652214946287,5.750737401372021
510.20602768525794,717.9025806907441,10.014840525066575,5.7753178736093105
508.17791702401513,717.8328744352539,9.98110780040264,5.724669048980445
509.898042369107,718.1015886539609,9.962697322833492,5.670139739252363
509.13852628525785,718.0534106361386,9.921201769882373,5.738688094480722
508.36939057468544,718.0505499323325,9.897909098821401,5.722739528206944
508.8421272483118,718.15723208183,9.875847259583054,5.703336714499301
508.08345972653547,718.1194498731655,9.852344694364774,5.734240743015675
508.5502765119181,718.206823207772,9.841674487040109,5.724497223548269
506.55314110263794,718.0669027191411,9.82872303167278,5.741932169300526
508.2533991953742,718.2820036663636,9.808751378812985,5.695102855172081
508.7282518969637,718.3391864227902,9.78620847210675,5.731375271788238
506.72687221704336,718.1965133193426,9.798060910144045,5.7442352198144135
504.7384368681717,718.0851278722511,9.789537120411978,5.714719064969358
506.4327838602986,718.3033092914442,9.77458874551678,5.668893826249359
508.1197682228491,718.4658447984247,9.769466304036882,5.705210671409532
507.3667019743613,718.3750065450911,9.752060133374755,5.776175158413025
504.15116518919217,718.133014007152,9.750559841705126,5.759061746447742
504.6041426046154,718.2527547805093,9.76035807426615,5.687498847837901
505.0823664359711,718.3225541549912,9.733229093119974,5.701813092808948
505.55118395537176,718.3917054140256,9.72526409052574,5.709018858809031
503.5578495736683,718.239676046675,9.73770888142684,5.731537780373856
502.79627413607045,718.2362979451827,9.73933606910532,5.691919728586868
504.4835501211753,718.4246617230954,9.730660632895024,5.682107280310561
502.50238212916446,718.2529466328974,9.730711150596392,5.734851223508258
501.74296062527503,718.2460756480804,9.734205047453997,5.6946130499565015
503.4286822331045,718.4301788760774,9.722407354513962,5.685836085931442
501.4585188183908,718.2587784406396,9.714051034140539,5.735293728168585
501.9240258407248,718.3626172955621,9.711610213699942,5.684870106519156
499.9469153024856,718.2219766832537,9.714874809237017,5.700729466252824
500.413932776277,718.3205535152058,9.707177020291283,5.669051778629182
500.885817612545,718.3835978636423,9.69013689816984,5.688500430963472
500.13194973112587,718.3336387370165,9.690701580503458,5.710624848036105
499.3718687142962,718.3068659591138,9.698156353067077,5.697431367242643
499.83632504079065,718.3824983310874,9.691712052958508,5.688894074388031
500.3011167492347,718.449275719302,9.685735675823764,5.694490169080723
498.3294717998185,718.2809644610163,9.691447844377308,5.732011568278722
497.5712914000868,718.2826910938967,9.705080344114094,5.678307622674765
498.034861374555,718.3656048643563,9.697134002440237,5.670810476389988
494.82751877394946,718.1054576524567,9.726661110813382,5.707440633643955
496.51442256350305,718.3267666393976,9.709678203304236,5.644075085543136
498.24003979456916,718.46013846424,9.64852902619441,5.706557049777189
495.04237825067713,717.6359474798498,9.718141841718364,5.5651990482542715
497.9675721930121,718.5302840193765,9.645964918345953,5.7077301126869315
496.02478576744375,717.8378720996461,9.630749646755703,5.534624793135322
495.28966262812264,717.9033295715312,9.622044033162581,5.4919554362707
494.56546158055204,717.960317671972,9.594567376505495,5.469990330084443
495.03414979480993,718.1091288412699,9.572389695328809,5.457442817322317
495.5139066018355,718.2006168043815,9.52975597910688,5.497014871276292
495.9925232772978,718.2840508672142,9.490079190262406,5.526197868045983
498.83837984252364,718.5655272005455,9.484940460966754,5.542268762418985
495.73904068354807,717.8243572511574,9.472602823736452,5.378282226623355
497.40762684693027,718.5565806608502,9.43094043993051,5.602443657838535
497.86452796304354,718.1563420413554,9.438244268392111,5.359146601699649
497.16228167245913,718.142973729001,9.410985949001997,5.425876969659612
496.4575074919198,718.1646334385352,9.39205243055261,5.4199911967655225
493.39241544134,717.9826220267089,9.393404725327798,5.422072262569827
493.87274067960766,718.159746189529,9.357817382280018,5.35289310168082
495.50814110184,718.3544412402705,9.334893397711596,5.391143456478176
495.9838591050302,718.4140390038574,9.304687901918385,5.45403275656497
492.9442695313488,718.1945874533379,9.316701900253292,5.471474487794353
494.57565272665914,718.4154009419251,9.328071268985298,5.422221392792721
496.22068203865814,718.5746679693057,9.299037716770613,5.465343208519016
496.6872636789516,718.1613168581644,9.29185117467523,5.276808164941599
496.0096162478563,718.1580364272653,9.249237756928892,5.338454033071116
495.3325138997228,718.1890661542172,9.217183501392924,5.330686652599525
494.6414624780959,718.2170017384302,9.212216504672313,5.326191991299879
492.80667246077246,718.1416585326964,9.195859552352658,5.328286656344176
493.280548903384,718.287873475143,9.176206803103469,5.292497032455913
490.31451806834184,718.0928841745346,9.145155685094267,5.329888820359088
493.07261221057394,718.4563182501181,9.143417417240073,5.25840852959891
490.1172860741457,718.2196275645474,9.118819610280866,5.35066479318948
494.0109666764149,718.6520609796587,9.117135942489938,5.2940837404983085
494.4838507296064,718.2258758280486,9.095805560289591,5.1694153161330405
493.8351452418748,718.2217027791459,9.051970539150943,5.241569947723065
492.0341235612363,718.1610548850485,9.044725067975321,5.236836440722982
492.5117758934647,718.3077358225706,9.02267184896823,5.20888551686528
491.85221797305906,718.3150078755527,9.010030069736558,5.242091448046722
491.1962623481325,718.3306611861814,8.996102306351077,5.249147670615457
493.92172041371936,718.6293217461151,8.979054165627929,5.2513045102351725
495.52121972081704,718.3258164951071,8.962549897290387,5.0981910822368945
492.62503173389814,718.1226147671226,8.941483927525951,5.193976705902855
490.85767263412896,718.1157871544223,8.926126381163328,5.1294169542369445
492.4575226269507,718.3686520796858,8.891307429820529,5.110836524678803
490.7043206538999,718.2665411997174,8.87167757760136,5.180073723501778
490.0616659105142,718.314155226252,8.864885903128368,5.1521171167144075
490.5345592752193,718.4331272803496,8.853364099522366,5.157981086469931
493.22760518931534,718.7242915824713,8.831690753513328,5.175333464336063
492.58827509281815,718.2250065202193,8.821700799329903,5.04092984821898
491.97057892125986,718.2593601446771,8.79164013366028,5.075352753706852
495.75321510760625,718.6761205891146,8.773805829493256,5.074296577712516
498.4276342440695,718.8657370108417,8.751113491215676,5.218638192858521
499.99057565609246,718.5422429377734,8.741431722990455,5.0569158278204895
499.367769503947,718.5067068386884,8.719822389757041,5.151377335816392
500.919396071015,718.6924076673931,8.758318946135262,5.160472695026328
500.2950685603588,718.2098217247321,8.730104813541573,5.001758564485272
500.7938807094846,718.3472150741943,8.66673934485982,5.02176258456484
497.99507217469886,718.1929231256781,8.550403758026675,5.052757792028842
495.16527363123623,718.1082223657809,8.63598337032937,4.986891827796626
493.4898271862091,718.1282887442467,8.581625890166094,4.934814158276481
495.0538257695032,718.4268979471135,8.521356750631867,4.891248577408078
499.00160631516263,717.6345556480688,8.498954246885546,4.690259856111538
498.43596254627283,718.2473013629733,8.45215905171898,4.864628779121631
499.9948135639136,718.5084032421594,8.377464721193348,4.852818684706563
500.46811434160315,718.6003812339544,8.325622119637444,4.928169463478412
500.9395101296386,718.6836822155774,8.238546266612843,4.974252560788045
500.29478379696764,718.6593905891489,8.346876058154635,5.020800236064815
499.69262369658446,718.6540858727067,8.391653989340853,5.027500742359734
496.9644673926798,718.4869575478187,8.40262426390484,5.02132570863489
494.23520541414325,718.3795812355665,8.425662564459117,4.955754392396329
491.5200403235265,718.2720647427416,8.427177890929272,4.91958326506176
488.81749168536976,718.1793655325375,8.425418265028554,4.8796591803857154
487.17426549248546,718.193868915633,8.419534772803047,4.834753087052832
486.6065947388815,718.2789091803705,8.388670984603152,4.824683651974169
486.033199667316,718.3376224963512,8.385348211170253,4.840771211795982
484.4223493550568,718.3062405338444,8.35477743691348,4.851956755684228
483.8354377187897,718.3681701072284,8.366728898303165,4.849298056248244
483.27488542573656,718.4084404635024,8.334482585775447,4.869688573454482
485.8674799433307,718.7137313723731,8.293705781718188,4.878652265313804
486.32457376290745,718.3293470658687,8.32564941973692,4.782728459792793
487.86388780881265,718.5256647231639,8.26733359638456,4.84612172400989
487.2436600916521,718.0502921768732,8.336714735255612,4.76395869581836
486.770278590363,718.115943176497,8.230844224959924,4.782560092393737
488.28118718343046,718.3929636087513,8.218956114832054,4.749788159778973
488.74527412385225,718.505243933671,8.218994730745749,4.807629759321912
488.1843817212914,718.5300085227374,8.216006167042906,4.838972384054614
488.6461335233307,718.6536030184968,8.219600764085328,4.8423802691943365
486.02811619750736,718.4854455699788,8.205345197220879,4.882125320485898
485.4606930014546,718.5646555613112,8.211959483091732,4.82492581841484
482.81327092640026,718.4211668561184,8.240076428700434,4.848439496822721
480.17876654834345,718.3105565153352,8.241146194244664,4.827308078860483
482.72737977831537,718.6449586665018,8.214443562348777,4.7982857768689655
483.2616947522881,718.2920274816837,8.137701146113614,4.6995526036403135
483.7587283444139,718.4034115321427,8.129860992619001,4.772861180618406
485.27314503345093,718.6168902445152,8.116187129025207,4.794194107122166
483.6680674483757,718.0568358940923,8.137783155423904,4.713794525174762
486.23646623340073,718.4286960489624,8.045777959245811,4.6805065341562795
487.68785102980985,718.6247444416018,8.11627886295014,4.749415722210301
485.1352496381292,718.0003985296835,8.055813122213806,4.6600420992731415
484.5780756165789,718.1302783116362,8.052488891807798,4.617787409942025
482.01852676437437,718.1178199292044,8.017471525216251,4.5692608999452204
480.4509890795725,718.1786164795703,8.04976369169475,4.54930119709752
477.97693635477464,718.1193127318757,7.95514921793125,4.565193786032523
478.47093538192854,718.3391640331661,7.9311720478904135,4.537319891679658
479.9053073670239,718.539129418315,8.024089152454906,4.615722864237341
481.43003509174935,718.281258189623,7.846096941653059,4.528935478901076
482.8870206607493,718.4662279999236,7.883135234244548,4.622251806738404
484.3439662371936,718.677450611591,7.87519338931304,4.648429748210901
483.8163354624818,718.2415240979866,7.8910606735817055,4.563863887855746
483.321966491923,718.3117805777958,7.871781271745647,4.583848370379201
483.80415995062117,718.4775820933137,7.8510774015733205,4.578963123580934
483.29354970032307,718.5041031002411,7.867805914831706,4.638496053377139
484.7426729463179,718.736762337375,7.868767477547863,4.627643413837859
483.232240479186,718.2525040870229,7.86474234954585,4.511999441633861
483.68558614005883,718.4499063202404,7.868158691763483,4.5035708955838345
481.16297029116686,718.3065910291018,7.9071417692500745,4.596433202735625
480.7205225488364,718.3880936349962,7.784898202232682,4.574753295244932
483.14870734509685,718.712333225628,7.804390955189604,4.572445204705787
480.6992727481502,718.1253778946906,7.800608584300164,4.490403190033248
481.13497530690984,718.3448076051051,7.8606799288814955,4.456432535019303
482.6205965786095,718.5916498498102,7.773019195725567,4.486334478487038
480.17956535717667,718.4345650010775,7.683895910175465,4.59174354257982
479.59881506344914,718.5137272508991,7.826602550108248,4.567648176404418
481.06135460662944,718.7338332712444,7.779613471493519,4.5795761549503595
479.616598461574,718.236693898012,7.754293844847723,4.48178683587571
483.00353723224976,718.6978288081161,7.744308641781288,4.444840321183165
480.5733328730778,718.5242884567986,7.727160932031211,4.5798458350597
481.0391032125563,718.7061458409048,7.736574116788404,4.5338184806269055
480.5408490975076,718.7295050642169,7.73128470672907,4.592211949525677
480.03301733803187,718.4007433842794,7.744215475536976,4.4010807997160555
480.5234870713464,718.5594398828587,7.708356839565852,4.453442817483165
481.9716859021579,718.7765391572299,7.680843577119958,4.504838440591357
480.50857380624603,718.6971147703989,7.684543723706838,4.5929242991796855
479.03287322753255,718.6705738782814,7.703729670065513,4.585815068582065
478.53852576773113,718.7175845003112,7.705030653783638,4.5910869942563295
479.98111692761086,718.5602436377085,7.704887258757481,4.389730347348404
479.4891546993581,718.5922037429516,7.699554393029416,4.496536768802912
477.0790250554458,718.492411700631,7.67405695723869,4.52068182235007
478.5102300574415,718.753301468456,7.683217643156468,4.491987360623966
477.05561012748024,718.6752726504765,7.6797630356760465,4.581648295789023
477.5164554242283,718.8180954206614,7.699058296157887,4.567763801761089
475.0945911119547,718.3033511109156,7.6792428417209635,4.40388435117768
475.57561066486704,718.5051990794532,7.6682481361378905,4.4024516972970105
475.095526651132,718.5678311016877,7.6666513486203485,4.459166541614877
477.48041352970597,718.8701238479102,7.662089834127869,4.490555166566878
477.948809115056,718.5565683510092,7.695851322288206,4.393458057261228
480.3588398006672,718.8472896576762,7.642000493964474,4.464358002626
477.9723326849481,718.3216620160051,7.600480846338371,4.354016976301978
477.50072431684396,718.4412261026865,7.581664932587387,4.361144098287127
478.94489982564147,718.6849186441451,7.548750371075016,4.39446153381175
479.406952665714,718.8021991022874,7.564263506089901,4.462092933568329
478.9477246921472,718.4796411506741,7.533875679767675,4.299305161614029
476.590526969489,718.4007001907446,7.532941350440979,4.363202988763078
474.2220992747627,718.3341248354558,7.544180908278349,4.378556420678251
475.6554697348822,718.6260652023952,7.504480551777874,4.341560893576343
476.14771170428435,718.3321141302484,7.474537029902024,4.275375664822491
476.6308862728798,718.4844090473505,7.483565038654319,4.339624525284762
478.05648409149273,718.7229544117155,7.458240199880436,4.366834242336836
475.7610057088214,718.1894562713869,7.363339996963475,4.286783182079489
475.28611661176984,718.3313579827774,7.410217647466709,4.264521119512779
477.592193662903,718.677917109534,7.437426714091259,4.279812291726444
479.03821943326847,718.8627807661953,7.350788677759965,4.374641010074015
482.27243583360416,718.8528129835258,7.40599569452354,4.221866059266404
485.5959720962693,718.7765956881835,7.32303767327312,4.207389307922995
485.15970162949026,718.7757229584471,7.259979514074132,4.3563352323117215
483.77928537127053,718.4137233330957,7.285151326870675,4.171571760192478
481.48752786816715,718.4108015262736,7.297019081084443,4.170568898597139
479.22656731375184,718.414992934283,7.2723684157951425,4.157494791715521
476.9762788030653,718.4154243387798,7.244968756246806,4.149260063146926
480.1791825788843,718.8609387579469,7.222312365528239,4.146967589544033
481.5923054108988,718.6714125504709,7.167044019265063,4.10117951000143
482.94973570833065,718.8631254071258,7.197246002429665,4.218101028125034
480.7290701646596,718.4293181809062,7.163018974864599,4.075287708027872
478.5159995649958,718.4199875156082,7.13523756913321,4.0937917113836875
478.0998632083115,718.5750637327772,7.121001137157236,4.082839215309832
475.91418138738106,718.534418562407,7.086408479935585,4.123682759910366
474.61467329725104,718.5940335026401,7.075906375047282,4.114660810091891
476.87244230738327,718.9270147338207,7.058526502397967,4.132225696125488
474.66088312057195,718.479450389837,7.080885462447441,4.029780015533902
474.2684522019512,718.6021120342684,7.036979256809786,4.0663241126485445
476.5096847402767,718.9303257643948,7.02341358920944,4.100379320136426
476.10597496460946,718.6227853177681,7.0226944079437885,4.012025314014295
479.24170718864445,719.0015452894052,6.982029047476885,4.085634603730114
482.3503180695609,718.9573063417322,6.991638256952115,4.026726139385801
485.45339823920546,718.9162318633494,6.969071862405372,3.9932403260115734
483.3289664450836,718.4750131321107,6.904395599123291,3.939237902928653
484.6719550013147,718.7644158568526,6.90771061367991,3.9665533433733344
483.44281503349487,718.7486593459107,6.859594910350779,4.071347178692122
484.7729508464011,718.9712721583289,6.879238487930593,4.105382918492637
486.1660414363008,718.7992898832017,6.68164491137469,4.005734864183296
485.73986458713534,718.4958804096433,6.721551971809276,3.9335609072807074
483.613621715382,718.5183280279462,6.737186944805103,3.9231110455103817
482.3658555540922,718.6100060015867,6.7557521106732,3.912075276984865
483.68872070740605,718.8730558267927,6.758472988166318,3.946630433901305
485.0204476727381,718.7468086301815,6.73297472352067,3.8550797116258764
483.81594229328334,718.7470745581484,6.685052139998447,3.9623616814203615
481.7529674190488,718.7234345027742,6.693168378136193,3.9694103000573477
483.08585367894113,718.9746573528168,6.663800200834203,3.979005277440365
481.85453740599377,718.6349797493006,6.687113081236532,3.862977869948736
481.49681539064113,718.7396723259449,6.659263986931023,3.9208426702002726
479.4380422448727,718.719192260439,6.679980093147947,3.9361468725969644
477.3950430612326,718.7105174933713,6.679851962504301,3.9315226378103034
475.3427248835345,718.6924541679236,6.689739648300474,3.9431120029203157
475.8259479643424,718.8830430800613,6.677668682423814,3.9515508862535853
475.45124965425055,718.6198983888305,6.703445960373585,3.843219221062668
476.7895782921399,718.8569630735208,6.665336915409512,3.9126200802400035
477.25433523137394,718.6888757481321,6.682873834196698,3.7954319620511114
475.25301237520586,718.6313616644594,6.618742672685187,3.902414390989861
474.0444960238003,718.6987820386826,6.652473537094693,3.8976256507683047
471.9998729646444,718.6719121408423,6.679198402539441,3.921076542215701
473.3193773550954,718.9387904595595,6.660175239605451,3.919725803092888
472.9554538429293,718.6710788467083,6.676925565759973,3.821895719279837
473.4487257076883,718.8265498496876,6.643884173618005,3.9074151998875095
473.9192441499639,718.9922819691528,6.64777648336451,3.945065740057885
471.85955394622914,718.5934043413647,6.6765543089962875,3.8276290401589677
472.35561461075656,718.7811950848906,6.630985779792127,3.8775596417571023
471.9863581973275,718.8673040015246,6.652857525491527,3.9370060144148056
472.4658585078484,718.7311386617675,6.6407065667032725,3.7700278243207777
472.1226030965028,718.8154381645616,6.618131652821887,3.877549234621256
472.59578539088744,718.9840589599852,6.615269909255801,3.919403694739799
472.23723242095974,718.7391028874094,6.623175629326113,3.7929278657146597
475.20878935465754,719.1160288474405,6.590191581301156,3.869160136442929
473.1972062181874,718.6801089529893,6.593481096144501,3.8180032333337977
473.68177530410884,718.8757370647775,6.572833979307575,3.8509155724559605
476.6460422760136,718.9264142059087,6.5474427722858195,3.734803117244496
477.93175649188424,718.7976597676388,6.58362108489564,3.7132382449499346
476.79990614226926,718.7896559533256,6.526016537785381,3.8532570223917446
474.8185043492158,718.7805390029846,6.516999761823001,3.8579303058612595
472.8278537368653,718.7712909803804,6.531073841414695,3.8613624396098203
471.65998271293677,718.8212840191068,6.539196442243053,3.8730257305718396
472.95132354629686,719.0683727103637,6.544433904959419,3.8905486138294236
475.0650933506395,719.0124214843675,6.553561153756789,3.7840151211162265
477.1988079835492,718.9508894081841,6.5217143952106085,3.7338116709385076
480.13823791658956,718.955398971907,6.510340981858917,3.7076386883335317
482.2771698032751,718.8840057044108,6.422267689147816,3.6978507851247286
480.3151326284222,718.811065643913,6.425464548013508,3.8275903265775924
478.338951251573,718.8129498006508,6.456178828764905,3.819171087126051
481.2472864167424,719.199717787538,6.4515582993829526,3.83710505790134
481.73057564405013,718.9703684139017,6.428283732511375,3.78407177825693
481.39257174446914,718.740292364125,6.435702420967857,3.685273726190985
480.26202212642534,718.7846235283209,6.415816878583087,3.763921342964977
480.74024889185495,718.9791769914973,6.4080673105819415,3.7872614556513327
481.21651527358847,718.8365499051815,6.398772772762641,3.6618748286565506
481.70048234855295,718.9864975026935,6.376396270029261,3.7743835737327345
479.7661676308022,718.6417268917893,6.3770483923959205,3.651236083406957
480.2511753517582,718.8585834075291,6.359214801379608,3.6900924131944066
479.1305036141921,718.898600998471,6.351076865834671,3.7567333868107653
477.19693674710265,718.8777267340352,6.36901759762668,3.7892716548669796
476.8784921800326,719.0020439324874,6.351496568265588,3.7949836557520484
477.3447268587407,718.8681661383453,6.36645201372653,3.6474810158352966
475.43176614050145,718.8231429622217,6.352747208747871,3.753605557505466
478.3044449784747,719.2212059209248,6.3451912380684234,3.7627350497243697
481.1791385944187,719.1934991983586,6.3335077967349775,3.725664097800518
480.06104121572923,718.8370932793471,6.339671389692853,3.700503757201659
479.747411070328,718.9501435407931,6.334046314992406,3.7512744402826
481.03326954842805,718.8997407480861,6.276727552619207,3.606034913421013
479.11054290339376,718.8457791039825,6.307882429726931,3.732110656753548
478.78684043413466,718.9832123279969,6.315368639253279,3.7371421047306512
480.87826355716584,718.9749244853606,6.225233724764678,3.614826265718534
481.37367632026564,718.7999258259633,6.098998008742001,3.5844092193931374
481.0172819287845,718.9097388170344,6.178832908041443,3.669214920211857
480.714812771382,718.735589259602,6.171573354948066,3.537470391160582
480.4036999875723,718.8448046426578,6.221498550908109,3.6340735680042826
480.9654498836257,718.6940622244418,5.941681386150606,3.551278292868119
479.03088372951356,718.7048731105076,6.0955729709185675,3.6002233441269027
477.187239473902,718.7482533345418,6.1026442460953945,3.5900165812855676
475.3479329145654,718.7870676147505,6.104078241830621,3.588706746017124
473.50898462605954,718.8161627417143,6.118570023333916,3.597589538877287
471.67704562849246,718.8387836204524,6.118147806913157,3.609360012390198
469.8425288375252,718.8511072914132,6.126826664242742,3.62742844817717
468.0101730052993,718.8621908403883,6.127609810186698,3.639567423398489
467.71236179339417,719.0051340606553,6.132952348839012,3.643249871645253
468.18406899663484,718.8881299095642,6.13668738736402,3.51423482098744
470.2080795520619,719.1810669331112,6.113691382632965,3.6183495542690025
469.9073453417418,718.9349290730102,6.125127553249968,3.5654029394000872
468.8479583549764,718.6988394085172,6.123559486752583,3.466014064731553
468.57688502713285,718.8409918688982,6.0869900491144335,3.5402505902756047
469.0552512842508,719.0383163931174,6.082148822647639,3.5880489357152783
468.76401758434594,718.8460005059333,6.087581722447851,3.487158665624861
468.49109036907134,718.9661947540944,6.063141379791887,3.570561431270221
467.44275752127567,718.743559606035,6.069671167031345,3.4455528371486253
469.44708217243823,719.0747796260957,6.044957331181706,3.5196211464053704
468.41585240999615,718.7977712820964,6.022849469044104,3.466363258809224
469.65068646631664,719.0616186411794,6.012198783486724,3.529968155066854
469.37290896386634,718.8593061624273,6.021431463281658,3.455751948197417
469.09859700636673,718.9799618344693,6.022174487786799,3.537655186055872
467.3276550401237,718.6966781120282,5.978549820956175,3.4171743036495172
466.30451428202474,718.7856182573477,5.999065629176243,3.4783246588654038
468.2964189142326,719.1195642475732,5.959688130681172,3.517324538010371
468.77131985673134,718.9654293279923,5.966045537150762,3.456989153800805
468.5135940723254,718.7920003195275,5.950244461696059,3.3850331984773447
469.74686188021235,719.0494380366592,5.933202054549156,3.4723275455750127
471.7207973409651,719.0487531387521,5.914590607313414,3.3980532903901803
472.95409537254113,718.9678176538165,5.882964658998162,3.3762905405297943
474.19710625813553,718.8871977303243,5.79938623361096,3.3607971219516912
474.6570504217585,719.0552911805405,5.814194043272948,3.4688210041413186
472.92526208045905,718.7892163142074,5.791495154399172,3.3420100383204954
471.1878444543893,718.8329827936816,5.824400118739561,3.393215990366002
469.4621329851069,718.865637377048,5.821490203003236,3.4335599240309875
468.4681054753432,718.6625336298202,5.826850418354695,3.3214405995804555
468.9468242394362,718.9069140279222,5.8212099712250165,3.3571939889461646
470.8852170636899,719.223312541118,5.815037544874258,3.4271020225118036
473.5483129424745,719.2534294022236,5.81402595962021,3.3821247513930075
474.03184158808455,719.0711215052227,5.805973030733128,3.3900565074379756
476.7016687901174,719.1344368610498,5.776604475499482,3.3270192565180423
477.18682311456973,718.9851978250265,5.749330548408182,3.3227965405451414
475.5032184111807,718.7084254031536,5.735792198963168,3.26787339757243
473.83017765323416,718.776928671806,5.715772633396455,3.3066087518328686
472.15777362360507,718.8398264294585,5.698196621436978,3.331506007556982
470.48051763803767,718.8966027873546,5.700025221569604,3.3504237592856043
468.80790301932035,718.937160780897,5.699844721425393,3.377635425384483
467.1164762052674,718.7109425981416,5.722913305342217,3.240024358712958
465.47357667843505,718.750725043168,5.674867116734902,3.315563520278488
464.5198034799269,718.859768930936,5.6886488791915895,3.3433009493173813
466.43292780628025,719.199607192548,5.666891803587646,3.367526913241477
466.18868482222894,719.0027087920031,5.68311077604767,3.317948379594668
464.5309601065403,718.754467450839,5.672171503132404,3.2259866030772173
462.8863247180356,718.7997703640169,5.6564909826016105,3.2950915359360806
464.0825188021987,719.0957044635959,5.641382983085691,3.317288063146407
465.2659535971698,719.0572526189974,5.647814266176738,3.24379424598726
463.6285849059692,718.7901829179355,5.62949679068339,3.200528275299689
462.0100977948975,718.8416679684099,5.5997457799957715,3.2659679246123687
460.3752000000519,718.9031958727123,5.609071050654791,3.2892809829805856
460.16173811074526,719.0667356353014,5.5915175369793815,3.3189026743278873
460.65141839198776,718.9638480069787,5.572827546204337,3.2446576064646706
461.13806291388323,718.8634000707966,5.565046902540075,3.2047638595954595
462.30546108659223,719.1239710263777,5.58412583527695,3.28809735178163
462.8045099684565,719.0069529283296,5.547360304338952,3.237560243058624
463.9692366446568,718.982166035938,5.566950539047298,3.177808263766906
463.7641907119023,719.1026130604833,5.539232798097942,3.292578088407481
462.1459752594054,718.85614762399,5.546662225406521,3.189179647776996
460.5486825343113,718.8948178892988,5.534714437802336,3.2606369444830534
460.33700721969706,719.0611565954732,5.524207549296989,3.2865092520089547
460.13047141600697,718.9077687536993,5.514280049295849,3.208435634414741
460.5939935221993,719.1111066724116,5.554167456822313,3.277520417280357
463.16783482442435,719.1917339471121,5.558273092363322,3.198801715833838
465.7509209320326,719.2329500658668,5.517637871716033,3.1978813156665638
464.1574459216663,718.9253856440389,5.483146610414678,3.1993358802612875
464.6322960379939,719.1503322674382,5.484103442094238,3.244577266846477
463.0158127656959,718.8916034820929,5.508184420803161,3.1716583788061143
461.42971296226995,718.6336727421804,5.470186262393952,3.136715752606733
460.52359181721465,718.7712147221665,5.51254249064533,3.1748351187741264
458.96550083049146,718.8344249458701,5.494672431852109,3.2090008521868185
458.77022273425064,719.0265641314415,5.480669661580009,3.2145200436917776
457.1926413712215,718.8000470829134,5.46879318942797,3.1218615078792027
458.36548364828985,719.0761545661405,5.439563235304661,3.198233232350958
459.52021922233666,719.045006583299,5.4577811623789785,3.1419296386161477
457.96392715204354,718.7733300903742,5.444889303622574,3.124378059689434
458.457456774703,719.0204232118033,5.416789142621383,3.1618647721352318
457.5767997116808,718.8595096041117,5.417345801532974,3.0792571257043164
459.423206393233,719.1905719443121,5.389023152154039,3.1636812512535926
459.89730027756485,719.0943431606515,5.395479055736189,3.1208336294657784
460.3820984464253,719.025742819497,5.376539320174004,3.0715805462241406
458.85349850935995,719.044996944024,5.348972440557702,3.1857508976155486
458.6501496650196,718.9580434675636,5.366963751588116,3.0645144745406014
459.81085897548445,719.2254450721668,5.349999828189368,3.152947422113016
459.62057125392624,719.0531552588448,5.350016785577054,3.131189249869749
460.1077582334099,718.9913487952108,5.3421653590294795,3.063865194722439
462.6153008480517,719.3536854772567,5.294534528666759,3.1650110441620427
461.06977324687495,719.0670621464976,5.311269651157261,3.1392177120899305
459.53247682345943,718.8616876343572,5.325445033070423,3.0421955162922814
458.0191596145257,718.9254271968289,5.311886704422079,3.1120675805037763
458.50015923190614,719.1702193256494,5.308680474618029,3.1333448527750534
456.97650314056403,718.9292030778851,5.313538390895189,3.069888523654413
458.1278394674591,719.2179536987333,5.2990300649398705,3.1213447537999173
456.6102328390096,718.9557483355414,5.302452549958332,3.085205844809593
458.42081036409195,719.2978745065802,5.294313444891259,3.130541339987758
459.5617024443586,719.243973068378,5.301143279102746,3.105263977456616
458.0483396507823,718.9714812361898,5.296245685937038,3.087661601168179
457.8654918385171,719.1415977048784,5.292008739935568,3.137321184035386
457.67838508505923,719.0195706916596,5.2958902808215385,3.061857703731448
458.82823172746475,719.0364506090336,5.279073144739755,2.9984753025313466
459.3223086057775,718.9752907650821,5.250594568133806,2.9855330055657987
460.4669557505049,719.2329003879178,5.231731856337831,3.0949131936540653
460.9421654794171,719.1486880388262,5.239359333430343,3.049707168558939
462.08560183510855,719.1303191381724,5.219396293105376,3.0129399715450518
464.52676488529585,719.2250545056881,5.22444014100779,2.988928345117529
465.6732266524305,719.1642258752821,5.197971142962388,3.0202903788757567
466.8138204668786,719.1268062760273,5.183067735804684,3.010902319429988
467.3100804164557,719.0216189957134,5.165152670481859,3.017021529540216
465.84645235228396,719.0803009716178,5.131404273932105,3.0780284894957504
464.36085118405015,718.9103098273861,5.1571006228545,2.953304039676823
466.8059214545342,719.2969986102597,5.060480771093808,3.034809477805311
465.95828967268335,719.1043255077411,5.134705067029756,3.0046564044021125
466.4424072381844,719.0760195993548,5.1258196305821,2.9308506419544074
465.64392696608365,718.9341529806838,5.108574169776148,2.899959917651131
466.14753904954523,719.1526012071047,5.0664980290189305,2.999678271464518
465.97919666718485,719.0415958860677,5.098959055942601,2.946531097330876
466.4897502382949,718.9895757213471,5.0395601247482205,2.9166081884186497
465.06638502303383,719.0536633570547,5.0330079987612635,2.994423102501628
466.18451052824105,719.0973321023853,5.021553151242642,2.893741391371236
466.0399952079723,718.9928598929155,5.001417771029821,2.881690124763054
464.6292333360061,719.0650658933217,5.001974665594389,2.9595125515472773
464.47918154652547,719.0164031275467,5.001087331876988,2.8561238138071303
463.0810768265169,719.0836935318318,4.986080857437685,2.9475780303469037
461.6765466146254,718.9371653583512,4.984659646021555,2.840546865098645
460.2894847400745,719.0273425340544,4.971456501083139,2.91147536363826
458.8981934930595,719.1149116026363,4.969487847105199,2.951831839377519
457.50016349383026,718.9595115312495,4.975654040431493,2.8466405825452057
456.114538831328,719.0465498588533,4.9651246330670915,2.9154326740402894
455.3529184707171,718.9517419549998,4.9577680563586455,2.82048758491419
455.22298318199284,719.137434813498,4.939610873444963,2.902781269724528
454.46277286167583,719.012846461761,4.942833526053278,2.8368803147276367
454.33303398387994,719.1881277575085,4.929403346458969,2.918998550378319
453.57525225328413,719.0591475677111,4.929506545340189,2.847638132526299
452.8254091830003,718.9477638151457,4.921180038546538,2.796734602003653
455.16062210168104,719.3477094594997,4.899239441273721,2.871436549457144
455.02686181803546,719.2207942519699,4.897783406375481,2.87167850444348
454.27984007699115,719.074741878012,4.89657578960373,2.8361206680492614
452.92790593372143,718.9116079266576,4.885373828618697,2.7857196309288383
453.4165796658611,719.1662439817485,4.867506967230042,2.8491795493491736
453.28890662299614,719.0924954339831,4.864964289571958,2.798356209149688
453.77445947559323,719.0794687877701,4.849257751258449,2.7641211448270724
452.44373617518704,718.9084021840156,4.828849227764351,2.751043735758458
454.74671523564535,719.3252419615707,4.815567037126982,2.8059787085225025
453.42032653210555,719.1073431512127,4.811547988905261,2.8138912741268314
453.3009358632845,719.0685395278415,4.804231265861915,2.7384705476943054
451.9786378071269,718.902261556022,4.791983652140857,2.7281379937910515
453.6581534034198,719.2725859757953,4.785406854848588,2.779305263906167
452.94747110157886,719.1001430751256,4.781949190797377,2.80079367622659
453.4290308764247,719.0860800875035,4.787713622136664,2.7515617086529573
452.7276800933432,718.9654369838136,4.768991615986181,2.732771614444573
453.21780122255086,719.2132278813993,4.753751181339226,2.8012837498189356
452.50807977759166,719.0830285401361,4.755153328225504,2.763925109629213
452.39328434371464,719.0354332340148,4.758360637666669,2.713319674771242
452.8897247501815,719.2683894325195,4.7291004905775935,2.8027127118233466
452.77333804108696,719.1776110511458,4.741062866458208,2.7727162696888854
451.47792039364515,719.0106748856526,4.732770651635406,2.733559930637398
453.1482228422572,719.3611694886931,4.723760438957868,2.791891752742231
453.0338627162846,719.2594450011861,4.729288408943546,2.7791816977959343
452.9189829159446,719.1744266552678,4.732887729246329,2.753271358053098
451.6281927598055,719.0146260129604,4.722833644828427,2.714653187804629
452.70817369770293,719.3168053441331,4.708310725067008,2.7771470905491924
451.4164508297933,719.1247150994901,4.706172436889574,2.7602014489590374
450.12624293774047,718.991591753846,4.706780752144482,2.690654188127951
451.79158952720206,719.3464802713648,4.69379877354379,2.7564825069209746
454.03772261201027,719.4481604083903,4.694800676021714,2.7475270863526475
453.93573039458556,719.3198624281792,4.685481357998299,2.7782979111789246
452.645493522016,719.1429003116712,4.691753518708197,2.742483660121934
451.36259975103474,719.0071675402417,4.685932662702157,2.681633217640524
450.0899398764559,719.1085837602352,4.675661030408492,2.756526659602514
448.8086140162567,718.9935966696039,4.679823623366303,2.6665379147017347
449.88353988569276,719.2956109427205,4.66139087973869,2.739715985993371
450.36601277150413,719.268049214616,4.659403412108418,2.714270387360557
449.68022739114275,719.1380632686155,4.656694167315663,2.7046751207525404
448.4158966436983,719.0039965925055,4.651970121172212,2.6550358887343464
449.4883509627714,719.30770325654,4.630952787780984,2.72542825234234
448.8085226360366,719.1786767517574,4.629445232289413,2.7075964727031305
448.7105023866408,719.1327067074158,4.6273498557332005,2.6613916567810065
448.6206138969009,719.0872031235863,4.614998519463541,2.6373676032123967
449.11165355695476,719.3160324095916,4.596738177681004,2.737021672888659
450.16900358266787,719.3494614007308,4.601712652432184,2.6911395027359504
450.07705337950216,719.2586948000766,4.594481217243242,2.696617326605974
450.5534199010382,719.2356046550166,4.603450467578909,2.6773566335544956
450.4656510592365,719.1529969111085,4.593735569573141,2.679164307940141
452.67215579087195,719.3201888409869,4.603150911958096,2.6206792535944032
451.4451278474705,719.1220721891818,4.568755417718364,2.6670548600254733
450.2059025366325,719.00402235815,4.568540983913806,2.6101634209949225
450.1225488796154,719.209652767983,4.556223979914591,2.686074181605477
449.46351895489516,719.1171524317929,4.553513762802538,2.6373505717360786
448.80351467532614,719.0435932708477,4.5526220006726135,2.594763321693904
451.00436604451113,719.4361447474121,4.524696314592688,2.6762804952613806
450.91362500512446,719.3326326279894,4.532770972398282,2.6924390784247407
450.8240995922454,719.2709266211193,4.536151237380352,2.657260320915043
449.5971717150045,719.1152088486706,4.535539008516139,2.6365475265629357
448.9472173683612,719.0493572152047,4.526017640347163,2.584322197139727
451.1366518453901,719.4440288250165,4.508361001878654,2.6627154318979365
449.91489611414227,719.2487580337113,4.514720388667911,2.68064372968513
449.25739792511774,719.1600217582223,4.524897274889497,2.626070882738418
448.04458318927504,719.0362768570762,4.51570135671534,2.586098191814017
448.53340218675476,719.2894969133397,4.501660278970746,2.6616047124862234
450.1435791317763,719.3840970471838,4.506012049895503,2.6195237179504147
450.6285021343002,719.3452021916061,4.498561749144699,2.639117231189971
452.242928284747,719.4202598960762,4.486379124241864,2.6277632073145014
451.03298274651377,719.2345295127154,4.4844548935244575,2.6482317155384862
450.3857860889784,719.1574998126817,4.486592908889861,2.5928408564094525
449.18218328950655,719.0425524853945,4.48109292355042,2.556577296445539
450.2368068214833,719.3506661121505,4.458441089424014,2.6284337544382197
450.71796554935065,719.3382709907773,4.4589862296940055,2.6100450810810116
450.640416380705,719.2757203345941,4.45860090594249,2.6032715986833637
450.00745939522017,719.1861757754906,4.452221159175451,2.5774582739634297
448.820891290307,719.0736893676617,4.441585145350416,2.54070531960258
449.8693567728463,719.3739984841209,4.42220508702934,2.620600862574179
452.01962791583236,719.5003146655072,4.425531169502051,2.601521399458079
451.38615513619857,719.3428958883956,4.434358945278632,2.6475915144878854
451.86892944828435,719.3404136217958,4.4325565638905005,2.606014232967027
454.0219621559106,719.4653390582989,4.434294353375378,2.5966757706660246
453.3674106116996,719.3219521556903,4.498981118133088,2.6273575073025768
452.24336923524424,719.1823764155009,4.2398704809157834,2.594378623856869
452.0971186119741,719.170174513968,4.386292183124169,2.5355777888794364
452.03353606107487,719.150461717376,4.3703718991112055,2.5122029787218025
450.86388627035217,719.2523761152735,4.36217469961548,2.6108832869300613
449.7074933102166,719.1373919590935,4.237367068747631,2.5532194446458334
448.4850624351949,719.0642544243469,4.356080016362625,2.4786144175259324
448.4327934448239,719.2780459398294,4.334803320770391,2.5614823193731127
447.8131331177134,719.2038527629635,4.354289334055238,2.524737769823446
446.6657842520767,719.0991809457973,4.340911729346942,2.4898284217428
445.52577714653506,719.2122574536684,4.318208832096445,2.576121421060975
444.3719051700458,719.1216973821164,4.326223641684635,2.5007178882405015
444.8568690859456,719.3740146758546,4.320670042796678,2.576788884701955
444.7913546137235,719.3321267700913,4.3292077674303755,2.5460869393781422
443.64234770949406,719.1997687616746,4.330540785221501,2.5293583449216612
442.49775917663396,719.1046665411186,4.325727403806752,2.481344946110653
443.52833029381463,719.4037273292083,4.310597138818878,2.5622030941650564
443.4655960601799,719.3524322165041,4.318163445146638,2.5466746134870846
443.9497662088048,719.3551867303574,4.314221587788097,2.5289726215019073
442.80484557032196,719.2131692144937,4.315941488327383,2.5294329356461276
442.7486484011156,719.199653484809,4.313421695735883,2.48844985122264
444.85680370462427,719.3710635535467,4.303571302162993,2.4618263756275383
444.2714726517847,719.2609769851422,4.28591123493203,2.503583977011658
443.1420516387386,719.1561173389671,4.2840646874294634,2.4716202778466823
442.0189692930741,719.0738651027694,4.274024670654683,2.434358709300227
443.04524114322834,719.3836028063382,4.25651346061062,2.5126079563493704
441.9230189032256,719.2506151640041,4.258173855787049,2.504472553377582
442.4052987068395,719.2895579907566,4.258475546371301,2.4583998644948224
441.293390434746,719.1707342645101,4.248533055651706,2.4581032616758876
440.1859167838451,719.0890379898171,4.235666769288855,2.4216523578988927
439.6152758382189,719.2629065333541,4.222720326002275,2.501750046897655
439.5622574189112,719.2575221236108,4.231095547437917,2.4527334954177604
439.5128364016673,719.2245015498318,4.233769669363028,2.45616596760442
440.01275874815855,719.2530312627471,4.207813995157892,2.4387471752376086
439.43935784814096,719.1953688076694,4.208950444481559,2.4253905065171466
438.3446986661588,719.1019355592459,4.201656783322051,2.4103803843181595
439.36062977720337,719.4123325735891,4.187563947976969,2.482044858416657
438.26387421667584,719.2871488351959,4.189576913921769,2.471783033204133
439.7994807792529,719.4160196759739,4.18988029204786,2.428180873626502
440.2868303722239,719.4051442498901,4.181983064466067,2.460392543327771
439.7184693441041,719.322176874301,4.183395702128621,2.4611641424795607
439.676309191733,719.3075499671585,4.184050557701255,2.4347152402368692
439.1157725593502,719.2459920951549,4.175752351920892,2.4229690610254693
438.030075587072,719.1573071078395,4.1718560699627005,2.3991239486872473
436.95219731093755,719.0870989985285,4.16307047724797,2.3696253596917813
437.44599434849556,719.3570386933541,4.142267052411171,2.4472964492238134
437.40784643882,719.339788705652,4.144349891225431,2.4254070833412698
436.8517211130794,719.2757092127608,4.143968892803173,2.4167181190604197
436.81699686823123,719.2752489855995,4.14081872354717,2.3896044780175316
437.3060862098559,719.3113169718151,4.128696600935996,2.3810783710445094
436.7599321257897,719.2453964658707,4.119890722316882,2.3915880731078687
436.7299874917511,719.2563835648928,4.114333266796109,2.3616825755025275
437.2197109647225,719.3010370737534,4.100965971582525,2.3539189557841382
437.19338637681597,719.2869233492895,4.093796341339953,2.3634633873321036
436.144459340657,719.1963475370837,4.080164293388464,2.3587452834622127
435.0974206219675,719.120042219432,4.076505645671261,2.3423681178915103
435.075958181578,719.1366282587487,4.068944785131066,2.3254191601624825
437.0939315742098,719.5268136256268,4.048989111002356,2.410167408823554
436.0466968940745,719.1939104639282,4.053245517619359,2.3253976231140996
435.52133745077117,719.1661592389903,4.042184443631982,2.3148499778105815
436.5157934483297,719.2768583366432,4.033489947508144,2.296431214622089
437.51633090813516,719.3603934216447,4.009726062091545,2.3086684002884112
436.4994741934253,719.2611965405093,3.9957811753187116,2.3291203691051123
435.47462869237586,719.2077300212522,3.996155811245444,2.2922077726904035
434.46168761997586,719.1381113108931,3.9925641594557533,2.2896508324421347
435.95334677329004,719.491675050986,3.9737713078263823,2.3664631209865092
437.434938496917,719.5839122406674,3.9784085145795984,2.3766797210097366
436.4119684288572,719.2706692840507,3.9839064715602035,2.2826843411020263
438.3991786532904,719.4414840069237,3.976298745996189,2.289948740178488
437.3976948732234,719.3269288270943,3.9579691550095504,2.3321553884117066
436.38688079704855,719.2605320188671,3.9627692340683893,2.302156295764348
436.8756198412396,719.3321058337024,3.9533207054162744,2.2719469853419696
435.880483120271,719.2510416009893,3.9406336612112796,2.2834489986931885
435.3790320518568,719.2438205581111,3.93506391251708,2.255807197188119
435.87066232291954,719.3148808530104,3.9204679983430424,2.244292503240331
434.8888879672067,719.2428568979385,3.906820782302532,2.2553110717535674
436.8464237161645,719.441178936996,3.8986329653755547,2.2347216616319656
435.87489495882596,719.3335184348807,3.882741853379173,2.2863399873148182
434.8936719830144,719.2772992973555,3.8848718167107563,2.258271935590983
433.9154956167824,719.23339875376,3.8819290802464934,2.2305731951041707
435.8726303748142,719.4358057021018,3.8561046240022847,2.2129806998559616
434.90398973786404,719.3331716376633,3.861238319967242,2.2653061000692105
433.9785783468012,719.3034017485218,3.6642911253258035,2.223887621929066
432.971723160572,719.45877676397,3.6781879996440807,2.301940123281838
432.4319276252452,719.4358044140954,3.8123031452702207,2.26689983555616
