795.0,489.0,25.0,45.0
794.9263873964082,491.52941567404196,25.391759030753747,44.9446142592933
795.3229747351729,491.6052948238307,25.24816546779084,45.40864959719181
795.6506300546598,491.86044749890675,25.260377603552,45.4610848332718
795.7323210832124,492.0300962588949,25.413404601034927,45.53842712840674
796.1138673982941,492.19971763713875,25.288566238092244,45.62692708545808
796.3513427818575,492.3771668638947,25.260599767550502,45.66792924814558
796.4754291817487,492.54067911323,25.292477903275994,45.698749014163695
796.6778862052488,492.734616093808,25.320047152063466,45.706925513607416
796.7929051463398,492.89155183311595,25.35890146755446,45.780665318723095
796.9866037963346,493.04884331899416,25.31494165982167,45.8123100352351
797.0362673074931,493.23685622331345,25.343559440411127,45.838986372082786
797.295382121717,493.4090658024977,25.22884461907347,45.89400280245229
796.8771692447485,493.6856688331725,25.60342127926083,45.33592540621953
797.4177595615381,493.60655618682085,25.3823919826184,45.889436325483075
797.7772779942982,493.7689782502748,25.285879465373228,45.94763435160348
797.846903646075,494.05055989398534,25.271379875187563,45.3874873198165
798.164929805786,494.0112049158565,25.306425846456705,45.867551164191696
798.2331665571608,494.28880271464004,25.26011395130979,45.323426145153235
798.5838111677708,494.22741370724,25.335151912729543,45.8052683348119
798.8508769714558,494.3462479856498,25.259185584093984,45.90433888633925
799.0822510482703,494.5612240133464,25.296531282436263,45.88670485158559
798.5817456181203,494.83700225281063,25.842820846057293,45.330939391353695
799.2484291947962,494.7729380664214,25.378266719448334,45.90295311972568
799.4993223327347,494.8951053567275,25.292151996025382,46.008708745381114
799.2654451647018,495.19748618795165,25.637563200518798,45.41758591267444
799.7149938928707,495.08990931121684,25.466791003090634,45.97561982491925
799.9198521294409,495.2554011130678,25.502593601505055,46.03796587360989
800.1543056507217,495.41559422140176,25.507763078982293,46.09541692552568
800.1282597862478,495.6863204024253,25.57869463024963,45.54992338217846
800.5554960406499,495.6029487830601,25.44671129661708,46.10172326606653
800.642645466187,495.8863742884125,25.45446074907943,45.554983946921425
801.0544749309583,495.79846231779857,25.39834888522546,46.06106592911647
801.3445178435495,495.9376860464363,25.303089889605644,46.11687279735179
801.0108534795384,496.2229411537255,25.640670792253673,45.515888724504066
801.5119763881098,496.12880652021613,25.512311199207033,46.09898445428826
801.618624851292,496.38763389808605,25.43177661812274,45.56627502033575
801.8190629263142,496.41008109732775,25.40170713453449,45.480633672602835
802.1645886721096,496.30543836805555,25.436725393030315,46.01574963544408
802.3951273451692,496.4370103791439,25.334523104897244,46.071836714672145
802.5106551348607,496.6420578836014,25.526195816284144,46.07410437653516
802.1017604397884,496.87921249106284,25.916790486608875,45.55284099432902
802.6628570974801,496.77459951328547,25.597658557665568,46.12696275115559
802.927529375323,496.8883836979039,25.567190276646784,46.214924415317
803.1972599586186,496.98397282214137,25.5918342875226,46.316272092526106
802.8962040658128,497.23705709416026,25.874963204062738,45.75938730732378
803.51223769968,497.1526729038869,25.64652797410065,46.27617894438572
803.4695231510905,497.3753010585965,25.643828218449016,45.802769286141825
803.8954238410661,497.2655110241019,25.538244161269972,46.32258852179746
803.9868376659624,497.52660310741,25.470092822539527,45.79109418138955
804.1887454081423,497.54671182439915,25.539737079759334,45.7052516900435
804.5391284498793,497.5216910952706,25.536092444799806,46.171046476793435
804.6271959652468,497.75693926392705,25.65242782716973,45.67454565448634
804.6885906338542,497.7553622498647,25.694969903028436,45.66421323747079
805.1327261007398,497.6686123881359,25.627323196315274,46.1972636640661
805.4692733483529,497.79137717128356,25.553520128554396,46.29483750327472
805.2824396753094,498.0543068973675,25.85126193573251,45.7428630338145
805.790165993343,497.95458817586587,25.613525515304786,46.28699340968069
805.9420821710746,498.1954091281077,25.575653724143763,45.76377379231417
806.3022877340366,498.09549506168014,25.56197228185738,46.290471848649304
806.2823129331385,498.3553146884092,25.705107099010547,45.752200676623715
806.7558696530036,498.2753011674947,25.64970151509351,46.287353041927304
806.8201397853298,498.4954826248095,25.56319024739605,45.813577878695014
807.1507142923642,498.43427526449227,25.561229860409185,46.30218764957817
807.156465036423,498.69073098662193,25.481346451578247,45.77398155289575
807.4411379227323,498.7196925189003,25.45287504615601,45.64454322139022
807.5791189944928,498.71081171788796,25.509056819109674,45.6123087155421
807.6003773195421,498.7162720754054,25.70706300961865,45.5773562496945
807.5622757899473,498.69080551043544,25.799545101106332,45.59369691411757
807.7618577387548,498.6597158681393,25.634722544826218,45.615756994021126
808.0324385700219,498.618318290748,25.558795765469313,45.59443515850944
808.2322270482196,498.5992840417666,25.56205429923466,45.536652747357834
808.3663709112166,498.5750195714754,25.612825188559555,45.51559167186565
808.7853958842135,498.533792520886,25.621397787678347,46.03951580712078
808.4154681387213,498.71325050092946,26.073672976536045,45.60576607421058
809.085474791394,498.6471610218846,25.74053137253793,46.175076016489356
809.0199480682428,498.8383808480198,25.860733566673957,45.74767303275462
809.4811994334304,498.73895359895164,25.75814097086004,46.36731845097643
809.367279747079,498.97031484706986,25.787589293982705,45.86076428652666
809.6811353145467,498.9634502538729,25.52320804770693,45.81928054351681
809.8459742391235,498.9613881858727,25.541390306703647,45.77004540601854
810.0712229809017,498.9639870853798,25.49370791016372,45.72771858469673
810.2160512435596,498.9606135394424,25.516640615077677,45.69395672829705
810.3995115241056,498.9578638651419,25.504675452026163,45.644050367301816
810.3379913395463,498.9434971438882,25.716419214079338,45.61695705951388
810.6483145886584,498.9258549436963,25.58283476376039,45.58673806842717
810.8349066658291,498.89953398331295,25.626196356540504,45.58639600580307
810.8686381858424,498.8679274133119,25.72154638774009,45.59253634569336
810.9780947227109,498.8360044155088,25.662382740244993,45.599799637997876
811.1475554243764,498.7941373787728,25.656442786032244,45.593232775277784
811.2190720231988,498.7518033868505,25.717082491086558,45.607719915209714
811.3959627826645,498.7236100071832,25.6664436970251,45.61003366724026
811.5039794193092,498.70348228749845,25.65992410762624,45.60530220658757
811.4790922829333,498.6571285105099,25.74903462196255,45.63429083797098
811.7455869714665,498.6413069948794,25.554731492591145,45.61210737852889
811.8129601763253,498.6143377694707,25.616154393299098,45.600954305596815
811.9796077066089,498.5911917265523,25.61964059082925,45.583422718293264
812.0895533968558,498.5636103006236,25.632286056923363,45.583093812835614
812.1910607976129,498.5541365124516,25.637740918741656,45.558393810504185
812.3779845523671,498.520911054065,25.544037394830752,45.562764243719016
812.4949833491553,498.50987737208834,25.50732334227189,45.528128908017266
812.6168713002951,498.4959016888181,25.49373645296373,45.50093142640549
812.7836577333385,498.4789788102971,25.451790680079398,45.488250899300056
812.882898521752,498.4671333177407,25.49503990573203,45.47358972985353
812.9231555535675,498.44819068511356,25.567274788622285,45.458407116661306
812.7415080071187,498.3977030506521,25.811844001369536,45.47691624367371
812.7120248342653,498.3113682961589,25.797201284107587,45.54743857813594
812.7132576310277,498.257024650198,25.760460539009273,45.55176845808501
812.6849369793895,498.1859900815805,25.837808503189535,45.579128221232054
812.8611789129541,498.11224243097604,25.73650326227346,45.59866728148177
812.6595758480389,498.06519155080014,25.97561807978991,45.61222747382544
812.949872455217,498.0074823796367,25.652544015042167,45.66250838730582
812.7404282660452,497.9828396075429,25.883652316967982,45.662627035399396
813.022220525656,497.9372605206522,25.563659437409,45.70026512163463
813.0774773782788,497.91526356421264,25.62045670866121,45.67619275003108
812.8564016369819,497.8901423679372,25.782718977646937,45.670945189179974
812.9387446796413,497.846021725607,25.538429556483152,45.701462618601
813.0501341948144,497.8401900365966,25.508357400703517,45.64723969987017
812.8332151874052,497.8178466706013,25.711923815597288,45.61425957200754
812.7822294908989,497.76145690672274,25.739541171084852,45.63295165926593
812.6313988965995,497.7312179489372,25.91136707858061,45.631562407044385
812.6194978784065,497.693792824439,25.86117729199873,45.66808258449191
812.5928155334876,497.65690066134175,25.87655712351966,45.70467398403605
812.9849985029559,497.56229261638964,25.742350257084126,46.299691922899456
812.6299914358633,497.7781110829744,26.04599450239334,45.82245561853483
812.5702633760028,497.7333477463644,25.90221767444018,45.87803477800753
812.6824736731905,497.70636432637366,25.762999775976823,45.88333502948899
812.9367881048198,497.56968497121943,25.741919128855102,46.44339970473368
812.5257251394423,497.7926410990176,26.1103097967507,45.9275924234438
813.0137121889009,497.66070671231455,25.71247998529884,46.53799683795114
812.2533119390339,497.88318354026296,26.379282981240294,46.041999885283076
812.6420182260363,497.8109228822814,25.760392429614967,46.10815113202489
812.9390272365625,497.7081509776108,25.741574056154832,46.65265234497076
812.4510261544929,497.9323491695725,26.197891579668067,46.125470727969855
812.9527644440323,497.796576821298,25.75962640564478,46.769334638290275
812.5517339831531,498.0340909456845,26.04866085342337,46.23811099067484
812.8010183264407,498.01732360358983,25.66660624518795,46.213828667327675
812.615758453845,498.01721987261,25.830962451349478,46.159860089557014
813.0439648329029,497.9520045146746,25.618950779081842,46.69439687421357
812.5483796882095,498.206676802336,26.040915718915585,46.1382968469984
812.63543774525,498.1850493866659,25.744318937485787,46.14674841215401
812.5113042566941,498.1773293520373,25.821802511545343,46.099835125204436
812.8972306283238,498.11658767616973,25.683833141475702,46.61169968621107
812.1095934964078,498.3451547149332,26.38838157715918,46.09944232136604
812.7892033559388,498.19673894925404,25.57954048696581,46.743354712717746
812.1536353956963,498.4458908410247,26.193217842703007,46.17344285027286
812.6548375093735,498.3039932479551,25.68978027657704,46.77562310641656
812.6083406979777,498.4452868500225,25.791107814059387,46.7918363921674
811.9285511843909,498.6877965363144,26.429841682790084,46.225794019361274
812.5082109769105,498.5236783516734,25.784465016586182,46.88084571581203
812.5244327996779,498.6659033507167,25.850782592367977,46.91479572231424
812.2095060545712,498.80027381768423,26.17226498961304,46.96524133783714
811.6745970211261,499.0295030155903,26.40026292237087,46.45424813034606
812.2191403303789,498.9164763605336,25.822483922602032,47.069814098004485
811.6841170155585,499.16613261754264,26.273603651952726,46.51851009356051
812.1364532892367,499.07439604435785,25.820219286341626,47.07927250899411
812.1517226682239,499.20512024231675,25.630687856323334,47.161531511418616
811.5560373902001,499.50356655442374,26.08298903762693,46.511955553883126
812.0438179036669,499.42120385975045,25.79183323450684,46.9850554579217
811.5319618762733,499.6332081925791,26.019204867592634,46.495265347994746
812.0305348290714,499.5635584650063,25.653873480368247,46.980366743064224
811.6645637123202,499.6901667755119,25.906507879521996,47.00683799171111
811.8924928558914,499.8432407092912,25.69597340215853,47.012378705998344
811.8646441806704,499.9997022398984,25.688689105611047,47.00345380163344
811.922240192345,500.17047827880106,25.687111340491242,46.96777957682548
811.7777663546358,500.3378218717153,25.754828837421655,46.96578517536818
811.7009559826903,500.47857742021915,25.74972005236816,46.969881191244895
811.2131078853326,500.7401136474043,26.10914037662667,46.386197236746966
811.6880358235042,500.65489546781555,25.738967402331582,46.91434322920679
811.7177066340358,500.8197746330636,25.743585797138167,46.9381046786217
811.376824083191,500.9849793577789,25.943184619870294,46.99961996355432
811.5422709613865,501.1873436461192,25.74337892596327,46.99374269763803
811.3776000496149,501.3469609181939,25.86352481048607,47.006442324081945
811.4662523285049,501.51744152230276,25.760350578259477,47.00110062367969
811.6009679523548,501.7134186690091,25.743302180310707,46.97520416416228
811.0787386162576,501.8927992032977,26.15920943002584,47.025649090462366
811.4341749308595,502.04785444220033,25.723903548974135,47.07861294005011
811.445983034806,502.25309631436176,25.763415506888123,47.05295502636909
811.161080198221,502.41563736477747,25.991181536461227,47.07372536763751
811.371564716899,502.6008422414088,25.776486581076597,47.06839723011035
811.2112215593058,502.8009048108927,25.91643413045847,47.06852172066192
811.3034795338319,503.01246277068367,25.788557073476795,47.08303586227089
810.9588020375559,503.1892106576406,26.038484085033588,47.09428452458121
811.1294345747054,503.3636517352254,25.7483350370278,47.119868203219994
810.9289867659986,503.5439425054765,25.86377460019594,47.11532965106062
810.71737990051,503.7282867212996,26.02389919979521,47.10011211875758
810.5936611671286,503.8852334850535,26.019529505017545,47.11556256745894
810.3732317001168,504.0500244562836,26.167532463029715,47.14114429568383
810.6028793398004,504.19091041678803,25.887501369409165,47.204281404772246
809.5907587360225,504.416762564445,26.74763782050377,46.63893652647005
810.1567074557049,504.32132253245027,25.936638395986847,47.28531157518273
810.3153309352622,504.5705919368686,25.913956357461075,47.27199118263479
810.0912610968568,504.81199949615075,26.160115131426664,47.25243292779123
810.1094950899715,504.9649196438909,26.007091219245922,47.33672497094301
809.4589612008622,505.22533426296263,26.480386381162248,46.76649104392334
809.9736758258579,505.15067044186094,26.073265403019377,47.335044007191414
809.9529527797249,505.3345681285846,25.996802754190867,47.414420111321306
809.5864656581539,505.5021344068732,26.235836192673787,47.42729085859696
809.809853391033,505.64878133633374,25.960504487314665,47.47729875744153
808.6090833467824,505.9118650560149,26.89982669677829,46.84911652369624
809.3280952147437,505.79823209927486,26.05319025689107,47.48199331194428
809.1261627478677,505.994584181954,26.122850028929633,47.49828418478023
809.080174072221,506.19642900675353,26.14225670504004,47.51957637233318
808.6717386177406,506.40909189620834,26.445789215791592,47.52902950994121
808.9776731929519,506.6143648412062,26.147792830711296,47.571312890894546
808.2887583159118,506.78287688762066,26.6855669802153,47.60672453789721
808.6124890548735,506.88767611710045,26.12005331678347,47.729927192028754
808.6833671972242,507.0498810725951,26.146141527855775,47.73373748521351
808.1753587206176,507.2295320087526,26.582179615782707,47.70308222045969
808.5254249042014,507.4037815051415,26.10661462597136,47.7546757391392
808.0642133558827,507.6200947009372,26.429898068465036,47.74151513344725
808.3490313450629,507.81618322418853,26.07832223895207,47.7828625937409
808.1249354974792,508.02229499282384,26.165595748012947,47.80222246849155
807.3740278178689,508.28629721145717,26.59532694878044,47.167766243765755
807.8772402723891,508.20596447010485,26.059515971251813,47.7741815095078
807.9664700994686,508.45680339515934,25.880968764142835,47.75410154541078
807.6363887740271,508.7093796627105,26.15999631396096,47.70219614824691
807.5525317796574,508.9124137019819,26.03363692525477,47.69903455812232
807.4959178003993,509.0910146613551,26.082070765868252,47.707566295018296
807.5082474384996,509.334235315941,26.037814040765625,47.67369646297925
806.8470949370599,509.584079910137,26.51740158353732,47.62223402503423
807.1632302704029,509.77536166814843,25.950771539594257,47.71089548891746
807.1806723491289,510.02496669053016,25.991638462995184,47.65946281958804
806.7638220926735,510.21850682941704,26.312137130729525,47.6631082305978
806.8616714225088,510.40084310255816,26.047354894916225,47.69396014794302
806.6054598874413,510.6108625383872,26.21395048531099,47.70018024999695
806.3810313526064,510.80393276108407,26.26787098208615,47.678128668517274
806.3647371559757,510.99580244689423,26.088804709513624,47.677006068191986
805.8921365290003,511.14894284007323,26.45835223992981,47.67473664269096
806.1418239494874,511.32952990177455,26.020360258341952,47.703153772488804
805.6405057600577,511.5707575392016,26.500888062248805,47.65646869508964
805.8998421742269,511.75011868426645,26.20943151705137,47.739747138887196
804.9980401494327,511.9134191664616,26.931423036328056,47.762799190722035
805.4918981138306,512.0563013197566,26.285859291229713,47.88012271800699
804.7496647555272,512.2829177201372,26.761124463202577,47.328273418619574
805.2130567230083,512.2026901473978,26.302160034788244,47.91153028241774
804.4131741315546,512.4227125851771,26.75771088272768,47.3481728525303
804.5926875343162,512.2968684557834,26.405881639919926,47.409805503619964
804.3944526609448,511.24799731087296,26.565398094525335,47.49697874938465
804.1358002191892,509.01757279539686,26.681370771115553,47.74574083091693
804.2871979322936,506.43449282298457,26.106061100388615,47.6107767979687
803.8550003090618,503.8555523431945,26.285422248155555,47.48199957649308
803.964759899398,501.15591953480543,25.89662792070328,47.47252204684014
803.6325204567697,498.40456987897335,26.11918498036357,47.421064815338354
802.6379785740296,495.4446357101183,27.033264505357124,47.43955878035774
802.7598714724547,492.1237090040522,26.67508573633654,46.04152941186203
802.1527247721515,488.28140604400056,26.77738961716568,47.5529350306976
802.3924810976932,485.1683787522304,26.3471035763323,47.655983139583896
801.7864715730539,482.0183270772783,26.62253938149661,47.65866197717355
801.6877038680473,478.8995628175123,26.402721300327812,47.7102943536583
801.5478600022797,475.0715838229188,26.527962450855284,46.231467907648266
800.7905388978179,471.5437820799471,27.04536263110458,47.42565092003446
800.7419003796729,468.44742943095804,26.50637532861822,47.60623340720332
800.7487131116827,465.3637247442243,26.09531648598454,47.6789273034193
800.33389833866,462.3094219364567,26.2865564384972,47.63890507165928
799.7841380865902,459.34065837566106,26.738027701620013,45.443943965081075
799.4066477494416,455.2817157184504,26.62049835013977,47.450552152314685
799.6407253332997,452.20795001552733,26.17733960605301,47.512895321366386
798.9296690256347,449.17261200292387,26.707259749700256,47.47452479054829
798.9829107972224,446.1661311892862,26.265429071976996,47.49293048034639
798.2661048767754,443.19383786070676,26.856848903320838,45.390338620497175
798.4033632572861,439.4496561688229,26.29130426250333,47.150190305239505
797.6631280542292,436.6442808313045,26.827118888647647,47.08413183364155
797.9774123057261,433.8480188213877,25.951653063992126,47.23125182573955
797.2512061505586,431.30485302642165,26.543499675020712,47.10382557198068
796.8695884757708,428.54358270445834,26.54995992127408,47.07162298251552
796.77867837841,425.9418482671473,26.193158994513396,47.07484610590916
796.6727075948116,423.48862276019133,26.04478519976226,46.95843630684084
796.0174721645237,421.821642033344,26.643647750680998,46.125139245790194
795.816939377668,419.46018821269286,26.435376081852382,46.33819976191103
795.4772959341813,416.5728814844822,26.3551738713237,46.88114000755172
795.1281586102748,414.7646977193848,26.586393213190945,46.33298640721978
794.2705633237938,412.6664513373229,27.203311944496704,46.396443969488416
794.3729794164049,412.15731174549967,26.632043029796705,45.2220935267556
794.4922603992961,409.131180329039,26.360381460314557,46.65269483252371
793.3474768977217,407.3079342311547,27.2847582319838,46.35644048352037
793.6907474578295,406.98736479319314,26.29572231576867,46.2455353531775
793.2905079312804,404.26400310746766,26.589813516959225,46.76443486778834
793.1752988101221,404.1378602401426,26.37362561898692,46.87519899925678
792.6412500216557,402.4296892478477,26.831297738725084,46.56954376729823
792.6953818662103,402.0179453462165,26.316015043650168,46.95071252797277
792.2374737590776,399.8649345241014,26.4903762865913,47.02527603585719
792.1031766864808,399.8089658143235,26.32010105637937,47.01723243568449
791.943750924132,399.4709839252288,26.374523632457112,47.067313424595454
791.74343574103,398.64436544448654,26.413370898193193,47.39230618884778
790.7788456932149,398.6402115998935,27.0658238642892,47.080461695259146
791.1401757893984,398.6699449925818,26.372144718393884,46.29290601934781
790.4380984430029,398.2293102800336,26.939072963938656,47.04422342738599
790.5837199816733,398.1497785579784,26.46318926334743,47.138346243303886
790.146760963602,398.10367364229137,26.91900314428176,47.69875200150966
789.9429084064227,398.2864060775437,26.72077637215807,47.84600065338236
789.8046779647425,398.5574651850329,26.575128750221552,47.90243841741176
789.6723082527933,398.81847341900175,26.423619591791976,47.95432274422069
789.3311739394555,399.1090884012892,26.57382719487316,47.951162089654645
789.1171237131916,399.40761983552557,26.548246560585312,47.97755589855376
789.0201457067585,399.943958120818,26.519780404935545,47.8979947662292
788.301232028256,400.2236343758841,27.012698858313342,47.983776461310526
788.4925342214601,400.615561053492,26.492296602208626,48.00117143082343
788.2142196399782,401.0259390181586,26.56259308895642,48.046219086971405
787.7213903565023,401.3479275963491,26.848444151748254,48.12814505779784
787.783513755436,401.9523887538087,26.475968340073564,48.05324356962706
787.5059282352258,402.3929514982482,26.583553475901454,48.12680474106776
787.0195267853676,402.8530061595502,26.861577487858767,48.09847266124507
787.1853815163395,403.278372983174,26.35561151006459,48.16662577504417
786.9897263443033,403.8079639328539,26.51550938042078,48.097600249185234
786.1295447133539,404.1998351137172,27.148063850728363,48.115170224889425
786.5412465538142,404.3616293014518,26.290063098380074,48.313924323114634
785.4859482714883,404.58020278578306,27.20540095365959,47.71716868164242
785.8376237792488,402.9393078164047,26.629891410026403,47.2859289109781
785.2794956939233,400.8988209556835,27.031551055019577,47.46554833726839
785.2210352063448,398.07923500744226,26.648464912011605,47.79111659868329
785.3542756617326,395.6384604072035,26.319607296898198,47.68992827596435
784.5081426573051,393.49527527831106,27.07546430248817,47.627025124629654
784.9152745568517,391.29216066239644,26.38757781885579,47.79299551613076
784.1459269176266,389.1244642942761,27.03071931980412,47.85257313662032
784.2613725126394,386.7069854746412,26.55518789832786,47.69208177321906
783.3651022714366,386.38570276846224,27.300332610229816,47.47596736508001
783.9786998721738,384.87722463249906,26.23380580580033,47.748694266142934
783.2064172904584,384.7552809970439,27.021345667424725,47.59094297800766
783.5613999846842,384.32139069638697,26.279292666187757,47.58073952436507
782.6287529501669,384.2022241697696,27.059361143712522,47.53855295246194
782.9618740725863,384.0775760207325,26.296615506164585,47.60129250586033
783.0321677417619,384.2015105655523,26.373588393620594,47.93781912098041
782.0625012508222,384.46543277817136,27.34863237668708,47.95278476826593
782.6184013632114,384.6833116638504,26.36231308443621,48.14124035464988
781.4939890954302,384.96975869164453,27.36559857004704,48.139583631904316
782.1151512757568,385.2210532768895,26.262724931840694,48.37652041687306
781.1718348013087,385.62895783216254,27.161051441427162,48.506938642026626
781.67669261368,386.08476438970047,26.312127191209015,48.74079224233719
781.3357352624109,386.69870077643895,26.71970892889567,48.51541507251011
780.7533499309402,387.2074303392609,27.09512949833163,48.92625816467478
781.1334607081267,387.82323610372214,26.485770140217255,48.583058392499424
780.1565611491142,388.2703687052374,27.365009608819946,48.71004280710906
780.5593720175933,388.77279709282834,26.597532996173186,48.8662449375463
779.7571703986159,389.27768757883564,27.269374052425974,48.76837358032162
780.1624519658767,389.7993304149604,26.590627168424135,49.24277062893543
779.8313963758492,390.4662324637811,26.88498681728902,48.919892419175085
779.8823312519378,390.9865275659504,26.706804165803533,49.04317695612917
779.3488949574303,391.6072364643305,27.171941516799507,48.94051672857631
779.4124293617579,392.0813274471393,26.91223807228789,49.13076731882063
779.1417011193876,392.6940443428706,27.11904914086915,49.64495278804691
778.5289836318962,393.42500374697715,27.608795387847522,49.14332136450014
778.7446583700779,393.95102421066304,27.292158758880987,49.42102240115628
778.1901348542201,394.55007280655354,27.624936264376743,49.44417890740624
778.2979118299509,395.08460968202417,27.339186237979106,49.55207270795654
777.8451542358389,395.75621499114584,27.61313739516811,49.71705768736172
777.6546293811693,396.3530297130892,27.550167667294886,49.63593750390055
777.6534680498528,396.90306005206367,27.35341941824629,49.79284050622664
777.6038259227311,397.5430574108324,27.478839290119822,49.829246745936985
777.230373589744,398.0471240924003,27.748836336832028,49.784315616309414
776.9582399664341,398.7005349611036,27.765751475810703,49.99856831097202
776.968939231112,399.3194844042433,27.61059207917924,50.07055607162965
776.6217004526907,399.89264734325843,27.836249219720912,50.1048463890038
776.362414684131,400.4946733093111,27.849216815999057,50.20213362964114
776.3032397300727,401.02624820807796,27.6973669473241,50.25963852441009
776.1687930909138,401.67260948591115,27.743983315473315,50.50860114589045
775.936392606467,402.404651103245,27.879379386237815,50.375374001900354
775.827580436495,402.94401161705866,27.71862081260133,50.36420793089644
775.6992739389852,403.53165114227363,27.7320420412849,50.3696494486245
775.6354745237179,404.1191417657401,27.737268986760114,50.40954875814077
775.1722961469611,404.71012629822326,28.007042391578807,50.76976455611975
775.1272185129061,405.41827132324397,27.896818023156584,50.58213121049357
775.0142884114298,406.0347949288466,27.933920326567204,50.602014386189694
774.8372478570616,406.6258723692424,28.005021088104513,50.72651565536523
774.7278155897607,407.2747760978541,27.93603730290897,50.72776532085686
774.4364527511696,407.87066159536084,27.97860801619788,51.16074913804937
774.2336277857789,408.6390956878914,27.996346529209063,50.863867390786254
774.2419682734137,409.2471090431744,27.868679990006058,51.020313929511644
774.0790771737702,409.78336423781,27.903479102335268,51.39993582119405
773.8289307141677,410.47627774894227,27.96567916336153,51.35037840918176
773.5910536331899,410.9503414962642,27.95451482797057,52.59030796315028
773.4640585802823,412.0565565859124,27.85544117695747,51.11141566559127
773.2192098410651,412.4795665069794,27.962475816647384,51.73190687139936
773.0469947547629,413.2123928874189,27.988907135798854,51.53681171180324
772.556913326749,413.7675947437533,28.271907091520916,51.76127946374186
772.5345824169017,414.4428489159618,28.047891652397084,52.443739238801186
772.1397201835061,415.4419503598656,28.317227973708214,51.51496578574506
772.070608355793,416.084837198423,28.200845740936984,51.49739546006822
771.8686783845515,416.6419936733355,28.234754808760044,51.63147543704781
771.6220635074255,417.31802775605206,28.35178449889827,51.6184744777936
771.3427588989671,417.8227023560007,28.39738972410305,52.91673664023108
770.9766348286139,419.1328503285504,28.657133678570517,51.61128000162307
770.8984109884946,419.98051097507175,28.504469281137858,51.48446646181844
770.6983718571869,420.6501588419512,28.469996633384653,51.60619588499276
770.3471193138857,421.3261407882692,28.506742093142975,51.84934883604353
770.3253128077663,424.85038933502807,28.3666622197577,48.91335815567817
769.7564179834092,426.4884654591551,28.630431502043848,48.1580175169438
770.0628937232659,428.11412809799845,27.893113970666946,47.63041341691746
769.4872683008502,423.69239536577084,28.355239503844814,53.626546606775946
769.6939367925881,426.0594281650265,27.965861403841473,51.17251860959277
769.033393784579,430.3089627687504,28.71753779756773,47.581255694339404
768.8727902742219,431.5297552573426,28.231406449302312,47.813484967302315
769.2277328653977,428.1819811209609,27.216699640081288,52.3616898396142
768.7261669687813,434.51138606360473,27.57348432773449,45.12317991336863
768.813355236592,437.28243396160406,27.282601114176828,47.17708356561616
776.605346799041,447.8066784686007,26.344622804256687,49.503715911790096
776.2776189266225,472.9200784131608,26.768194188626808,43.98940828517516
774.3287200499874,474.4296777840453,25.126365366279515,45.60536877056535
774.8413681970358,477.1341959749733,24.892370363168766,45.79228848240518
774.7110118416963,479.6123482325436,25.329798536854696,46.367151105862604
774.749115806208,482.1973208825325,25.283695795690164,47.68572302168718
774.7423745260044,485.0528663884287,25.308072564635495,48.02473375184775
775.4254731885194,470.233140630698,24.71449833506506,45.87608434840604
775.5603926439192,472.3426396838132,24.992135015211034,46.4573957094467
775.6847902025316,474.9527466724191,25.227234590311923,46.98880651798157
775.6283673188727,478.5691861920459,25.645356457338266,47.568183527346264
774.2193688480365,481.97144293583165,23.103054855367418,46.63791395183512
774.7880251985348,486.1703687271022,23.04699700173569,46.19367022494316
774.9336543554186,490.1179888338603,23.809585760729533,45.848714627145796
775.0922440554764,494.0669336736355,24.15624724645545,45.30494288462796
775.2806753356159,502.02029124464696,24.28614128566221,43.88656020288715
775.2795352033276,520.8171987870996,24.226967741340673,46.87640859469684
775.1839711872258,524.4089284220292,24.333856068492423,46.89152338182498
775.1250032188848,528.0345800855962,24.35963644288563,46.86756334969209
775.0742520959582,531.7507175512823,24.40682873156061,46.82998848124828
775.1980875552288,539.086473734867,24.232293557806543,46.019659403734295
775.1295910857962,541.1496932882261,24.31953950205593,46.777554905027955
775.1018351726606,544.6202689342101,24.3160483508492,46.16178218107348
775.0500768095156,548.3858034095024,24.3324924558857,46.09000589824427
775.0403326466462,552.4468858121189,24.31992051302177,45.6407239519765
775.1116275894994,558.9849567912588,24.227082692632393,46.047684038848274
775.1347537768925,561.6804701221417,24.200578861248005,45.759724808188594
775.1212285935962,564.8194334429027,24.19325916588832,45.362657154348426
775.1455508589506,568.9811540405085,24.16063733169267,44.5285172386815
775.1877244929931,572.8110117554679,24.066527914797234,44.12634185524939
775.2749235512547,578.8828746713293,23.91891830167833,45.34150515650765
775.2858134327616,581.8634807104684,23.871975899710378,44.83248231915377
775.2475542587645,586.0640409783716,23.935666896835755,43.72805700093443
775.247308828876,589.8139439003128,23.87937913306871,43.754802841153605
775.2801935548783,593.9607759212868,23.713002716911774,43.429920761957874
775.3249404732678,600.7074420185686,23.61902654735445,44.03485337469817
775.3116781855921,604.5382540677505,23.605149347341808,42.99504784854025
773.1223712642463,607.0719252340905,22.72629085399967,43.506406330098
773.387790679205,613.7790570263519,22.845056720197135,43.26918678668153
773.4860577075933,617.0135205109211,22.820841417570136,43.06192925170171
773.5212766205856,623.9165505737237,22.78374584356868,42.613845435994335
773.5776877115226,627.9627684265442,22.69825656212072,41.62344414952486
773.6217363058397,632.0910621778539,22.682503142033738,41.662781064669616
773.7178595732514,636.2015648666384,22.505299394296344,41.64512114262436
773.7896964588824,639.9160283142294,22.374448347784664,42.09202803906396
773.8242813670082,647.7444420532822,22.216862024655597,41.49355206940709
773.8722046018578,651.9562586281668,22.07467505280249,40.94305066585582
773.8518721955131,660.4373782792045,22.1374335353687,38.47162244325773
774.0164722821864,663.1495624537808,21.71360814518266,38.969776058236675
774.0828071223104,671.228725549809,21.728550170156268,37.43631513480909
774.2485461851101,674.4526168120678,21.29757036110334,37.6992088575704
774.3247287555212,682.0301206825096,21.223771712245934,36.60233818861127
774.5496319602187,673.8850331051788,21.473141798660777,38.77477854970368
775.2571206652067,680.3928470136038,20.94523844753803,39.93637752105326
775.5472479620994,686.4744049658591,20.838723628482512,41.002623497489026
776.1516279838402,690.2299612582083,20.489942887947564,40.31266242564243
773.1889011331332,685.3012722732133,21.4315849634404,34.84616567155808
768.4823365452071,685.2100964191677,21.439644962000784,36.88403417275322
769.2509401608839,693.2148234030321,21.07282498981874,35.320706688875816
777.8178127653398,690.9302750451359,20.801003487367552,37.86624006090983
770.9357056340929,676.7824323178011,20.045263903930277,37.948701918766346
779.5498847440997,685.8770782445608,20.011222164834635,39.50746071076719
771.429008744142,687.1672955144996,20.966170946929424,36.418372024981295
771.5869802382945,685.5377909855174,20.873447201523277,35.33425697993107
771.8884514557978,682.7992581312485,20.7627323145598,36.33461141659211
772.041623270816,685.184838686383,20.806041984581498,36.45491651782777
772.4272819681673,687.8500583953014,20.58723303547049,36.62562853850943
772.5588652386564,695.2454142732256,20.70068163478436,36.06088897822201
772.596845502957,697.8497939917045,20.886005900486452,34.83744221479242
773.1271727866106,694.6230744772051,20.574496239800055,37.30638390030856
771.3422683364772,696.5278938312331,19.969280435753717,35.748091854276026
774.162555754974,694.4222978251755,20.23426883925697,37.94070823287677
782.1884796569343,699.4087931449144,20.31864757975427,35.561526440249054
785.2344291228848,697.3781542673933,20.14603696515337,35.668841920067734
778.0411389920987,692.4621883690265,20.183086801531772,37.79991472883103
786.088907615933,697.1874281722907,20.083244554783846,37.100582485551854
786.4846531149414,695.0487212747337,20.018782759828582,37.46419890903189
779.0982001916996,691.0578345378581,20.30940652469485,38.44632087859827
782.0727712424226,694.5813502755154,20.366207804646933,38.26198018638354
782.497655616142,697.5314281021822,20.399044754426882,35.91122658011386
775.2188450687096,692.3140457373394,20.393222530635285,38.24667839038557
773.050293481298,694.8508730608746,20.384485105391832,36.904243268054415
778.6342208365643,698.5724631065282,20.31070931758643,35.76735810376067
771.3601593482817,693.507539440479,20.340816074188297,36.949432396877796
766.7355086427731,694.5452750426487,20.265317251257102,36.49596957890708
774.8468480675613,698.7913634066326,20.223559630983686,35.7412810087726
782.98331897037,698.2538256320994,19.81871443025375,36.104649663018336
783.4128598441052,695.9451440259611,19.44174428036922,36.529120949072194
776.0231547604842,691.9463607157386,20.00170447497203,37.48473502151228
771.3208686356548,693.3583306945584,20.11019680176355,37.50575548814231
764.0899939314694,694.3071427636536,20.200472788953334,35.951698718455305
767.0369014863287,697.6493321876612,20.172465790661477,35.15992056063078
759.9556276115835,692.8023725695175,20.05509039493745,37.27747863253717
765.396227255002,697.0204195247622,20.11232474646181,36.39642533601682
773.3697320931501,696.5699301040167,20.139020104118117,37.589523554825064
766.181832734786,692.5816270397518,20.136599945239936,37.58545518867686
771.6462424761272,696.7059665786318,20.209371811884353,36.8756139678909
779.6794512675834,696.5438751231454,20.28897904770963,37.710830315739486
780.1490091494773,694.4799360573238,20.18084435257947,37.94340830293186
772.7939322170403,695.4616284843141,20.360683409592184,35.649404038311104
765.6534140126007,695.3222993085433,20.22162311964246,35.578560719779034
763.5594623488041,696.6824434582935,20.172167651949962,35.28046556143693
756.4455181466712,691.9614842559126,20.098537145985233,37.59693214741037
761.9088494442402,695.9306934078595,20.147038407964715,37.594155274628065
759.7466235861191,693.2762311082093,20.257497219162474,37.991467629479985
762.6948312727125,696.9202731444896,20.303174492883613,36.11722963524062
763.1232049087481,694.2166163781575,20.286328205066525,37.88471821027713
763.5528612594724,697.3350525300021,20.2866027314451,35.484703518958554
756.3127648596012,692.4384421331392,20.273963508160364,37.81184080721323
759.2943120970111,695.9378956647524,20.251791335131315,37.06888993899747
754.5325677049768,692.4413520611347,20.39532065635194,37.98742297526269
762.6072390384488,697.2888647978286,20.429170588745592,37.07024981726022
757.9507464552213,693.7195110314708,20.34916381200435,37.43075636412755
760.9067466245125,697.3319918466289,20.420080231874067,35.688838312861435
768.9965298537794,696.3552529975141,20.424095329621537,37.843517032774685
761.7532119630785,692.4242704043656,20.415603870333825,38.00474630487747
767.3230261811324,696.7832377791823,20.4485325625202,36.93623027389867
775.5459423160355,696.5364576854577,20.171731443870044,37.93261754005516
770.7018016652517,693.1933893176306,20.419135084655977,37.81226818510754
771.1255901969928,696.0285466932278,20.472439995269724,36.391489567979875
774.1780406347593,693.9327825702028,20.355376440614123,38.39545806038109
774.616677396175,697.2265654193965,20.34513758182925,35.65755066623808
782.6600349230795,695.9827376214996,20.63442649403612,37.89165818040851
788.2751040405974,695.768212366487,20.472026007042587,37.722812203541594
793.5233619046548,685.526985285469,20.523694177727975,36.92491421634895
793.7994281133701,682.9553995170014,20.45690657643263,37.286524073219766
792.347373389518,684.6375620564158,19.572127092590108,36.895610133071614
794.7746796795273,697.319503368143,20.131446057303037,35.30010679384543
795.138956172693,694.2752301255114,19.764350082351257,37.66924932057918
795.4811257088077,697.3919869423996,19.5961389266879,35.232507536962885
788.1381772323425,692.6027859597856,19.989889260885548,37.41637086177468
785.9955178562606,694.7184284020618,20.028983226349624,36.91814108975677
783.8676786556991,696.767752499038,20.09115889428631,35.197158437678695
789.4061897647082,695.21879227824,19.89768053326077,37.54275430500411
782.1659978793791,691.5463663391699,20.100033870484026,37.921586544763386
787.6229739300463,695.7040893613223,20.157936186623374,37.73154275874526
795.7021996425758,696.0721669229918,19.963724801663943,37.65098963157061
796.0138380808643,694.0699138423474,20.02491669924666,37.92417727809129
788.64934591686,695.0673002015792,20.24369988030537,35.649157556513046
786.5369778227385,696.4216704771006,20.231657351061017,35.455742719505565
794.6148237739117,695.6473621555047,20.05600045054382,37.71253036530652
787.3438266876262,691.6680577031984,20.210406710466486,38.17200511801968
783.0550313495442,678.5501901928676,19.51235558003691,37.66117669316657
786.0930640895021,668.4988391603154,19.558548283782784,36.554092108806
786.1335587161641,657.277049394962,20.042027629646327,36.45588105304341
786.3917888508092,659.8831138431232,20.032550766405166,35.967082084092
786.7191401331402,676.4728575891754,19.862515911619994,34.63673874322785
787.0056405310461,683.0748466333714,19.806133339967346,35.285779529730235
787.2977208630556,689.9040810462602,19.73425675692272,35.610713865397884
787.6420079946188,688.1616614911068,19.64793733256306,34.66357032209021
787.8810281975511,695.0235263641757,19.701578191792578,35.30467682424671
783.4661448087464,695.7368211818616,19.603756115769443,35.559360010507135
786.3597864794938,685.6895823263342,19.421650178462187,34.82440295585286
786.6921193634278,688.4266293832594,19.32883917816696,33.44158776018469
782.2948116830937,692.5715342827202,19.31000048051544,35.95596647123784
782.6181209080057,700.0610483504582,19.42389945809009,33.790453935367964
787.8133021131357,689.5471647717563,19.445325722579014,35.39297722287529
788.337198875482,696.4747897397219,19.289764995087694,34.80049408778086
788.7642323619438,698.5519187480274,19.28395616719729,34.00332573697983
796.4801446802661,697.666328309406,19.246352592639255,35.91981642258406
801.7509676054235,697.4002226203983,19.16421947947856,35.644831965801814
794.7751693454081,693.5072929832485,19.33355192939939,36.05533093671977
790.2835831327678,694.8956425856261,19.386221348211848,35.737887335162895
798.00694827015,699.5258291919708,19.42647162435071,34.17925469600232
800.8859605851088,697.6732845523591,19.35989476880127,34.76084649017548
794.0250709608866,693.443334770018,19.344517117292185,36.087088386427695
787.1253581568512,694.1990603357053,19.364323951198458,35.7951394593473
794.8241296735924,698.6453578922153,19.440985258856927,35.04028657350261
792.8414700178548,695.7372693166825,19.428583075898587,35.480437521706904
795.6951201016313,698.8478434251884,19.376628792180327,34.025285749256795
788.8311056617705,694.2611092917349,19.380673069622503,35.76274460069067
789.2273772660229,696.8260365794217,19.426366402237363,34.96449240154175
782.4669971349147,692.0364838093756,19.252280930832057,37.265556404157905
780.7349857321924,680.7977751911505,18.923825158371756,35.71387480099554
785.556866351595,671.5763994157273,19.605058937403896,35.08319277933663
785.9917760773125,678.7595641702028,19.304366918896676,33.79876551392999
781.8958842674746,691.9449681952749,18.732722572038938,37.23783093120824
781.9731227487919,695.1774220309724,19.42886310127335,36.24381014924552
784.8676533662729,685.5148896350987,19.205503885605026,35.19418064912486
785.2042695133819,688.218805996705,19.200250838933698,33.752227261864164
785.5518938055972,690.6361589303949,19.093204681867178,34.117431947978275
785.8478539453878,679.8987000795087,19.077142685931904,34.119050016311576
786.0925823569512,677.5774696904409,19.11975110290018,34.537277737290424
786.3432745946468,680.3846948395194,19.125162932450507,33.87049992944935
786.6777790555625,686.2801032491236,19.02372368000215,34.84406385343789
786.9447577737751,689.4175479190308,19.051442008881395,33.274060665484285
787.2771617973809,691.7684234178032,18.93652261196314,33.51424294746039
783.0245850174294,697.9804348394605,18.846282188305622,32.350631917835244
788.3906387576064,696.6344729222453,18.424517272592198,34.18912630748423
788.9712697366813,699.124941223493,18.299061624334513,32.50255197594413
786.9381876243235,695.8628646784666,18.56697450717968,34.603668336561896
787.3525375121808,698.6944733607514,18.61106125749643,32.68987764101382
792.4714631361012,697.1648965495899,18.515485699724877,34.822930118871
795.2230567198986,696.5138381797883,18.556205451143228,34.71874806968117
797.9620355485808,700.1095811621342,18.616155088676123,32.41332264939615
791.4167086552364,695.4584919836819,18.56731461966922,33.94668791399579
791.8402874286869,697.8993717431575,18.59419219263964,33.366671155979475
799.2499548849348,697.5289138964188,18.574615928582034,34.804926391950175
799.6218807341963,695.9442665879839,18.671104971700288,34.807450937127555
802.397892448112,699.3313238589722,18.668718532615685,32.80754318151753
802.8548783633561,696.7420544293273,18.603785195806154,34.59860364443011
805.6063963317298,700.0450564801251,18.644529948448735,32.64601126858315
808.3879272944423,697.9546971479774,18.587121035479413,33.964835959341826
806.487330167154,695.5880552140861,18.588098012795513,34.59294254894303
799.8773635560802,696.436749819839,18.619167844461685,33.04153463382136
807.3249443694834,700.2353455417876,18.605944957778433,32.82948552693392
814.7813685746524,699.7885232511328,18.55277969985434,33.35182281125594
808.2499690103328,695.9064294076013,18.447190981391145,33.57975452830817
806.3377911027867,697.623815719228,18.473726645671604,32.95413929302674
806.7914446444921,699.6591959814496,18.434109631381034,32.27156782900238
814.1824757131899,698.8295443115292,18.349790958560334,34.12545277041022
814.5905385611381,697.0381463690723,18.40565529614821,34.233223880586024
817.3111253480355,700.2626736409397,18.464835285193544,32.33222322734173
820.0980978890082,698.4559697153721,18.36958434695339,33.355265340251776
815.8956368612465,695.142724447076,18.382898683114945,34.44443839289124
823.283068314811,699.541082935552,18.36487004884873,33.44529549181493
823.6316383540784,697.4972052064877,18.515159611250965,33.77118503724705
817.1088706421915,693.8025764588142,18.480537862060373,34.88099032661671
810.5153392491815,694.7787044093385,18.545538175459683,34.554672518597954
813.2299009915722,698.0309891357241,18.6382100347181,33.86836883299145
813.6342451077294,695.9643690299392,18.654318252509256,34.87346290877099
811.7155369542011,698.1613271369688,18.6615713703261,32.810950437956535
809.8303125422544,695.0190621039736,18.609262512931878,35.0173012620445
805.5058916415,696.7244616972605,18.702839442477398,33.32429239908015
798.9034779636829,696.9536894558303,18.67916454992951,32.76582236106901
792.2939893371622,697.0482857173382,18.645512307773515,32.599142165563194
788.6550722702993,683.837672463399,17.558965049178028,34.42956588725701
789.0620784424609,682.4437794525328,17.52513300264218,32.97757748234778
787.2704729339412,679.6301248940631,17.767322663493132,33.692533665207975
791.9965931490834,671.5491839119009,18.114330425371918,31.559677793730998
792.361309966866,665.0493752260685,18.01888376700731,33.1356553313949
792.6619344560114,667.6926006007241,18.041929119774863,32.0554908603749
792.9446167659748,669.9997187130328,18.05391153916537,31.489450417696503
791.3316189218588,659.0610111460992,17.58035932362634,31.948886750528914
791.5290864222935,649.1984444852917,17.790458975111278,31.67600130194569
791.8914371114429,655.543180510944,17.667240374134963,31.646610972250755
792.1682841312796,649.6160398159734,17.69543282902157,31.69762231078107
792.4527878775366,651.9168411365883,17.683096220953303,31.202559478049693
792.8397269287466,661.8426231216638,17.491753149009583,31.473228067399077
793.2056917367147,675.672639688315,17.424407526425057,32.469298387219624
793.5154663803769,678.1013217985961,17.462223262490397,32.28238969744325
793.8207662840548,680.5143685217218,17.4862155553418,32.04437364650846
794.1188135332528,682.8419952337019,17.51913148131007,31.775226464273373
790.6681009835113,695.6599407243111,16.550875275778935,33.085612049244446
790.8406274642443,698.2456969879678,17.14565040933121,32.58021817058591
793.3290352062521,689.6047846182923,17.29207292017975,31.21671905409744
793.6190280224043,683.8385790573769,17.338656606478708,31.215661976240995
793.9464840889177,682.0074135718755,17.281853897717042,31.174142681831427
792.4499893869897,671.7171738933711,16.942682709841392,31.00763647871588
792.7104785008813,673.8251599376301,17.160450672739444,30.958383206355393
793.056959461534,672.1775621681774,17.20208656398097,30.981897563551115
793.4731419405748,682.29147419165,17.05942434585404,30.69457916892884
793.7901473905292,680.3280715015413,17.08012404970782,30.93284913928926
794.1708557254718,690.0615100657819,17.024062404355277,30.82224681651155
790.2453521787265,698.5768683862641,17.200743022172333,30.61083060659098
794.8132271290492,701.9658685260931,17.156523700876278,29.385721727761165
793.5468298791822,691.4551454849103,16.481955135855515,29.800789842388895
793.7215217162662,689.6681599922207,16.80920521033579,30.13279985544898
794.0333967851416,691.5275345865615,16.819012887110944,30.035220258656068
794.1990425253969,686.5452070075726,17.036828087986123,29.391920814696732
792.9448894508059,683.5531066967967,16.31176134948828,30.59894956396272
793.1198275952387,685.6415733198248,16.643267817040623,30.402768212374326
793.407060383277,687.5694028996124,16.75552438549971,30.370718572331043
793.7017224814945,689.6182488034708,16.80798511127614,30.151412356122137
793.9947147796195,691.2901595110354,16.82416878594472,30.089708035588046
794.2029448431301,693.5338854473043,16.918531966323485,30.11011597641425
792.895552338414,695.7974472840838,16.309365991323943,28.671360439646605
793.205004696918,698.0283949099158,16.470531501523396,29.171880617629654
793.457942348512,700.6762733068479,16.619663667530403,28.13872272666231
794.3437714571785,694.73803858763,15.923092320503201,29.57440016047815
794.5392800436002,693.0563641994385,16.416383639248124,29.417534733505477
794.8403534673582,695.2935508353044,16.568199643225057,29.325055820156877
795.4986016317444,701.0008846655705,16.250389308179365,28.487139526462897
794.2373814832204,698.6516063017575,15.813207650090817,29.0725457220301
796.3166129997812,701.0770027403112,16.465748362468048,29.11682777879105
790.805515521278,697.6889884022426,16.12406836658124,30.124913878019925
785.0723793603502,698.422224917578,16.240271007915,29.813350231137292
779.398246051316,699.0814716022488,16.20622231897687,29.085948502808492
779.8221403250714,700.9400310186326,16.191658963754435,28.779441521604326
780.2884532606986,698.8956430340202,16.14000526927657,30.328118449351905
778.6729058244466,700.8941107303258,16.193214566808592,28.559530460455335
783.1914210485816,699.945747180441,16.135925076441254,30.259823372697838
783.597274559529,698.6539475762867,16.20736720219304,30.51109179467437
783.9953953866445,701.2235138042922,16.290316382937363,28.677643013571696
786.5054663691094,699.573280403856,16.21861611038389,30.369733521489934
784.8803750678754,697.6786699416666,16.264499237526366,30.84887244413403
789.3694715196061,701.2910570767667,16.3808531537494,29.65345406479355
785.7188094221497,698.4661254934747,16.34006363303513,30.36476144995129
790.2716985776403,701.8574198017263,16.365899634714424,29.109526401889298
796.8371255764973,701.2072846495641,16.424289953761217,30.388948119846532
799.341981759243,700.4392023941557,16.371441451509668,30.124642431576376
795.6283622504604,697.8576376773765,16.423846007549628,30.53233243462614
789.8526205447806,698.5309413650624,16.446064809349537,29.806475406909385
796.4852814176749,702.1351017741072,16.49167646055082,29.311956770196957
790.7772144685,698.6067317154441,16.369316574888444,29.72449337045623
791.2208650720045,700.6602889451513,16.345382392089277,29.174966641814194
793.7113856467167,699.4480687170786,16.342690788958862,30.42332051189578
796.2096447995261,702.6261204508844,16.362003313011655,28.4832054346723
802.817627670358,701.9204437645999,16.326128045822088,29.485075567812828
807.397148019465,701.1574949799758,16.23426703048517,29.79237195132123
809.8060598479051,700.1792895375514,16.37706507872781,30.203662279137916
812.3053014267362,699.2466062070151,16.380889750905794,30.531869324312538
812.7499615811587,701.789085805751,16.37567732817024,28.64482021286517
819.358359948092,701.0459825439489,16.310394215943575,30.38571842582462
823.8929717834262,700.5840022205246,16.349419415261764,30.445390817126622
818.0994030082263,697.5624877041619,16.4235179739253,30.503095259432484
822.6297630927363,700.8121640393364,16.49427339398153,30.141543289376727
823.0866444479021,699.2082216671051,16.462059833110743,30.642864425644575
829.7279051910535,703.1671543916399,16.51931982970507,29.00266641867495
834.3559835008083,702.173205616195,16.403454759359533,29.007588572451596
834.8019117672613,700.0681279589272,16.38361171703525,29.806395445168732
841.3713425526637,699.9644820551689,16.588684218055505,30.76609727304276
846.3799022237866,700.1873455661305,15.185360601586012,30.419445075683598
846.4555013123787,698.9256706418347,15.490923624353968,30.639195349645775
840.344800301629,699.9086753781517,16.248535639902002,28.586163386143426
847.07892627704,703.1809863622489,15.576467298367334,28.390275949343277
845.2715988020889,700.6922969450916,16.033155602221882,28.502824781174354
843.7313581858839,697.9669225680774,15.979753904657514,30.51729760928572
842.0874748156288,699.8004311689725,16.08202979429109,29.409327838711192
838.4860978879127,701.1199796931111,16.072754467473374,27.95775387927381
844.9779871476505,700.4022469381262,15.993611107281822,30.182739463300095
839.2477203447488,697.8464352576003,16.197534560937697,29.868721610346824
845.7886588158183,701.71442076009,16.152772843910952,29.654164734157803
842.07492659026,699.0081697598448,16.269519633514165,29.717276819250174
836.4509373338248,699.5903567364833,16.175237675291555,28.701456934427938
830.7895107518241,699.8206319939708,16.16401043070084,28.43778183971847
825.185318472624,699.8973196278815,16.02792214062788,28.330773779735978
825.6324605091675,701.5573212538045,15.976189031049216,28.2156276554457
826.0785016128486,699.3706628482045,15.914881121403823,29.982909023979687
832.5451751605436,703.3949370452658,15.92982139748949,28.11441653041925
826.8756482227653,699.9074831041232,16.06260032487978,28.190749186521998
823.5092122559473,700.0536862499896,15.765631920999226,28.60826703224916
825.8770596630494,703.0351841269257,15.87688940358305,27.189445257345824
822.5189975057212,699.3333949096341,15.608132573962166,29.219694302086282
823.1241960555489,701.919499771966,15.367668446823018,27.55071408639742
827.2231247922668,700.9186090334064,15.793862013218586,29.19269665831166
827.5367775628438,699.6337394041552,15.956629944532779,29.348903930317192
822.1391343720113,700.560386348622,15.74605790374062,27.625292071631634
820.6320502495728,701.423107350327,15.668663230148923,27.76134852983796
823.0893230549898,700.0519231158773,15.543978161248106,29.325517686981584
823.4446868868577,702.5480633824969,15.712294059242595,27.442787854943504
827.938419659923,701.4621230242597,15.497614286335647,28.94105913658177
822.3698606978122,698.5478867752881,15.682655038716916,29.134682492146908
828.7271945596211,702.2570791127405,15.69828791649968,28.682342204843508
823.2187421333886,699.3456994747316,15.725695014061557,28.648305669695446
817.7174539316353,699.8744657940864,15.73675666467318,27.99982127389842
812.2968936196485,700.0861252284952,15.640898239948456,27.827841114484272
812.7514599497309,701.8157006831527,15.613300910293788,27.639913676266247
813.1993272541965,699.8289257388606,15.584368060954489,29.12341643449031
813.6048583109975,702.178525417269,15.64024247963198,27.48410592114908
808.2081402766389,698.637875037467,15.591223290558332,29.00499115614639
814.5202276659762,702.4038862249223,15.61678510062427,28.501024590939323
809.0491998492847,699.431861802085,15.653072176624732,28.504062938600327
815.3806871264285,703.0656123242111,15.645567385583036,27.79306340583662
821.7501152041372,702.6904649537419,15.53900969298354,28.248318634827342
828.0303049044818,702.6383078646513,15.593145840670218,28.288931636272196
828.4730764666812,701.0159852315707,15.579404288235423,28.430587759027617
823.0369487267697,697.8869971438605,15.583945707405064,29.408382815602863
823.4344981987424,700.1633769987841,15.65694969846868,29.215792494335574
825.8353279147644,703.0841386095345,15.674810098610692,27.45696898995027
820.4041131230624,699.5298177886822,15.633582147995867,28.41862737767849
822.8285848989391,701.9754478779396,15.57959132871099,27.914638449583435
829.0995722897092,701.633072929244,15.649706764560051,29.10460318288301
823.6169365825001,698.7434384194546,15.667779146768112,29.156803440139583
818.1232296423105,699.5285149715103,15.694589318782164,28.423353582567074
812.6285922140378,700.0184453421011,15.718257231244138,27.878192494812424
815.0526771569002,702.4028308587181,15.671542120042773,27.564390375045036
819.449831543832,701.2624835719876,15.589183552402915,29.12354117098573
817.8902925241051,699.5593897182158,15.648405000153161,29.107056869836015
824.2077607513863,703.3199166442397,15.710469454776558,27.76815446129092
820.7755053875775,700.5281155547955,15.59487635117739,27.850031382513862
821.2412195403118,702.3657241613067,15.532679976096688,27.298707788807064
827.5177653729571,701.7390401849706,15.535157905384835,28.979270239082666
822.0654595404594,698.8953649623545,15.57614989792637,28.984651967778518
828.3572899051982,702.6335274987064,15.640672922290264,28.299704999300843
822.9226935009513,699.495505353387,15.609152149722263,28.458842034596955
819.4233820673078,700.596130556273,15.630061316202386,27.75762434057117
823.7996011930555,703.328238735722,15.580235490332484,27.33368809969363
830.1205939767697,702.8323331170689,15.514444047670622,28.07670080968694
824.7063460694392,699.701589992268,15.538659643816345,28.185146632690703
830.9974816237526,703.2213326604863,15.531922398613347,27.588441957084456
833.414332853093,701.9279180607625,15.464059345056626,27.929128769791078
831.8994953662684,699.2854143803489,15.496202505741621,29.440072998896767
830.4155691789683,689.4103961346284,15.397826332164641,29.429253235583133
832.5189384742907,682.2306937375051,15.548174902296523,26.950503290705456
832.8783468616766,683.7264209989604,15.222210472449206,28.128850020496316
833.1016416421426,685.4305754097877,15.119301711154776,29.41063984653738
833.3593517556834,691.7909791050511,14.983444099723442,26.988321809665422
833.638968845399,693.3357308439128,14.840349191587165,27.73977789402943
833.846175015439,695.4498036845847,14.95850367476828,27.341308156104446
834.1348619886763,693.9811297367481,14.90644863389764,27.29271386192579
834.4045378259502,696.0637436042227,14.905179702189912,26.657749112693978
834.6960029811618,694.461285213378,14.724726509826382,27.03779159912608
834.9617582244915,696.8188921724544,14.777466110146747,26.120935048226443
835.3491428485565,695.2007584218529,14.464388406908938,26.300247271801254
835.5974841193906,697.2633257093177,14.574526925677219,25.755114775076322
836.0072874953613,695.6203779553434,14.226889960178255,25.881052938104403
836.2632119778979,697.6477777904275,14.31074477243908,25.414172982813056
836.6288553578081,696.0831918601746,14.103541626632023,25.44779506621569
836.9325838665893,694.477674295603,14.076624991882227,26.333092033370008
837.2143051093851,696.8029469932854,14.209402477780941,25.083537801151465
837.6251539197887,699.2473358559655,14.104260598735891,24.146891044829317
839.2528178287362,697.5835929821025,14.852485976923617,25.402222726841387
839.6369423228978,696.2092100527082,14.825352388233568,25.875484283899368
845.814741598572,690.4755277667192,13.690377151853,24.697798811974963
846.4110421619899,695.4659854074688,13.327249871099298,23.96455336401857
844.7671011298889,699.677711708279,14.275974413918902,25.06214948297918
847.1707410261399,702.1500595079078,13.457340637631887,24.391025747823505
849.2592792191681,697.4721434921075,13.192192882086147,25.55225812538265
847.7385333286979,690.1582853040037,13.544337955868059,24.07517825097125
848.1885820386012,682.8723196097776,13.208924544913089,23.910125081181377
848.5947885922674,684.7938039835942,13.091138469598945,23.87917531458004
847.3091760154717,695.3972170414177,13.288658312504253,24.215168507360204
847.7490557933552,696.7204257370623,13.366302842351843,25.17247345340934
850.1382674968817,693.6738777537936,12.840029055977197,23.948171132503603
852.3350250324665,698.4851246187632,12.852850009556278,24.34250784497476
852.4780744765949,697.2748909182687,13.394686589632784,24.141393513865864
852.9158212397808,699.132597469048,13.356050434467875,24.378634656497525
853.3319915559255,704.0844973856136,13.386944442539516,23.505915636637837
852.2174208695521,702.0124490746583,13.196716439226293,24.789329901018505
857.6520537414625,705.3916255537954,13.249842979018354,23.74305890358187
853.062705007317,702.6575349991532,13.31444951559672,24.021256696170212
853.5212597014272,704.3912580882679,13.296754960796306,23.502014178741774
855.6768753133827,703.2520710430613,13.20369101157712,24.712827505810992
861.1063462981348,703.4596367669614,13.276358970674664,25.168821390135804
866.5574804542215,703.841998589236,13.333510238635085,24.96100583217776
872.0384236425656,704.0937417752752,13.387074576440114,24.908599003239942
874.1492368133677,703.3827808976126,13.440718583189778,24.952064170404697
874.5590245394945,702.2054333808514,13.53634879461049,25.26304357311892
871.6620056696188,703.4982475747486,13.474725921941626,23.787413176982
872.1369569624358,704.939191320032,13.445368359908002,23.605410768699358
876.0118890851772,704.062189628391,13.269899864910599,24.800834069150596
876.4700265407897,702.8075723523428,13.151416681417345,25.085766988441378
876.870558801795,704.9444420759028,13.184114130397461,23.530880823549523
875.6083146225278,702.880771158665,13.295654052101668,24.60805922180441
876.0141411381085,704.9946929260749,13.335651488195936,23.262354538579416
871.4650160557566,701.8449359452914,13.319900541985362,24.79959666622483
875.3129709831635,704.7233822057974,13.196433369878832,24.021648178249052
872.3911038080983,702.4794158106488,13.264965234087299,24.599588756580488
874.5253187845512,704.798099999437,13.236303535490379,23.585830933878242
873.3400588429279,702.6372435164496,13.174721117675972,24.83682798880261
873.7946579616364,704.7322299046019,13.186137343824612,23.38775663553281
879.1991103963315,704.2485354206101,13.353287803151602,24.756094625540754
879.7039230489047,703.249279526025,13.252449193277698,24.593232264644485
880.1809775099595,702.1600637333624,13.274474267467099,25.039259138844727
880.6182625541476,704.5622080327121,13.371894232327804,23.345982338450995
876.0189833335073,701.5503470574415,13.44210951982302,24.867616732896863
878.3006863516111,704.151082205705,13.226259722147915,24.200877553981172
882.4141688081155,704.0814064390656,12.20611524503363,24.376511576360826
877.1546546856531,701.0293620788998,13.652782455409124,25.283794765838593
877.5369067641029,703.4265476617982,13.821608319463394,24.583090899869376
881.5912115498795,706.4414911880369,13.218326265981887,23.39113143538748
881.9931811129305,705.0483029205043,13.183678474417206,23.554758830203355
882.3816222417154,706.7639161921688,12.946636715078057,23.757806952292412
880.9836003875006,708.0742349938367,13.588341187386618,23.624319743442356
881.5354535401209,709.2389674855249,13.377070133242114,24.16975053928354
882.0015753995915,707.9618836773582,13.225252853260258,24.390159481841465
879.2448817921484,699.1718241786361,12.884278477230282,24.48018093023029
874.3249814533469,690.936072624396,13.233247813075195,24.469663457865636
876.5712729091804,695.9786410776924,12.813400541286683,24.873844771192125
876.9356258252002,698.064153578642,12.804278083194276,24.57746716920417
872.3638686893701,701.8334118870478,12.801698168043004,24.322788021539964
867.8807372604806,702.4437262283755,12.21815537263592,24.217887113625693
862.9914723648087,703.1583798900706,12.966081688684085,23.30456329405706
863.4570555649083,704.8470487625132,12.983246844650353,22.862276970544258
859.0042866373678,702.0087586692205,12.960817785986364,24.13326271690039
864.4352276784307,704.9946481864123,12.673892344036176,24.034909550266093
863.1100358149533,703.4083462292652,13.00339380542573,23.952889284454955
863.6321673013845,705.194949712378,12.893869403598842,22.932953010520123
864.1690684057667,703.5071425592548,12.728464127284724,24.091660890233698
861.2773485399275,704.6204867547955,12.893197131210854,22.781019748079302
861.7422203534003,702.891464161261,12.933774701867947,24.28654546931739
857.3029692972726,703.9026234445844,12.904411740682804,22.61071125595049
857.864729366825,705.179132321445,12.678195450196768,22.702380439343187
863.1894952705661,704.611431726392,12.559780730901707,24.114777509611372
861.8789739530589,703.1730632003319,12.851461714081779,23.98534069147786
864.0935416655543,705.6086599148713,12.489917199841102,22.632292585303162
864.6244573292024,704.4637575107499,12.199717810253787,23.06129792365664
861.6532023747386,701.7693576238667,12.785989053302501,24.37163961615181
862.1344464740364,703.5638934919754,12.717068477513408,23.973074003408783
862.8108989295949,705.2406950167835,12.243064644889046,22.988058844206307
858.3332086723246,702.4058921638934,12.38314793567588,23.77215881543293
857.0501202358728,703.9257011692375,12.633580572564938,23.04176051071704
855.9038513905557,705.2908377016468,12.622199180967073,22.21202821966267
851.5874356903748,702.4529673536584,12.628575572077011,23.516502462939457
847.2194216054049,703.096658151429,12.705503952809522,23.205558333464978
849.2722323786959,705.3234888453549,12.69223210145151,22.5996592775997
852.9129840782306,704.6730554751161,12.680002172739364,23.59211939771683
848.5606098826886,702.4307347252056,12.710425374277179,23.71068353668079
853.7823478809573,705.6252270291127,12.785870831596185,23.185963214272988
859.0729372164751,705.7081400254651,12.72662912229157,23.174657860095408
859.5128330288247,704.5448418313787,12.747399368561332,23.06935388810666
861.5731158193216,703.7651508707891,12.731203495693649,23.78738361214016
857.1787414132317,704.5815741720745,12.758531729050105,22.349972764242807
862.4237724486679,704.0823602245905,12.749846136676297,24.196328161207248
861.2610005673747,702.9242157764925,12.766405387381837,23.891779091954277
866.5398947971721,706.1206723594621,12.821972256960407,22.776793117614034
871.84686624236,705.8017860217213,12.806790021696997,23.094717471228137
875.5374956521422,705.2545932384965,12.724398536642298,23.202801399493637
876.0502579975246,703.8445353869131,12.633771289892138,23.686287484163586
876.4815557234735,706.005371894347,12.601433467393917,22.183245167728955
876.9642907702894,704.421551607928,12.567466653519205,23.078876016257936
877.4743967587683,703.2215575099071,12.439909725176449,23.82320538163549
876.2515384192336,704.8547915118368,12.64554350855201,22.349247894152086
875.117028606184,703.2243417534062,12.649551281525305,23.323937875218462
870.875299879457,704.1248577591077,12.51062289544359,22.176611218114886
866.557051991122,704.32924850031,12.48716262842629,22.060651218966996
862.3572681213097,704.4218518742458,12.344608631417827,22.050273208836302
864.4714688775955,706.1398382295532,12.103717858751338,21.93679888992358
865.0218539535445,704.1488703408199,11.898701702185235,23.297873238409693
862.1739224631999,705.6246999136399,12.242343019434657,21.417088820503068
858.0624386923567,703.0170903760195,12.103413274266813,22.747709557276266
861.6549160798658,706.0460705866295,11.881286827497775,21.878634942436406
857.3697802142675,703.1468490763814,12.105735053442345,22.76546916050097
859.3094375039013,705.2746598922113,12.136507331923667,22.300963161796062
864.3822517356365,705.2049860955719,12.151102291722964,23.005484672617627
860.1332066004,703.7411015673125,12.166065857054264,22.251468117049626
865.4262379478912,697.6578314660946,11.792513597542893,23.599875558639724
865.9900493143118,699.2519553438924,11.672553070093272,23.13273647950041
866.3852270080765,702.7481539110877,11.563142658120569,24.038508392922154
868.3738192413236,697.3767331327967,11.267159661911819,23.48467391840586
868.571992485211,699.7042423043513,11.427381671589046,22.26635910932373
868.8906822365469,704.3119207706575,11.445130765692397,21.657199791808125
864.5315965703197,704.6654242710374,11.88228077980068,21.31215623569733
860.3889215620018,704.9416696520244,11.968553191528144,21.081906508806696
856.3923810711239,705.1739519636446,11.860661024519231,20.92141009568911
852.36022084228,705.3815983497777,11.86340799690845,20.77939964350867
848.3964712362258,705.5796320607374,11.795844153639337,20.65804765838675
844.4248688681068,705.7615512480909,11.782649070750722,20.551715868794645
840.4955981234924,703.1716010704977,11.709236011797316,22.154877381978167
836.484692950562,703.8692409686756,11.76356432060527,21.910519033013884
835.4389357332973,705.4405695912533,11.797813061896932,21.109693568344824
831.4483279846474,702.9497379357946,11.804405431483929,22.35834377879371
830.3827483934815,704.4858824677125,11.86406218062848,22.05314146576427
835.3085122437816,707.6152334405402,11.881602624418292,20.754651265706684
837.2836306638796,706.6098769655332,11.812628471507196,20.884632641860208
842.1854596764904,706.3854894230521,11.79459659335157,21.766293663269153
845.6097384414478,706.0371932987287,11.793790198891429,21.83586342408728
846.0548539884071,705.602669140987,11.82111997497259,21.3501801516627
845.0314370505102,703.8563974780025,11.84233854421916,22.38676983997243
846.9845453656305,706.5704967632744,11.791638158413889,20.83065320038577
844.4621011082362,704.1960421950505,11.812862788330108,21.8718756725641
844.9031875968124,706.0615781622068,11.833394333034676,21.030906172974028
840.9161109636236,703.5083441561178,11.79764904868614,22.116357611461808
836.8673064429145,704.237235003255,11.863190520641183,21.67356797176251
838.799081137531,706.3280996204344,11.875551582764956,21.047977151899204
834.8177296402982,703.8172899780218,11.829971825950679,22.016134359820512
839.7172692357367,706.8264544907321,11.883372273157875,21.327503697769203
835.7105308740684,704.5223890170707,11.86539765891348,21.406392322933016
833.1956229557111,705.3492475469445,11.850954132975403,20.939273400066895
830.7191498835216,705.969923467142,11.790096115180631,20.68305683914332
835.6130968520207,705.7662156577456,11.771796824802891,21.9749866260737
839.0076729937808,705.6673763578669,11.812570085949346,21.97302156986757
837.949566681333,704.4490793393285,11.874113490570153,22.02781981123576
842.8758818673249,707.3754183144658,11.877049345167393,20.967549379944103
847.8038083831973,707.1887821034052,11.851217983750985,21.011562909332497
846.825864703886,705.5856174775047,11.770907788621344,21.055696861034676
842.8254870171065,703.1556695540062,11.789518460317709,22.22255446707277
838.7982954330869,703.8976836912464,11.834341339563025,21.938370230442843
840.7299096989087,706.0783543601846,11.8535930106259,21.320595435556584
841.2006418739334,704.7937007332366,11.804275745233781,22.122262965000118
841.6170988625746,706.7414927487001,11.869192501580642,20.776567431672333
837.6384310230369,704.0870093160588,11.818836384370456,21.83312141547617
838.0807949331206,705.8910531051031,11.836856194315715,21.08807559186016
834.0934132878438,703.4248560738823,11.812226075653712,22.11139345864865
838.9932615671723,706.3719813102048,11.865438737843078,21.828985097578652
843.9077098008867,706.5045079053465,11.89684694274456,21.787178559293352
844.3612292947656,705.5022790773137,11.898744295436131,21.611377346140557
846.3408858440725,704.8464214579225,11.852026611989004,22.192278454119673
846.7704418087711,706.788467512463,11.899594692875667,20.865552768841894
851.7105604171506,706.4464430566427,11.889866155570303,21.817452670485295
853.6792686626202,705.8318888543118,11.868661506438116,21.66590158428596
858.7344977094155,705.0918929251222,11.544783538909996,23.05665030526029
856.067182661608,697.7685741559708,11.997694389664389,21.62850090856182
858.4742045521361,691.7845529497566,10.97913474881716,21.18491188162568
858.8982099400254,696.3129757476304,10.960433298825023,20.440987369363484
859.4470227038698,700.3313055422841,10.623634282382682,19.82721079551993
859.8752817725123,701.5376550506855,10.577717697350522,20.732775529720584
857.047121171384,705.1038218786956,11.416595968739784,20.392559782009357
856.1906053056904,706.6079928030398,11.201273431714071,19.6481116999571
858.1483554095066,705.5064121124723,10.974882948402865,21.057904927272375
857.0834230587373,704.3496609447961,11.258421462008528,21.47004431862615
859.4951890611003,698.6647915124905,10.348900414492846,20.107409899945765
859.9507930747955,700.1812374449996,10.440894753127168,19.643560621567076
861.7761145393995,703.8843117770921,10.233458694424144,20.709032858118235
862.0793572227963,706.5547420391722,10.474458531244181,19.750934594122555
862.6118679283313,700.510143314259,10.261895222286057,20.143239841769628
858.7316187925719,706.1093542660822,10.754584150023675,19.132213833425226
860.544267944352,708.0057377890295,10.801228654044394,18.73539991833411
857.0092106625889,705.4120928400267,10.705786946837407,19.923945511879424
853.397847539713,706.151462115579,10.713948697375372,19.102302782987067
855.2120681201518,707.8055280068395,10.701400319341246,18.899357053859035
859.7128872694348,707.6052463327608,10.821444857299866,19.734891306248073
863.1425417674492,707.5809880888074,10.256688874944757,19.37554516140426
859.3346278842475,705.6268042339865,10.729143126218673,19.56925563446123
862.3242012162128,708.0781539901491,10.937375244178611,18.849522812117357
864.3996802045922,707.2799349603395,10.244028592401719,19.38518413923839
863.4577073645189,705.9244341029353,10.395898461605839,19.791788738738433
862.5000869188029,707.5691584450051,10.600728021770465,18.46858845145414
862.976496937612,706.3583524539092,10.539698314572433,19.521878067195757
860.7735940753006,707.2729594683988,10.56566736204286,18.65960067168203
858.6071125878215,705.1747306082037,10.527883472059102,20.036596875370492
859.030430860167,706.9244735477041,10.596719623009108,19.29610184090052
859.484462618772,706.0257701926907,10.606897785399383,19.91664675467746
858.5947171539594,707.4926152290388,10.63521927021361,18.664388266552805
863.036562943782,707.19471874477,10.730004971098651,19.859533869681854
864.9474079717277,706.9552873330852,10.356465384564444,19.645196306862317
869.2794264003772,707.2445055218695,10.790355543720693,19.743209342907903
874.3057166796725,702.5603656955798,9.91942635595251,19.832678346696866
871.6336719119372,706.5119748520983,10.81619292572941,18.679488137651674
870.9442812621564,707.1460661775631,10.422924015637136,18.89269503590333
870.2089227698617,708.2982874657973,10.276410441983103,18.390834578648082
874.5132726338248,707.9884633168044,10.503948394963459,19.158680810212218
875.0150037022396,707.3395260805405,10.42752327105643,18.887602459217305
874.1882559963195,706.1037929327971,10.412252969391602,19.456449713171082
877.2990656173387,708.5610518195242,10.31463891419719,18.373626167266366
876.3999282742842,707.0715261160298,10.422003775239546,18.737186632317503
876.8851110673077,706.07070624513,10.387512921072812,19.54947454209389
879.9860507411628,708.5395802621192,10.359709258199814,18.348013742600187
883.0892340881215,708.0318688096679,10.29484154148247,18.713475455304888
883.5545561530038,707.0543629065689,10.272502821836724,18.978696787167337
884.0409640608783,705.9902448181497,10.194750562625927,19.524654913151153
884.5177377581961,707.9250235202678,10.11773893187592,18.207931561037412
883.7035925137997,706.4567214022727,10.00199719362638,19.164895735705613
887.9519823009032,708.3891793937942,10.572569671057863,18.879024815235198
884.7625253918068,706.5335104214398,9.803684362045715,18.6662106877601
881.1772387237543,707.1278717628988,9.994170466386095,17.96725393479437
879.0078560656297,707.7056914501095,10.121189455280842,17.83055250727284
878.2420219684947,706.1986560970349,10.045920815568934,19.061319926804117
878.687256269301,707.9322956556571,10.056549148403633,18.037118629225006
879.147250890324,706.8349964030022,10.053936754040706,18.88291199764626
878.3296657844462,708.2460679257383,10.071694313598982,17.747093159898895
881.3360767182589,707.5628645233887,10.071193001630263,18.872029442056828
883.0490395714163,707.1931051694805,10.101173294908335,18.896130047294264
887.387002208044,707.5117114377426,10.095775539038527,18.98593640375202
883.9315056682108,705.8638699976657,10.17608920968064,18.97812564157789
885.6700701664005,707.8481262340163,10.216733046877039,18.376681346420355
888.842461799758,707.4498902942814,9.781881977023886,19.01638145226741
886.5741179247728,705.9778108956643,10.067759109496137,19.084206170045036
888.3417266877016,707.8965277926595,9.929994984566633,18.372152530658582
888.8539230899746,707.1098320532221,9.801929041335256,18.779252882440232
889.3448940642331,708.6175796220809,9.651659592976785,17.956958590568775
885.8466006671258,706.4776068601943,9.857347798819546,18.63999792908089
882.4796829175434,707.5073836020383,9.947591008623476,17.396431499377286
882.9749923770407,705.860977455404,9.783547546875297,19.50264536586451
883.359679457589,707.9512876792809,9.859456130149965,18.091911086261803
880.1416957908243,705.9215946628574,9.571747445332676,18.77566412490887
876.6807619373195,706.6226013592443,9.660445266040028,18.27000448555623
873.2666911102262,707.1490038115214,9.844904155880386,17.677716032922262
874.9988893201686,708.8883649493343,9.755033310349404,17.31784275747532
875.4737510964987,707.7646644929393,9.732951947166384,17.99662150535346
873.425513882221,706.3468792626752,9.805285877850451,18.4230306025745
876.4190931402997,708.6188057281469,9.690139857411623,17.7288527868958
873.1637151211728,706.4970952939727,9.704135361164958,18.27478901989946
877.3681281768818,709.0255513532406,9.5558546261949,17.64881696226871
874.0598164111427,707.2187893280059,9.719970308737174,17.56383859318612
873.3191152494657,708.098827393711,9.680998407370112,17.376142874267998
872.5713327338847,706.6788295544271,9.66754550737619,18.37726771191649
873.017959832355,708.3420005010215,9.683914707875829,17.36580057812637
871.0128383218408,706.6902402525089,9.726051796282377,18.21009035355371
875.1558099182874,709.2631082567549,9.746224844203994,17.342269245977263
875.6742385759919,708.2939372421627,9.654897640994932,17.429697574982356
878.5351489789001,707.701172493244,9.71717602986871,18.364817662165024
878.973525572057,706.8418650602418,9.782455461279824,18.56919496037267
879.5651185959161,708.2668855193378,9.47380968182506,17.630540670507344
879.9376787660328,707.4066867523943,9.680989952283653,18.114344240748324
882.9233031911181,707.1655970310544,9.43587892970072,18.635443112486882
883.3615291056703,708.9472890862066,9.302488655547677,17.201175882585176
880.0427313112291,706.9597817657466,9.458839810878999,17.683136952253108
876.7302378913528,707.5523335659864,9.684215684146466,17.108802265956
880.8992329773469,709.8032456338865,9.531151665202287,16.841444325743396
882.5839461574619,709.180240962442,9.461460998837765,16.824959266952874
884.315273437275,708.2833299366844,9.226602200240904,17.641629597722613
883.5070128412481,707.3528645309822,9.424547961188978,17.657856336846976
880.3660865581244,708.0031632177435,9.323437133684138,16.75524481869786
879.606827201617,708.9814603429194,9.378934643579555,16.499791336705698
878.9312113492274,707.6004114285586,9.298560693138597,17.471603923843873
876.968165538667,708.5861489199178,9.405870748388338,16.507223362219293
879.8202841031651,708.2656257697229,9.346979521849903,17.485797649702135
880.2788649786525,708.0956611317379,9.363206075091739,17.041622634409578
879.579915580249,706.9204772522498,9.31247218819658,17.741451160359247
880.0067238981791,708.6006041469303,9.39899504007451,16.866747999130098
879.3057929637171,707.3907930541577,9.380637763337404,17.550971805346762
882.1054091311371,709.694945493971,9.432538425227222,16.500722486798054
883.7819348275789,709.0896785544521,9.340579374566005,16.711360731395644
887.7501134430756,709.0725170841649,9.379786954989868,17.25324037503583
889.4161320905278,708.7874553121932,9.337969396234485,17.02761782198297
893.4096525220752,708.9332156863129,9.376035360767105,17.330823557946132
893.890875601048,708.3184295583558,9.36954177160851,17.164052797524732
895.5460564119003,707.9139701292222,9.355652964251362,17.54666551176365
898.3804434932867,707.8997715658472,9.326542787694507,17.80730423539876
902.4229065801123,708.2879808796142,9.267783706838827,17.7632644862274
904.064948916102,708.0158587711406,9.341120403688933,17.605062550184698
903.4182752478076,706.989189883313,9.179552557415604,17.94037849366282
900.2191622858892,707.7370374884425,9.261926176051361,16.88698620269406
897.0801062833216,708.202724268656,9.361315330665889,16.474431041069124
895.1969111117376,708.669511039997,9.31108232038423,16.490539184166096
892.1246222929564,706.7464856012226,9.319307566290263,17.49341184463708
889.0386042715681,707.4193487346743,9.352865388361238,17.131989318745696
889.5022535916836,708.9490703015979,9.35610709297805,16.513233059387403
887.6326004286826,707.2883880691043,9.333857917524256,17.433933770571457
890.4500299197489,709.5143334751626,9.347908992340308,16.55884856918624
894.4512480744132,709.4814018846414,9.317642167271515,16.895114507317658
894.9133657692075,708.7623741735514,9.304439204703613,16.679223681395
894.1896794565903,707.552093023391,9.332423074212102,17.39381965732889
894.6641764141481,709.1240991104278,9.301055272767712,16.456834230071536
891.6567785836974,707.2299101010649,9.251059527443545,17.283321384095416
892.0856767184357,708.7896549696743,9.31150517371475,16.590072384582754
896.0745892220756,708.7205936244592,9.264944225407021,17.406578619895527
897.6872464342221,708.4125089497884,9.308138751614024,17.322126647832192
899.3367676401461,707.9624141924793,9.277586798723178,17.558653130985363
902.1642330057305,708.1736898351404,9.283132699768657,17.306097842497707
904.9966305923595,707.6942392941983,9.304565957753425,17.920258362135428
906.7767236194682,707.6182402397181,8.869999747478232,17.59764795155695
908.2230088407456,703.3610287542765,9.376566155656178,16.91666540000756
905.2172887116831,705.7418959762874,9.19779290787642,17.448598658615197
904.4791916053221,709.2254143502287,9.258500750419898,16.374838660070964
908.4329785104487,708.6692908969769,9.361178753227819,17.400140565437937
908.8767419189338,708.331158246599,9.371961510756478,17.033863902640178
905.8689063337278,706.599784266511,9.252505715291363,17.5612576848971
903.9600862899688,707.5417383119839,9.32109192863436,17.259938666906237
907.8881243199871,709.903898062194,9.54194447368593,16.54355256504641
906.0946726195557,708.3216243548543,9.338214761644736,16.568936788617407
907.7523909148041,709.9117153924419,9.373366533929584,16.26721974411862
908.2742626342795,709.1087588625512,9.317506363044117,16.352407930106892
908.8019212793731,708.1988902057757,9.02065324712089,16.91487574166365
907.965870726274,707.2009014411757,9.371636893925597,17.38566489298171
908.5680439605951,708.6546180207006,9.04085996135882,16.690079637544386
905.441813753653,706.9613265085959,9.212561158228027,17.15890283079989
908.2668473963278,709.1521317021308,9.028495543432996,16.767038568106273
907.40799835749,708.113305693369,9.42300396156702,16.813340716613766
908.0256809442964,709.5982513527553,9.01687012134687,16.123379779407855
904.9803731498923,707.6761190724918,9.064786094741862,16.70376802055557
904.2940956712467,708.5945390856122,9.034317918073384,16.44497179349196
904.7863495796291,707.4795443760295,8.988338651979575,17.408113165083705
902.845559238453,708.726888696275,9.17040041383359,16.07305513623851
903.4312131212648,707.9459046827228,8.964846624728352,16.92605180956116
905.000585405749,707.5113623787518,8.96943322005609,17.42392941288722
904.2665660466955,709.1973754600856,9.081058418727025,15.89689762371836
904.6791568788632,710.1618332690024,9.086590271297268,16.08109655001124
901.8248002587768,708.5102768788739,8.844432080799152,16.070074255091185
898.907484330383,708.8967352894267,8.466424776493454,15.770441375558221
895.8211508600095,706.9599190260802,8.820507887919803,17.072500977065715
895.1134790229228,708.1692790973907,8.91204203888492,16.767302063555007
892.179084201578,708.8409345546063,8.952208280827335,15.803500018117802
891.5591457951441,707.3675103643027,8.87871743497044,17.182891490217116
892.0002900093184,709.0834618345109,8.935863034379508,16.064778981733184
891.3864822738606,708.2150102631995,8.815357691551753,16.467674803139744
890.7564301624731,709.5874868988724,8.801935257667651,15.47290181960193
892.3204193147321,708.7501558030847,8.787590902471152,16.615494149616666
892.8042127122862,708.1390993420507,8.668422322966194,16.744303969029488
892.2173962315815,702.8319165961166,8.58539210586082,16.652932727640746
892.644718740486,704.0672716093723,8.622434329067119,16.259842764702626
891.9649569382746,706.4770938196684,8.640041720705085,17.230892869830768
891.2358020338954,707.454582447921,8.908749141837006,17.1143649669375
892.8809231019054,709.2324003659614,8.830274263445517,16.263220696702774
893.4020780699376,708.7021217677241,8.670434921361561,16.551303795592503
891.7672661436161,703.7108359131113,8.298316350567347,15.88357479093736
892.179636188213,702.960306654779,8.34120325733602,16.186937553711687
890.3020476902384,707.7895740963982,8.666591277657062,16.20928105534813
892.084047198151,703.7637314239921,8.050055874934515,15.498841816093886
889.0702837851693,707.9667068861434,8.511556754969092,15.894998922511604
886.1639841238743,708.5652996621711,8.644924699289277,15.567294617924517
889.9548788127386,710.5812215310575,8.56592955308065,15.35040699852243
889.4098465375916,709.3673577910375,8.45227015168598,15.37272998737285
888.8028213071185,708.2393696396612,8.499295700949801,16.05255953921005
889.3246221374256,709.7590504434645,8.410829516921012,15.252691436825785
889.9589765203891,705.1191606578176,8.126569951922193,15.076279018211267
890.3391263362071,710.1086397824421,8.182141279995676,14.849566934445534
889.729365907516,708.8889457372097,8.247564607490858,15.55221997062722
890.2413553948348,710.2177760289042,8.058102903867734,14.878548633369974
888.4864664606689,709.0460138994479,8.292123078798795,15.306865107714884
887.9208689118493,710.1191186188544,8.321981287080689,14.675759546517156
889.5396057562305,709.7509955736336,8.130866872118986,15.234294872541682
886.8559567256041,708.3982614513338,8.191017439028201,15.422685173714854
884.219371093728,709.2101958626909,8.15023653428409,14.711483070058193
881.538509531797,709.6146681352805,8.21462672502912,14.45831514322731
879.9844783040476,708.1367088475239,8.161168498155348,15.684803460723401
883.5443273814637,710.4917219623512,8.20639403939117,15.069798154608748
887.1859470721469,710.7747878663658,8.093885279200663,14.774645407813068
887.6966139931917,710.0817132748964,7.923279970815315,14.698658737768028
887.0638025319206,709.1811364521568,8.111907055954134,15.042333041935763
886.5270654150261,710.2719937179313,8.099117812439886,14.37017221776523
885.0384546063055,708.7519501953775,7.918413864068043,15.247055563286722
886.4631298239561,710.5883813123975,8.087163335006267,14.340589370612975
884.9625414331531,709.2367024341675,7.944777498413259,14.935075867817432
882.2866491721469,709.88852453732,8.108844561278488,14.179480898682982
879.7517972879579,708.1879123786211,8.038615168073306,15.355126495481272
877.151823613669,708.8915659279438,8.080099399687015,14.962915575956572
877.630797528065,710.3414694871528,8.061257909172241,14.314023791418549
881.144321452335,710.3166952292215,8.07686195121596,14.986855811552005
882.6493401686967,710.0887811559903,8.045643668207049,14.86529826603271
884.1614115379078,709.8507216861342,7.99700991762063,14.978467335777395
884.6187245812307,709.2620521527515,8.029679252695132,15.217425083145827
885.0849914746397,708.6917096115043,8.0160712397834,15.573133516900839
885.5153357054537,710.3110850845321,8.09494908001011,14.446076038315368
882.9168007982275,708.6516151882846,8.129709214518925,15.163181762651561
880.3239672519184,709.1822155356554,8.097988937645368,14.711106198277548
880.7824130796588,710.3844987715274,8.113327330304287,14.390064512634126
884.3513334356221,710.4242331089513,8.004293107488706,14.969462260119599
882.7331758048592,709.4866938853256,8.11043519341331,14.66692894754351
880.1629173580606,710.0190241708215,8.09024315147542,14.141691404502808
881.6642601118256,709.3911428681666,8.038756260207947,15.192631901118716
882.1115596649335,709.0280054237091,8.086788755412499,15.302831890036941
885.645183029613,711.3814071457216,8.076632913815956,14.263729775397223
885.09791691738,710.4144776207369,8.068781054426267,14.158160451970048
885.6056434144785,709.4223160458555,7.987536140641964,15.100496485956683
886.0630763475167,708.890946078807,8.006101422148959,15.402656986397687
883.4385656541916,709.7977123002349,8.083515309224254,14.173819380411032
880.8784178523764,708.0857183595708,8.048189238231203,15.358712494919928
884.3975993365816,710.2960471653969,8.06896700994389,15.068079620573371
881.7579011904932,709.0269346100838,8.141644773071903,14.87259556424101
883.2514327526628,710.6863082734928,8.137717857960979,14.303642839677423
884.7649820791157,710.2451130402715,8.094999143024665,14.680707694002194
886.2605690100128,709.8805952993159,8.07468868056651,14.924994752245652
885.7012047000203,709.0130802092268,8.099229984392764,15.200870161020816
887.1778647278013,710.7456976054964,8.129808078292854,14.33974219369702
890.7292677353139,710.6614212445037,8.095937618628454,14.809478266588258
893.2580201045065,710.5055622167499,8.05620678024377,14.69568106813233
893.756795593426,709.8236337854738,7.965204478205351,14.88773792601853
894.253511533815,709.67934902843,7.828784761089082,14.694908523499976
892.6435776221047,708.5920859094317,7.933748631692197,15.174717559225883
892.0949491410483,709.8152878216574,7.978086800607343,14.523015457909537
890.6282040961343,708.5608253803313,7.6991592484604325,15.266291039602606
889.9568085955151,709.9109559842075,7.968148098782308,14.389853727091918
887.4143219344344,708.5269414407292,7.930900361521026,14.972488477254728
885.8260132415718,709.5168905888086,7.998241768834191,14.513615671553453
885.2826771399197,710.5304554613255,7.999520608703733,14.049728571801438
882.7507334386373,708.9490391661725,7.986096663222156,14.802113800583811
884.216433117413,710.6524681258805,8.004915919702512,14.187924474772558
887.7086067483517,710.6764059093472,7.984252243901892,14.68696382683504
890.2020626309063,710.6958377237331,7.951350196252633,14.451208207686022
890.6700846621226,710.0815801402987,7.950669288841027,14.557418436580974
894.1401971395833,710.2157264652877,7.9892961469187185,14.92718062252095
896.6266598514974,710.3653078084466,8.029384118848611,14.629555862353527
897.1164791921799,709.8243622883099,8.004306747511578,14.62115012933225
896.6256418529828,708.9531035563464,7.94097214162332,14.89568680633738
897.0693745366013,710.5159231015929,8.047675520919256,14.074372420686927
897.6494782924125,709.8047814318161,7.768713475906225,14.539968334288574
897.0622845550071,708.9325053685811,7.888421828397327,14.752873673895692
894.4882583121639,709.5774665379405,7.925139709666951,14.17461589163156
896.9809131437564,711.2523800242784,7.917249403154756,13.963194804214027
897.4982818562596,710.5733206209737,7.812068991479464,13.986616421742042
895.9892792367359,709.27268658193,7.830502839440442,14.562586692222794
897.5014716936753,710.8833207230929,7.676412783569276,13.947968703170318
898.0098268535482,710.4238224349536,7.406054227906907,13.858317277401625
897.3885372840346,709.5423515746274,7.6834985543381435,14.226558744869635
896.900547535379,710.5481111984991,7.664252581116216,13.722954610941429
896.4121321553843,709.6520673773113,7.678423042288159,14.206183827696918
893.9473449974548,710.2722031303963,7.711623472075985,13.527071933703382
891.5479652873806,708.7787526515169,7.632302635958126,14.51657311446138
890.0600535198026,709.7172003325898,7.6698783296182,14.15649521797036
889.5674442774857,710.9056191892925,7.656864262905856,13.420666695281511
889.1054074036854,709.9578933424096,7.617952272153616,14.049841409029682
886.6848188689245,710.5692214547936,7.577860465007575,13.378752665900606
890.1021444554783,710.3836757495569,7.351650295147465,14.41435142202613
890.5375236786601,709.7851889732301,7.3296640621106235,14.48849052709943
891.8811673607256,711.5456511942257,7.423889622121919,13.437180121230085
890.4183401085276,710.2457907840134,7.511403266446109,13.663884012798917
889.9385461000741,709.4017957836329,7.523099297498902,14.23153954067402
892.3880942807025,706.0384976542796,7.324340219930718,14.109914992958238
894.8114698563957,704.4191669262691,7.343652918585576,13.971407938652192
892.423294199134,703.3432141069297,7.310097401116309,13.77766955611412
895.8125034632033,703.4824229012365,7.145843303558422,14.0115305364709
896.3175206684973,703.1599878864281,7.030399055470298,13.660740826792562
896.8350236837296,705.9318934520707,6.833851130288167,13.88478807561114
895.2135738322063,706.9664674976774,7.319670120943101,13.386700343522534
896.796095694101,708.3869096654118,6.969209796428913,13.032305552075286
894.39638479171,710.6673068018572,7.163472248711059,12.567079975378874
896.7431759088304,710.2954365222447,7.119793217948882,13.406037195393878
894.4484680998929,711.0308842996374,7.13683485008562,12.570623517368176
894.051087649879,710.0765040204084,7.084539257120014,13.54946047509327
892.740019691741,711.2107264669348,6.9759774785535456,12.483961090119237
891.4431164722334,709.8087841796254,6.818814360083024,13.610120155837649
889.987770181766,711.0010155887034,7.137284104357718,12.555069085596188
888.6963773963208,709.8913975397782,7.094669959508906,13.348219700049412
891.8504504453138,712.0002904346093,7.133472152836703,12.687051841231892
893.2271024096201,711.6206317406718,7.1132873840647335,12.717813702750846
892.8274172732479,710.8140431048688,7.087501620832313,13.038884525715844
893.3146282142332,710.3820746899112,7.063750935824146,13.396370370786144
892.8823588128217,711.5438781010195,7.088078714972767,12.50938646462771
894.2484407980472,711.167866744799,7.075085388794946,13.031001225366253
892.9326655974915,710.3129632503283,7.095148915828986,13.094257695257966
892.5175615728814,711.3342423292135,7.082970013302543,12.558318773262272
893.8925584419546,710.9423498084759,7.05737093771927,13.175903230846643
897.0247470384807,711.3133871157568,7.099775196344581,13.22098187971983
900.205783277265,711.6094558105333,7.0536940315630545,13.129152308656558
900.6595379971658,711.2442568653062,7.076172635893613,12.83382166831575
903.815641216879,711.4712173817029,7.08349338930168,13.21122430426692
904.2861472515519,711.2026300006528,7.07927792284363,12.85598655764261
904.7611124791092,710.7145776048735,7.0681951484602905,13.181633888327951
905.2333385913845,710.334840037578,7.061461661481303,13.421688794316651
905.6908122951315,711.7761702741243,7.060321290464344,12.505776811201486
906.1699968339561,711.0658137354943,7.010229618343033,12.996588705282306
906.6198419488014,710.6190464852257,7.051412365870419,13.234458020974898
907.0836623036806,710.2920464625126,7.041376468252906,13.355123049419944
907.5437339489538,711.7052813120287,7.010701302807661,12.494326284276553
907.0920291555474,710.7887112503324,7.09804875612258,13.01478773056192
908.5447707189718,710.5070034242206,6.813797379362882,13.42763499601324
908.9899449610951,710.1307683232317,6.770500305997416,13.598294229017938
908.4211573823357,711.3140068025922,7.08625567315562,12.621690784267798
908.9384575914477,710.6491323694238,7.046237685720371,13.212955324593622
909.4570043779406,710.2296365604986,6.984085182153876,13.432161755630204
909.9345716955204,711.594053006167,6.927141382975151,12.591341923131154
909.4778045631006,710.7770424593994,7.062923712593374,13.01449984458418
907.3053353958758,709.6906967439331,6.979813004487369,13.402994542820807
910.4155817171613,711.7180723528701,7.1304826338255225,12.990733856397696
910.9575815871035,711.060110370156,7.029619629825902,13.029224724270648
911.4386184328403,710.6196384152217,7.032672034866437,13.192692017131321
911.9559064884588,710.3109877955302,6.94991332817699,13.332778543365862
912.4314532753718,711.5218682232223,6.894196113889507,12.697296229372569
912.9068508754397,710.8315935347707,6.8458973778531345,13.179787807948856
913.3431124528328,710.558166159008,6.903267269534467,13.15366467420904
911.0839966457523,709.4013795178907,7.019669172348927,13.571886672229994
911.5313582950955,710.6980676171775,7.076107701685032,13.28397513773939
911.0937983591413,710.0200142625631,7.102762384281164,13.565398903117284
913.360031158308,711.7367397282369,7.120647469858454,12.876192080801957
913.886622481582,711.0263355683517,6.990988571923253,13.087737025265369
913.4092172493876,710.2959124121048,7.119089063623051,13.352375976243366
913.955901295215,709.753653071898,6.911422086627681,13.738872915767388
911.6133027424346,710.4904849362268,7.116611796942948,12.886250781199237
912.0825793353038,711.6267602392647,7.133843080417819,12.58186376762444
912.5636526488623,710.8650202545448,7.116740622772227,13.211815787537375
912.1379512489697,710.2345138481119,7.114755822217035,13.386908408268937
912.6624305761993,711.5735827409624,7.0341437933107045,12.639643110801899
912.2498315349849,710.6739408431199,7.024345879784505,13.124050813071221
911.8188510647943,709.9694224152468,7.056489047222271,13.523217285386181
912.3522181093424,711.4081816346292,6.7678905255604604,12.666296016479123
910.8917498134965,710.3630461367363,7.090329514579707,13.094809171441852
910.486273254026,711.4850890167553,7.087816857920188,12.41007074958975
908.2967912696979,710.1128826448099,7.063268768499029,13.12493629091307
908.7807601810074,711.4678921595547,7.050703431537727,12.549736241108008
908.3727045473631,710.5696150906119,7.062386959237074,13.12518580807
907.0769452990809,711.4684052512907,7.029264378951893,12.366744065922603
907.5622933161495,710.8391402449746,6.998863345727045,13.032819765625959
907.140898258717,710.1841994959877,7.014583970354579,13.261095948702177
904.9246313332119,710.8644601063577,7.062852908710397,12.514008199328146
905.4487547306726,710.121457946645,6.953292737130141,13.4501179166964
904.0797569384636,711.1556564760494,7.0834021860694065,12.458445550125589
901.9017391687792,709.7917491408258,7.035094016359267,13.26235286747999
899.682435500706,710.3680494825466,7.0702273461839695,12.956035139084406
902.0072214120939,712.0520088215534,6.878132961455776,12.482023423598434
900.6954719334748,710.9168346175536,6.93517702655754,12.659235448788422
900.3309157993922,710.053891216718,6.858044079088927,13.36928727092743
899.0106756210571,710.983765005059,6.943012033364539,12.593961163313338
897.7537590163045,709.9113497835788,6.922582825309064,13.238415953241201
896.481955693544,710.8557133520962,6.934297822661392,12.655356289489646
896.1956032949015,710.3472447621066,6.579060919968924,13.05012721811886
894.7446741441365,711.3979086459215,6.928836068698843,12.139444457351374
893.4888113913878,710.2452369253244,6.9231634942505025,12.910898772110954
