609.0,171.0,29.0,81.0
608.7332462053746,176.11312864907086,29.30843254737556,80.36923324177042
608.2096749962591,175.9268399720679,29.632975252168876,81.82259285836864
608.0087100105584,176.34059543092076,29.553382291001753,81.9390076335435
607.6679012217451,176.84307672169825,29.714102688150433,81.92488706662004
607.4158798131673,177.23388437946517,29.345803066733197,82.86157963170467
608.019625235779,176.97593008268677,28.386695607552497,79.99022433529012
607.8823476217908,176.77565797467355,28.245959513093567,83.67677367529438
604.1393094947562,176.1691106861506,29.45849941315828,88.22665939474308
601.0743557360863,178.25184696269065,29.981408351292657,87.8920384626324
601.9404549488933,179.22872145998934,29.949579665151873,81.64411293441856
602.0889195695935,178.91892788087944,28.99496705121021,86.03824310629534
601.2578967220022,178.79751880290007,30.15059053442883,82.8767432409793
600.9026775350435,178.5036692925744,29.79109442169147,87.64219772063711
605.3595215019759,183.53225897825843,28.354553568990468,82.70774338975394
597.7947400366781,178.1677209666072,30.347523746855813,82.56379153604507
602.516789374694,182.20358505166092,28.17386175301806,86.5720023288938
602.7990911726982,187.15027322033802,27.608812877328432,80.10047303945157
597.5849278398041,179.42481888884348,29.92068429385199,85.3052879250636
594.90086586863,179.64549609203323,30.198976929791797,88.6629699608045
595.271188511623,180.5445718774311,30.846970214804855,82.97273336544748
595.1037828080616,179.9486734145143,30.599820772885778,90.08760522391412
594.425992202599,181.28217470275234,31.644738666733247,81.6720534414905
592.4229341761838,178.1432342804735,29.826410707182163,91.82015448218522
592.629668971427,180.96460412504769,30.717528787976676,91.58396214050424
592.2156070988642,181.9928466244981,32.70332844235213,83.2909782720323
592.8574003914484,178.98014587187686,31.663328789700017,92.38344445214511
593.636923199891,180.6765673608743,30.382762208354052,85.39526060992347
594.0775615448722,181.51734640322138,29.33616829806283,85.81706745395695
593.8323305546771,181.11824841416228,29.393463263137846,86.7460652494517
593.5212368285943,181.70649871689488,29.31580696073729,85.59811979282091
593.2055349061736,182.07950933496727,29.20023404816243,84.99122370255031
592.6090354928829,182.47027870050977,29.532058241056802,84.46573478076652
591.8717789433322,182.7821065032756,30.02428829200653,84.20614443865765
591.435544359465,182.97732760075678,30.141517785146334,84.12747604078481
591.0462956554356,183.0398193740425,30.156871288801085,84.16984395133932
590.6501929944352,183.09965523699407,30.223164238182562,84.14414224284502
590.3824723305861,183.2698825921334,30.2038021680969,84.04986081405377
590.0654237743165,183.55895126289386,30.179061882306996,84.07346939585602
589.5851919334752,183.8170834840467,30.245954717294694,84.50499075015023
589.601056842785,184.05970955698285,29.492749955594718,85.5904633279788
589.6165672507589,183.757709216894,29.73107010569015,82.38878052357904
586.7038948590425,181.53356642261838,30.118789901124273,90.08016469098288
583.6034997572742,183.414739893055,30.703831065425902,89.50275275558056
584.720716260282,185.59053696698345,29.690414113006454,89.96829582095268
584.8571346933815,184.60945387609542,29.59152035577779,85.58437719929594
584.2344894656478,184.59162321065622,30.154763825375767,88.17865602755325
583.5425361665189,183.96125020475176,31.207054937016892,85.91557640452675
583.6754146254659,183.61664101575752,30.565398266692455,90.03848605246583
584.0029944144196,184.27526258617502,30.140409428793646,92.4816149215809
580.2162043622502,183.21065382157968,31.671055863220317,87.15789243925269
580.4633390397656,184.25191238916528,31.481843903036406,89.26102470484437
580.2578404219996,185.1204478645418,31.306697076999626,90.01262469314122
579.859042391176,184.59814803517463,31.883012328400355,85.74690063441358
576.781464892179,181.75332867397105,32.78100826750915,92.8078500649483
577.8649307223112,183.0204736653527,31.9186237099824,93.95243228085837
578.3741824005145,184.4195696755902,31.789826388121924,83.86244577435605
575.56090721579,181.1322054240004,31.49854177657005,93.62216485577659
576.383288967626,182.95262403145693,31.625514551097467,95.26996876570013
576.3965567756582,184.00313395750368,33.43599006960858,84.9514922330884
576.7675394079865,180.81396124380626,32.94281255352496,93.55205974930414
577.3555968877604,181.8815779887318,31.962328944166757,86.43109582608531
578.0883982458345,182.3596198018729,30.723835848201134,89.5187562875534
578.3134034637311,181.93885230455527,30.61490246613846,86.17870940902304
578.4297816011574,183.63797818551075,30.105471595328027,85.47233964697193
578.4145001932545,181.7692956924759,30.460856508059578,85.94162207872091
578.4919918181326,184.32546045967712,29.74626885941734,83.50214637417952
578.5906173662829,181.897004370614,29.63862952630484,85.77686074893404
578.399057553152,182.54693338457673,29.62723183937237,84.9580884652396
578.1875258766477,182.48889511975858,29.887562254729914,85.01791357591196
578.8723881858239,181.68509352472176,29.393402624933174,84.33158200191144
578.8513138247774,181.70178190306433,29.480815446944234,84.49045470852889
578.5648822338217,181.95530661740463,29.803134971947657,84.39715994408004
579.2317295713523,181.40067640491043,29.393599149139618,82.5512868283081
579.2913909679992,181.222837186464,29.160719173924008,84.91537221605421
579.3548873393993,181.224042497558,29.568362547375727,81.56631559189304
579.5015606994958,179.6371322297249,29.441034922865356,88.99240711255948
579.2953393726987,180.93997694566974,30.17122959300241,82.12865352873087
576.7091647685953,178.6962075899546,29.05982650322096,89.9677834335638
577.0563385748388,180.58916795750906,29.81586509069814,82.13679640508394
577.1552572913289,179.78690585518052,29.14862567523221,86.86208953481764
577.0188408484721,179.79136383834702,30.100029807597707,83.08879648595757
576.9297587398055,179.7596404060679,30.213391680557038,86.67138434389238
576.7667158098192,181.0080966371513,30.48845478151179,86.48584112188303
576.8450620068688,180.22284083870755,30.672716570008333,84.50776909779455
576.8555102477745,180.01746349012484,30.527362442590515,88.00257692701393
576.7468472431456,179.96663912329143,31.314692492791778,84.40407675848314
576.7669650849598,179.51232810238866,30.703011760596723,88.68440189643059
576.6677850498609,179.79383129887174,31.742241085072692,82.5361616769714
577.5608922384772,177.48671943753743,30.078365990143766,83.0527526673352
577.0007679893812,175.9701331682179,30.920215891639486,91.20558090680669
577.2788607235834,177.9843823251938,31.385337190251335,80.69023517888354
574.8244140188037,174.6366010240465,30.66606172073807,91.09353252668319
577.862523877181,177.29213655932585,31.853998248083712,82.9682605180185
577.9269721564249,174.81620482665232,31.682967952215222,83.10169383527995
578.2924218125958,172.55566777145907,31.32812580998211,90.82440631675092
579.4092859982309,173.69679042045232,30.090908280378017,83.82377607388855
579.6851078055827,172.0490298728273,30.14015813851006,89.32269873398127
580.6153519413933,172.9115781933616,29.1801806666399,83.66275139090317
580.3977505546541,172.47623281478764,30.04800120368577,85.05134596885318
581.3738564196519,171.61504755396436,29.117390129031264,83.7332937557411
581.2047678879304,171.81435382882051,29.63091020687341,83.77246764552336
581.3844254018579,172.11063820531376,29.698386240645277,83.43904868962136
582.5265045157453,170.98429167373706,28.64879917478993,83.66258054094084
582.797916108389,170.31381770951236,28.832750441677035,83.13603026379553
583.6506884134155,169.75415076056697,28.6031935560502,82.14137737316105
583.1300467778369,170.33253726102066,29.307736979991205,82.48067848328537
584.1931497527833,169.83983117974185,28.47630135464442,80.99502549958265
584.5969335496936,168.92576658142912,28.530479992844334,80.43943908330493
584.6951750118114,169.23541714318077,28.068905220288798,83.22101604207563
584.4319989464447,167.9062301444012,29.382921992334673,81.13520806687546
581.8606756255208,167.54756640539495,29.131691669363136,87.2053670534388
582.4566425649413,166.8926918073023,29.96349346052284,81.73039691970905
583.4609618973093,167.686567818183,28.31366317232755,86.46360668265879
583.5629066218569,166.161868929724,29.093388352428065,83.25465602739706
583.5241120187022,167.59976689041605,29.5691539699028,84.43192883989639
583.8291018345383,166.93037918200747,29.843080832913756,82.39270357563214
588.5438059738854,170.19961076045774,27.81369681760816,84.67729373422179
588.6435257139854,167.27754296748324,27.371247259794472,84.12992644321545
588.7288874692922,170.5204387915701,27.35652387022219,83.5321771577321
584.313475760661,164.63076390785307,30.324460257859982,84.48893926908704
584.7870382647234,166.9822144409344,29.74229441812895,85.61725132629127
585.0373681005472,164.6471045740139,29.781160658498834,83.54011554490123
585.1600133681458,166.26855946452298,29.73422499147432,86.85121405082677
585.5620947962836,164.58177199240623,29.98906644237684,82.38318285346037
582.8090733025365,167.4346955275488,29.72214454699065,82.85830748121577
585.8816787142553,165.22207027309256,31.206369981291232,81.36784778379143
585.9512084404328,163.64164564738167,31.613914984421854,79.87864213199032
586.381282238672,161.59110758532523,31.32722935609422,88.96108962742346
586.6533493164278,163.2897039553991,31.43367284694773,80.96709024756103
591.4831585305814,159.64375572720746,29.55184292988804,84.64985637223094
588.6768056822993,159.44603780001853,29.929223264125767,85.74422348350481
589.5174091627539,161.51538027240952,29.266666885215955,83.05838869583624
589.9611792174546,160.68744207358668,29.119221655746514,82.74128634671183
590.317677297895,162.09683725794554,29.124593293340467,81.38946052660543
590.7529240382202,160.7929440770124,29.021544286841504,82.0862712672673
591.2567841859934,163.76959434150714,28.848822583934975,78.7479528668022
591.691962262466,161.44893068624197,28.85730705020137,81.52633630511127
591.9350596890234,164.94896084184802,28.955908638332517,77.38796136433302
592.6261735057326,162.44793359060532,28.79558406131332,80.3559450327316
593.2416718225757,166.53953115238926,28.455757718361383,76.39072152827782
593.8118297065412,164.2248423242596,28.385430190953684,78.03536707962007
594.3719147997408,168.06076283316162,27.889397925588582,75.865161977897
594.7942759622277,163.2957160906256,27.89707257072962,79.32443304250683
596.1156475273328,168.10935300779076,26.449512697288355,76.16184782420473
595.9222623002581,163.085486757304,27.6655468540406,80.1966927698594
596.4955453405537,168.7105879776437,27.125227742253514,76.1411437854359
589.9655456186598,170.21304746670785,28.69224012842085,76.43227654161012
594.0262372141482,165.54576386756503,28.528847617502606,79.87709772674663
591.4802748712953,170.0979117374127,28.723148466127213,76.27126471111205
596.1858493453749,164.23670851199512,26.62272067822255,82.53811926468433
599.9672255926206,172.9864864696297,26.104785903010566,72.40937264657163
599.985567424941,165.58553537304027,25.787361203967862,78.29252912351711
597.1617224701045,169.39778920842315,25.591767429105857,76.58323800166403
597.4612944535642,173.44286075645823,25.60490824055489,73.41980373048182
598.2985573084757,166.49974560172268,24.687735747577108,79.56479672886758
598.5368217130303,172.27211358326582,24.644447835110668,75.77763522647575
598.7821874065863,167.35533069749,25.069441826361412,77.55080387615533
594.8509127309862,162.07496524415546,27.525579025984825,76.44708831346628
592.7608004613453,166.6283094842659,26.32078733032563,74.63376705390061
592.8877554291784,170.91889804706216,27.207210756306836,75.78830573157933
596.4456558059852,167.21718666128015,27.3873140251186,74.78246162641233
597.2513240797437,163.51177211158142,26.25674538468229,75.06202964586487
597.9781181743961,168.23509740187856,25.789864942364602,72.3159436114747
598.3687819184447,164.1814118446547,25.034011965355603,76.14859305327627
598.4949913565151,169.6155529857478,25.105097660360343,72.56639481083675
598.4800214707348,166.33156859648636,25.031155194428266,75.31953564789785
597.8501948870694,171.37416745121445,25.9294292219206,72.06617000052958
597.1946243937643,173.61259654986088,27.103096444443963,70.0898521880772
597.0132321754845,169.16121379437584,26.705130248183195,74.97632745473373
596.8060971314221,172.94827295060645,27.15033230479503,73.3215829282843
596.2760027507452,175.1802965086273,28.202594663480568,70.7196537401403
596.2057777219266,170.84788187185057,27.89536211287077,76.09114410980447
596.0191919107601,173.94819730929862,28.12641302255315,74.78368631282669
595.9176045349882,170.73275399012368,28.427721773898043,77.1689176414975
596.3599442330421,175.3736702322617,28.0973079064006,73.07566645827171
596.7139083505838,171.41659457041368,27.424038242848724,76.63158675622748
597.3038085463293,176.53650265737295,27.063580884006797,72.56422336380624
597.9502679391788,172.8408468648476,26.54054521341766,74.83063394346681
598.5639957550086,178.08665969478898,26.50284111519602,71.46372846909799
592.215988435006,178.5066470874922,27.410533017278567,74.48918531046505
592.7302273471067,182.1852435788419,27.67000468547269,74.82755845236079
593.9973090380197,174.90525635918533,26.37719951770464,79.7704201025453
593.5451147944748,181.9332141272734,27.805524624259533,72.63392007438085
593.6703350938296,172.62378891045404,28.304515980829365,81.78197867892322
598.7643666924093,181.10607395132325,25.649205085319636,75.71011874823648
599.0605988442809,177.3333661179051,25.096312075891205,77.2133026791127
599.1317362354039,183.272975585138,25.092648395484503,70.912179379375
598.6851443592293,184.42627804076028,25.53624115323032,71.18532989187997
598.3121456883833,186.09686036708808,25.917504278660886,70.47774219732855
599.1958558181458,180.73128129146426,24.610748167768975,74.2858111922551
596.6939999636024,183.0298845598868,23.998755967494162,74.14726845419364
593.5515878628321,177.74243328402224,24.870459678797488,74.00074725251727
590.839208100886,181.95702586499823,25.546949663419127,71.59165618721465
593.7657739430605,178.6742229086785,27.37170192459746,72.53650801076705
589.3962033191051,180.5341696700936,24.270487111761668,72.57961827377835
595.7175077764839,179.27193520569813,25.360015735299157,71.95384904359244
596.4579347953986,177.1413223113987,24.61088381826721,71.01592016351645
596.6181319740929,181.0098116547515,24.46297947445396,69.28234972393034
597.0290895227165,177.2196234130018,23.72712937119718,72.34160565915758
596.2097011853922,180.21911595592564,24.791427060223782,70.6018725714955
595.9960358076653,177.41602544652278,24.766625010492362,72.22768485776055
595.3038981640875,179.89407476442534,25.699082342841393,70.6348767497721
595.340567604525,176.98855385694594,25.03299734950042,72.36491513597588
594.3141547147607,181.0365455856009,26.42136600586298,69.02524498323072
594.2971533670811,177.26312050492925,26.015632917385233,72.48256154165392
593.4398493965878,181.32478891520935,26.952238965649258,68.90686415307988
593.7493849180996,176.94011974122532,26.557224085917255,73.40230545834572
593.2643109959847,182.3786786293727,27.411270976300557,66.28333460899483
593.8633445122232,174.58086932029832,26.328104697412982,75.68219320445357
593.7624758600841,181.55892725779393,26.937466300863207,66.64335253422098
595.0810198449302,175.10914691319624,25.30513017429496,72.83669613333188
594.4983831117916,180.2886586703521,26.897098742929302,68.28059376276065
595.7367915001244,175.7621660309121,25.584118166982307,71.52408263212442
587.2772144137829,185.94366061560612,23.10767596872813,68.15506767193955
577.8978024493335,195.2372563469379,23.204572103076316,67.2890279939902
568.376596475859,202.01051495059227,24.378214575090965,69.11533471091838
559.4424442460805,211.3470444256091,24.664696328139257,67.20400404483041
550.5309130627635,220.91579214667064,24.51305408569351,66.62522383462169
547.7787824349991,224.5963880630306,24.69954535634247,66.14365911147235
545.0872053264909,227.66642278952708,24.730809533559295,66.22765026573285
542.5062455765735,230.3037234235593,24.561575822594136,66.69537750528906
542.8038541070947,231.98157873060995,24.444953631272142,68.3616516742336
537.1396761212711,234.19813071132057,24.331741818794626,67.13496742450832
540.4424793887674,232.81930736838387,24.627358278675047,65.0324555630873
534.951716230764,234.77330631900327,24.435232583186348,65.57673505034984
532.474263343774,238.27313316413165,24.27047846462733,65.45830781194809
535.9303423507995,236.48771667020395,24.336845127598167,64.31370931780879
530.5353950628166,238.37977507052713,24.085944626936794,64.91674522506159
533.8894029434105,240.4946143917541,23.886554003770243,68.07516432265606
531.2069004179043,237.9489987420767,24.226605774275413,63.771421973065685
531.6338559304097,240.40840874466255,23.97167928955639,66.02273154757029
528.9739951693759,241.84725852486207,24.01410452575874,67.04026959662968
529.3477766156527,240.24672817227952,24.017263307331064,63.872402192812615
526.7468669402966,242.73719269316382,24.050258629384416,64.83202345066871
521.3484315947434,245.65243868778873,23.898457648777935,63.81045087304534
524.6682198895718,247.7153952573122,23.736592633798523,67.3629597699134
522.1069358099198,245.38191973393896,23.960347054401268,62.89778645133589
522.5351590490991,247.5048168476432,23.783745213555676,65.73911259450335
519.9436131612163,248.80336900425024,23.8315868249108,66.99499313743067
520.3578104900565,250.83692635418237,23.51075213927527,67.72510090748557
517.6260281411351,248.30604166236435,23.989801478954746,63.642951174695725
515.1487286068287,251.4866840229026,24.009499416369636,63.829820307187134
515.5721252186097,253.47618682331256,23.82760546549912,66.21755064918432
515.9606539603529,251.56980278934736,23.697289804468028,63.650160213987306
513.3568267203975,253.5664616654455,23.76409037668259,65.12886794448974
510.73735642663064,255.9759813897472,23.83753385546902,65.24465138324038
511.21795028825704,257.5162012449266,23.501746878026097,67.42454422745232
508.4486910879764,258.9261016255542,23.713361836981107,67.52169610836063
508.7789458776633,257.69296931020085,23.80168829614479,63.75328942586657
506.1595905343604,259.55604400738474,23.832477408221166,65.49002860182458
503.5631867331127,261.911385615857,23.93786277627686,65.59849869339263
503.9855231098636,263.4053595874184,23.663147672049263,67.84162451497821
501.27883869085605,261.5478278723981,24.0962407583757,62.95628764733112
498.8723605629946,264.40456547789904,24.000233503148593,63.6845244185497
499.2806577576669,266.40589731495174,23.89748880772362,66.29793073336708
496.67259026525016,267.8182329410914,23.967086638944465,67.14816766079264
497.1392981024549,266.75186633486294,23.873361946437797,62.9154413711085
494.62962598367085,268.6015529938858,23.81271665549434,64.81144035396346
494.9682950560308,270.28904911046425,23.72304702859003,67.33777242445171
492.2943722731594,271.62885771861863,23.80006679046903,67.85077633235795
492.58987113043577,270.4325091026749,23.874568480252947,63.52711843184795
489.9481629693779,272.32949144245197,23.967147109878624,65.3808586699837
487.4102259807101,274.589508977494,24.009323408260173,65.79612264665104
487.83484022293777,276.20532472960224,23.776435367604506,68.03136263465518
485.20774135605075,274.60553230947744,24.030262157746847,62.561175349294786
482.8009134568689,277.4406404971323,23.96859872223166,63.59542343867702
483.12904248076666,279.36124097469906,23.955216546572217,66.49748349579079
480.54971367306825,280.6967743522781,23.98202089294591,67.40241588026157
480.9148367057751,279.7055475673078,23.980275315548738,62.866553116089335
478.3734622432265,281.7102239175802,23.947600651895073,64.75947721982953
478.747467283293,283.4460113836557,23.7938382583107,67.62711834114987
476.1855503622613,281.7820503011761,23.937421746350992,62.32055874856337
473.7173463661376,284.7308429045009,23.945936622368322,63.44138247789482
474.1107349502953,286.9038149436831,23.875756833478363,66.12852950469869
471.5652871545915,288.42364435045624,23.900228263377244,66.78239973336935
472.0873588031004,287.4265244654274,23.650849850487248,62.261697656586364
469.54418514854774,289.29363812445524,23.777235175203998,64.66691593092258
469.8939257130953,290.8815826908183,23.642616570897815,67.58815343201076
467.2166898064774,292.807969026067,23.86761991914875,67.0792467010225
464.623185090344,294.9236758870119,23.972730040351962,66.85601415220253
465.0835490470213,293.594801819195,23.8707104997938,62.793115196328415
465.40916487995037,294.7757842407593,23.801986628878694,67.52066114583505
462.67699324632844,296.66562764524065,24.03458715665488,67.5125529007837
460.0622530349305,299.3047172758256,24.152360890586976,66.51147560524782
460.5335585957063,297.9393619251057,24.021203184289618,62.985116249653345
458.0906994233203,300.01428335731885,23.898037713167582,65.00687678256736
458.3993142486137,302.21339980665095,23.913857512402387,67.38024347283897
455.7562814322097,304.1051662362617,24.041813709385906,67.25368508419956
456.118201798267,302.9211428603471,24.07699348725191,62.99253427262761
453.6493350378807,304.99220955499067,23.946548983964078,65.0773495868595
453.9673444141836,306.8270355928439,23.93295260028549,67.83772550341524
451.29903784401995,308.7048828575141,24.120192560846476,67.41133411418008
451.7114128120762,307.57925263413836,24.068287992388377,63.28499075341642
449.2567436368321,309.75860588860223,23.943188769882795,65.06971847012721
449.55266617706644,311.62869749560286,23.953015007953752,68.04797319608247
446.851761820274,313.75065514791424,24.156661385706684,67.53730295671926
447.2562738977073,312.39353765927467,24.17602941830785,63.829897087235054
444.80964803777863,314.46794446065155,24.067717161669975,65.7743375022938
445.13149848820655,316.7864684359675,24.099681651219555,67.73608438636234
442.45918476655424,318.74926852004137,24.248807254559324,67.62641092885315
442.8854953717819,317.2482441237337,24.259794829558814,64.37170531158677
443.2744697881453,319.1110930434061,24.07585907551072,68.11944693907344
440.5754480823113,320.9582151482785,24.229122344376435,68.40261713504515
437.90063683963746,324.1063912069422,24.39096843883209,67.02922262955775
438.2910534026249,326.23463866766497,24.314479354379046,68.88880731203153
438.64665436402385,324.2254337217418,24.298314831839207,65.12157749371141
436.11977183197416,326.2978728142182,24.21733871983463,66.85975161587606
433.4699966146113,329.41241060688276,24.42555441588729,66.12073351573815
433.85151154635014,331.529710306893,24.423720799661623,68.11985277336754
434.1866930636588,329.60024834802203,24.56152040619463,64.96974336399768
434.521912011152,331.4064273727199,24.368168538342104,68.8280693650803
431.81858860066177,333.399077026691,24.455881637489483,69.11953131623687
432.05275742704964,335.7149454139984,24.40536816294184,70.61679402429621
429.2918688499807,334.2945684227192,24.7664309698294,64.76589855936965
426.83478312613636,337.8140109881306,24.70799168417136,64.89158539918651
427.3296376317809,340.21394381593365,24.488524021081957,67.75763240994587
427.79968842774366,338.71655055718895,24.447159816791498,64.70115795639083
425.2480510973767,341.2076575161434,24.527263072336723,66.12788668912003
425.6728240171948,343.50048426413025,24.428802461167777,68.61467560278487
422.9193085746863,345.87229584076226,24.694446205225745,68.09208754795895
426.3463521983849,344.2169058490665,24.563414235302844,65.95336471959769
423.702973196524,345.3878432305725,24.400093231599044,68.70827520315783
420.97451548043125,348.30333678854583,24.582434751610435,68.1832298026224
421.4458979772563,347.31191511707016,24.587548386442904,64.73902292170425
418.88055824951675,350.16606152506597,24.62372026121011,65.38845488174002
419.34975151372237,352.2895197646885,24.328327972946227,68.4791590911351
419.56404892367937,351.0250003018625,24.576749126847062,64.92714489501805
417.0933337485244,353.45605298643625,24.237565430712834,65.9030983574653
417.3937048361638,355.3028479059989,24.24578858036068,68.68888548516156
414.557127226204,357.6301091524599,24.5242247394267,68.76401264924391
415.02070552102714,356.95632135948927,24.420895349408738,64.47777804809584
412.40598666433175,359.4222831385723,24.326925959371124,65.63919548074409
412.7471975087715,361.25979589749,24.220027866583223,68.71110837780066
409.9660324822901,363.52375410359355,24.472819391097858,68.54642146855264
410.4008724858983,362.574468156733,24.42068419431439,64.7530285875182
407.8015149479824,364.9937363530265,24.41856069813298,65.73377252169894
408.23291602458374,366.8036541970396,24.201682254135733,68.59104099896962
408.50640552685707,365.6401911994035,24.46944851021857,64.79566741464441
403.0409426416355,368.4453629053364,24.52934497670924,64.49777823819801
403.5329922884837,371.6483337979069,24.28282138332554,65.89495713749977
400.9579256445376,373.9845971180909,24.322212563140795,66.77150960919124
401.485969541041,372.7313320841499,24.338936114955573,64.15768416510008
398.9677765546337,375.4590283594888,24.38849311816375,64.76855105194352
399.38907773921477,377.4244774690373,24.22621066060026,67.74079720999839
399.8333586898733,375.5246287164475,24.25858128089692,65.22952873681925
397.26774329234036,377.93459612820743,24.179364245585475,66.27079630938124
397.64612934706514,379.95457960433004,23.930596743727335,67.85647807378058
394.78702342545296,382.4159449262752,24.302744673123925,67.5393666553365
395.2249917532082,380.75719812038733,24.40802405658627,65.12673553998593
392.7241552104532,383.255886474454,24.25606812727824,66.53627019136178
390.13848109235187,386.4331041719413,24.30257613899954,65.61622139054583
390.56433791278357,388.7693967028654,24.069073036514396,67.67629812135033
390.81825819150316,386.301995844854,24.34168774990144,65.62071959709135
385.351599359569,389.26489927427883,24.383424374654453,64.92367139074389
385.76188049845734,392.35275326260256,24.272086436845257,66.23073554872059
386.33077632048094,390.41552149116114,24.200053028488128,64.96144354069872
383.75871597936,393.1337144435266,24.168912685278258,66.03466337586019
381.1368710729283,396.30268580676545,24.281201336254128,65.13746990469048
381.55664257411837,398.56178466477576,24.03568155626175,67.21787671590556
381.8673093084878,395.625178434345,24.222959027505965,66.18510993922195
379.32074785675263,397.82281893155084,24.040392724516664,67.04511247379264
376.572058622148,400.7924953882254,24.318240327650926,66.66309484813524
373.9568197673854,404.03368729749786,24.418795024289636,65.5148591348568
377.37794873375293,401.26278282828514,24.35066547907553,66.44854590153318
371.8207053501169,403.8869571897765,24.331064755868226,66.05819328943596
369.23014874537637,407.61830807928436,24.42224912167802,65.72070891903383
369.6881468196733,410.27131715051837,24.22606927019035,67.06675315221503
370.05943230033404,407.2084645918525,24.27751026923835,66.46719125327508
364.5753641885374,410.2545534911687,24.452408024571127,65.66990452053903
364.9688834101312,413.26901209194745,24.332844417918864,67.20052059729625
362.2967780949406,415.5696077000399,24.34761615239222,67.17730348068062
362.77428827721747,413.3310652436246,24.31916627262126,66.00425055428116
360.0985333687303,416.22997268749,24.423357960503722,66.65995408643005
357.4589267006138,419.0697260472916,24.37858545475092,66.36042051715208
354.775954610418,421.8331784843251,24.48200653854883,66.04861241078254
352.2667815106995,424.28683813817037,24.537701881451426,66.6715489264426
352.726147801955,427.30313432231867,24.293817523600467,68.05929434557703
350.11877694706476,423.83394438858363,24.550907630085533,66.34066292724174
347.67668650956557,427.65523611324795,24.344144608103306,65.64021087729986
348.10660828197916,429.9297585535587,24.003101150917416,67.4294924524711
345.26289033954805,432.1084039371731,24.352436675576143,67.70627034538722
345.6099199131777,428.8763227321306,24.398602737848933,66.94674285038036
342.8937821450462,431.300198676836,24.322334387572482,67.50324949593772
340.148802145908,433.98507067425555,24.483269122908837,67.34706186054063
337.4278272177444,436.7234267179822,24.478056351905025,66.88313278673411
334.8134558385583,439.18129828879626,24.48142631332047,66.83480274899046
332.2534018815222,441.51113382449506,24.555301619520378,67.25310647313307
332.7875949157418,439.10909034797805,24.5187822902584,66.377988912418
330.1109003127658,441.61083088835466,24.587639210931684,67.50533252056397
327.47621897528813,444.51469880804245,24.520105656996634,67.10212490761444
324.8274970343258,447.41379235229454,24.536240878961053,66.50348661606904
322.2962889103062,449.761737181932,24.56281206991116,66.98841839394419
322.823167823816,447.06968604776614,24.55515250270446,66.53889367678892
320.1279458018391,449.74999236772067,24.643959038901983,67.49166088371362
317.438779774139,452.59448667318463,24.61728801011634,67.57571078647004
314.8563248194423,455.41964547551953,24.479087572249114,66.82806242401801
312.28596269691946,457.92777187524723,24.554359266655638,67.00144815603892
312.82451632215816,454.95688057264573,24.458436727761864,66.9101268415697
310.1150564857695,458.0724168860372,24.462986514382123,67.24335002749274
307.43621118232215,460.94986016349264,24.436260259892038,67.52049262219828
304.8248442113448,463.49725423624955,24.338539588973447,67.04188561304
302.19785491340235,465.8870043116649,24.39642813941589,67.25136885270126
299.61518369015994,468.50636274873733,24.52974202162403,67.08622720710622
300.0961179296091,465.7637877847069,24.44372032807877,66.71483100820274
297.46330117480505,468.4636090571259,24.176732572816547,67.55491720257811
294.733548089019,471.2392987179236,24.271958166391414,67.62031418713889
292.0593178204165,474.1506494867774,24.308342432788322,66.7332152770989
289.40276977570636,476.7410279620285,24.39293097761555,66.44699544783657
286.8218530449369,478.8766032455476,24.45571015849015,66.8730322768281
284.2665395290526,481.4747438838242,24.39346572613499,66.44519110104295
281.6692930402951,483.64761955494964,24.60145444783194,66.9195704517499
282.1619486054801,480.4827875863075,24.39965342769989,67.15809226642114
279.61131539510677,483.52766194805224,24.147228748426244,67.35595543477848
276.8425854446799,486.17939067526174,24.34244858744603,67.63838165768925
274.160781358001,488.94177257171367,24.305588808674884,67.54426167747971
271.46936649847873,491.3568314581487,24.38721923633517,67.1816569425132
268.7956462149089,494.10366568233576,24.414026388835055,66.59803204515981
266.1947834030275,496.26909854902726,24.48988598806136,66.8528648955022
263.64505083291215,498.821829864185,24.640689352533855,66.57979077323557
261.1199648370525,501.25020373040024,24.568039203514616,66.52508764444065
258.58893181688023,503.85713768640227,24.64071817893324,66.44084898720024
259.210683401516,506.09258872435794,23.899934726074434,68.8743196811497
256.43732434976437,502.03188528319737,24.216708353627155,67.58916593478449
253.73313148862414,505.0696499787002,24.359875551599004,67.9309705932759
251.11682776040269,508.21262932936304,24.296015343773917,67.72730303837307
248.39597492928226,511.2234749034518,24.44150938569544,67.59274162802069
245.71063453687702,514.2618797555785,24.48442461942477,66.80324713182654
243.08883394907247,516.6262828456594,24.5206315877964,67.14719893554263
240.46249309066678,519.3345874311788,24.640813966823714,66.84657268587648
237.89098978999846,521.8917169431443,24.572833625261637,66.64712051809329
235.3362800664461,524.2412748579864,24.618381715707386,66.80332218283547
232.81595951363065,526.6471850294879,24.783462358553635,66.74804236645662
233.4942320861357,529.0542199867479,23.884354111398636,68.36269280576482
242.8246389764676,517.1740247425605,24.1576297822499,71.45121221823024
236.82950636064095,518.4183278443263,24.600013869566396,70.42024220205167
234.01803126405326,520.1242216834519,24.865247648214336,71.54666962878991
231.28065534392402,522.295217550232,25.147979739550124,71.978050057097
222.35923098736095,532.6922387263403,24.636159811473874,69.51565071031052
219.5596005651309,536.2571576381973,24.608894798004144,69.15959810111201
216.73951292830898,539.7502977326309,24.504097221368255,68.76518801290285
213.8857222374213,542.4116023762654,24.47032310915756,69.43484805745038
210.9908892314693,545.5511445752345,24.684954470724136,69.04522159989347
208.13819449568422,548.4822838587885,24.905127166121332,68.9181527323882
217.74560159234971,539.385746842742,24.990923924916615,69.26270371966098
215.03737711474443,539.8223625576425,24.662211048620435,71.8396087574555
215.8757275877781,544.7807044763285,23.748221541273892,69.37587895277215
209.23781523578947,540.7642881656618,25.55991274639615,64.92885426078055
203.82413392555281,547.6168623508931,25.029018316729406,71.81602444209977
194.97691283552956,558.4393811356539,24.55590781523611,68.9349335085368
204.7755793773311,555.0615819812174,24.07999873721718,72.23052227318635
201.43065189974823,550.3461753040634,25.141965916825995,70.51277323932311
198.64920775469955,552.2661901476376,25.29900817863401,72.38181733921203
199.19125573897816,554.5875088476118,24.755524003974813,75.09722018425964
196.24069589119955,557.1364918200322,24.771845008047592,74.23791022151772
193.23401022695168,558.7329182939334,25.188906681407474,75.77509378381876
190.10874508681087,561.2101493492394,25.730294393283714,75.51257888944951
187.13156151037686,563.5328083276659,26.002525659093237,75.51940760272828
184.32651159970737,565.9617550492366,26.126404851737504,75.53819871909809
184.649032219032,568.6183840056906,25.93145672833961,77.01585720393064
181.6182064264674,570.9256037790365,25.906002392288883,76.74489010396928
178.4786800726435,572.3829370494284,26.251420208811055,77.86464847978777
175.25329876039643,574.7664615005208,26.76686981470607,77.46035478997555
172.15958914949613,577.4895560782077,27.15865577424401,77.16886794904019
169.25246648031938,580.7058108365196,27.019173615369965,76.59580345309507
169.36911800417693,582.6725809294471,27.120951092658288,80.17591715329058
165.9747856957954,585.0001083399022,27.484983495072072,79.94482548399833
162.6106738810522,587.4531714890895,27.941514527077913,79.94622601736933
159.33712908900551,590.7120057256122,28.245052951399288,79.41081097042024
156.42929114170937,594.1400168661378,27.933111839889165,79.01982158810688
153.1801328851345,597.5616732346055,28.070817396319484,79.07101053004021
150.05240118709798,600.9591700431499,28.19184407215107,79.04032331054395
150.12086936831452,602.9467424215527,28.388893256931965,82.33416818351498
146.94259608820744,604.9418649984896,28.358215766203728,82.8498124575085
143.60013612615523,608.1354717510694,28.798399373013808,81.95033815958595
140.17000179548458,611.4147543621502,29.06291360988874,81.7635925776176
137.115462513669,615.299495769744,28.77310075338073,81.13625926132863
136.9305315879691,616.8713978540382,29.27618927575722,85.15847687440555
133.3412864070625,618.9894160943036,29.5913480130433,85.3584461003652
129.9813254198853,622.1773846148312,29.75449314036092,84.69099348859913
126.35966872382704,626.0680214241569,30.03353517700299,83.89666336390667
123.21647500436596,630.0714259203654,29.599611716449672,83.57566927415974
119.67342676369458,633.3395401708524,30.099552109005913,83.65129085496756
116.42370816276794,637.0155876011764,30.01217577204791,82.65964563769091
116.2544445409984,638.754472257433,30.638771872222236,84.82051556290685
112.29351101356343,641.3325801796223,31.265151915342415,82.31719187687077
109.32277532538279,644.9088066569047,30.27728232881651,81.00660612716774
113.6814264123693,643.4156707829716,30.159066953928217,78.42153051952891
106.18506930241857,646.8857285571378,30.784068039370666,74.74648783445764
103.04955986540047,651.0408546990893,30.49282751844204,74.52951551002843
111.72410798416624,649.0734975432892,28.781031239977466,75.52965365875707
123.76638334640131,646.2506739238984,27.507256132345788,78.4735025970275
134.59825065432835,646.4053126077852,28.300706593817665,77.57714622905587
142.185944903309,643.2835121963561,28.03840866941613,77.40871378626628
142.59632647043338,638.3356488648604,27.977565142741867,77.23899694358613
136.00875326519963,641.008132018156,27.915898855692433,76.34573896491088
136.43260061431607,645.9982980690748,27.820566165112666,75.46876407866432
133.373903228306,649.1725494627987,27.78936889993571,72.42975922163589
140.89231296298442,645.0165624344914,27.351089851777886,76.03518584394556
144.8474101099793,632.513423339667,27.16647830243994,75.23494306405848
138.32254353422593,643.918560659466,27.29405665297068,74.97653396124804
142.23026540476056,649.9622830794549,26.9633328611566,72.75634588142134
139.2087854542917,641.0938818063273,27.007417050737303,77.09896639666397
133.13442335891713,644.1113571163278,26.599569292946683,74.49124135191414
130.33451570752675,648.2121623942725,26.478846446168944,72.16520721812401
127.57011089433198,652.3272129137565,26.351740769313466,68.51523645954899
138.0273839198288,649.7005570184915,26.329372934645903,72.15113449154308
128.7139658610917,653.2427040228249,25.963671974689646,65.41958384873851
123.33094210103665,652.949518156305,24.659469406902346,66.63492720424847
133.01600195607085,660.2422921865855,25.1643443683368,65.5732021205722
130.39388918288455,655.2835876918637,25.072314252285793,64.94384528871774
128.05929675701194,659.5989486947642,24.62832394543267,61.90469230883855
125.70140865714606,662.1631325838516,24.401279062783914,63.46455834474
123.41624256976311,665.7528397304784,23.996782488919706,62.99163692898867
114.87829935858029,675.4670194872488,23.818467696195867,62.7382358539744
115.4829303749849,678.6643143747324,23.560844053830323,63.68606105476374
113.0226796562126,681.5102211510733,23.484145630540695,62.1968464954067
113.49940755092202,684.7351442505776,23.256905230916274,63.47492634312937
110.9958115177293,687.4922744555267,23.203120364214413,63.140238131562796
108.59532030387386,690.0343023265232,22.955309284938764,61.26689970003781
108.98885145064897,693.0454671069272,22.825680084614802,60.64929216832297
106.5891512078276,694.3715662836414,22.723374288120453,62.650325901383894
104.08843730470238,692.4737123970415,22.959010889085704,56.82333741721163
101.97573314168227,695.1650344471673,22.5198499996238,56.763668873469214
99.65597054629703,702.989077020883,22.4694781158276,61.17729540456514
94.46845361665385,703.7441562578122,22.675097718578613,62.16180427806
92.3901043578327,714.8653392652444,22.13298953724042,60.82702617126449
90.04673503084398,717.712342191194,22.27283089533131,60.532721225302225
90.54605879718927,721.6184488626001,22.131246882078656,60.35993187561371
91.0314280441483,724.9478582229782,21.984517747054554,61.20171484498758
85.841256016138,716.5637634674222,22.053824961294893,64.0732457587269
86.31180662398855,718.9936110656272,22.085241828056112,64.67968006115825
89.34183453344262,719.2949449660055,22.330201454120257,60.08555115922741
89.979164546981,720.5876594478636,22.09693688246668,63.60739828731516
82.01775718489935,722.0945645025174,22.16220779285456,61.61479470120139
74.107685942388,701.9361379815266,22.15375714289854,59.277845805141396
82.86285259323822,725.0181867736337,22.090329234970525,59.284702715310914
91.53347705356794,724.1705246187196,22.402401791128412,59.84216432506446
100.46017632036452,723.4701126259231,22.015461832561,59.96369087748849
109.44983161327434,722.4493483185315,21.27404268705115,60.380623399239084
118.10373439267957,715.9850505628485,21.816985257833153,58.61359638336705
127.10917845967742,715.8590843037382,21.141121053642564,58.92367485047998
135.71299861879208,723.5178524153162,21.040535392255038,58.19798225192699
144.0060061877675,722.5984815095626,21.462527865921544,58.66475329268087
152.748913107615,716.1365387927742,21.30176455814933,57.296685011427826
161.21636889056072,723.0917719279832,21.7328949730761,57.513685835171145
169.92198346605343,722.3008686874799,21.60258856772603,57.91898091193161
175.894670821834,720.209410959737,20.909251588876685,58.54490704864645
184.0869953726287,725.9386976986602,21.470269653751274,59.59272173032275
189.95048727515004,724.4486995698767,21.19962848075272,58.78925818429036
181.81073431548782,700.5726461496715,21.752132327788217,61.576877276201685
190.55782008065543,693.4732908526024,20.881516006191475,58.268716109643606
199.25642478538828,692.8259926845021,20.350019957968925,56.66854743816111
207.83642811179658,691.6909676550667,20.037711315553253,55.81220526680136
215.8476141183471,690.6153091973813,20.461237947413906,55.105437716169945
224.44099043205898,689.5933751617488,19.720594467837657,54.425819459569766
232.82528427781546,681.6780121703432,19.33910677225481,53.68386488867145
240.89873356159197,675.7068251322835,19.516256927725266,50.293511147083336
248.80393260355856,674.7142628765432,19.411242928627587,50.21378499007551
256.7951804592142,672.5623167783083,19.178833545292605,52.27987421162243
262.0789740152209,671.3268467290582,19.153915342639152,51.68615804682304
269.8784909414564,670.5764267202799,18.81168692431794,51.286054680348116
272.7230649983685,668.7556888020309,18.778099137562094,50.39254866441888
270.8536595712077,671.8531154964039,18.686724534084988,48.1317013015514
264.32328628347426,649.8559250316962,18.529542599646845,51.99247514009642
264.8315423928295,639.7367292105592,18.51813912155484,53.91772872767922
265.2658355928328,643.6143172264904,18.529795874137676,52.084611799046
272.69063235262405,643.0760443437338,18.615862162197402,51.8090827836096
277.81797349205357,641.3015697607872,18.5006387035923,51.55131058997097
285.28467689780234,633.7478401253693,18.45204037827159,54.24468432712365
283.30843578886936,637.0338096163796,18.539437755739073,51.23690515007547
281.4577717709751,638.867086326688,18.436712497297776,51.025501391305625
279.64047646198844,640.7092234094337,18.317019410962587,50.962447544159204
277.78724692179054,642.631128961374,18.275625124953308,50.8539494467974
275.96042647411616,644.6089412313637,18.19063240082346,50.726805820544314
274.13254837002887,646.5485238381016,18.14144183962196,50.744316595573764
267.6404344092553,646.559614497841,18.276371538902083,52.91693009610026
261.16683127662566,654.249221081452,18.262534369906575,50.787081146717696
263.7958904909293,657.8520994308838,18.356545187884308,50.72545196215469
268.9562745313202,656.1536304109466,18.07447675124081,50.4917987754734
267.1732849181675,651.357601468131,18.040059397804043,53.410212176369214
265.29281838854484,654.4393222766901,18.139223985609306,52.72001958682051
265.658551700924,658.2548270251575,18.23966682465226,51.02752772556937
263.77225360671434,660.3258231368919,18.221180156779212,50.40007819136747
261.9585370231869,662.1339433361779,18.120024016396826,50.134432935217774
257.92689473505624,662.9868504654993,17.981117490784357,50.62545423389781
256.10713476787373,665.062190170969,17.954043787038017,50.51508154845612
256.5911561206202,661.4011897613525,17.94325214321333,52.95730125990758
254.70658853769078,664.5686799621612,18.01299888116762,50.5589516303296
252.84591088842166,666.7192583476289,18.00180867723327,49.46473223290684
251.07318815925075,661.740233965636,17.94933251868494,52.76554715478801
251.42022643931216,665.8929001313991,18.08186135813014,49.89498427174476
247.36938907741023,666.980434230707,17.9513755462703,49.25401812415271
247.8324720048843,662.8635737104466,17.933933875557926,52.37693303212416
243.73452197607963,664.8152156781068,17.976339968484297,51.9161896517719
239.69593937462162,666.3185389361815,17.928373802961232,52.98280880983566
240.14529868682612,670.3361983946282,17.973363411883128,51.30134354398092
245.15118473196108,668.9981157484515,18.009598223593542,51.794440537473406
247.85216824872384,666.8097546054406,18.074534022137072,52.01971640783006
248.21545384961388,670.4500473938208,18.181527681799423,50.20643369579625
248.723930259133,666.6351172905923,18.069455420844065,51.73220471926152
244.53772867389054,649.3104609715414,18.17192564564928,50.78715390288539
240.43626010940505,631.5599869204956,18.106593787786608,50.725163413785594
245.42254499648377,617.2370837435744,18.10601852630427,51.020232595941366
243.62846481940113,614.0752087380474,18.037797396950396,49.94903930708756
250.8778113899164,613.0180313915786,18.015942131297805,51.019576856466074
253.61461290699202,610.0931524180169,17.899168413644304,51.61901973997533
251.81404490125908,607.3404618640575,17.917427993386468,49.618577757538674
250.03483068925544,609.4975500768351,17.870742687148265,49.96040376686369
248.28360793083016,611.6193040634691,17.774245041052154,50.26365969775952
246.45804981228406,613.793931840317,17.738206258392268,50.256126036575665
242.38689779020353,615.5229289018898,17.899343611323957,49.65495664544346
242.89466362237684,618.2943446300794,17.68212122077213,50.23978859979809
241.07727135164302,619.9739042352767,17.69017790433466,50.72495494085433
239.20899580999412,621.7661383162622,17.717361752055126,50.88041509006416
246.74437151871865,609.6309465737843,17.282475731962847,49.1521135712843
247.02166526503524,612.9096046038903,17.752205558075303,49.24333725581357
245.33577499134861,615.1957945201129,17.64344035390178,49.455383687484414
241.6489639636137,610.7142924399652,17.189818989426783,48.56460460620633
241.9266879155775,619.7172311213106,17.554388362768776,49.0359784970218
240.1444534041393,621.6538935655041,17.571647352018772,49.398465242126235
238.3526574583267,623.3856451873817,17.555972358722215,49.88566690243101
234.40607842826066,624.8546409894395,17.590688512234607,49.452318862665265
232.6979835778968,627.1082832460036,17.559085500184636,49.34812229609065
230.9313923424541,629.0781387488671,17.598128989199154,49.5849805488665
229.1352742751834,631.3073873250016,17.608934626752472,49.373901539444205
225.22197124587638,632.6470451724779,17.588645964173196,49.27740794783324
223.49812441727283,634.9322786311585,17.58519869253564,49.2860441762233
221.7683451602149,636.9129873362018,17.574898995187453,49.514485925589725
220.02388559505502,638.8393217752346,17.54520417378339,49.79236994872963
216.0422470770187,640.3197482996608,17.6230986807046,49.56332779722197
214.3151189473098,642.8213351858592,17.606390167267136,49.199194228844476
212.58547809491256,644.7927760721752,17.56183074858751,49.483022308428986
210.82123799044763,646.6619007598687,17.535378053777492,49.69794376835932
209.02520664080868,648.5561729205247,17.545157703996693,49.802403378515464
205.02379075392568,649.8372360320662,17.623283200560962,49.712439221844534
203.24828003174582,652.1100066074938,17.60761135225286,49.37634559764024
199.34944569081432,653.5320440642897,17.56840702581499,49.32630257348558
195.69285884701245,649.2717136467662,17.072040678279535,48.14168838963644
193.90111537463622,651.7008306028297,17.05533947855332,47.68375616917115
190.17768009475395,653.1671973162007,16.886594173259937,47.27289056450957
188.5359509579559,655.3986266278837,16.697051240659988,47.10271658115903
184.92942923290366,656.8854923379059,16.56142191230765,46.657340546963496
183.33918592231691,659.0866245918614,16.507992588492186,46.45139156890764
183.5704924012673,668.0638590980641,16.93051942978991,46.67337014602765
179.84835328480636,669.5235705990275,16.863977316785224,46.68099541028073
178.16423368078134,672.0436731420161,16.847677081278675,46.35669938846729
174.45171470018786,673.7248385540843,16.793632957799787,45.406648119197826
172.8157576232565,676.1906116789055,16.75133676075214,44.18263902253375
171.38766453405444,672.1732927890325,16.515626487536366,45.37159284139602
167.8765953916681,673.9544811540181,16.369540889268904,44.67977044114923
166.40453975843843,676.5676652005332,16.176071473331945,43.39321443540621
164.74271052764578,678.8863244886788,16.246320549038586,41.83216022909164
169.39717581645263,676.120049566931,15.972798538374406,44.96859346175745
169.82898237983224,673.3004135250385,16.023052592852167,45.129249032348866
164.3005665740372,674.8243182557435,15.95900262129993,43.25676817723706
160.95363562362596,677.1151576469615,15.72209033383038,41.722516909055344
159.44159982994375,679.5939666907116,15.750075425590637,40.49057179253214
162.04895554768638,677.3413231399554,15.42240190872576,41.90339889162533
158.64473246597566,678.9257425927526,15.355132016917992,40.44829876409585
164.90830174205254,677.1706539242705,15.26781419169518,43.05858110871088
163.4534091581149,674.5620687953115,15.245368422059926,41.942081654789035
160.13703412728864,676.1662236682855,15.176476318395089,41.70994501468215
158.70810961265923,678.3615083926325,15.137953356126673,41.28075362372033
155.43802005365703,679.9660119197662,15.038242937898275,39.467664360713684
154.0021132901051,681.9945024681197,15.013491933082861,38.35029019511012
158.307061319981,680.0803536307557,14.745452019877888,40.65253691055807
162.4504402963533,674.4800828412872,14.745240366010762,40.11505852914638
168.5620233658131,669.4186215505606,14.542396727340702,39.84967461424162
174.50097246458407,669.0071278399519,14.577125754963532,40.20425636224354
174.9356687349998,670.947328294136,14.559549298230365,41.484216112599825
178.9957768651061,680.714045734409,14.655221918802113,40.404235183782134
173.9742375234829,675.7032166319503,14.616608573986952,40.6137086410007
168.98863281527522,675.7485268387123,14.508315505988179,41.47392121420819
163.9123442123634,676.2100894999702,14.5581525451733,41.39867940052466
158.838715388094,677.3091828431245,14.56248388783024,40.02102287334856
153.8197461446345,677.5099009927449,14.569207872648576,40.509897868552
150.70294638573793,678.7494919002233,14.423659096886382,40.55278460493378
145.73838717514897,680.0942973232131,14.341543970812268,38.353896630333566
151.59787608211124,679.3365344257099,14.368752140927626,39.81898504372282
150.27585813425787,676.8854474237269,14.308405339150852,39.10290498489678
154.38964587098198,675.7715999547772,14.19422116529799,39.64220971526845
156.6654818855153,669.8780488109169,14.17268338494057,38.748413827047216
155.7385910764293,661.4018305581494,13.62503543994518,39.25005857558426
154.55212916133198,663.4088495377044,13.419896566265578,38.921895161719135
149.85213054700554,664.0890668868784,13.517773208390196,38.37686564787532
155.7373106613723,663.792565899033,13.149473492129061,38.36158715496822
152.79717475815963,660.4221361610166,13.444292442824292,37.82880051580696
154.83434770419828,672.8619865335795,13.679072262702277,38.540923445485305
150.18541054994557,669.0607443148493,13.627812082944331,37.862558207288316
147.1964410439076,674.6146028212906,13.64983045731185,38.610124747390955
145.95414282438776,672.5261973392224,13.619267760630322,37.276949527058036
141.28517495510766,677.2541394687395,13.598684322661938,38.285108251268525
145.51328162909374,667.2006537603972,12.910026303577581,37.41865827625941
148.84869089867902,661.2223852034413,13.64317456132568,37.7431767070284
147.54759364390603,658.9935600511615,13.897894328191711,36.6053666572617
143.36139724689366,663.543042865592,13.003481704167626,37.55068173265681
139.99611711630277,664.5239149645614,13.672955087215655,37.54140468468563
135.82427294203626,668.4191973446887,12.803693888305588,38.903313627516695
132.90687690274638,670.7757601932769,12.916991046109956,36.85021021312366
130.01187394903775,672.1398752383204,13.174930829468593,36.62920123259346
128.8725782949887,673.3937351108762,13.077209640439094,37.21294305700212
125.81071101748417,674.7592418113388,13.436648360208196,36.757167163832946
121.69381261796309,678.6347589037756,12.62989047016697,38.15687198335422
118.81570817865872,681.2535111400025,12.840525828767625,35.83810177138457
117.56947387412303,682.1402114220723,12.996163919250634,36.789770560370016
114.63511547825526,684.1405831504278,12.96567725144321,34.98352815969292
113.40590753273321,685.3466806141672,13.196026567393687,34.64023390729119
110.73723274783683,687.1865931327984,12.976064514756445,32.529392192962405
116.1951048678624,685.3898404296832,12.679048207850741,35.45301679262616
119.87589191066505,689.9147978651017,12.667567223594489,32.7018107385029
121.99392046905476,687.6632525362613,12.526851015853822,33.71173343355895
127.37426166613486,678.0998037689124,12.115145981576433,34.738457763294036
126.0453043899445,675.2223753509811,12.355301213068856,34.86024023695131
123.29736324376668,676.5207508444353,12.432962986556078,34.31586592597637
119.27716726824144,681.1135879540614,11.982423031956841,34.43286021620736
117.83734620136207,682.5396831146031,12.309350331010762,34.65589916203817
115.18673560611171,683.5606067745391,12.17153517319332,34.47979390493663
114.2022202104886,685.210268414999,11.894079661468396,34.040947113522066
119.11678315737751,689.7963861152357,12.199995078506305,32.58228763511261
124.2110143936254,685.3001359224272,12.103764330968616,33.26799134996736
123.14260464026542,686.717276635077,12.100905601428948,33.21169081019343
119.11026671228181,687.3559033814261,12.021435667138476,31.609486589232574
124.11405550406252,686.4099625180114,11.92269548533207,33.33694819944401
121.56604957267093,687.6410666547272,11.927766326372463,31.913404613370403
122.09128806859701,685.601308829782,11.822749068934968,32.481826235351264
119.62579256701194,686.7769419879987,11.769468934073146,32.13444561792983
124.54225360699579,686.4429851562564,11.731547045403033,32.62718490201007
122.04965725187071,687.4243675940747,11.735555199998544,31.981682496167082
119.60712193604945,688.2267197959872,11.673126502253353,31.28263253825355
121.62377102867106,687.1402993204733,11.535137967405262,31.515917441347028
126.4257162931697,686.5771521455581,11.542450394163012,32.34972531351002
125.4720093291509,684.1993770738671,11.510015866118351,32.24710569323827
126.0322611894621,683.0558576704584,11.405142558776987,31.364838741152994
128.00540491300814,682.1105268807214,11.34265616428209,31.25138771822276
129.8934924317457,681.0017493842141,11.363892857707214,31.31180614877394
126.13704078527866,681.7580498475418,11.288933095492808,31.115131629517464
129.53543280385514,681.543956149819,11.18442217296439,30.68833535527949
125.8038307289755,682.3071241500911,11.160236026734054,30.642636655982642
124.91180721875872,684.2863291592238,11.11379295089992,30.39959118161562
129.59657051972744,684.2356036872857,11.077903883873091,30.65436270526118
125.9043605016439,684.6223088962814,11.05321724548078,30.86613108300378
122.17976660914371,689.0280030943516,11.069100488619569,29.815922490761068
118.58141865671412,689.9705674634897,10.93643938125858,28.729728502854414
119.08867190289101,692.0445453045404,10.865968719365014,28.368737579749904
120.98734455667842,690.5298396088706,10.735961736110866,29.450794542369067
122.80433173821285,689.4794027661226,10.727667735081127,29.560457276898433
126.25212271529557,685.1287458150709,10.222284662205624,29.454068149030036
122.80040181862537,685.6860337700508,10.155072698352654,29.212724236313647
123.33874855566616,687.7681700342262,10.055716343258908,29.073421285482482
119.9727822085818,688.3835872126949,9.95721694069573,28.718986171631173
124.2009096510243,692.388804060697,10.283620176230912,28.33037660959883
124.67740370898548,690.7915584104779,10.276742412616585,28.49983001053704
122.60029904388264,692.0565823516437,10.22374584796691,27.339270847665034
121.81117357840883,693.5169693560206,10.177932611491897,26.52344773509003
126.3325309921785,689.3046111499817,9.802329757899457,27.783392322885675
130.453021141064,692.5587747138667,10.037673449526864,28.139454459628723
134.6883650852055,688.9011542052497,10.078352612024617,28.78149242956033
138.96922691010425,689.1162894501498,10.001057263556447,27.84508834455221
139.4379520306076,687.351919564771,9.955492540580764,28.064922106006406
137.39911430644742,688.1990382616734,9.951437441030293,28.361040393070425
136.60320279484552,689.6333748905417,9.963486928121,28.373615257172105
138.33396635057895,688.4612546207982,9.955851234495412,28.725062448490007
136.2785406023353,689.373139483564,9.967517881621063,28.705446090990336
140.48382355481147,689.1002313735312,9.956509923119427,28.30076601596943
139.69531424282835,686.8753246391112,9.954000599727777,28.8932100838623
142.71370298317598,686.5490226356983,9.950716736664333,28.326610709996885
140.66795234719964,687.1154636274521,9.873252536649687,28.747641404545107
139.8888711349191,688.5905645822158,9.845866553370598,28.413332951158964
139.02659596170906,689.7940127909992,9.892174526073518,28.528774456716746
136.93797569837517,691.1341951357291,9.965019225630812,27.921238850893246
140.04843021447377,690.6208515928167,9.614889408767482,28.661617940275846
141.72090056733668,689.3080391060157,9.62191774685948,28.709451355812234
138.43131583233844,690.2562294837201,9.76391746574609,28.13413698449699
136.60435274448673,691.824730815671,9.627891390323413,28.172754773459246
140.67958116530173,692.26716822872,9.913946782704642,27.949764314657386
141.14338553679477,691.3149354863967,9.910429136558719,27.382971493774676
144.34108980215242,691.1382238322685,9.363064223610564,27.001026274307605
143.67076611910036,689.536626815724,9.239222196343405,26.840544240366853
141.8356265620954,690.5653818417978,9.08702816764503,27.116671832154566
140.011408929833,691.60126580633,8.867950147651698,27.55478874705568
140.402045003332,694.6329257517734,9.060901123567561,25.125097841007346
142.23717849675268,692.9943031470063,8.682675599226286,26.455460376957035
142.7580169538926,691.9154946496166,8.664647841660098,25.770524704431637
140.9322881248374,692.9487201498557,8.641550848334845,25.318884555792238
139.14828521494894,694.046931545848,8.60881923170291,24.855273884793746
138.53981217084038,695.4382770179858,8.577930717028721,24.713377202826564
137.98765024068027,696.9338560963379,8.372494008067946,24.126027406974003
135.22717336033907,697.3366200376809,8.279333177046055,24.42265145977092
132.37380971889766,701.1930506626077,8.220572106080766,23.072908646086717
130.6324958034562,701.834589915406,8.243424164783931,23.173821270760072
127.91495627772022,702.9237037683288,8.190058841674158,22.091058830106704
125.25897456315388,705.7434232303708,8.118708940638726,23.116547443947184
123.62531363436399,707.2544875445471,8.063980143886411,22.15259000596916
122.10983513345082,708.6175175828773,7.883582949486822,21.31158744681443
121.59169746833638,710.0979133348167,7.6922512734442705,20.823089655621743
120.09560421093818,710.9751149848908,7.6377322491369455,21.273908362679776
117.59004536668492,712.9481265161965,7.632956208429661,22.800423241685962
117.1926603750453,713.9401356960254,7.494634811637297,22.548415603481658
117.7574433583051,715.0982840588631,7.37353825491158,22.67963619668899
119.94201209827385,720.4271298027805,7.844396258234113,22.241341158875684
121.3105663330009,719.2924237967841,7.909966600656617,22.710055246990805
119.17297620400933,712.6665009417297,7.290219170583356,21.038838917789235
117.76803531321264,714.0371411209717,7.251255243386879,20.689341977211598
118.33884272814981,714.6350383375236,7.21689365591439,21.963801131028504
119.79925210961909,715.1053220004858,7.2235446298332135,20.302510898603714
122.10229041403957,714.2775423234118,7.245946858248402,20.977267129204165
125.47994275926521,710.318536130475,7.280944414265491,19.041031525954168
126.96920374911667,709.863621446857,7.095515026245977,18.920550751190603
124.8829524682128,710.4602561874763,6.80501378503692,18.74371875021461
125.35418309282369,713.9401634302475,6.786986471169371,19.597768341562755
124.95114050804634,715.0270401921471,6.724005651933936,19.491497689962898
125.36239954301413,714.8222474267156,6.898135302558046,18.58797067522221
128.58279500752099,714.2057328227513,6.62259101919804,19.584377567638967
131.61365451847416,712.7766083678939,6.720461980491677,18.18281719303718
132.20779645774863,712.4346959292695,6.543217590757251,17.34035201668007
135.0513460145213,712.5793807356349,6.970331527080077,17.374795768831973
138.3255833881082,711.590400704207,6.494934141609946,18.97569735684192
141.40279741284053,712.4725683017491,6.487969959930382,17.332824676616383
144.3603900293012,712.3759584860927,6.500558246831986,17.435826953505057
145.78476025245817,707.2524694277499,6.295088682667597,17.548552877988186
147.8079151296418,709.6173054789226,6.444662300789446,17.148245288581734
146.72066860362204,708.6111581480156,6.330597848812971,16.713743466429833
144.84121872901332,709.5059943585138,6.230263107427476,16.316220387259364
143.82321253174086,710.1459774515299,6.097494137277323,17.022224906080055
141.98457790712564,711.252176612883,5.970323475723035,15.918044104972523
144.811042916019,710.938363995249,5.978256331719365,16.71395483093022
147.76838184884258,707.0903965553568,5.795517751842681,16.037245005659088
150.4692565411358,705.3312224337401,5.917705185257148,15.490759279249232
151.04396669553893,704.407235152772,5.749340507882465,15.444026633449539
153.78901197451543,704.4345171193919,5.6924900800092075,15.794507304199897
155.69529395588165,704.442024660362,5.761349000986513,15.652028677099224
158.367169709249,700.4634545697556,5.731885107751225,15.991157775369516
161.0133865738944,698.8313882498657,5.734908718867359,15.674800822336806
163.678787883018,699.037303250333,5.691336791381445,15.568893178543476
162.04168149579607,699.5161929356655,5.616534457614392,15.345573137698693
161.87824487055804,700.4880879988406,5.469814005820325,15.132633314764803
161.0055938395919,701.190460231976,5.388495064178471,14.847462554790582
159.38249901117206,703.6187859030076,5.390010634044103,14.48930831947905
157.90007697217283,703.9011005273514,5.19658454270504,14.555136373030564
157.74622451290315,704.8722950072533,5.094966499922066,14.112435411555452
156.93765186141195,705.5119057867175,5.010693999187765,13.650180115604371
156.79752871450813,706.3459446017096,4.9657703740907095,13.379364068673567
157.912437614642,705.8617491271636,5.021927284051628,13.318513435762043
156.54049180941632,706.3926387886595,4.943912360055037,12.812292822226482
157.05403866501956,709.0760074736603,4.90139404496631,13.414475939549789
157.61117059136302,708.5831298646635,4.726841215725216,13.655847243678636
156.79064302137883,709.5791216431611,4.8528362984536955,12.849293143423779
157.46484145842203,705.9503585929556,4.554871805508981,12.369568690474807
157.33731916325226,708.2483005490368,4.584423139198094,12.984859665629187
156.03247649522916,708.8039872791837,4.609129202791394,12.589975198304728
154.80653696973638,709.284146450434,4.551065837923375,12.491558241913026
154.18163462596834,709.9092373142101,4.385202105768315,12.270181713691386
152.9618725745279,710.3486046065553,4.336404989766493,11.89404505256573
151.7812738984449,710.9726934887403,4.301059352025447,11.504742633382193
150.62874745470236,712.7862393462109,4.106646218205299,11.978460412716231
152.19297388781797,709.1567883788614,4.188427397753003,13.02779967793117
153.18172530077572,706.5742733216391,4.30167522883994,11.436432365554083
153.77220512742542,703.4170190509249,4.11602268436468,10.902199598001062
152.70136212308046,703.9367352132394,4.040188576763626,10.745760703607402
151.65938379468682,705.6707160914439,3.9439015851777697,10.685637073906946
150.5959704563257,706.3573103575827,3.903650407337807,10.278768230556125
149.5378970399966,709.2498499053793,3.8710021962554606,11.168259517373713
148.4954991622223,709.8886321612881,3.7841458492333118,10.966660153629846
147.41739189036502,711.732550432233,3.7202513787881344,10.621708386327327
146.24240673873337,713.506284690892,3.83857681209426,10.652612609035259
145.2112219752555,717.8660784330842,3.9498093146435167,11.05680306248189
144.15323095787397,718.3968599601391,4.0116412863081905,10.993033193735641
146.15924843449716,721.4432225519124,3.9171671214793378,10.928995378052605
148.1265576400334,720.3570306847607,3.8986571884348677,10.862003798428077
150.13427939577474,717.2812561479864,3.844436747640515,11.528240600091749
152.0583280961344,715.0011783945183,3.9149873338323005,10.786334094300287
151.56394540043092,711.5018526021072,3.910940731363496,10.819844517492129
151.10496469930143,708.1775900059438,3.859894550146123,10.624371954563344
150.17078736811823,708.7559937680447,3.781436763288866,10.189981090030528
152.1095395930413,710.3875759634004,3.7945198035715464,9.874523516974023
154.0832729656335,710.6617795953462,3.6942477071216615,9.671490902587266
156.00818404435802,709.4471005676021,3.645359831732776,9.97946335437291
155.10634114370825,709.9939321183435,3.613171749172409,9.521251132757243
154.24040082706765,710.4601639680841,3.5005388253526064,9.54944993561412
153.3044826597865,712.2134535020801,3.4360136018085825,9.557176421773875
152.33579398054604,713.8154620695384,3.465813380911129,9.646817900074325
151.3985568394277,717.8679542039596,3.592297193554657,9.974713782330127
150.48555242019324,718.4418752783158,3.66635972746235,9.892414602738995
150.13788491867714,720.3389276356176,3.5516452307179236,9.902174494034512
149.296870736685,717.6687208950707,3.5346010010937903,9.343013719461624
148.47167671581434,714.2143415554192,3.514179181147483,9.980639290207364
147.62752035306454,711.1137709760701,3.51927585101555,9.913871078279499
146.78349103601184,707.8918321915028,3.525832879834411,9.873353381959646
145.9384190792676,704.5949158041183,3.526322755557885,9.942187860320132
145.08402528867094,701.3933012622014,3.538157247364495,9.871799724005882
144.24563392378064,698.2025531405368,3.5328007036503664,9.863844380639307
143.40986327801554,694.9762859342832,3.526756028980259,9.862492255642564
142.57280977170672,691.749656194706,3.5169920327631132,9.875047383708988
141.73305033888934,688.5605859818639,3.5180785227487092,9.855921142541774
140.89617669312622,685.3042377630838,3.5217055111846207,9.925195027061363
140.0601983052112,681.9236325656929,3.5320152508816705,9.990244553435218
139.22028075668908,678.7963968009301,3.5334091864067716,9.750100061405874
138.33572165471196,675.3455108668131,3.573480606283823,10.040372076231279
137.5485492735343,672.3798019616152,3.473342580497473,9.525033323538764
136.67024363993875,669.3648485143624,3.65446500322372,9.495944859879046
135.9118275248848,665.9867046654989,3.5072108972623823,9.76089214245394
135.08065684640476,662.7648819731827,3.5223986628045907,9.986803767984497
134.26841817333107,659.7085788142784,3.484105709052301,9.726453745686626
133.43100082738036,656.4067226003867,3.4900504762173057,9.906503434038882
132.5820941959122,653.2571438239365,3.5179345240562725,9.767081897947492
131.75307659346893,650.0473212499928,3.508458153080312,9.792901948807412
130.92935940297744,646.822073836371,3.497375837585281,9.895206145608881
130.09787432603477,643.6644200248197,3.502099226232019,9.822345803951634
129.26962541638193,640.4432057918374,3.4977838967297714,9.833477113523486
128.44617456723927,637.2428771392074,3.4853562225049757,9.857450378568274
127.61213770540745,634.0635673352776,3.4887798278494273,9.841301763617594
126.77963907495104,631.0257885162582,3.4851321859191557,9.632621691882605
125.9542099536454,627.7453677661008,3.4885354404229645,9.79757097012066
125.138120956902,624.5858952217354,3.479763163467723,9.71380820140007
124.34001203540974,621.3123712822126,3.43266565302352,9.84362539675567
123.520202353604,618.2308175043071,3.443404516043401,9.717987155253695
122.6923773561456,615.070456243837,3.4609624324426704,9.752916057217476
121.8671207921767,611.9630255150053,3.4706365727593322,9.5606641970586
121.04653860338898,608.7668185518451,3.5199926186574686,9.569060006364452
120.24225531683157,605.635270117762,3.533599290104661,9.901758357988797
119.4821524145497,602.4789877255453,3.355326159592309,10.144309473359499
118.61241654155515,599.3523212302553,3.4784661407982753,9.842444729998988
117.78877542772139,596.6373088863556,3.5570831174976973,9.514927260338027
119.70773329038389,596.1423945365573,3.5343986425900766,8.966505593123202
121.607356656874,593.7192309099199,3.328178029068013,9.801886146463744
123.33867229238939,591.7734472514554,3.404199163028295,9.303574384367835
122.5448316335196,591.0628439798406,3.39567112477161,9.287702304289724
123.4693860634894,590.9364939162219,3.3768455270175792,9.427131487054112
123.96043570046568,588.1202014159645,3.367691544551562,9.679614111109913
124.41032157144622,590.3301479258696,3.4632511927040355,9.557496129793662
123.64948604083834,590.8200240919514,3.388697752152993,9.566296906120442
124.10706422795573,590.7809839811446,3.444592612560811,9.397196924144282
123.32456809528503,591.117099077074,3.41701661958885,9.405415729243032
122.56499485961778,591.6762901151056,3.217056585278172,9.600366167827588
121.67835330855155,589.9802922831245,3.3318772376833294,9.282506635732034
120.70366288744049,586.7879177983328,3.630160294596294,9.30586444977132
120.10174953547019,588.4008938582374,3.223240482843863,9.33685052348119
119.33074969224216,585.6205256025598,3.304289832312122,8.615946344072427
119.140137677913,582.3238976408529,3.028951564105455,9.02553519016783
118.15133098070433,578.9906272683411,3.4505451204318547,9.29528768783075
117.48908757996261,575.8930979818741,3.294002839307211,9.076627131090277
116.70180612019897,575.5074299428379,3.2972321673440064,8.72274820966777
116.82893407420119,572.6586937977924,3.219302329616994,9.158881272815734
116.06327785915028,569.6429315773205,3.261213390322837,9.16209416678555
115.32810741962899,566.7306620475109,3.251648481330534,9.062443643145684
117.03306335425272,564.7421472806714,3.2813380649204618,9.226148477893503
116.71760089828958,565.3443902293279,3.2303570409879825,9.20544380194724
117.18873085598877,565.0692353844329,3.249220365736363,9.225446454934627
117.66801542083098,562.5801262954021,3.2668456243782202,9.28810720419142
119.3856381599555,561.8175532680752,3.280719177939872,9.19669810415121
118.6505333242405,558.9276161299312,3.254868477800173,8.969519382205249
119.54606562585488,556.5753119861474,3.2531638983109588,9.100322117854489
118.81376259255347,555.926209975092,3.2447223469929156,9.065484496395243
120.52229840962701,553.9539970537319,3.2473030195732804,9.175967410490557
122.23421253761046,552.0519963546001,3.248357102097316,9.094812330688228
122.72288266655096,551.9158393349448,3.2439823021621237,8.991816506374334
122.80462064856658,551.592037277554,3.2384912021959593,8.96954229459925
123.28705447692326,553.6567299643357,3.2587703396120418,9.16104398617756
122.56631406753866,550.8437529606799,3.233824497616993,8.846149054262241
123.4629827289665,548.4840657534852,3.225228896911375,9.080834970125693
125.16656383862512,546.5517379052895,3.224518813615063,9.07838420642031
125.65350280799521,544.1398822498292,3.222394028477538,9.038736360588473
126.1396911186091,545.1047213172928,3.22282490977328,9.051810799106192
127.43493641380974,545.2324083863455,3.225207079796519,9.097635372263767
126.71140224475671,544.6329760326274,3.2186403039011253,9.0100440295721
125.98797156258266,546.2290242542891,3.2134608901443187,9.03208933550195
127.6800806560159,544.3041005742825,3.2269261482104667,9.02639427923532
127.77261761970969,543.9832251570446,3.2061988936251424,9.031602996947186
127.45432050947147,548.0205143809216,3.204002557977077,9.004352967404316
126.7388028435968,551.9275225964375,3.1756142736197432,8.944185928181469
126.01481312011155,555.8217539123254,3.1721207026397025,8.921925951444223
126.842458809942,560.341043565578,3.3091644690634325,8.932556338227641
127.39108282010966,563.5230462291507,3.1787820497211214,8.93950424788602
126.69513880588295,563.9516965934154,3.0217382781125934,9.058230128613559
125.98830553325638,561.6259403944496,2.895958831905318,7.956487793209817
125.08935229414445,560.7724780175113,3.0987342239006352,8.198249624386335
124.5953499236638,558.129270292784,2.850543680034079,8.268743765634326
123.92422126899118,555.7445738148549,2.8451313583748856,7.7003022989486
123.30295975301158,552.7498158579758,2.835134926458238,8.311454901282445
122.63363523376682,550.6514979102658,2.880602067379243,7.6278489616233855
121.96011930980251,547.7820028844072,2.994950623658781,8.00397247279659
121.39113116885628,545.121250530995,3.018755313150649,8.4244822833831
122.11932754253729,542.816671846901,2.6154447796101863,8.516170054782833
121.35234470590554,541.6087616836544,2.8291262755208066,7.680071560645047
120.54049398277584,539.2456978475839,3.2101724008362,7.750109464767775
120.0928313547523,536.544857859589,2.95952163841865,8.338455150888535
121.11787244213679,534.3469606187209,2.5841622409559477,8.050338272968702
122.68334507693604,532.5436857250211,2.7696233755193873,7.821052974724353
124.21165568553785,531.8311728757591,2.8364083106239946,7.940251869197823
125.41515098034063,530.0352145727414,2.83444270926384,7.9537383087755416
126.61612529392201,528.2674331696462,2.8362125709407167,7.91698829957636
128.17458871634966,527.6090183992003,2.8308959447842312,7.890618630495624
129.37789480640154,525.8207610367035,2.8239186624510637,7.926168533608916
129.86534745502144,523.7562709051917,2.826750439826725,7.912965835393493
129.99996894888574,522.545622862017,2.8263708553725166,7.929579809769166
129.78218366258824,523.1902851497977,2.8216766506825763,7.876478139488768
129.2074302997003,523.682448962467,2.821087691340864,7.798485338230307
129.3482445492134,521.4369923934852,2.8111332538761076,7.927822619960352
130.89870049452827,520.8368168380365,2.811291208561215,7.836033724385743
132.4464502452918,519.2082161886104,2.809677864945826,7.847590724734459
132.58491628325032,518.0048114867956,2.8053449552320444,7.8776452042554865
132.01098393404828,519.5206398003373,2.7923623930992107,7.526285073734584
132.49997089519832,519.2588064009535,2.797750142461524,7.955729126930919
131.94002073357433,516.8962228310512,2.7924405675643413,7.749556348362489
132.08152131210667,514.699452238284,2.788268392109501,7.822680423032693
132.22225207350817,514.4966195726033,2.785257911281093,7.795247522155705
132.0132194470925,514.1488236143874,2.7840660130482036,7.763364227860507
132.5043156135102,514.0762681509827,2.7801113798809354,7.738291840063084
132.29814774862285,513.7162811042026,2.776786743638638,7.738325464392119
131.7475143200913,513.2264946114914,2.7690784157763915,7.759266396969906
132.58449850587448,513.3155983398929,2.767060740000659,7.667865935571058
132.03348350428345,511.8213376726303,2.7658283053134767,7.758753311958458
133.5649660015647,510.24193162573084,2.7633486976938,7.737916209548246
134.4029470952404,509.35636738829055,2.756944799866204,7.680937307400086
135.23840062444182,507.4818981837053,2.7569438492083407,7.713649982149718
136.76724965293556,506.87328505106854,2.7510108492778613,7.6497491076492565
136.22480500273903,505.4073978584809,2.744076530485728,7.69983068320704
137.7437069824259,507.66765836215495,2.7630981001790076,7.906239288255392
137.19511209600938,505.3776212023806,2.736006001639339,7.422142726718448
138.71977683015652,506.5885843577119,2.7286163314082046,7.754552267079077
139.214659655493,506.44191330634567,2.724049864514882,7.813407804519784
138.67181262689388,505.9587002183785,2.6933334121741836,7.827554396524704
140.18244101225946,504.4395062095142,2.7187487032677495,7.745947038043141
139.6258992850096,502.0945235637324,2.731887470605159,7.424633851742669
139.09188778412474,499.6141687988385,2.7255515219230517,7.609324208798455
138.89803606340908,499.2825998920798,2.725165608449828,7.601746409615316
139.04870418255283,500.03823903704506,2.719424035779042,7.595068610381759
138.51502560783757,500.51963866323155,2.7176458134754853,7.590731770215029
138.66501963649839,498.43202819367747,2.7141104493153705,7.546389300437681
138.13472096619495,497.9527780854483,2.711557932065631,7.545045997769023
138.28561404763687,497.7502537960721,2.707942248663983,7.555142791433013
138.09712705852823,495.50077718392225,2.7061407274779583,7.586711297331931
139.60555789118527,493.95787738153604,2.704668239140119,7.577990076195817
140.43548235793202,494.0572141144681,2.701631561142108,7.543505184809192
140.5876445451166,493.88062408974247,2.699322090157864,7.521425572197018
140.0633878011397,494.386773076768,2.6967485133741036,7.500683732413734
141.5690421251754,492.8434225208506,2.6915627581422257,7.504607018817637
141.047916555573,492.3936331492226,2.6879245692780955,7.474466151990612
140.86495506930342,491.1145435248108,2.6855539214866724,7.505129363021922
142.36620649986483,490.5385223293896,2.681960825081859,7.478258535793486
143.53119873313804,489.8124560769845,2.6759932173889354,7.476394673572258
143.0134746265816,489.3775758510433,2.6755131619849237,7.442181243535742
142.49750487951152,487.0168337109534,2.673687516164364,7.491650382505611
143.323651177746,488.04836815107797,2.671234568082525,7.448769353903401
144.81788710765488,486.51427681231974,2.669513975903925,7.4245436945170695
144.30839795584308,486.07137936715105,2.6606996389164976,7.42357065319959
145.13187550381068,484.29650609020985,2.6623877046151563,7.412715951492544
146.62536508917228,482.7733882955218,2.6558780339302643,7.438868891559025
147.11441136416482,481.78550267850756,2.657266568741335,7.514098160647222
148.27358072144526,481.11586134697757,2.6521731601252156,7.5014658962489875
147.76035222149835,480.6877758108264,2.6557631381056694,7.464474060365546
147.25027704215273,480.2572358242776,2.652950191129861,7.481649135128578
146.73686404624706,477.94956207249083,2.6564676279979267,7.452810198619318
146.2257800071559,476.5787022730856,2.6562654397719427,7.4474313922664805
147.38167071392812,474.95026075184126,2.6550631822676394,7.391361987479115
148.53920528634276,473.2819951771154,2.6487933177538423,7.445365537172506
148.02976236877925,470.9904696742555,2.650582654928968,7.427316839724256
148.85221546691108,469.24705487365287,2.6498796485973344,7.39552090614643
150.34083958360924,467.73079026773684,2.644695492280988,7.422192327771313
150.16655598141787,466.50484886510355,2.645352471271309,7.391069968002284
149.99767653617653,464.36613587343584,2.6379818889280955,7.393278614539213
150.4952071969853,463.4614587381899,2.627722075027094,7.311876334743374
151.31298993575365,464.44230478930274,2.6324062463627342,7.365578221268265
152.4640166228289,462.8085451130187,2.630400690289747,7.3782826675816295
152.62535898657563,465.3863332622509,2.6277916864650592,7.431847312847424
152.12155480059354,465.89587064828527,2.630052467417272,7.367460518077792
153.60121812820415,464.3637421755824,2.6288669960039783,7.409466791466002
155.07993758418883,463.8064106999349,2.630488663852873,7.376058225511883
155.57044060562333,462.8361370301367,2.6288235507664126,7.394692055792291
156.72002472813085,461.2102687370968,2.6282021409614913,7.392755993107812
157.20984557997195,460.2496009978753,2.6277942653150035,7.387785757208121
157.0384939148641,459.95339247605216,2.629669745498404,7.368285732486015
156.5415110452526,459.5184118858199,2.625914644560538,7.380702695912248
156.0425669541321,460.0104594709557,2.625758505439194,7.368249349602138
157.52078995765652,458.53371631197047,2.625043813082357,7.362571424942075
158.338179067903,462.3279680720158,2.6309630855422768,7.389139934282696
158.1594020254622,462.9632321187251,2.6435834158647253,7.321722440869905
157.6704533863801,460.68561602134235,2.6240655337685723,7.30675599377804
158.49171668094687,458.94075286720664,2.6191161127650844,7.283736970680593
157.9977109383664,457.57884020670616,2.6162609217756767,7.30048012248858
157.5036113080498,457.15434357964205,2.6155087173590914,7.2797710414222365
157.99492122090845,455.2452183739691,2.6132159254393343,7.338260136526628
158.15850907378257,454.17041682222435,2.610369239135821,7.321152663476823
157.6666324952716,452.83404929854,2.608582742881964,7.313697807180233
159.14198560300767,455.97565965073056,2.6058923029152936,7.2692761862954285
159.63528743006296,459.5410750743,2.597796407676583,7.416742858231373
159.47014812392547,460.1807252711908,2.5966452929839363,7.230213343358457
159.91294775188078,460.06523497293455,2.6620272708464654,7.326465812482297
159.77810895425847,458.82962519186,2.6000463710627173,7.372500818082756
161.24435332088166,457.3976758801306,2.6088462129337984,7.268050994877569
162.7177330248528,455.8847860786095,2.6035906682517975,7.361416194672586
162.2305924978856,454.57130910815226,2.591046474441953,7.32276598448135
163.37004462331882,453.85233886092874,2.599006824369752,7.3732922663430145
164.51010998092676,453.14212165942433,2.604171781792786,7.562597364161775
165.97522510888143,451.7214015693069,2.6194961082827035,7.30580558086956
165.8079539752426,449.5209053412,2.6287683761167955,7.561433307719199
165.31031561078427,447.36578602473105,2.622997306639519,7.2254562575145656
164.81726002009964,445.05194846386394,2.6163862154157016,7.302977035516392
165.30818635954498,444.0941873796047,2.614457636121273,7.30427461315827
166.45508391296454,442.48101612982316,2.61110007864454,7.33869692108135
167.27334628524625,441.69074509463275,2.608062532035376,7.287649628226461
168.74217855296547,444.7419810427631,2.610967813248436,7.228422526375766
170.23029790591485,443.2541595974215,2.584303517007754,7.240602511974998
170.71644809550637,442.25937966459355,2.581780248087881,7.227954277235426
172.19266269728178,440.7517821283433,2.5679373908824346,7.2915154837139085
173.63186333232335,439.2872164855938,2.6090905116513454,7.282006442606189
173.80105059277525,439.09818451757076,2.572987446090224,7.315091983163029
175.2703173028745,438.57842153551127,2.5742784623692216,7.248723595984927
174.78954225805668,438.0644662992586,2.5529820868883633,7.413453929399907
174.94421816783367,436.14449147641835,2.5660986370768626,7.235505565877872
174.76734492829564,435.82185052858665,2.5961437726710983,7.2636275162341235
176.23004829514645,434.39810858030745,2.5973986554729436,7.115329797046911
175.7627484160927,434.7623168070228,2.5642158374215,7.34807284916667
176.57589652360986,433.15685351693725,2.5630365581038177,7.0957512290610225
177.056139004381,433.0476777644392,2.5836529402028816,7.282309397063614
176.56212546634896,430.9038842002026,2.5981436003998795,6.864445017654589
176.1090811272109,428.53710240093847,2.546686308043263,7.117277635619587
176.9045585450026,426.84518828105047,2.575255834289976,6.996091667423229
177.7339926223984,426.87387120200924,2.531529660338691,7.191760962661419
179.17916164918114,425.4669268474263,2.5449345468540514,7.161367835922874
179.03386105920063,425.17917315837985,2.538249207202938,7.218282656329393
178.55958445257124,423.04216284703205,2.5458146070578493,7.010045471770468
178.0962436531091,422.5837366842868,2.5375249841094387,7.089928026289613
178.5742036040547,422.5202369730134,2.5736245208294974,7.321826784301493
179.07774968618648,420.7736779335447,2.5436222331379668,7.103955525304286
178.91933347819887,419.5893702568792,2.5593060533406344,7.13005854637629
178.45581199439746,417.39788069432564,2.5479908078389713,7.101929827339745
177.99113713962006,415.1929874427461,2.5413717121934383,7.132194529172466
179.44314680954088,419.12564443469006,2.534091151418238,7.1329077507412535
178.9734645726042,416.9845595222051,2.540141706944894,7.004284905713291
180.4209901078813,416.42584193352087,2.533302680397952,7.065329113323628
180.27741115799762,415.2793351505602,2.529347679794739,7.044486057866891
181.72257316999284,417.3740503601225,2.5246333309631552,7.177379655928121
183.16767372062083,416.8579754960483,2.5181741528705857,7.10246137402271
182.7064836894583,416.3467363311156,2.4854729089552166,7.326795814785783
182.20205744049562,414.33516506392255,2.530328863931203,6.713696672442552
182.38664167349327,413.1736684221643,2.509567559136485,6.9507137462312585
182.56297128523863,412.1349557566912,2.5079167991377176,6.962033156831296
183.6913571557134,414.9905977784672,2.485565258312846,7.123457346990335
183.5484309223062,415.591510707362,2.497742103389669,7.1427310476092885
183.08862918511306,413.504043102303,2.50692360633289,7.006949986725147
182.6367663620486,411.35891328969075,2.50495775563914,7.008388281117618
184.07025489531088,411.72484970318806,2.503353477841472,7.008476157471932
183.62050359385222,411.3449863815073,2.497636827226472,6.982053811456126
183.1722845447843,413.64389685681033,2.4653981824827156,6.880105606389975
182.73174114432317,416.8908481820404,2.3654128287319622,6.754067511414064
182.2097181113768,420.2845506176311,2.3903268756635043,6.520513545205517
183.69425731728614,418.5515194683651,2.375233157937032,6.851316005817807
183.5554995494281,416.621551230235,2.4145940010572815,6.872392783124042
184.64564110424007,415.19215231175207,2.4335843682393943,6.7770176551903205
185.14239355703273,413.48073119584626,2.419318778104298,6.789217620930117
184.72202587490253,416.5396096960551,2.4066168154954823,6.762377854824592
184.2833469008275,419.60527048444334,2.424547945475979,6.717389561247614
183.86478053833764,422.64701366194777,2.4043451454823526,6.767202063218349
185.38391457929947,421.1337116817135,2.3290679040879922,6.690580630771592
184.9429074376543,419.0462111280498,2.3746880572003874,6.812824252531755
184.81321052848543,417.1239837086556,2.408271142469971,6.934758117000229
184.39637795019,415.1842186285432,2.406418559494938,6.68115018824011
185.79328678384522,413.849218313605,2.401533823683309,6.689953309853934
185.38046164811828,413.4806270696763,2.4010224643191123,6.71978934382264
184.96932514521114,412.28522047251715,2.398316386770972,6.719803711850318
185.15857250113615,413.8651023675096,2.398439317147705,6.683949714192863
186.25257194464945,413.267545995834,2.3935064710664733,6.706190430820072
186.14342977914123,413.8781807942517,2.391693098680946,6.688305966006567
187.5360670492558,413.4093578169499,2.388322668608822,6.699609833452257
187.12656841705729,413.9107431661246,2.3886989952311524,6.655721218643691
186.7211227106995,414.39486625077717,2.3843981619740475,6.680300829338194
187.81037744320284,413.8044844999486,2.3835866769584584,6.681029748510696
188.8990042423619,414.04500474624524,2.383286258540039,6.678255125069768
190.28844928561,413.5860787037248,2.379302633189269,6.66325850687349
190.4864563968165,416.8024149037068,2.3684150332849185,6.714287878029438
190.37580922268143,414.94855654075315,2.3763519686455936,6.6284293192582595
190.2723228144865,414.71829944352214,2.374352123246922,6.646370256030423
191.65017916935847,418.4063731140851,2.387639450021169,6.660506210526421
191.2517337624498,416.4085842036319,2.3718242998937455,6.52820385222077
191.4475989243556,415.43909120324474,2.365915827750598,6.591581233598333
192.235805921407,415.5697109144398,2.3627709729621245,6.568681458354206
192.43219981303133,415.4690310216547,2.3585429882733706,6.552249629035771
193.81068728145829,415.0047359712542,2.3562775700477516,6.550370234705895
193.4184184771459,415.47161025903586,2.350400090334631,6.587189453173721
194.79468465656268,415.0288048092726,2.350262092582142,6.565097906008077
194.4026423586308,415.50990510189087,2.3475616621290385,6.57813950657868
194.88995228685997,418.7574175871023,2.3567670513106975,6.571994733951556
194.49849252932268,416.797563211152,2.3493913174332874,6.432349528046359
194.99402025952662,415.95047912345876,2.3401070133829194,6.53474079182962
194.60676593227953,416.4330041387693,2.3364081573142244,6.546181017688468
194.2185832619331,416.9182020312131,2.3357882530713425,6.557691933273873
195.5889596359357,415.6647950372933,2.3356271931540675,6.5430218641032525
195.20150751138917,416.9711553619948,2.3337575709981877,6.529183736892833
194.81465464710044,417.46398368267694,2.3332994976399846,6.522653982456973
194.43109257514254,418.7675795605604,2.326860970724539,6.538302942402311
194.62876909960903,417.86741207456265,2.3288087461866667,6.513414463375284
194.24332819687885,418.35497920741057,2.327025643826687,6.503020088207393
194.73587624714185,418.3854245504156,2.323239581237459,6.460835130256953
196.1018109826575,417.9269016257265,2.321294738327026,6.493718358567094
196.01151675563335,418.5373519434626,2.3185627727008296,6.465953419185496
195.63101448679922,419.0175798025494,2.3156738616178814,6.488383377914488
195.8337363149483,422.1422269263032,2.308767997641951,6.56224789003528
195.44839511754247,420.2398290849981,2.3137336670898208,6.4400136698091615
195.65073957939907,419.3343400941901,2.31013825412478,6.415462643002286
196.72166573629468,418.76478515246333,2.3080603067129744,6.415669022191423
197.21418928703446,419.58238239255354,2.3033907329781016,6.466539867012159
198.28514713775294,418.23272970652687,2.2995000708152986,6.433388694328471
198.7778100810465,421.42320183424016,2.2831261778904377,6.479132257813831
200.13035627352284,420.1938011150174,2.2984332672019434,6.454471202742184
201.47801189795092,421.3610870619699,2.2936250958837547,6.373221216517891
201.11462097011466,419.3991000512336,2.2633900988525113,6.455044883242692
202.45426152391698,418.1610588298023,2.300711950745182,6.561463296301895
203.8160235260037,416.9943669804472,2.290493804813451,6.405303376466009
203.44589315901771,417.4345486690646,2.2794692203846125,6.534908279929425
203.0649508718424,415.56788392437585,2.2918991744077175,6.287426895414853
203.27279370012747,415.4364916398325,2.2844679857934977,6.359853706163847
202.9053642767763,415.9083572466009,2.281095408025351,6.397704218425986
203.96878557302017,414.56118576432306,2.2814186312562015,6.385174817077257
203.88915664487826,416.66734841583707,2.267171264235543,6.571184909675594
203.50689020309224,414.8659180819422,2.2885574211543087,6.115814143326645
203.14939309300212,413.6381944864331,2.2745720771138167,6.358833142702565
202.78698028959354,413.33686020282,2.2701855012667806,6.344238079345303
202.42447015654804,413.0361802111517,2.2687651611484796,6.33218105121216
203.48626882211772,416.4756580965338,2.2737502263835836,6.38503065316678
203.12486153161626,414.6089587362999,2.2644524563608854,6.153079683180636
202.76981309751469,413.4419071792586,2.254404614204219,6.289886882471592
202.97899501408753,411.7559299301881,2.2528782955960196,6.376291850879909
202.61997797902728,412.27456910697884,2.254156248634132,6.3159276525703945
203.96761891440246,415.80308182151794,2.243291810847211,6.375888222057597
203.89120237935538,415.62568653721854,2.2463295768687317,6.443729673504606
203.5249379609793,413.8203923988048,2.2543024714360627,6.140029066180034
204.8648949611396,412.545495937885,2.2487215321450833,6.273307490406921
205.639537796259,414.245568940917,2.246790733419374,6.390456016442215
206.97941700491322,413.85319163863744,2.236701868958505,6.359014162676374
206.61399314704514,414.3647182944411,2.251179908036505,6.250436996324595
206.26136774562892,412.48448464722003,2.2401138391198003,6.143094407517026
205.91233023807422,410.56907383497537,2.2354024689800553,6.20662856979294
206.68501506344256,409.1302462126026,2.232548554655949,6.250191106826151
206.3356519812719,409.6142102126304,2.2315615721830113,6.242823422923664
207.38743933744394,408.33170036613126,2.2288378076699473,6.2128217677541215
207.87959634121793,407.59296655324295,2.226708249321433,6.219597334243872
208.65127484005018,406.97392645584927,2.2238895960544482,6.204969952815702
209.9805786608802,405.7878131889455,2.221566457607423,6.229193825602579
209.91632622725348,406.41624620076976,2.2174020789757094,6.168691585708359
210.9644721860692,405.1149680579191,2.216156807394839,6.1891338252201535
212.29068521140042,403.93493740572967,2.2138540849047956,6.196553785210426
213.05961341345485,403.31128997630015,2.213765183190759,6.204408991019193
214.10773616707772,402.8131006201302,2.210293512959794,6.188960427221161
214.8759002219709,402.19127279808197,2.2109609904292427,6.190446812508867
214.8144654922017,402.020491805206,2.2081199800797435,6.181557052200844
215.58259202365463,400.62607495695374,2.2082135778528027,6.155639195351341
216.90709801687785,400.23272296468156,2.202745701214866,6.168400855208176
217.95179723047403,398.9535498818816,2.2015255761205594,6.159230561046854
217.61434129665997,398.682875460953,2.2008789312284875,6.13032089982255
218.65886856758542,398.1748797018151,2.1976066543411434,6.097512175387635
218.60825158520078,401.0369372475815,2.1806646458870773,6.163402780671277
219.36535699841815,401.18225334508486,2.1963685490005957,6.108290249318998
219.04130258303792,400.81399826731297,2.153661532670185,6.370109099977469
218.91047508239728,400.6630251028637,2.264762419066244,6.243598967634057
218.59281093576612,398.89770146650085,2.2038298825177094,5.862387556019712
218.26530452607085,396.94731657785945,2.190405920172765,6.1064957393895725
219.58184882244765,395.78831414382415,2.186893600250869,6.117526810444019
220.62240492497762,394.52881440757983,2.1858889106637207,6.118167887112122
221.3884554105805,393.19714098154964,2.185760105307736,6.03570849135599
221.33713477199072,393.01096398504035,2.177914445767925,6.075368422569568
222.64930773803823,391.86354918893875,2.1764257441298867,6.083356997930991
223.41514878199257,391.2539457352771,2.1736493696970456,6.076263975460222
224.4522750957397,390.76960719475636,2.172928173782708,6.07258599670854
224.3997760975857,391.36496106534753,2.1747188975816414,6.0600845910540215
224.093150997066,391.1507212047701,2.111546765190951,5.970099485634023
223.77198138096935,393.97397608226345,2.043068892884662,5.941966165831445
225.09426486808036,392.83501868244383,2.0766170816177123,5.676820838028846
224.77342480979624,390.9921304661924,2.10449329454579,5.806855277607156
225.26411336064996,389.5419547661899,2.1062845938552925,5.874302073242063
224.96484368212796,389.2976294326779,2.1035070528792232,5.869569083773854
225.45798450099198,388.62748503944294,2.100044875087235,5.869620802762597
225.16239439569588,388.38909752528053,2.095343538678435,5.86672793122608
226.18033288995292,387.9475334384943,2.09599754246409,5.84840677788992
226.4111779161044,387.927297398219,2.0910099296753515,5.781047789853744
226.1161574572856,387.6745261910752,2.08791455909693,5.755799549722951
226.09027106703724,387.5153119300685,2.0794477051766194,5.7986458753918555
225.79929377430597,387.2763533607162,2.0790379334960676,5.788157952491474
225.50996737151996,387.781090555578,2.074007014332949,5.694613349065548
226.26293598952532,386.47989205498715,2.0714803184559685,5.732917482153027
227.53648312613194,386.85262155538925,2.062311849830536,5.731857602573598
227.25485436613968,386.6181014104176,2.0473796997226827,5.670978737304267
227.23009370857758,385.08478417508786,2.052382365400234,5.614327278856308
228.49663599014048,384.7415419011344,2.0460753346777665,5.647993099716587
229.24750709982246,384.2032343777613,2.0408329951633277,5.664739991670274
228.97481963039831,383.9885534589491,2.036465785931597,5.6509538008554046
228.9571057024121,383.8849180325801,2.0348709387046426,5.632327225703079
230.21722458607707,383.58289631319866,2.02877048918819,5.622008126644289
230.20244487228297,383.44613255634596,2.0263324718385434,5.664606524290946
231.45432280344426,383.83301580159485,2.029381416976605,5.630622304738097
232.71189121498844,384.1969934351724,2.0205230050578677,5.67036388306218
233.45720606439676,383.6615060283831,2.0186194043089642,5.655228355574025
234.4573661384793,386.69852678299026,1.9988786622111547,5.687840619626627
234.18001644997628,387.03906785476534,1.9759899960800453,6.022288226768751
233.89039370205722,385.7828634322625,1.984727539341634,5.153442694197793
234.32828618826744,386.7167273872965,2.1018594856615778,4.9242943514418585
234.46390977589465,387.1180979850394,1.7970885589097634,5.320649786048307
235.68443372736283,390.23352061765684,1.8664135693487083,5.4053972545269175
235.49285542352112,390.8381388502113,1.7429695071326137,5.302102373975515
235.1122166110522,389.60167879915093,1.9967600402658263,4.802492747739393
235.03768507827618,390.13259874604637,1.7098011977623173,4.817413316994134
234.74928033836306,388.568752318963,1.856968427118744,5.15837422652271
234.54875758152798,387.05442395516525,1.8460989674288157,5.246456400829288
234.33784577913517,385.6127097046221,1.8603779501904114,5.213040646896559
235.5491072967516,384.74956413081816,1.8323335125852225,4.989626185835391
235.34610837466377,383.24121468602954,1.8370352748769108,5.06142901633001
235.1493574827643,382.41779282237115,1.833912842483528,5.095786299169333
234.9554884428061,382.2531911484314,1.828774059384557,5.114543253412307
234.99044985996719,382.1929367903227,1.8265163586894175,5.118000696547085
234.79476401422465,382.7023092499175,1.8274064028435646,5.08549315909562
234.60259966337497,383.180334638834,1.8235439952630657,5.105804426399345
234.4094418925365,383.03840170490827,1.8230231603607194,5.104447783281671
234.21680775917517,384.16828079269,1.8209208075053596,5.0946308809785705
235.39670433934515,383.2965659446658,1.8181911902326249,5.078345173263699
235.20510625109793,383.1484902832265,1.8181773236470349,5.079778370587746
235.01506042891216,383.6235618590201,1.8162827403498056,5.11125775527006
234.82398564616824,384.12926565378257,1.8162308042203676,5.081485143432246
236.0009441653548,383.88579634344,1.8143951059435892,5.089461123887531
236.94905462949322,383.5749361215944,1.814010191181552,5.061506307355899
236.98882282413217,383.51348975873543,1.8107545299875483,5.066796276810351
236.80041718360943,384.0096659641173,1.809821898302971,5.059164232015064
237.97475855238912,383.7718475256018,1.8088188857692273,5.063566806558072
238.4681389484649,383.2756651117422,1.8085378157556988,5.054345731021385
238.73603415421428,383.3162521931739,1.8054742063038134,5.047917932109328
239.0031713182609,383.35366168083294,1.803264936460863,5.0504545910276875
240.1754815035348,383.12255360363645,1.801457795711002,5.0324470092249385
241.34743031849445,382.2508386777158,1.799973505307264,5.045653339604826
242.51862287911572,382.0231217485678,1.7983081585576883,5.03106918436572
243.6899977846493,381.16447807538964,1.7958211847464725,5.0110068435568
243.50707568352288,381.0163054637389,1.795502334868047,5.031441899582944
243.32401837606483,382.13849521678736,1.7938362669976868,5.013990302727393
243.14102912343938,381.99921856068875,1.7941338321800515,5.0119005295675265
243.41086599169202,382.04303995276706,1.7904069853307476,5.010665070953621
244.57806327341575,381.1918928901239,1.789522428631443,4.996730555239765
244.39872013810646,381.0538080854008,1.7875980853873443,5.009526045968585
245.56491991147598,380.83171288771405,1.7867764942817246,5.011767562755551
246.73141275106,380.6134510444748,1.7853512420726645,5.0037191879268335
247.22437290387688,380.1206804108766,1.7848369860087985,5.005087626150498
