760.0,465.0,71.0,169.0
760.973089536652,474.61178095499054,73.68047033436596,169.95841609546915
762.1372684294047,474.8680079817277,75.43056822766403,174.87743284749104
765.6765746250155,471.97140415806894,73.3753046205868,167.1149684476011
767.0514414171039,473.08385193621325,75.03273088775177,175.19297466998705
776.1214853456695,483.0259494361227,71.1241578858353,175.0618069679483
775.2893700932173,479.5640121063934,72.78858030657307,168.15461891838515
775.1937397135121,487.89079441760344,74.14859083369845,173.0628942224917
784.023434068784,498.91568640912215,70.90734196230244,175.08541290129347
782.3058432925554,503.1301700712728,76.16355871828682,176.48823922722033
782.4216737092722,503.08059047602046,76.58272809971777,167.6470793718081
784.3548326962386,502.9526527800881,76.13060748625958,180.52513365710286
785.8794501133914,500.23076588751155,77.1964206640132,174.6389385207217
787.6675177492169,504.12518192067637,76.62521381209262,181.72100918740853
796.5459977622613,500.933455207619,76.67515935768597,176.86241796946115
798.4528064049423,493.0352238346388,75.82990686202118,173.6058353029266
799.3461295123659,498.2089755029596,77.93772577874893,178.4937118834568
808.2570967042709,505.0883363541152,78.13494394477357,185.7176069448501
809.1743028021436,508.97323702418726,79.42830641370585,187.7537652839178
812.1262429110301,511.05626531865596,78.80935715243766,195.766534641014
821.6057668355394,511.85915878955143,77.10282149042712,185.99538271035522
821.1838477277093,516.30806582074,82.37077720305967,189.40514353215258
832.1297243101677,511.9132685792731,75.79019142187633,187.97738878302425
830.2185081118137,514.860885113671,81.77014652158016,193.93858942581664
833.0741336164301,504.8966717743559,76.74307218355352,188.34439104470846
834.2610363701835,492.70507308330224,76.78752377328328,190.20732316922778
834.3066185064594,504.4441380629594,79.30840794090193,185.07040652291118
835.4872135118787,510.0939358557905,79.57770953872296,191.82134565587444
836.2095276007227,516.3499460332293,81.48321175351555,193.6443025467412
839.1743321817612,507.8044495914012,76.0192655029482,190.48325670582858
838.1494501682464,517.843816272222,76.84147303766417,191.35520497399511
838.9294824702811,509.4021904463441,74.60792545216464,185.56733295549304
838.1838909844591,517.2869280520761,75.4640355446245,188.33167925729333
837.5576599553458,504.804957058574,77.62279589441482,188.49690693968057
837.797358939377,508.57889280332165,78.0553897557138,190.7690770479203
838.7112401599186,498.46672011767123,78.91606311768703,186.39659132473844
839.4470038274737,504.5484646389036,80.38760200664342,193.99928592775893
841.8909924687612,498.38557104760434,78.62965320178262,181.12489452885234
843.7446329574996,503.0076843051311,78.55281476075106,194.89975687355457
844.7921257011134,509.12659620457066,78.49708542002952,197.9127817264881
845.8184638680068,515.5768053832871,78.57169087799298,192.49231093119636
848.0442448685426,511.047776510518,78.74026268202215,185.12547155249274
856.9687702146812,499.2976272001803,76.81798669350792,190.08394956634606
847.7646965863405,506.8078466991772,79.94898634353444,188.80258728818734
849.9370178909799,495.7316964806722,78.53394976009247,186.86709748641306
851.3201987185157,489.32882033925546,77.06801768799755,183.68587539174757
849.7348852936223,497.12094444775704,80.17268706623872,186.08284521655668
850.9642609485011,490.6645142241714,77.28242411610609,183.45263753427275
849.5563223716824,502.3704257562898,78.6045874621559,183.77555622672776
847.9436067421484,510.76060303879495,78.60228535819624,189.52561700618793
847.3262969305089,507.2592626652022,76.5167101931055,185.80492917358765
845.9798046777714,511.2690744465599,77.53609126241372,187.16646114871367
845.3779477431467,504.59202911301827,76.59336854633284,186.96271648727407
845.1468579709763,502.977178140777,76.45499215876362,177.9456561585297
845.5062448518564,497.2735257011982,74.59339921909338,176.2073534103281
845.025626527299,496.1697767688074,76.48476151265311,183.59253274662706
845.6544226158868,494.78937198030144,76.00979838340606,167.307738119614
849.0488673523632,493.50417739043246,72.03186971073876,179.57594628076436
849.9426735720185,494.0621058766683,72.08272507097854,180.65468222876348
850.8464727900939,497.2861661568213,71.89834639310277,181.52539169217766
851.6091297123164,501.7571827159312,73.30830519997016,178.8479295321057
852.8859080754238,503.731721030881,77.42639990896316,176.5767586431798
858.552486143115,499.387541834431,68.12193592953918,168.86352459714487
857.7371278242335,506.35565351862135,73.79257706772114,168.04515192932047
860.0843707316137,501.63158540562665,71.83846861286975,167.37657875926743
861.0477868158371,497.0528917636975,71.34848398446502,164.7476125311307
861.5654531039746,495.3887743790074,71.87942043096518,176.44615873751775
862.2620622117175,502.38720828974016,72.19975584973338,173.93935562731946
862.8339574939182,499.12192384846367,72.36733622793668,171.74045055248894
863.8760064472315,505.50297489227796,72.06689341857953,170.2831057543426
864.0701976067371,507.3305458380885,74.67785014593119,174.54922384909685
864.8808121129886,511.6276730445679,76.88090122717779,173.1561553152278
866.9460911620424,507.01826905346627,73.22725899256989,167.64370887503458
868.3712672501404,506.1151528223161,75.15743623144431,179.0258418744802
869.8544056835747,505.8934580317309,75.05659961678327,165.60283866611962
872.0033551732001,502.3509050081939,75.76686497708761,178.10195155141196
874.7401964357136,502.37766882610003,74.0602526946459,165.12277607570945
877.0972691376678,504.23860339101657,73.95599712301623,173.05480045000024
885.1531986475143,507.00064231674446,74.65371696363695,182.35354911489048
885.5133082558467,510.21648585911043,77.7058725875969,181.31759154817235
887.9572835482319,512.0013952843474,77.21601665380479,184.7844470373576
896.8451358596117,519.1638918193685,76.00652345015828,185.07395385192672
898.2200588202561,517.9283681212055,77.55639817092174,176.20846462186364
906.197140685246,523.9762782524022,75.36008534016537,181.35538881431694
905.1877161801503,519.0400432630108,77.79595960750532,174.65824484033305
907.1397512609832,513.4674628943806,74.92846631039595,171.83976119242493
906.858651134962,518.5067202267353,76.24002082023242,175.42142432386072
908.1459621557774,513.6087350195542,74.16076984307006,172.9807687882444
907.7532811540443,514.5787039232305,75.0463285744155,182.10027514352976
908.2507721939877,513.2150970794464,74.7192564991027,174.47431189158397
908.8127559975193,520.7652327838816,74.62834524336438,175.2591932909461
908.5474273606229,524.5366163920507,76.67958261942067,176.8637191445987
908.6136595056937,520.716291888753,75.95207452384238,173.89883542301766
908.0769836882378,521.5190297876995,77.22454937125349,179.13664851511498
907.5218284907186,512.4703827565063,76.89981331896172,181.98228196049456
905.960869854792,511.60555718141234,78.39417499510978,172.6313488420161
905.2729988971387,508.50795976708014,78.75070613899334,185.13459828931354
905.1578920311513,509.21034358576037,78.25948573254209,172.20638598322637
905.6126997464228,505.3009171441331,77.54775564097076,185.27200339829687
906.4107824699861,505.17307420803456,76.24366095563937,174.50194454235145
906.2562162907069,510.5761831939526,79.42792920539193,180.0601451768763
907.2672603411638,509.0208345526262,80.70843382366206,187.4774425172145
910.3872918794686,509.5374488526936,76.97627677764285,174.3059653381921
910.7250563057632,507.31403945064585,78.03671174221563,186.50482911876475
912.6033676888128,508.88530798761985,76.21996410072813,166.93801035376998
912.7178547334985,500.69484161323635,75.62233247866834,169.98887844209094
912.3938495678482,494.13650182676656,73.98202365157624,171.28246994531196
910.4604723932089,496.00759597686465,77.60071597492549,175.70162077526675
905.0832020238596,489.3710096412523,74.7847868632681,166.3239990559141
905.8800529469934,494.1537559693395,73.0875011822684,173.32403340921496
904.6419444861149,494.8710705186984,73.46475347976366,177.81829916467814
903.0035734659609,500.53111298629847,74.6512733314205,172.88845864771326
897.2094067613398,495.34632682153824,70.99989146876942,161.73084932371194
897.9222767295255,501.5159373701175,68.67365701749941,165.6515251045414
888.8499677149792,495.7581352174891,72.51091058893132,159.20395246838268
889.9127646432105,492.33932276420546,70.31916535878395,172.34049057959646
882.7203970825777,488.8443887335353,71.58357028133048,159.73464463780704
883.1611696500487,487.4678515132109,70.3198338449173,171.79676947491316
875.856764879798,485.0309617610012,71.24505919074727,158.64962956025374
870.7867600344957,485.78987636070815,70.47694778139135,163.48625177027498
872.2869071476696,489.54732737214044,66.39608798290897,163.6393038157164
864.9939113109399,488.4301980822736,66.84553531601023,164.91886824385233
858.4894617287555,491.6067781987177,68.23338676906587,163.69029827427568
852.3597069577368,489.60315462286326,69.63555397206233,169.19704371685145
845.936824759171,488.98567352981627,70.541009224361,171.2026033469756
840.2439666985215,488.42223370870056,67.5120903093142,154.37458464855308
832.412015312332,481.45195317637194,69.00693554813802,171.3560226262564
825.752785667155,480.1553757179304,65.61105622384207,156.42038277225697
817.51876418593,482.1362243308412,66.21375670263637,161.24298300346652
807.6846607436814,480.93594669892605,68.29856009718617,170.61130632695426
794.3568061189853,513.0602826749978,61.156749942776514,156.23513457619083
790.9548817982211,489.4973812396147,64.36393808197568,154.55407541489672
782.263843679329,487.15491064586604,64.04679275680678,160.66022213906808
768.4823626891725,515.4038087620147,59.71458820086127,152.38544156264868
761.2972437544149,522.6529772886342,60.596375879708376,149.10176879488404
782.2156757347026,564.3670157457218,66.92970214581862,137.40735310887703
775.9244074398428,569.2556475275392,62.30678677756043,139.64420061757323
768.1309217883238,572.6152453714917,61.34967263239764,142.5006931684402
761.7584047955418,562.4959729321799,60.63191479205352,144.76192756818705
760.5147070156379,559.7284630120166,63.53165165763369,135.19469882366138
747.6394988567706,562.1441701842032,58.658444325035475,134.63217827037806
739.1620833324039,568.0753602831792,61.01344020976069,135.39070369574983
716.5180948005552,553.8297983658538,61.77829488663406,133.59064413472993
709.5981401554161,561.8795796293862,61.37672674141413,133.07966162266428
704.0837508647098,571.0008393645421,60.66813500512376,126.12079745137362
705.4397887957134,575.9710560976179,58.206952232701155,129.92747177860576
697.9897888084313,566.5448827541479,58.57389611764802,130.043273096961
706.2028366002472,579.6520213505737,57.59900445901235,127.23036949980076
683.8311206503188,564.4162944349284,60.84469638090104,125.97859168337595
685.3317478026979,573.3197926964158,57.551683627850366,126.99504377505662
671.3278758138688,563.768025065674,59.12303833681733,124.03687472439879
671.8264132344266,569.5316040852731,58.654143941794246,130.14528210249046
665.0000318788374,572.4167527154846,59.60993929836195,132.56342418421673
658.710102181547,582.6921123145958,59.51394258931032,125.79389246491928
652.668783556133,586.9236509476266,59.05565313905936,126.46099673955746
647.1914112133783,589.4389483398697,57.68420333692188,128.14675310665348
648.3546955222804,595.3944293903633,56.72539220988563,128.42819923479237
655.1466067417969,603.9423672317342,56.69021719740431,127.3228896414588
633.9290879534792,586.3228170780785,57.39918346583977,128.91250269163834
626.4448612006217,590.823063305002,58.86856463965307,129.3847448022875
642.2088916678506,608.6172250759573,56.47142338900221,118.56902813110537
655.9623700619841,600.3861181793368,56.390685445233316,126.92585634294437
643.843763038996,591.0563239574487,53.5933939682684,122.72305670218373
630.9814643336558,598.2017890852044,53.15462527208342,117.85671618463311
631.6084814474726,603.2717747550785,51.60030530166466,121.2682991167494
624.7187948444628,609.024730929129,51.95648623186594,116.25020801122355
604.2194741335696,595.223202465666,55.32174814129405,118.4521411111341
598.3840196639942,602.9595580353061,55.102590380025276,117.08864984772936
592.6527920267326,610.4131995675052,54.86231756073266,113.44890711382322
587.6066594871347,616.3159699970402,53.97233704285293,112.20452226238285
609.3594826642302,616.535135752499,50.27207304179956,115.24973300590864
629.6731663024351,618.6227989410309,48.671022547341295,112.78592046367669
648.4126508070249,620.557608210486,50.26313700118055,110.98397903923706
655.7021151978133,615.718655691931,48.628406810412116,111.01781466331363
649.8813051511577,620.5720474939413,48.94568794351153,107.20645976410867
636.9541449105272,610.5534011855366,49.71027118020129,109.72956417156934
626.4207692916789,616.5791159398027,47.99261474119089,103.66895742900124
626.4803791881484,623.1596460349169,48.41380235058239,102.85204973839109
634.1329314277282,618.8626498444075,46.82443357202942,102.81252704073813
615.7946264731329,619.4086312480749,48.44147696847506,102.12437016057834
598.3224801589811,620.7638361672566,47.69976706242505,98.68593324352673
617.0327317266778,633.1710151429947,46.86789639207416,97.78288253273286
629.784034736469,631.3678924980723,44.438443596045545,96.5808813402191
634.8434141871967,641.5259587190403,46.59558446880692,93.23227539049867
626.8719439792678,632.2559824739274,41.49121989316427,92.88704131448412
622.0804213498868,637.1440569300412,41.29529419069331,91.60731367697963
605.9928238739034,640.2294376642785,42.41688589995681,87.9554434984102
607.8719719173182,646.8278680390758,39.58258536348069,86.76157352263908
618.0008814670534,644.8138769645193,40.253617126446784,85.92798683060573
613.4646209961843,637.9540933735188,39.85700123236575,90.01673678541738
608.7002679617462,645.2149351331082,39.83692079161176,83.30575691663307
604.4463845831258,649.7393501296751,39.049870904333034,82.0764131153162
600.1178547926038,653.7865173150456,38.47630029308675,82.28275544120652
591.0904146917767,657.1418015639947,39.002066093398525,80.65844604592439
587.1915005973308,671.3790216999848,37.68843680327598,82.14696670347166
603.1818772724914,671.7987982198374,35.45795488392912,80.33446589173218
612.3321618124095,680.7549557420496,36.080134549636455,79.59513530536901
627.115930725497,680.5905806258024,35.42361187786537,78.43802471072013
632.4966072126886,677.6371494437417,34.82054834805945,76.8386206592977
638.0767208544571,685.0241974857681,34.09080450947317,76.11030057164498
642.0688636943651,682.0219582540285,34.74236112650647,75.74385476934549
631.0808799448555,672.3932019867832,32.52186341085462,76.15610072482343
627.675766481943,676.2219308326894,32.049514104978584,74.85128270336645
624.3213348852296,680.2184139294684,31.66476876073284,74.7049607918583
628.3386550211384,688.6082058956904,32.192261044529346,71.41069458288439
628.8278264657808,701.2637379174603,31.892825199523827,75.20517217993643
625.2028418235686,703.2302349229446,31.753794102755023,76.97856925786903
637.4560556244162,710.7530251300957,32.017731730011974,77.69179445230316
650.0290265301851,709.490724045309,31.709138635352474,77.27763287690709
646.3796383768337,702.5957741064766,31.79043347634945,77.53093380426196
650.6367232886761,708.4794912502707,32.006917979365426,77.03387573747955
650.9711393796209,704.8374614383195,32.044926847451165,75.09101504028581
643.2968095103417,705.1783138846988,31.99869785718397,77.12368983372812
647.50783086847,702.8790194117785,32.363843810932735,75.4583026251155
640.3882226032375,696.0585051471508,31.51691787762627,74.34237063327544
640.501425150482,700.8180669571764,31.864638913134172,74.40969158531755
633.2672274394042,701.2358712866176,31.291375565659223,76.34915831690626
633.7086738499563,705.8294895037864,31.359105628497332,75.65081933750287
645.994751170929,706.3259103335004,31.577365017400325,74.01763196185993
658.2698447999134,705.696946575758,31.566688061050627,74.15457025329681
670.3626274874687,705.3986124847028,31.755968749648332,73.74844144318718
659.2959883431862,697.7863791985956,31.00709631986672,72.78086273947656
647.8832839370759,698.841863643584,31.1205077650867,72.85854355126594
640.3720291028654,701.9245979511752,31.030258696400892,71.88124069308753
629.3431704640445,701.4861785892896,30.66519900862329,73.65050774190183
629.6271457938778,706.2682700155445,30.81315190849341,73.40859997474251
633.9442257141316,704.0620969989893,30.554391774604937,72.06013631120015
622.7471353212192,703.3843127777186,30.520903732082616,73.70606063977982
627.0695874776263,708.1664078446852,30.556863472762984,74.34226764672019
627.4074846126949,706.2111240924432,30.5656774357102,70.67589171583586
639.4736979796496,705.8035876624672,30.343986717932466,71.25016202307097
651.5396525464276,705.787094841508,30.16874556525147,70.82210222903882
655.7134925028865,703.273119820039,30.24335099719565,70.45621196939771
667.5926624893341,709.9921814849749,29.98284287782724,72.63988564882584
679.4155866738884,708.8220622155022,29.980604347881126,72.53278157340344
691.1868407571383,708.3980163950838,29.99950168763462,71.62547862312306
691.7213153861549,704.2669408746351,29.76295956236595,70.9675622881814
688.348118503096,705.968223054273,29.79576130872067,72.53989600550744
677.1829573358915,699.0017485944127,30.33623810306608,70.09776294820767
685.431709178983,706.0958234472109,29.74654811025721,70.21223295391974
682.163369890676,701.2403647098445,29.58644090071971,69.36426126179595
678.8764716704095,704.344611236663,29.592053662648254,69.50336301017182
683.1187945495856,708.0982215621048,29.231737851790285,71.6600191196926
687.0752081419213,705.7569739104566,29.473162523997757,69.87136232159901
676.4135768289366,704.9859323357814,29.500080356603803,71.28733052648681
688.0633378039331,706.9702594606179,29.284836312670222,67.76618695731031
699.5069986831937,706.6344277612188,29.17511396464829,68.25259115324582
710.7261619518429,706.4482221825438,29.556617939810167,68.19957262135699
722.2567208830822,712.734801561701,29.304687800877446,70.48359593246437
730.1201369002753,710.2408619857661,29.060996464084724,70.5501087758239
