623.0,177.0,49.0,101.0
621.5500744190067,183.05484639528333,50.149170235265046,101.4468784849214
620.4859021500738,182.35530484752144,50.21276829924102,106.44507599264779
619.0553712374931,183.67777236891743,50.819207425832246,107.17810365315927
618.4733380319481,183.56325935786936,50.235225075361996,103.37133664804105
617.2731344398053,185.6381878073388,50.525829472790065,103.35907095976688
612.606087475647,184.3959832418318,50.309181660197396,105.93792927418616
613.6275062086352,188.5907766748798,48.46473409477039,103.64159586009026
608.2274561289678,186.7767458148964,49.866766920691816,107.37949547848291
608.7571665379212,189.17628190711184,49.16760534544642,106.61988888453754
603.1409106861254,188.44785714290504,50.04267123241857,107.67118616993599
603.2351903654499,189.97325883843962,50.07714316402803,107.36959941541983
597.8870991445101,187.5147209236448,50.14054737216156,100.50100606479992
598.0549254016787,190.76341665713556,49.86292570320302,102.45416201509289
593.8099384293018,189.8874530064329,48.37300750599138,104.63549151013672
594.628545136252,191.4135369051337,48.14113227856012,105.39380697534739
592.7892532714291,192.6167259956087,49.673657166167914,105.93360821885301
588.996776304065,192.07154319691426,47.78775652867671,105.65485297406576
588.5603228975722,194.8327194888053,47.897232963630586,104.99221403380852
586.8562518389773,196.0691150930939,48.70083995999937,105.75221568029207
582.9893964466637,195.82798523840052,47.55412372202784,106.51487490511852
582.7696896511768,198.10894626213485,46.8856612942966,105.83636145278115
582.7604581883297,198.13088979374106,46.01827383605996,97.07047247694896
577.2440052610812,200.18003320129904,46.677981061795435,96.6341634451318
577.0611262848994,203.36552340473008,46.34573514459123,96.30736230476828
574.8022860608471,203.8288020539892,47.88417978709549,98.94507492698153
570.7218412729483,204.2062181289582,47.627309990936965,99.62426620306496
569.88649904273,206.12766003040224,48.552015957634126,100.54284134011812
568.1256470470744,206.3425545391226,49.78684402291435,103.42554194064621
567.5534833671509,206.6822738611142,49.351766030511726,94.99862370482697
563.990676782948,206.72908309917455,46.98438569810867,98.75982991931664
562.9968358118007,206.85128721217836,48.56391760183078,100.75649224181029
562.3564975011977,207.5876236659273,48.128478193539195,101.76804757872497
558.6057003513404,205.69653147723466,46.746140556636874,93.83034881564163
558.2597788741399,207.26799844004,46.69721833294227,99.04373921313726
553.971686820089,206.44857519798524,47.963689115828174,99.23672833887537
554.2769341311265,207.03883328384154,47.25093081671821,101.03282380188966
552.6951013425132,208.3356435026414,48.35582187487307,102.33943469411429
548.4364469028594,206.63243363516222,47.40351265788149,94.73517059702652
549.5713187471679,208.4965270812342,45.76524364515342,101.26439822611161
544.559015242276,209.03705427395556,47.554359797820666,99.13945558559925
544.6065213846707,210.6825577830524,47.05686065891314,99.07692695428074
540.123613782835,210.83598908060355,47.731011398372175,99.5335028824395
540.4017670343995,212.59870450523766,48.067884356728996,100.83560175734874
540.582068079148,213.6015671647683,48.159118104994604,101.86206671175376
540.9055472699833,214.62114467051617,48.13341534585845,102.8258432234511
541.7218256007973,214.29502280815484,47.60665822950682,96.71903935401053
543.1212551649132,216.0664460023683,46.43335542137538,98.52302259154897
549.0001439108514,215.9306436223468,47.37578720975762,93.90970493864421
550.0986178169155,215.0910672759453,46.52822678533482,99.52663300477127
556.3206076179437,216.31847350581802,46.80936903542795,92.4517305695
562.2726232287232,215.96419634383392,46.98182471545533,99.31011207111203
568.2497701550749,214.6291124059403,46.718336836897606,97.70490400521567
574.5702885636822,215.44902437297992,46.54247471211261,93.08143291253464
581.0593655856615,215.38760605926063,46.948299339917185,99.88826720038895
588.6872979198415,215.27216587842076,46.0559625037024,96.8420252903079
595.1743044053483,217.42256349689023,47.02085003975117,98.04942360254881
605.586307036895,217.56946070255435,46.48719653463195,97.58036161705422
612.1326641890539,218.23591749894183,46.08080487311486,91.29267855621828
622.9642786557162,218.924068262349,45.852403296998204,100.23014838895523
629.1105577529968,219.70182957339853,46.61156870877221,92.68409396304929
639.3004708042054,221.32620907788294,47.87248549525543,97.57224514235645
647.0636690313952,221.65928103223342,47.311050163585605,93.68176333218076
659.1905356212501,222.4059568653159,46.479342685280244,93.49628803524814
665.3788850805506,223.00304465684576,48.34504933472681,97.8123867339549
676.697520935672,225.52496053711502,47.44846361565749,93.36103268715465
683.4663854130575,224.4024445246123,46.974387256122895,93.06570080984602
690.7546189039007,223.02385932314974,46.11893172670341,93.91892288555164
695.9033495461779,223.7219137188963,47.54432021271168,98.67012637397545
700.9285577451042,224.52631068063158,47.943789594173495,94.8979887217181
706.170145823593,223.7413039962487,46.72948314008863,94.90811009213047
707.2006707655112,223.6756803310995,47.656229223919354,98.92452801700887
709.2004713894137,225.08839382671033,47.26551908989734,100.72130431167972
709.7203217613921,225.15104754440245,49.49294534522846,94.66612085809402
711.5159624135181,224.9551003283558,48.47541294073153,100.79283764024115
712.4889500258619,226.45625837134128,48.82185481960414,101.0811189620303
713.5336933154489,227.56926208379082,48.48191349827732,102.36487615219858
715.0119564046709,229.20794173489594,47.00791382048499,101.82213046653123
716.4414696674298,228.45944962183142,44.815201993484834,96.87044023328184
709.7758975165859,229.89859207697452,49.019515582989015,100.88291428554896
711.8604075984895,230.9990971004015,45.408096750166806,103.1600609546831
705.1466091416229,231.66428985677624,49.47991454692453,102.80578783249865
706.9248439440348,233.05293109856314,46.26849711802822,104.44774490140225
700.184051665633,233.6865383374943,49.75904225175191,104.20199860351727
701.4312945097677,235.15970310997812,47.538180123769735,105.54078424548476
695.5324321896751,233.55487760716983,48.81161944544829,97.96233297707596
696.2115038534716,235.70174231501687,47.37252767167888,101.65917555131955
690.6457581612099,235.70319184775587,49.27534258891592,103.09367745636138
691.6200645179586,236.48307420658602,47.13622020206515,105.87719327559012
685.6114239507474,234.99696255641078,49.934806665839915,98.56964107113907
686.156260505342,238.7607128170308,48.14393007097976,99.09862380194423
685.2175164361299,238.54755379873933,47.74358139425135,103.57188972232757
681.2627601986555,238.5984336618336,48.090986850906916,103.16234887077621
680.4135025747638,241.31486728019132,48.004187737507095,100.10483355562127
678.4133477805799,242.24467015774985,48.698648868671626,100.32921364162803
677.1981261774588,243.5791699921461,48.11950446755827,101.18818628545233
675.6360695141129,244.09436298264131,48.0772274195574,102.68383356521554
671.5977687505092,244.648472024714,48.20162569065815,102.68568006542466
671.1142354093234,246.65399744342903,48.25451529116515,103.5300197500087
670.1123815024076,247.23425700679945,48.159289999803036,105.81318216784007
668.4095546126462,248.18844779485227,49.10248500917987,95.91128288192226
666.9378304910636,249.59536184978458,49.00102221453449,98.70552739966263
663.4076061471394,247.34721066418274,48.26245570488072,102.53309844649323
663.1006228571053,248.0029664813178,48.23230948464061,104.31710963220337
662.0190979020826,248.15776040193464,48.38372101893765,96.85627831565995
658.6207534556395,247.04169116702502,47.774339918704186,100.71057354735728
657.8768237018865,247.77927493282004,48.717808590745676,103.02574969225674
656.9663528784545,248.43782058821478,48.069723118571346,104.93557528681265
655.9342386975931,248.88962724062395,47.68797817803136,99.25090211797425
651.8669143400623,248.21284659815058,48.12779484208522,101.01361208332156
652.5213443843624,249.06368803379314,46.77261241377903,101.77569733225482
651.7337079450606,249.48692121150714,46.81074758284308,104.58779325146384
645.6019930119589,248.3408438637254,49.93916823209065,97.31066104090155
646.9118596985059,251.73657862035412,47.556343925818965,99.71073308944881
647.6706856008122,251.6360189034267,45.4890202512222,102.64304376271741
641.1143576422583,252.00792301841807,49.47329702828574,101.61337464719452
642.6877703419132,254.4699078972376,47.0826409058011,102.10700330875977
643.2512381287027,253.71487355007616,45.58380716280203,96.24676632453117
637.1494567312832,254.60187584024152,47.0531172447844,97.58055860982807
637.5810369625406,255.9458918552018,46.105825833451945,99.929463463704
632.0330049402216,253.35989588859263,47.79593663926198,93.92858183825626
632.8170796017793,256.0374612005886,46.21687194138087,97.29619201671346
631.8948315496399,255.95053275850876,46.300376578798364,100.77016443002293
626.5716261692205,254.129755532412,47.14922082016869,92.97083050259391
627.3864510356817,255.98475237428738,45.74950063110634,95.72182888764951
626.0625428676358,255.3482106399564,46.075916496261016,100.81828605974493
621.1421811338569,253.97017383563798,46.35248826985048,92.57527281457078
621.0943628428764,256.20981175908105,45.5918696346904,94.82087597468262
620.4275744373415,255.6297652072609,44.73031839457849,100.06849932876491
615.8462583673875,254.43440751525088,45.174024363027,92.82717409924817
616.2452248479347,256.4652594724191,43.8968467187492,96.33218316890031
614.8936526553898,257.39167494684807,44.47718824123285,95.73359078893918
609.4374371660506,256.7743201464832,45.763540114484385,96.6365438477705
608.3075487417809,258.4155558443615,46.96062539802551,96.85492807063792
605.2811794461416,257.8865305302752,44.58130559416168,97.35327874995528
603.6049116788463,259.2705007728464,46.8416134057079,98.09505386217552
600.3392625748361,258.7858820986612,45.16955132189764,99.062913679703
600.1453070201253,258.8983139126135,46.271974614464966,92.26544773019953
596.7010077756413,258.66289997703825,45.08202006272472,95.48045286698834
596.4761992587937,259.33018195579655,44.5928253841812,97.45281393226293
595.6680250927192,258.99206501864694,44.61317869749644,91.46427878006199
591.8948198290873,256.8727828747668,43.586796855825014,95.92990134548933
590.5673710891278,258.239217237151,44.18450833619772,96.37480877862936
585.942419665496,256.6747363446715,44.25259445020936,89.07849106461492
586.7218681135716,256.24686343154985,42.35189370235389,93.68276544122364
581.2723451641348,254.00367759438973,43.72846871356762,88.42495329447263
581.9787320785429,255.5609168936981,41.81201394329196,94.65922460508767
576.5199743270284,253.7005605240306,44.03916393776797,90.29438906385394
576.9380695338184,256.2397876978607,42.94284716852667,90.69968305013163
571.6804084774379,254.92505225411242,44.83019059498622,93.39965797113314
572.2738549777271,256.04601567781106,43.92335715039303,95.01430967220443
567.3085737428298,254.41074731491244,44.93447661483424,88.75979650524641
568.2603364748587,257.4706158719166,43.26532888416307,90.06726674509991
563.6931625054774,257.00258549349746,43.48298776236379,91.31770797051377
563.5146213059852,257.9288353813863,43.858245622179425,92.78990626387258
558.9327426033542,255.42193181680693,43.66859846202442,88.65273233102414
559.5193400775463,257.71634276422856,43.11401506727134,90.60044385570109
554.8669014961388,256.4905146687015,43.28880284496154,92.98700707681564
555.15424591631,255.91497513823435,43.07040611413629,88.45680442708061
550.9051557076887,255.75379077680623,43.07249927509656,90.32198397155639
550.028540709556,256.8867734228987,44.138913136450356,91.61337243125286
549.5671329323553,255.654612473189,43.24070981444595,88.3242972540354
545.6034827029548,255.13496784469055,43.179474390420296,91.12072898067254
545.0537763461439,255.54649754741672,43.48778385014566,94.52410035512446
544.6019284029885,256.0183580883702,42.735168748068645,88.42044322958981
543.7443020604004,255.67137254862746,42.3190424298424,90.58527978104848
538.1082286512085,255.74610949028943,44.0026339985468,90.31043623090511
537.4343675892405,257.5328953065755,45.196410893124494,90.71849336843479
538.572172535065,256.7152628256065,42.734259280652395,85.23663862694752
533.8188862984489,257.8987280944135,43.00188626627744,86.46666211735999
533.2890440609945,258.95981713716765,43.98505359265664,88.7247772234382
532.2760654614287,258.60781772919836,44.364819628493706,92.38784157064913
531.7539391241876,258.79556321516213,43.742536700000414,85.45794339005789
527.6249953645865,257.34094450765497,43.3105272473249,90.14967391370328
527.4238759924957,257.92017088918885,43.80490114964698,91.83009627375901
528.216707282174,257.81867399056114,41.610762374020624,86.32208368264145
527.7077327182732,256.91055066981653,41.648047396651805,90.74924806930505
526.9849407693312,256.7847138442005,42.097534487115354,85.86812389676982
527.1501440937514,255.960312820353,42.02692651210555,89.7573635016438
527.8563614143277,255.60321208049623,41.73646027619816,84.74843622721096
529.1096159934117,255.03618754078002,41.08345772965379,89.59317076108647
529.9380361508538,256.44274244712733,41.618953900061115,88.57019368791816
530.3634971696686,255.59412063892592,42.58428345046116,84.76586158265036
531.7221163642898,255.60454334419296,42.69248844091635,88.421524126426
537.7986375465348,256.0249023792396,41.24423742869021,84.75333542869066
537.4764953161293,255.75407953720855,43.019504054068534,88.9659282683831
543.8159351344375,256.2799073945126,41.20650584915188,85.2185309990694
543.9500558127993,256.504573595646,42.38087760198118,88.71214982186393
550.089653079866,257.10295903799664,41.34164384914027,85.04099342860917
554.9381084205129,256.20260437764136,41.696876435280615,84.67387598551522
554.3571581713716,256.551081794875,43.37927262098742,87.70274362299921
560.8711316700799,256.6798055541794,41.74942916910538,84.57029014155489
566.6670987575038,255.4527001281271,41.363012770169234,84.1007100302503
572.4467818436385,254.58685252783943,40.79497311088198,83.10263836319001
577.2627884019246,255.21601988852512,42.23408576975976,88.39719033987791
582.5968855748392,254.36403047147292,42.22901258043635,85.33413352198181
588.6106265192984,253.6209648575459,41.54181681610362,84.51725072845875
592.7783128356314,254.82620137084825,43.3844264150448,88.14390486940397
598.1551025184986,253.32361831284726,42.33838993060749,87.39553222758133
603.2292500221947,253.85564306367172,41.481219703105126,84.89257224041575
607.9997461091771,252.89429987834893,40.729547736737004,86.2703332449355
608.7724428820327,253.616610458183,41.348581356415025,86.56916595172152
613.1953267282584,255.4946213120145,41.52848867622197,86.84770294483258
614.513677503884,254.56316414500725,40.95105904734805,82.44758643473415
615.6191709865618,254.88987802179054,41.53522409159723,86.01278524025793
617.4121621222857,254.07661815472238,40.74327260043265,82.03124411213435
617.696253609504,255.07674927336166,41.730383220794806,84.71999872297602
618.2740721007956,255.18504803468454,41.99815062231687,87.32201740919157
619.0905605573117,254.93448510952612,41.56168245420622,81.99775674284137
619.6283120074218,253.81258585323053,41.795296087422685,87.13242273334447
620.4606148823821,253.5010028833599,41.11314626918113,83.58414331085567
620.9571205450272,252.9258142653756,41.08483036122857,86.66472235571621
621.2150977602547,252.21136737743865,40.726934091311364,84.75060083080183
620.782189333486,252.23140519991694,41.863744076962234,87.95046288012543
620.7977253879149,251.93443037238438,41.31005587276309,84.16122916723339
621.396161887521,250.06600935949427,40.11285402381054,83.36594371235515
620.9501436755911,249.65728192561278,39.97004642522029,86.9629617935081
621.193443293263,248.87290187933468,39.11185079899087,84.87095067911696
620.8860262991892,249.09563230589447,38.92278586597479,87.19793432969345
615.9042964443784,249.46606318280942,42.19847960762763,86.62730249782828
617.2133716256847,250.3539941323412,40.659566481057254,87.49642135140516
617.970007130767,251.48060882535174,39.06243432928386,87.77327025524755
612.5440790199638,249.75861293178002,41.97198233564734,82.38132673586404
613.7899196127372,251.96388724412986,39.92702263682929,84.67557097281451
613.9172828131886,252.14416187130644,39.450104717940576,88.29937913906184
608.8412127842348,250.81791619039677,40.933583229407304,82.68925581450583
609.4478186201854,253.17997171241416,39.83064052791474,84.4449807206995
605.2158091407991,252.144414827751,40.811871881683146,86.6245383042974
605.8343474626622,251.57213395638587,40.0524153144047,83.08550328822514
602.30781470992,252.33825679890333,39.99803118315583,83.37127958556795
603.2878535557084,252.91895773430474,39.558247265602404,85.81391665811702
602.4353032945776,252.2553910118445,40.36374225552311,82.17485843724347
599.3314427213957,252.80307783501485,39.37768095501792,82.8320405613066
599.2348394835926,254.10587499102803,40.08181824181747,83.8830387753668
598.7628626878289,254.5558845504338,39.81363497484324,84.80312035737165
597.753279911246,254.0350288727052,39.700925690057375,81.2477281133448
594.7597147017586,254.91672679130144,38.501488792487635,81.46322813281992
594.6067025534369,256.29175974267196,38.96003753646994,81.16777057132788
593.9451882131764,257.18130745930375,39.04283496538051,81.26009090071057
593.3996212308161,258.01373123760857,38.652021930967294,81.4421072971744
592.6816888138374,258.51942140041524,38.52977691398792,82.69314355738857
588.092355590725,258.2395735344211,39.68950823992509,83.65244813106301
588.4093246881085,260.32991111542674,39.318463786214465,83.03385491764436
587.7149132343704,260.8945388522261,39.74372687589744,84.32218481723908
587.3287676738582,261.0464930870678,39.623038871166045,77.91448165566737
586.8376195922383,260.636525579162,38.882998492906154,82.60818005494315
586.162352325058,261.2677943041499,38.49920001084115,83.45553877263592
582.7958607690803,260.0761081762679,38.62828490589516,77.63752719018714
583.4184674784499,261.693814507453,37.89992858167068,79.9311868517475
583.1215718404803,261.63484173691313,37.93539974061696,82.0459916327136
582.259361214526,261.34005109760096,38.126486496100824,78.20995201040319
581.6495054837305,261.1118782944702,37.72137293533774,82.7836567564915
580.7461147633085,262.7132435713705,37.888590760287116,81.7912804409201
580.3956415667744,261.8558485450542,37.386546490928595,80.24308794928766
576.5165011336794,264.13735534243824,39.28331989499566,77.54549906019929
577.3660148593501,265.90426687317705,38.54559284294146,78.92188692454926
577.7100445805154,265.7911577411503,38.13790099264065,81.5709186984173
577.777496463636,266.8757092087601,37.72305176454006,82.08432019402989
573.0998935962087,267.2819740991033,40.05439591416291,81.72200470452742
573.8988691169676,270.3803285742112,39.080138917749196,81.60790961154197
574.336502058825,270.92762554507476,38.48751269455522,83.81524108764256
570.2199543268616,269.7115177346287,39.47763983947516,77.77483965217704
570.4580369363109,273.2472643830656,39.57394940711947,79.52782798592011
570.8135592998404,273.1124109053512,39.136515770950155,83.18936182342475
570.7778956679906,272.6714395636104,38.92854868374934,79.34326372051783
567.4139655991007,273.35817586730263,38.396275099010154,79.58893150387962
568.1227543272537,274.50980811941747,38.118268935737774,81.07323984266122
568.3349253645581,273.7029775171584,38.04125085555984,77.91253735634069
567.5034262199861,275.77371978175665,38.385955726955444,78.83173003464913
564.5000066751209,275.7341226335848,37.845107285171025,79.41996221779846
564.7327551448329,277.4828663441076,38.09609424367295,79.42483478840268
564.524407050331,278.04401809056947,38.02769513301246,80.59569067420568
564.1029198760095,278.85429909194545,37.77603798261839,81.48800011969024
563.5204160724395,279.7601710208453,37.8425204521302,82.71147278187198
563.4240652157016,280.02645831003974,37.012584770003514,78.12147241374828
562.5627580227333,281.64886382842326,37.332691778555045,78.30542920447499
561.7965337217654,283.05495496922435,37.1908964028662,79.4757966137397
557.7392567592113,283.44668234531446,37.55537004430141,79.58791845492419
557.6049076720521,285.3452292470655,38.16860697867014,79.70226922290402
556.4937660207738,285.9561016912621,39.609322600095766,81.21112859667312
554.0225355019929,284.50507713799846,38.437975611958564,75.83879663479058
554.8194452604363,286.4400311579884,37.52731599063952,78.83062052939431
554.7750796650234,286.214960573373,38.040908338737495,81.92230834422128
555.0311130912478,286.55934763609184,37.51282876714777,76.4509304142382
554.534744322795,285.89144437589766,37.159951932616195,80.49193727404281
551.1323210003466,284.7906071410292,37.236396502283924,74.8438900844207
551.6093475479014,287.0117522662995,36.55159085549917,77.30586868784576
551.1087846805995,287.1812378884374,36.63394141579647,79.16370200580013
547.5086782774524,285.6926559912549,37.86399220416388,74.32767791251536
548.2523025190723,287.6295029424844,37.05046483811395,78.01778095069852
547.6566626644717,288.4359830474308,37.288563339575376,78.54318596014787
546.8099332708457,289.073748048354,37.59015910197866,80.06324055158075
543.1333218556024,287.6180779546687,38.41315695548997,75.60113673473165
543.6029959551557,290.38756839519806,38.04177456568152,78.42282126936851
543.2699589558838,291.385762862771,38.46293335177063,79.7945196743243
538.9493734594373,291.91920757135017,39.384021264529224,79.55647780839104
539.3797193529214,293.52356183749316,39.22480146321789,79.98254737145203
540.2087169037927,294.13294210717004,38.35434269665029,81.81667508656301
539.6159675297928,293.8950853781985,39.080284378214856,77.90360750051292
535.1981994023845,294.3182540188733,39.40139510081417,79.54059404133602
535.5479995157943,295.60648757608453,39.0657285760235,80.92703558251242
535.1616646880689,296.1831865790846,39.4061480291939,82.57267967621965
531.6119409661169,294.5770569636952,38.779028238903265,77.16184448511922
531.1767307776918,297.2112081142946,39.59680021921213,79.59358674128595
530.3669394874694,297.5508634000561,40.01290166788681,82.01373406846102
527.1122869572664,298.35356823798816,38.60640413839042,80.5844890948008
527.132284761131,299.9403239619455,38.91900676950593,80.73857152285314
527.1417344152138,300.5316823737228,38.59932612495743,81.96104260388893
526.4425008983528,301.3141715748725,38.436381375209976,82.38680562324885
526.0260069089891,300.62913678383836,37.587362270695394,78.15912076039456
520.4103159124274,302.40437908147373,39.750188270181525,78.64780128316511
520.2808911915781,303.5501295098326,39.975948483922366,80.97388795806893
520.004067804904,304.7990725359555,40.062323902711455,82.34089603441328
516.6877647277717,305.0757610090768,39.02489598524619,83.54271093514626
516.3931548875455,307.04307483908565,40.34270322100201,83.33049092370106
517.1806797772254,306.7352325793938,39.368160147328695,77.95287149418675
516.5468290026561,306.71977223001886,39.86466956580557,82.45042594353436
516.4130031246962,307.90092788941524,40.20009376257849,83.27822844965709
518.034069939121,307.43284453811,38.958187964312515,78.9107316133938
522.0951324977816,308.0605308605026,39.18845512566736,83.85225330081681
523.5183118866476,307.5214584904304,38.62598302954348,79.09834011976636
528.5140274235106,308.1325213832322,38.97919162546941,83.51918301555884
533.3711785478805,308.51667885354436,39.00028351356866,76.86930381826369
539.6666050587056,306.6656051700729,37.557027239882814,77.31493371562237
545.4152144606476,305.725864089246,37.909414602192555,75.84601625114124
555.0893482506245,307.46022471215883,37.67321419527423,80.53175160753835
560.425669897354,307.03109523808564,39.7910206718343,76.07581663769679
571.0172207820578,306.6879877839574,39.402071778727986,77.05697944325152
581.3355256748152,306.6834463903908,39.7063319670292,77.22963047105532
591.8413482769533,306.95892048830456,40.432065713962174,77.62221855388219
607.8374231130651,308.7635626982898,37.56853399768306,78.04183896304744
617.2022500176536,309.46185847770425,39.45612711774538,77.73322965039767
632.4007627782029,311.4616259496652,37.6318427111579,77.43699511214027
641.9750140999961,312.08493967096365,39.13198926431926,76.79314845496788
652.424135653348,312.16376596469854,40.00270062712616,77.78997517615971
663.3118389919086,312.60651838978856,40.388982438363655,78.653351282936
674.2544832394387,313.320856212069,40.469773401384145,79.03451695490389
685.3476660168101,314.13269218668756,39.49259274141582,78.88272723731461
695.9067308071875,315.0173997469942,37.577817695178624,77.35604760911542
700.9035080766519,315.48119318493264,38.81096524760369,83.02411918862526
706.2805515179022,316.6505836844808,38.62721214942712,78.20534587124803
710.4037232450937,317.1818627139421,39.38804750738427,82.67416011371142
711.4784712161311,317.04228343197383,40.14285859237452,78.3534491796674
713.3512439080334,318.3384551488107,39.63878005009133,79.93263537850987
715.1691958546746,318.5430845582141,39.12197750395649,81.98034306205045
715.2722235394995,319.5256679336471,39.83772161185698,82.09786353818413
714.5824632105923,320.0277500476674,40.71703997947054,84.21234104578622
714.0965814991623,320.9841214015614,40.65751624803511,85.89505566128173
713.1556158491796,321.68340093014444,40.41405208860078,80.13160472400898
710.0682776226863,322.8723363432325,39.687485941225304,80.34818878536794
709.8137527810273,325.20911022148994,40.14562954371365,81.25277477594273
708.9185700895441,323.5078396264066,40.43589818549265,79.77366227990927
706.2282774186738,324.13337196162877,38.986238040743274,82.38176524934067
705.4216084340263,325.55579675788977,40.20152873710879,83.62858815011202
704.8924253943317,324.42643403609,40.317255575445756,81.7448172094962
702.4496460200392,324.2962759922939,38.86642124639366,82.98262619495534
701.7944572973092,324.84247042083007,39.87643250748238,85.4921782120868
701.2394349267688,324.30101704317076,40.09835728787334,82.8048696419437
698.6809474129013,324.6795415846567,38.62533630655389,82.88526905430501
697.9432123057137,326.1608342700638,39.96829331710512,83.98036348945863
697.0598823298862,326.6634270135412,40.38047067315233,86.3570185321903
693.6106891760578,325.9007876587974,39.82978323703492,79.48401615911757
694.4240615357786,327.8007328867625,39.32043981860352,82.86636712576774
694.036196734116,327.83457141588997,39.50982920976821,87.20449363733655
689.7888354463078,327.61715327939226,40.05214414079148,79.25716250184036
691.4536285704473,330.57808223320694,38.37128694241983,82.47228362442934
691.4926186004207,331.04705737060226,38.07512067227549,86.29336283641248
686.6695327929394,331.0717291898296,39.72013272134939,76.94016731456344
687.6870516839456,334.23914512723286,38.245699962564004,81.0003579487884
687.6280218372287,334.51173720291706,37.53711185830366,85.28805954614938
682.6610735393285,334.4184015279386,39.54096176438986,76.9574185534102
683.1098216326013,335.9532588056517,38.09804150239984,80.18957615597554
678.874245934961,335.07397893952134,39.762191056644724,82.12431177849311
678.1879678672503,335.74976539394333,40.166246472890634,84.97200172780879
674.5370867771813,334.92775683894035,40.79274071036605,77.48679576726988
674.5741080625389,336.346401599203,40.08837257685059,80.84677604085897
672.1101736866153,335.18917224980487,39.407301127225765,83.50982980012134
671.8948701484742,335.96937521364725,39.853002471612854,85.85299744279303
671.6202630873169,336.1557004146307,38.844941701983885,80.06516406841484
670.5505861458287,337.0143631390109,39.247140367370775,83.78312956947042
667.2135466220211,334.97345481229456,39.61434639202571,78.4331724730963
668.2152658325615,337.67238828625443,38.15133923230928,78.54442952651141
667.8607908775462,338.87875381955155,37.76754606675968,79.6709397409619
666.7611798851385,338.4617461290063,38.380922577841375,82.04806419993815
666.5889498416907,337.9307018810953,37.736079862958604,77.29818880481378
665.4647401436039,339.09519302479816,38.116064133261716,79.58529242202417
664.7342758945811,339.021898107551,37.963937096571954,83.20576999322617
664.0822780246765,339.4714917727956,37.675869962190745,77.61511621632451
663.1090184715881,340.28125001878175,37.72547505860575,79.19829798595151
662.2445557000447,338.8156847676869,37.9354797910255,78.53286146695791
661.2806658319178,338.84617119569896,37.799048895793476,80.58997122557287
659.9258765250509,338.17906984831654,38.32269107145862,77.33342720459041
658.9678012191152,337.1342736226061,37.89473466999425,83.41652275474871
656.4189189519657,337.0111747007113,36.666422988929526,76.59346662778341
656.3031557074819,337.12995672608895,36.8767539829787,79.21941576036784
655.6711843157657,336.5326991129575,36.84336759194662,75.7487366851658
652.9735066308385,336.2223089847248,36.39569136292209,77.51593263994437
652.9337308700412,336.69580033023976,36.57501970169005,79.54751766727918
649.1263734106797,336.0140796830598,37.78021971617909,71.08475406446189
650.240182431131,338.0324198754013,36.44175754490789,74.60808291650437
650.1452138843582,337.4055333733995,35.888140170909196,78.48585494125473
645.6263287886959,336.1468478065136,38.035467480988245,72.53631587523887
647.3372442981425,338.15194721155893,35.24931420330586,74.41057672538415
647.665055159232,337.9641209172687,34.17510184943967,77.89435171682317
642.9458846038262,336.9366456067054,36.654282191532275,72.76062667515833
643.6005431302513,338.56232092058985,35.183426271044254,75.73662907308261
639.1579466538192,336.516901429615,37.24226742991277,72.3119377466403
640.0385289393863,337.4775524958104,36.000378522316055,76.31341248678132
635.908786319718,335.8190557217183,37.510753570142924,71.88387360636744
637.0766571848417,336.740749835298,35.96045315368315,75.5993465581613
633.5369791679229,334.6151132200887,36.70751919643226,72.50363074640927
634.0868387726824,336.9952483127425,35.8485005082747,73.49463146243431
633.7698174562158,334.9044040017468,35.49741828141782,73.66282361944832
630.9349908710544,335.1647766570028,35.3620052459803,74.73154090888386
630.5223191749462,335.45243218738574,35.5340276631415,77.14753501320399
627.4267909071516,334.48165272175675,36.02384777318548,70.77254101869562
628.0437909666591,335.95364199879884,34.683795595448146,72.62045373723197
627.0854857840932,335.68414705896146,35.15726588996699,75.35354192705597
626.7587976729458,335.32019383109446,34.41435006868619,71.1486854488885
623.4526641483976,335.7663088810066,34.96707620454936,72.84805537822285
623.214211982839,335.87066302212133,35.10307849959372,76.16798891440828
623.2859082233135,336.34977718041705,34.10313735294676,69.9935795986321
622.5403726611863,336.4454156987688,34.1680979462468,72.63000264444418
621.9168041467968,335.25386917390085,33.936588369289325,71.11591122951171
621.4341271587472,335.3349321166679,33.49668154562835,73.55091110582225
617.9043807560453,334.0584803871121,34.524128657646315,69.0848790185413
617.7977195576657,333.68539007853997,34.07911976475248,73.19297622559793
617.2287838698533,333.2977885011188,33.949821205862236,69.87066346633384
616.1346985921473,332.6761678730454,34.1046523475984,73.77574624935096
613.333046773324,331.8278106666738,34.532178278554966,69.01952356470457
613.5552650730501,331.6431833644381,33.95283654507466,71.74431868597253
613.0040829588308,330.9317576960714,34.12805633481071,69.75115168516209
610.5816214612578,330.19191816129455,34.00185717917452,71.63305591291783
610.4391681706694,330.79413733106753,34.37619934296242,73.6299005168093
607.6276938409133,330.1532653762232,34.96638559465737,66.39027200411175
608.4427390002734,331.2638007268313,34.162586762163755,70.84871101049464
607.8913150787082,331.1863105641942,34.49692193957594,73.68775706823413
604.5012107082944,330.1968668179536,35.67685128136645,68.60751955839578
605.6051636370065,331.68523002223105,34.22980672531878,71.17071373405616
606.0035343832644,330.75115765587157,33.37318203418795,69.01700801285062
602.4283315358662,331.3648067068877,34.62717039838958,70.50285533373369
602.767548870693,331.5020230233697,34.126435196031025,73.78565030273433
599.2673607508779,330.54509480215074,35.2522558751474,68.54174518973196
600.1463620516352,331.9644376832966,34.42349088222272,70.91595056778704
596.9280676809245,329.8254285027074,35.040675489738874,67.2800106984505
597.8720394196971,331.3199372884608,34.16815617714383,70.41315736140916
597.6359665860782,330.07474937553616,34.02067013688111,68.45464031370614
595.1765392689135,330.5191249883877,32.84871920833507,69.62621670478768
595.6599295003573,329.13011216601797,32.79485691731452,68.52703507638603
592.8727060535623,330.5429087960342,32.87765724878625,68.10018649317635
593.3106658328468,331.1251259140206,32.78617930230757,69.88170821862639
593.1304465419703,330.5434634171397,32.411422153333206,66.37628898842115
590.3457212050596,330.56148784062054,32.55064399506102,67.93221375295536
590.7772478681438,331.51763854523335,32.00699009061134,69.25816351856895
590.6972954719977,331.26466355235016,31.483048401019005,65.32322856540907
587.7343983306828,331.5103871779541,32.097628330533325,66.39414128207619
588.0266298188744,332.4368095792522,31.705262384979505,67.21078584581164
587.3741070329743,332.7669445702104,32.128109388559096,68.31096502260243
587.6581861073147,332.30028055246385,31.20798072433206,66.29041630560641
584.7605887827767,332.3382779217934,31.73767905096213,68.09311785386694
584.9293577258684,333.03827514541695,31.330942615828462,69.57511577378978
584.7764179497549,333.28968330332737,31.314253995215267,65.07491829059609
584.1299460355499,332.6521599893763,31.353883675360066,68.61641545080374
581.4280724342188,331.86186303783836,31.694010365861004,64.0268841772189
581.9477941821251,333.1425557567129,30.82503310469565,66.8264199254528
581.3978404761561,332.63151663277347,31.299738485280955,64.79293426396498
580.709694229972,332.29720063889863,31.501322559101936,67.81539622023763
578.4905717427175,332.581283770435,31.131140190101405,67.78133573530238
578.979061135919,332.295693698439,30.604251073932573,65.62055890511056
578.1520124654576,333.3882383792077,31.394738171463814,66.7656606358737
574.7771878173444,332.12776644816665,32.664337602210026,62.66802150950065
576.1311744849204,334.4389285635135,30.752604643779136,64.92650555904208
573.0608969356668,333.77197936918685,32.01239918802355,67.0755780187501
574.0151749455789,335.5978810570699,31.02205992049744,67.03108602889267
573.5274421270519,335.4485474927891,31.287782072952496,63.86763913991592
570.3896823211713,336.1822456395178,32.26220848513333,65.3100694492577
570.5274764369614,337.2814331417019,32.08933362804726,67.09439277664615
568.0564745499105,337.0288626000713,31.97324074005519,68.10452984606223
568.2109862257307,338.38671983490565,32.33523366411782,68.34504311090461
565.3102069380316,337.6595594731507,32.22715359123731,63.214477726351106
565.2392156790726,338.29981260697184,32.78588148032702,66.7904096668135
562.7802141450579,336.59717069332396,31.83654429609703,63.739929339186176
562.297424379537,339.4689193361672,33.07604215854326,64.03990413805315
560.7391665317105,338.15287588208537,30.605175602921918,67.35438233180821
560.3646465246384,339.5004672583377,32.11541419619243,67.084686669034
557.9781470442472,338.15109797417244,31.48206526401077,62.56422449075035
558.6666818526787,340.3323714326544,31.463910175450565,63.755951644049844
559.2506239792532,340.64590162828915,31.348477766703354,65.79561379518975
560.6170019732454,340.22766037039037,30.53457293129395,62.02869379816798
561.952156438806,341.3530027599527,30.231970870892837,64.0113022490059
565.3099591579859,342.82548280093374,30.58800477597481,65.55866283736009
566.5663876308695,342.5099177408208,30.519888611479473,61.430283079672904
570.4063249030226,343.8175871674698,30.48925534236116,63.792440733340754
574.4140429833304,344.1149110058477,30.39289890000373,61.38733053250928
577.7977262421001,344.41879340552987,31.095245556236137,64.73288900212583
582.4456134414635,345.3207929825121,30.744731068122746,60.58111738903801
587.4987500553834,344.6375065313814,30.5746983811905,59.40383933103385
594.9450352195072,345.35311781108976,30.265180830659574,64.98018284646321
599.2981757783882,344.30002070647333,30.750554290498144,63.479812998626585
606.8541371722604,345.5669714788595,30.286959063103495,62.00617567109043
613.7795405226004,344.71388160140623,30.632733014473956,63.312908506392205
621.3064534876137,345.231709440769,30.609079372361066,62.701072351308085
628.9249439821992,345.10699167741916,30.776146825985734,63.169174642224334
637.2950872159345,345.91683631296917,30.4258701789347,62.65970764773715
645.6818727295155,346.60068982157077,30.456844099747286,61.030618580721466
654.4326958444517,346.99214473482425,30.188337546451294,60.60604943066892
662.5371475424688,347.29796887461544,30.641116167124324,60.99476740135697
670.5353651659832,347.8469294512024,30.73557084740537,60.892417140171915
675.5094296339273,347.4801264497487,30.689053710546773,59.651200324348224
683.3078659345786,350.7699471313281,31.012143075152835,62.578398155203104
688.1832288768846,350.832359129505,30.545039979612056,60.21807378298496
693.0012682584538,350.3718498005261,30.16668020855377,60.099419187339436
697.1775612891691,351.1934810217573,30.363661296211035,64.89217704977858
700.8521310495976,352.5960425844478,30.378387077254843,61.03925698414696
702.2515939096559,352.30476843945985,29.845532882929774,65.1469492110802
702.9720894375316,352.80295346232106,30.727617970153233,60.253523909725175
704.1858183763927,352.08563550552174,30.417570174294838,65.57607324536036
704.7868443611187,352.58346836679675,30.28247670444682,60.684587185259886
704.628724596795,351.94198492800683,30.62585173199807,66.62645557904307
701.9618394451113,351.3840971749971,31.15333079669699,60.61714177029228
702.3629977874095,350.9017225055841,31.029199934341136,65.43267737963947
700.0945290237319,350.1181133964351,30.91826717604704,60.76231267007114
699.9541066053696,351.16596920720826,30.844199844353852,63.78814494672156
697.5512568089134,349.49650273615873,30.835145024550457,61.44731413474466
697.2625730262898,351.09639357258175,30.8256963176143,63.15445989543775
695.3354173447515,350.19991747290555,29.946684847943743,65.44295475529083
694.169314226134,351.42713499773436,31.399910064602295,65.03410733864814
692.3792398971214,349.84778260440066,30.196578629026362,62.62126388568424
692.3451835784966,351.5877377144726,30.431494127640804,64.65255669717783
689.6928345663073,351.17690150962153,30.431625650929277,66.5035622407176
689.5853160749864,352.3298027025721,30.85684812683087,67.37802531975296
687.5464094846297,351.84913384411254,30.094239001101414,61.741998446959485
687.038178198992,353.2043009382597,31.021370204445475,64.18424996443213
686.356762663157,352.5103570460012,31.50107671922092,62.034607431798975
684.1540762680802,351.04286122604685,30.3350638679467,66.28233755027412
684.1864841117869,351.3331808680837,31.18615137835002,61.843110993027494
682.3946608871868,349.97588193433876,29.712673921010378,65.90022405102127
681.9111069118499,349.9800105562513,31.48227948196495,61.81047817719514
680.2703553008216,349.1852943745107,29.767273780927894,64.74922593518386
679.8127378414265,349.9490289672667,31.025817503325015,65.30690364110956
677.745701718773,348.4237855127492,30.121159091380605,63.186497678925434
677.5774406731762,349.6563875165541,30.917947052951604,63.80046832283733
677.3688171175825,348.6829280950408,30.996651092727916,61.62651545497624
674.9917172566878,349.2899023460259,30.421210366756668,62.766830036949386
674.814957831456,349.4832688605079,30.866840694903658,64.82015795677671
672.5117886617757,349.4023382743651,30.26638168538227,65.76082072488987
673.3287845910709,350.6722104447035,29.711115862377483,65.75702036398889
669.8875478669661,349.56685318218524,30.864165681991835,61.47705732010024
671.162913110109,351.3076917356482,28.921050002858465,62.998387429676995
668.0363347701411,350.5192625278373,30.16096483872218,65.35610941674167
668.8858283306877,352.0212127299492,28.712383032081107,64.5225309910802
664.9626747291995,350.92758967813666,31.023868602640732,60.808715333922805
665.7224444575502,352.6910853836456,29.46083354189227,63.40893118188836
662.2010502119747,352.1511623592114,31.000257467501456,66.26349336519462
662.3299493424024,352.84503877508894,30.50767447862654,60.80872292366399
659.3701246670212,351.74004530690945,31.1015233054909,65.56724828166034
659.604767976824,351.7799136027942,30.483267645352043,61.96242760461956
656.9545722865676,351.4194922318925,30.82486218666827,64.27400116726358
656.4786863248282,352.1819774466842,31.20641984482063,66.04581139158057
654.1380501023523,351.26806807021796,31.09282467693265,61.172676627722126
654.0219112638545,351.9753210145017,30.728774014107785,64.15804944345945
651.54520097353,350.2745098854018,30.9865392510128,61.03309277456731
651.4215932915195,352.4561744054472,30.675519676144404,61.6705091586374
649.2700908437728,351.9260633229753,30.275244405629564,63.39526101982415
649.0897171541967,353.0697257270665,30.391139013032443,63.57037664689233
648.8364140945696,353.40524656931484,30.142735360404913,64.7062375634464
646.4462925400994,352.256167465066,29.861319918773916,60.41396791863576
646.3708734292786,353.90953303037446,29.944378416657855,61.81297830827248
646.7876739747444,354.0249047340594,29.00194261368597,65.31128811759777
643.5803890650823,353.6435809610921,30.098734129569493,59.87844921659689
643.7244908782221,354.7392551657912,29.68796034943591,62.92998929772716
642.9950922734463,354.1599729641148,30.167552738686254,60.69113989317816
640.4628397824905,352.90508091504853,30.126997282581783,63.40095950585874
640.3556535664112,353.6985650417282,30.16237062128596,64.3182142816795
638.3243930036631,352.68551680560347,29.706471417302282,60.48512031735743
637.7242187534575,352.0255110888954,30.466497764427913,64.90779508885629
637.3214428596898,351.94769312096355,30.32018860224707,62.16346614051713
635.3942158211353,351.16711689710905,29.324130159727474,63.956821907024846
634.5876040563103,352.1217256910012,30.16681180590649,63.862844871671655
632.1469864216197,350.7413837312416,30.16291542020008,60.245268444057444
632.2650382051161,352.2380300260089,29.90028350470311,61.61786243239294
630.0425085302229,351.35480956809226,29.604278905173146,64.54578153270802
630.6670324756227,351.52042085140386,29.002229679683182,59.343306782264904
627.2389827817381,352.61252553309043,30.658676447261996,59.92328467192635
628.633454368995,352.9733242687224,28.38938991176792,62.654376326241845
628.9508935501331,352.50850333348683,27.629137418770142,60.1891130865846
625.4196009142336,352.56926912559584,29.107768406323203,61.454965751912596
625.8635340413871,353.6264872897177,28.070240714262354,62.21728606818829
622.3363446997683,352.7385955578684,29.33197404344469,58.062618309908316
619.4861692905274,353.3774584232895,29.791923666650632,61.040896176206445
620.5643595947672,353.1504382854995,28.988133940458738,58.027203511551306
616.9675512334678,352.4038898518023,30.163930319311135,61.606890043242515
617.8833105488761,352.2484763217592,29.384447279815504,58.4832645150866
614.7778003796373,351.9610804808858,29.91687673180286,61.310518691992
614.7436233576617,353.0872259041789,30.31304697752944,62.48241961241729
612.401084814087,351.69276827849944,29.706260357058454,59.098505563315996
612.3638046815736,352.2894125434069,29.931999930121265,61.82782381873437
612.6701057348134,352.0066866885635,28.825071387991102,59.38706663044826
609.714180599296,351.865230129863,29.534315068347723,60.42964173747873
609.5660353664914,352.9445757915287,29.26074787597281,60.76344395520891
607.4158360483934,352.6949074703996,29.120007304152296,61.335020712322375
607.4797008820426,353.770167934611,28.78308094495469,62.079220728095436
607.2937957901012,353.85728687024607,28.78984598667728,57.87612016273499
604.4824269967212,353.15696950994607,29.03852050871501,61.426638782202815
604.2003165869743,354.0950155214837,29.14864037904738,62.44578661780457
604.0569150912164,354.41682028939556,29.302668751435363,58.208297316270205
601.2548403708097,353.09425404993567,29.68298271855565,62.874078820627005
601.0409919040512,354.25068174090313,29.794226648527342,62.875594284244244
601.1148723178776,354.35595438977555,29.44586428694356,58.89615184105514
600.9886311381308,353.5758018115746,29.078845119733387,62.18914544404595
598.5840158732854,352.40452436690987,29.119841337906564,58.974873979014774
599.0162011233388,352.29521567987103,28.472398283457323,62.959088575784335
596.4133762012689,351.7124562018937,29.30168942330579,58.26636112454952
597.0200689994159,352.69244378187705,28.51048020001076,61.7175544253833
596.5940179169011,352.29559367808906,28.89945460855597,59.62092876512668
594.3919852277663,351.90382390369655,28.955960471482285,60.87866810489845
594.6963155376475,352.9215822865866,28.511053935053155,61.597181820330206
591.5115740532233,351.689872717135,30.150152015551157,58.0082390997066
592.4839899337343,354.01659284605995,28.913092948281246,59.40540561587744
589.7569405836379,353.7951963468713,29.79338451586034,60.68692321693743
590.6280034549231,355.06019611099236,28.88165880113786,61.29595239241189
591.0344539923854,354.57959574367055,28.423103183970056,58.38506833661768
587.8986829825697,355.03825010655817,29.25743818043088,60.358158434733525
588.4692889736957,356.1842979583131,28.9113608772916,61.26397290414212
585.6722240913894,356.24171158118133,29.15245951236841,62.20996095376836
586.0128403250219,356.2139475471953,29.594761771193134,58.52645357119883
583.0023785892934,356.6490898883794,29.63602495884004,60.72840503947373
582.7814536875579,357.73810975476954,30.421617170154263,62.26903778111506
582.5770818673716,356.6624159772298,31.078761262608168,60.03250702883281
580.3638425231945,357.2077758385183,29.462181475608986,61.751920415998825
580.082242794881,358.6238957525402,30.801594089793866,63.21520295129744
579.7434851775656,357.6422122801573,31.311708017156548,61.1870297374395
577.632737135378,358.1452863359778,29.40735455129436,63.04433447202905
577.414829075545,359.70957324083247,30.379340554850614,64.05271735452231
575.1264336493405,358.52290872134085,29.475354528864045,59.171570476097884
575.001802094517,360.44196398925715,29.98688709662133,59.846415302689934
574.734249717304,360.5103637486395,30.477395210465374,61.9090017300623
572.1039195609665,360.42129852424705,29.442890121198616,63.20927744662686
572.1529479256337,361.9791175134492,29.177963438232382,63.16448747048298
572.3580510268215,361.8830733484642,29.19060911194822,59.50628435073406
569.7071222434844,361.8911817846006,28.833497046410344,62.415191301068035
569.2791945605001,363.3982838600524,29.669753927676652,63.651159696514185
567.0357875195164,362.4343238188741,29.45890671897928,60.00268812019982
