553.0,555.0,54.0,102.0
545.0221377201378,557.1054430492222,52.91444634273648,102.05576219782233
534.0757421691847,552.637863606293,52.57117917070593,95.85683218001759
526.691238116573,550.3234110269323,52.549077361573154,104.6990537197903
515.831169944996,547.2306996847105,51.646568050149426,94.84935659566281
508.4778872561547,543.567403352673,51.9764463198797,104.17843990809695
500.6874494213182,542.9873417195986,51.2067272670663,93.88790065890953
490.1806763021277,536.3285518207826,50.032140306287374,92.40564407753277
483.3997062395294,535.1720075771063,50.42643401619097,99.884952811875
475.7872564405884,532.7459033864534,50.28261762534794,94.00462896838746
465.5609389468939,527.0826837716522,48.84850031241399,90.85912245151917
459.075916470492,526.7531575531427,49.088467518217385,98.23767652600623
451.60328461152585,524.739196029497,49.390590220848935,91.45077156281377
441.8803327289347,519.0058715976868,47.3617220850507,88.55912663212223
435.8079878008081,520.5499623542403,47.322819468925616,91.09576140569015
425.81905193960847,515.8908949974589,46.40040207844595,84.22393130402497
420.21427354912794,516.7842151265795,46.068144096426295,89.95526641877018
413.85652017087875,517.76358900882,46.12712217589285,92.57154799226555
403.74564536727075,512.4917566021977,44.123186842643236,87.37516213645085
397.60821590754034,514.6528679039602,44.737842407889104,89.1888565056247
387.5465551861562,510.3293350791787,43.3540784525394,82.91849188859783
387.05040447184774,527.3542516823336,44.75687192522338,82.66188059474302
383.0577186704254,530.4725308083003,42.27771402847384,83.98465028416388
378.2212314196055,533.1318246704692,41.52547375045867,85.0794453756547
373.2270709420577,535.6831274585417,41.03396920157036,86.50454698771694
362.5232883965298,520.2530773208983,41.1710358997268,80.66846118886133
357.89662373029057,515.5233772477786,40.35715498827847,78.34014096342048
353.27868471098395,518.8426521883245,39.708536123279714,79.62209551962269
353.37972385247986,532.9345741032471,40.024368279629016,79.64276668414823
348.7509135914852,526.3964516484473,39.50320839014603,78.15204873989228
343.88822473277486,519.5372399194193,39.29196839195089,77.57936896665478
339.24764233865767,513.7536616545847,39.3160985327429,77.60017192842042
334.9401001138308,499.0102843645909,38.835966796739285,73.27418340404256
330.68217930461105,494.13745000637994,38.35044870014099,70.59011854401103
331.2967455314322,490.72698738012195,37.73283868914746,70.03354454770601
331.7669158376088,493.7518377123879,37.91069995559877,70.7731968390517
318.07591161755647,467.5209728610853,36.65856218098759,69.44922224651873
327.73572111047156,485.318696466089,37.5462478617834,67.07310303364989
328.6095741880662,480.268724954219,36.016803210461035,67.99978520336686
328.65392388959094,476.08668979981996,35.685553380730425,68.51105657610321
315.38721114346106,452.1900340720234,35.16628283658895,66.97779266428972
315.94389200623533,454.19638051876956,34.81230517226027,68.63347704983534
315.96154348936943,449.6447118061699,34.92835504245613,68.3424738554894
325.70846535184774,472.117245064983,34.34560083942506,67.84759083369778
322.2564571201236,459.31160114076283,33.273631428286535,65.13275610219398
322.68955962999075,455.95975376613296,32.926948902968434,64.53428375159228
323.022411209137,453.11596553211484,32.23915107299763,62.77036791991418
323.00792594015076,450.60300285882295,31.943383792112456,60.497753822539835
324.0029173583325,452.17799920616125,30.668117757118125,64.86045041187964
323.951935753524,449.4163877374218,30.948161310375667,63.13327281448028
325.16374976958014,460.7467811559043,29.90114858407219,63.55772645176387
326.2334635808387,458.7543260441774,28.79485761967271,60.58922619173933
326.89481724528343,461.8594900091124,28.71486245946687,62.17021418478066
327.3862503799194,458.9228809514905,28.957860996337104,60.96588520347035
324.76234850944707,454.86875972903795,27.662635579960693,59.27119337779504
325.3164076555513,458.5661667797393,27.502880379375824,59.127814376499714
322.48742728650654,447.9549917108456,26.815044597086057,58.039382923346295
322.8629248290199,452.2111968629557,26.93559177095858,57.24999467309476
319.3765340326074,434.2297339211061,27.03304002717573,55.803810923060155
316.27738988702754,429.92720891282096,26.890066206661913,55.564031634937066
317.6549732428832,441.6738901452536,25.36363065627961,53.69744288422021
313.87374707944286,424.72357519284833,26.21710166968319,52.449227627772416
315.2916874954026,435.79326722682805,24.554153249534465,51.576016259821984
312.5724501543,438.48889495463663,24.50416281344178,50.73750932862458
309.44855292691796,420.70898696977486,24.89240338286811,52.84854269953985
309.65130294841947,418.39924354250394,25.19342594349291,51.870357369766054
313.056329016664,422.23400978511097,25.770496867883367,50.26362849012662
316.9370751139525,406.1307407748361,25.29960710995107,51.56213236936526
320.48851814562335,404.0786015396496,25.78083710708637,50.67593662125688
328.1765045585571,398.80586819044606,24.35318214360632,46.63658112274749
332.2124843339943,391.11191261551676,23.65583059831522,46.61087449747947
338.6273346420692,390.3702678234986,24.12245527254572,46.06245617883542
345.1813489809364,388.6824073899952,24.102302668872312,46.40061273818219
351.31002228285763,387.4327683287013,24.640071173074375,46.3018393942242
357.58436624312833,385.3948017041667,24.793090309774016,47.01861519835899
361.4117591601701,372.4904714764622,24.260013139092337,45.632346234778765
368.0004205626004,359.2055288819515,24.115779699392988,46.85802600299144
371.0137784018126,363.6885982640639,25.03096319760664,45.164451451404375
374.10221703319917,361.59134568037655,25.6163499349866,45.78361808254931
380.75284142190804,360.21436442008553,25.171433880340032,45.929615791310425
387.42453639735356,358.1546287228239,24.978792536891262,46.2667316093457
393.54703917278215,350.9180859450646,25.551905957302154,46.84547259112071
403.87898098531514,351.0702105341868,24.327970488338963,45.37227778753322
413.3023994149171,351.12887320603704,24.150099445289243,44.75128943135371
419.8122386985565,350.27160629277034,24.08244355465058,44.06498055095926
426.1525537456378,349.2296992345532,24.361151845018924,43.70757121764893
432.6429178348094,335.7496026504491,24.348958508936903,45.17115362886591
439.0818684989878,334.5259231090435,24.363007742631225,44.646153593348345
439.8476619537848,337.6108232465564,23.870516538025015,44.35943270170202
449.2095420573289,343.5301898922543,24.10905463488234,43.38918121053558
455.53697539382483,342.4157609567106,24.382154515942034,43.914413545031096
459.4647507295824,340.6917669062806,23.548649766799713,43.21435244395724
465.75921069397845,340.170397211536,23.231559181786054,42.790171178568585
469.32069943362285,338.5156058625221,22.982531770052447,42.82738340238575
475.43822472732217,342.2969532750461,22.74054348580745,44.05261736403111
478.94687660461364,340.96556811068695,22.372969412405155,43.236469928874726
479.95897115300977,343.5245591896077,21.085255707392207,42.87905303273641
483.4011670492812,342.53897806785903,20.77887521427408,41.8867154996866
486.7336989958027,336.03261310985,20.88981486654052,41.1128595822629
492.65803491612905,341.0328168327094,20.673362465585114,39.88005192816672
495.58289250941436,334.3463395533505,20.930379582282626,39.73758796524578
499.01951778241823,332.6180768280817,20.514212623231174,39.724533878019486
502.09129645931927,319.2748002454148,20.476363983808767,41.856572241204276
505.5961171862549,318.393098787795,20.040632078275735,40.6226457872217
510.94864359992187,333.4560928185995,20.649320089009507,38.88223834315181
514.4863826752561,331.66336162741504,20.003175084783265,39.256377863009675
517.604604677152,319.53028192478735,20.05431379079198,40.06529319446952
525.835308341169,340.5461712029447,20.250548993322923,37.62175105817079
531.3940589270612,340.45600916858393,20.358135461781558,36.74364228626814
534.9058826867781,342.2870918017576,19.659084770258005,38.71827312469861
540.4067635821757,343.0195776449782,19.80770221965429,36.17772744171543
545.6792985363445,342.94568609035593,19.931443420581672,35.66728873000113
548.852809826866,344.70362263661855,19.83132876774812,37.78955621589114
554.4602947799831,345.050566386872,19.59101988695693,36.10153007992278
562.6958097678614,348.2926934106744,18.44867714050656,37.889189381384426
567.8561190430505,348.21079812990854,18.517147047479966,36.30444263453444
570.4240535328352,347.5808574388775,19.040709963603604,35.1984661342953
573.9278078027573,345.6203168039392,18.225704005052307,35.89253608808366
579.6600139672191,345.52037104237934,17.69550021078703,35.14935717207118
585.0685516816629,349.18389319133996,17.767626489348913,34.91211946658552
590.3034920842159,353.027714119233,17.991488415079857,34.544191005968514
595.8428797040397,352.4524902584336,17.492086272097367,34.21028329748685
600.9438294453676,356.1147836423229,17.718627893279518,33.972603040736885
606.1690757392597,355.6079334870435,17.41572340467826,33.978484175153994
611.1190279376198,359.10852018205435,17.502043424045382,33.74842633682994
617.9800615199813,363.9217299957994,17.885589063388352,32.69336864536501
620.8306712623798,362.30999532081427,17.47003196359583,33.41066394345722
625.6865191604761,366.0540198463351,17.429020629132992,33.02739466180617
630.5809627584015,369.26935395083666,17.332679489444786,33.2021210619061
635.3705753192917,372.5821541469905,17.38269908851953,33.06811528859822
638.1982775631768,371.87696458820847,17.124883320405388,32.515829852795946
643.0007949155289,375.60246874732184,17.172681621318702,32.53027998572418
647.7863608094879,379.0920618601671,17.12990821014114,32.706168598106046
650.4222618595913,382.18395884107065,17.12476809712348,32.462587011783285
653.2144940947621,385.2998825364275,16.902026515978832,32.109343130488924
655.8633229212379,388.425047155195,16.929371305652467,31.828379174148154
660.7810095281084,391.987803796147,16.656706872122413,32.04342313378447
663.6601443689567,395.05276152195506,16.285073624380857,31.94503512563017
666.2380559256604,398.267351223389,16.38729009299334,31.603950148453464
668.6648219099552,401.4637192147273,16.45806328521394,31.437756306187566
669.4645468477306,407.4809814060168,16.043641856312547,31.262913958281615
671.8400025324586,410.37041628592834,16.271939671550626,30.995263019143522
672.682095665371,412.7254005941893,15.773687271572044,30.895310737080308
673.5291197344325,415.2841791640666,15.440024407467263,30.80305059614352
674.1263969822321,421.3548110968427,15.498868220995064,30.559514189176525
674.92479333859,423.6312998271611,15.289507928516059,30.44496820948467
675.4775065725386,429.51511424501416,15.397564274403521,30.282775422823534
676.1373019219973,431.8219730729168,15.289157055292435,29.934875767822916
676.5753487299451,437.54541614254913,15.413277546893369,29.85542106182504
677.0674191467324,439.7570115395626,15.349119989717565,29.61575170273892
677.4909892077328,442.1398648682783,15.315705891489415,29.351062328886428
677.834004935821,447.93486262879867,15.324846422889664,29.14094485052385
676.6875717231503,452.96031960601397,14.944962182618156,29.102599116207955
677.0515939501088,455.4489192744559,15.090723769691522,28.48862379618822
676.0885237920188,460.5371699386196,14.510461155384746,28.563260926891815
676.4313655725745,466.37924907108044,14.770689082860713,28.161796830887226
675.1867398212762,471.34253679364485,14.660887823027451,28.45816843832762
675.629679973858,477.0122751036613,14.696575903707412,28.453161481133122
676.0249684218657,482.58303694248895,14.568404651506626,28.166932957755307
674.7858429741856,487.3417010957269,14.503451624115655,28.328421403994298
675.1688670880891,492.82093893384217,14.503827381553265,28.016476023401538
673.9935964446881,497.70686097525265,14.276616254866667,27.9876457816232
674.3517646985525,503.2461658363248,14.439121079159804,27.52392214939067
673.1616312054992,508.0145654736526,14.189651109621536,27.585665055547338
673.6363658992177,516.6613668565328,14.041618353219746,27.665714016282323
672.2898992839484,518.700805818867,14.055754005836206,26.860902839082655
672.7413795349385,527.3180286963244,13.95323068735263,27.019290351907216
673.1440930991706,532.6871850772275,13.857393220768586,26.76127248760406
671.9216676925232,537.359443575202,13.694325892606457,26.836482678743323
672.3505768143659,542.810132226512,13.80665859879798,26.417509964535952
672.8979922098448,548.0501536781934,13.572630974481285,26.399255600079414
673.3488948966634,553.23235951437,13.401978279801483,26.338691771366484
673.6936645315172,558.6098328928549,13.611862930261964,25.95706338845514
674.1589802026357,563.7065744259903,13.589296145029834,25.998250335057946
674.6556973876908,568.8885064687854,13.526150981080832,25.875076156124123
675.0847355972884,573.891049211475,13.598778808794918,26.145701192370666
675.5602391271472,579.2109836957093,13.52938403325004,25.56525760274417
674.4281649303919,583.4994364317822,13.320185627706223,25.872354063884018
673.3029980518706,588.0007280335702,13.204139322987885,26.146713423205483
673.7373334850934,593.424208279559,13.25684186320018,25.588898908556075
674.1349617744611,598.6710137502884,13.320285770579403,25.43131060369342
673.0330915903733,603.162976821535,13.170612856509933,25.65854680040468
675.0632198683296,608.7972266801322,13.405469794661371,25.32389486118575
675.5031471253963,613.65015257658,13.395219352575396,25.181663462101596
674.3443558322265,618.2491546304361,13.305142520870277,25.163997577874625
674.7585399861247,623.0867488863179,13.387682861819258,25.390959451918206
673.6040817564909,627.8137863956869,13.231707041064624,25.308416180215545
672.3697409856827,632.3792407410635,13.223730530129387,25.429435081565316
671.1355163111,639.8657582708224,13.26630474210981,25.429342023535128
669.9974195304819,644.355009870941,13.185489123491948,25.279945375905868
670.3899907774496,649.1795724877147,13.349789041165536,25.434378811893907
670.7970962195822,654.1389989299622,13.409233372129506,25.347115538236608
671.3669262744795,659.1376600002195,13.094786836030835,25.142298155482194
670.0327123584535,660.6076421925893,13.226596706767623,25.20643171723475
665.5711628392653,654.8460241494506,13.04560747594519,24.865614583007073
662.8457788784208,659.3046798199957,12.82390396452854,24.467065602697744
661.5773924820337,666.7631783825,12.894114904155913,24.626486176573962
657.3983547225722,670.34213855908,12.50516540102069,24.578127432157203
656.099722679249,677.897721580676,12.653196670918305,24.468859761303975
651.868565969208,681.8268329838938,12.337913825233613,23.918486391785336
649.0173055879916,688.956964509,12.388466457149434,23.62558865577023
644.6692329220526,693.2150909946679,12.170511581842334,22.84452798402299
640.2521959756073,697.4516554637953,12.078076792865886,22.32789897743544
635.7663412520824,704.2186991053823,12.119709064463905,21.856730180566956
631.3672789629234,705.2479205079223,12.054875868489034,21.467263072646574
634.950633449052,711.1161274774377,11.742367801397904,20.853980157889964
630.9563263697014,713.1958125856015,11.515532951462092,22.889574159085782
631.2786157175528,720.5500422033604,11.806420911679197,22.678593096979853
636.1722882515191,721.4974418921711,11.892246497382985,21.62569340081984
641.2510436826252,720.8403670379726,11.586707373831132,22.75070304670487
640.2690897850118,716.1562980933393,11.617795466600683,22.986209374597138
636.3646131904393,715.284018211629,11.560573882781,21.109112392085876
641.3186179975895,720.3062779217489,11.492401116038877,22.19986666358477
637.1546734776348,718.0234624093379,11.724378318573144,22.20711216350435
634.9222556953514,715.8991084085699,11.369615967048503,22.39369496493748
635.4235917732967,717.2086271625722,11.247363330180633,22.623293062953735
631.2263762173237,715.8893776509358,11.753794260739937,21.25916255551192
629.0474376120117,717.0329794050099,11.232638786507096,21.247957970734888
626.628727765099,708.7400439746707,11.308913613939467,22.804826195720125
622.4611528494161,701.7300558824485,11.334868881147031,21.53725462496891
625.8719094003188,701.2257352324368,11.065258011875699,21.374291889414053
630.5784190474151,701.1139713988753,11.559538775127749,21.672920088645014
635.5554249736902,707.083734779082,11.319114867457301,20.79472926882022
640.7064345075728,710.7815157672158,11.032465342877458,19.710652704015956
639.7393820047889,716.6910727617858,10.962687478274802,21.04416087828065
640.3873745915979,716.4056442303265,10.71331005276511,20.242741430522415
643.5309067857957,716.2763223156273,10.903059809677416,20.457744000082926
648.2773001983476,716.0592730159331,10.51062472754802,20.98148322554607
651.416459950533,717.7639731153936,10.821408482161587,21.552208387905125
655.9117202837747,720.7771552750997,11.038324008628365,20.829574609521273
660.824850329497,716.3011799175849,10.417245213693377,20.29709326417162
662.6179193338617,716.3146211919989,10.568823044489477,19.814630542968757
659.1840040726745,714.5544575815638,10.391477693377283,19.873468037918883
658.4039989569371,715.5882974650816,10.29888548806639,20.306560167554494
657.5025232702956,719.0516494388671,10.422786663814463,20.510815913664942
658.149146760159,716.4460390737293,10.106846089111059,19.342247611051334
654.2285995557579,714.7242471358259,10.598332905932466,19.4138029790862
651.9239262661465,708.7126088818836,10.736259284903326,18.416124614111595
649.8670920412139,704.5950918259687,10.554126269473159,18.468574121993697
652.8378360840559,707.5198304494443,10.682198609031502,17.600490670258523
657.6163727940558,711.774907891056,10.037769044149854,18.397961740019127
654.1130511489339,704.8184802860569,10.278247203001456,19.274107134665428
658.7175812331578,713.0373677769385,9.576248530887256,17.69597282072573
662.6647333574144,719.4308889282865,10.175536587413944,19.106476280494576
663.170949001333,716.22225371579,9.923750910456079,18.969049286313293
659.5819540178138,708.9267808371706,10.471157215372386,19.753334026261427
657.0464891871561,703.0173286712798,8.956032773968445,17.745350437161278
653.242898501946,695.1225327960692,9.69350663822729,19.876550154198412
655.076041914597,698.3703866092815,9.394144642067204,16.756138643593204
655.8440732645656,699.9102132588318,9.124040183153511,17.0438116823301
659.6597119740954,702.6296539862265,9.72319599204502,16.821658803875152
663.7188754339725,701.090949140839,9.752441746188424,16.223804304759597
668.4908762314262,701.5558931842347,8.521595712778435,16.121996241464785
665.1649945295792,694.8917754627971,8.831549611263881,17.291769458431645
668.442241271433,694.8755214279265,7.894531052437742,16.360584655795947
666.666810803963,702.4182288390093,7.907203847239089,15.582423894706153
670.2430397676214,709.1439176156173,8.460769766223393,15.110927827653313
667.6405866043552,709.6197007154569,8.132976569882544,15.19429665428288
669.4081832197364,709.6410509859136,7.799788331279842,14.386092588135853
667.9999021916747,703.3683870320042,7.421264969419781,15.982238890678445
666.4118101246593,704.8860534438509,7.594058615700646,14.788912514632102
666.8135013276677,700.9103991828661,7.8578992311000775,14.368530437709751
664.4448672392751,701.5340632792963,7.616732234874917,14.243758378544953
667.98436531062,705.5568406008642,7.736297366433405,14.020511165783319
671.3346781679545,707.0237877051406,7.8621314957423465,14.836905696938516
669.2115603525485,706.2501388125968,7.065398022064073,13.521350000317398
672.6272686752336,712.0953462167449,7.348158314026705,13.235868310223395
674.1622218700991,708.1196380689246,6.955284682666843,13.181153859085043
674.644594772254,709.2291977183097,6.980373206859554,13.288785346201166
677.5187868072344,707.5517487153315,7.656455650385396,13.670175443098856
675.676691588339,710.5440579606588,6.76252252485483,12.445166001831694
677.2034995669344,708.5039667515732,6.5852907984597095,12.809637657832923
677.6411323581744,708.3996770276676,6.563217561372539,11.985518227498915
680.782498392846,711.8793017946427,6.593798654512739,11.997097401247629
681.3381798621504,717.7374001617336,6.523921346332827,12.49875503609826
683.6532468473458,713.8449481045968,6.353416762921597,13.571015098248381
684.9693160404577,711.4941252971378,6.285008874164305,11.550809192663337
682.5231235796255,707.473152133708,7.016292407912829,11.38040948726757
681.8692629942341,706.834691421632,6.0597935457556105,11.128228920067613
682.5991785662127,706.2988437699021,5.717912799241958,11.749981914518003
684.6063424312242,712.8049023525182,5.851640912732364,10.991410605864075
684.2023632726927,709.0603280563528,6.006860335918759,11.52199953163472
687.2338798904821,711.30347657733,5.617406001914787,10.537333201340516
690.0668712145252,714.3870715295234,5.553642245692572,10.638835303324413
689.0792701540979,711.3119756286978,5.527086709130344,9.966254370156094
689.5728913387766,707.9177438566662,5.503510210348168,10.807524787429884
690.1810724134298,709.3010310186219,5.393613588140624,10.252853002855545
688.4078954579022,709.818312479292,5.519680128582422,9.939647939349925
691.0419655672276,711.637079689368,5.5652495341150825,9.52046219685235
693.7211863629057,712.0483308024691,5.430635307238163,9.31406267041666
693.7540636458773,709.8661947055032,4.996425058244995,10.197221222365442
692.239318845358,709.0483985392807,5.031324128367942,10.356601702220587
690.6459920838425,711.4459327881614,5.112867963001122,9.085191324254993
689.3295655603872,710.8613106647174,4.874583771574521,8.918758169661032
691.3153490216246,708.5330793458852,4.471642904893088,9.131498623784864
693.0274395783592,710.2564247640548,4.624541061299851,8.819937718575602
693.5149642808672,712.6223996139709,4.593587921780227,8.452456303795088
694.6659495894285,715.1330766406516,4.574368805256768,8.225737799062017
694.2068694206669,713.4635884545266,4.1300491802853685,8.328769272062573
694.4753579737984,717.7214647259782,4.563569971089237,8.525289868382629
693.2226507828348,719.3118163397628,4.568180744831125,8.583636000669458
694.9016912011873,719.5780058113332,4.492785010879743,8.511133091644751
694.2197522373483,720.0513714059191,4.5407795176887475,8.742529802048125
696.4473471804544,719.2948619118154,4.562537746041812,8.685020585623306
698.6737611197182,719.7721833587125,4.515810174263493,8.48270282199644
700.9530158076881,718.788354114906,4.466438113995309,8.830218426886859
699.765478602905,718.2699072191317,4.406699710262501,8.65094602153124
700.864691054765,718.9931497565744,4.392565302008961,9.03114036737361
699.5147018082705,717.5779794874893,4.52892480415926,8.641737155956775
698.4784348158248,715.1271748921336,4.188392460454224,8.036141480830338
700.6867810707763,715.6764526115503,4.3263751877902905,7.756362385455759
700.2550446995506,712.7302838863127,4.004207173015402,8.27276064071907
702.4832903940774,712.4509898124404,3.835529797234358,7.60328666681221
704.5553008014986,711.9982888067225,3.9090346760963257,7.339297044569321
706.7015106689505,712.4809836382033,3.7569921542790325,7.206893005089569
707.8142079615563,711.8024250314538,3.6015135716261284,7.021917401246355
708.8175757561053,712.1081951885735,3.583769183262575,6.793099985957269
709.3474226821238,712.2596115765737,3.554528469214347,6.59311809886276
709.4528620222745,712.2451216322218,3.4418186652083023,6.475765757504632
709.4881678719403,712.2710908816834,3.4358248697751606,6.320318648879493
708.6871767856455,712.0950582158403,3.368657185313282,6.141468543220981
707.8821176673596,712.7425538211892,3.3198930342318818,5.970750864638376
706.965838351364,713.2427861696892,3.4061437348134405,6.021556150163178
706.0663470593024,713.0345013319024,3.5402177084188224,5.888863573772369
705.8838403432873,712.8965853259738,3.176435733535186,5.911401066801091
704.9909386104719,713.5020880439802,3.26345543883599,5.763652569469286
704.1570390794022,711.2449904070727,3.3913187964276403,6.5527017421354685
703.4908053404461,709.5010805148631,3.1960602355917445,6.110557343810569
702.6802272707189,707.3464654631573,3.2632124951118158,6.598334576038951
701.9896322953941,705.6729647624373,3.184840636839681,6.192240026504237
701.200375310693,703.8909382520262,3.1835264794730165,6.1044259380273616
700.4239874752111,701.7894240012829,3.207642432830653,6.433789927922817
699.6411840922474,700.1710274295001,3.2043881562929073,5.913285625159688
698.9612307601329,698.4816829564963,3.0936562342066054,5.697241088432747
698.2478704536934,696.2293957264183,3.056470708370398,6.568527739327692
697.5489137112232,695.0462556375851,3.0525271701998236,5.439581179329252
696.7704663820391,693.0702987225134,3.1634392037813086,6.138910319246179
696.1493043219307,691.4680973487687,3.0488644780798495,5.924669848847657
695.3888023715989,689.6422208376237,3.1905948943006024,6.121054839619319
694.7009776020396,687.9743679153654,3.1635026771401726,5.944855219288343
694.1291704384164,686.2654989155658,2.980764706775517,5.726005834976604
693.3541818803646,684.4177589650279,3.108074141007137,6.094399591044976
692.7174667343929,682.6601721647594,3.0657508623671674,5.88901722977198
692.033478229499,680.8269381436021,3.0343850023874666,6.20163155842647
691.2855171245465,679.4128133773969,3.112138557669823,5.614356818011061
690.5756424465444,677.4802974906271,3.1313574378996236,6.068230120407065
689.8941052806423,675.9143950775202,3.090939364807923,5.770649438541113
689.2916289890497,674.0736527092603,3.0289624435584983,5.795869956003685
688.6407303060251,672.1795281987694,2.985198381701821,6.2394174561444515
687.8343523619535,670.3720526545276,3.1803201526721523,6.258525163162744
687.1970538261928,668.7311723462517,3.1136800893448253,6.034461882749497
686.547526713236,666.9413741818398,3.0266215640664313,6.053080571033206
685.6962588188671,665.2493560461428,3.28281142311846,5.92923149488945
685.2769443611924,663.8544680566292,2.7622546907775813,5.370319139443382
684.4380887968721,661.8913333738593,3.185351277919608,5.942198758511722
683.8946329683499,660.4009813301252,2.9565438271863513,5.64920287252437
683.1323373157516,658.5639132156648,3.105381408885023,5.944071259989869
682.4567699771105,656.9145333261712,3.102786133751806,5.812051199296093
681.8004446793987,655.2252984005427,3.094594306255658,5.758070715195117
681.1999040866157,653.6331755877379,2.931196843412067,5.5191785595559395
680.6300992085469,652.1588852001942,2.7499020038872004,5.234010684308487
679.9304976239673,650.1447243975645,2.953854427412807,5.936868462564348
679.1154986018012,648.6150995696958,3.1879419307067565,5.889458275375091
678.5795011319192,647.1232255657748,3.021660304057832,5.476523610926392
680.422713351335,646.8770403509916,2.5891847825687364,5.319520693264849
679.620735977025,649.3882491068705,2.8148378992317475,5.6808962583488665
681.3085227459339,652.8072148814758,2.7757660253779477,5.113739822624666
682.5753760144737,651.903892900333,2.7009189436947736,4.911063569428052
684.1541301176767,655.0897723073172,2.641601527758212,4.952275261456293
683.9308474390964,657.6330527931932,2.693100436569921,5.0129964085135725
685.5912369471453,660.8852314346877,2.5498760194227543,4.6527385746628624
685.035924513257,659.9835587928269,2.5017971185836814,4.916115830240869
686.3018884280259,661.1927671457365,2.3057862326786562,4.504687767438099
685.5747083289157,659.7455402401552,2.6937078576564772,4.653276294294528
686.2334473293186,658.4183255075877,2.362209915657786,4.88245531034454
685.682211019504,660.8789601456538,2.5044822178884942,4.515933832381961
685.635339431949,659.6454949025,2.3814541387962436,4.634350423396427
685.1695926625223,661.9982908190605,2.421507831039321,4.5140622634369265
686.6781333602025,664.3192549405674,2.355278735191405,4.2569176453255295
686.9057612715987,666.7553181411913,2.258037401202273,4.3345311708797
687.077470157376,669.2474598088265,2.293771585066793,4.271100502158674
688.4986343882047,669.0935414294433,2.2418273777850573,4.3184904723275395
688.9614577013065,670.9174407455776,2.3063291027285686,4.34093667668094
689.157159297222,669.8990558320966,2.3044154152981946,4.1610644001575565
690.6025843447114,669.1238413947619,2.208044159449855,4.3225753994172464
691.1027048317258,671.5696086759434,2.201325324016125,4.259340402352905
692.4732330978495,672.0698554622923,2.238794363262514,4.0665372286625825
692.4821696560218,671.0463741815897,2.104036213575,4.026159131598206
692.6607566850276,673.2868441492737,2.150717820271666,4.0124905569109615
693.1888252816518,674.6840560341116,2.0573837233623635,3.7537943070424262
694.4829712648243,677.2080777560598,2.1168114077531754,3.7901083503930977
695.8462592482583,679.7275897782342,2.067494212647034,3.7039336918201116
696.3455337628645,681.8771265139505,2.0635156347407246,3.8576557960362834
697.6654408925228,681.9258292524762,2.034389827014593,3.6520656968473304
697.359076984289,684.0091601501144,2.020141034119206,3.533386992884857
698.630793136717,683.3251440882736,1.9878343635127749,3.717629652719552
699.3946746507459,684.1939866911011,1.9644654835190067,3.5756190356482875
700.1424490706613,683.4249098834484,1.9606194349123598,3.6029012475291893
701.401980445379,683.0471834118705,1.8915663805566965,3.4627184951106074
702.6531738762661,685.4181831348635,1.9017596376608026,3.4340115005475127
703.9246639687242,684.68693240209,1.8486603940310715,3.753601432862979
703.6293711574508,683.933124255594,1.9293965553520138,3.696106992556679
703.3668782131288,683.0738226372567,1.9720296754255742,3.6511848000543523
703.1472524575131,682.1745188009895,1.9596901729215688,3.7034636719024547
702.9025627375399,681.2688868965633,1.981063980000613,3.757725489369818
702.7029502107197,680.2206004794614,1.9438376112281048,3.885817325629887
702.7915135539497,682.3016211668023,1.815513045063426,3.6819062735430634
702.5286229302546,681.3505381527336,1.9228241515148738,3.674792246983543
702.2835524028654,680.4443896871426,1.940393222324019,3.702079908389578
702.0232773011585,679.4905317801016,1.970886899577522,3.8281943281123176
701.8188406517679,678.5742920491724,1.891576946036821,3.7181830752005
701.5418376752195,677.6373008726712,1.9147897408327026,3.6191286095904616
702.8046175044115,677.1110875849155,1.9142341217493595,3.611388725938127
702.5736813920008,679.1204643498122,1.8342046264425562,3.483940172314533
702.3424803149762,678.1855204017999,1.8237123447981958,3.5111386471743344
702.595976147434,680.2713217520595,1.845490661706208,3.3927003924898145
702.3794583502187,680.422966310251,1.82622933142261,3.2556026284578365
703.6133190200565,680.855263950099,1.7627430547066751,3.229132816987203
703.4005207204716,679.9341718734611,1.7924039816869026,3.468877157107727
703.4492659164314,681.8587483877166,1.7720324326065793,3.373485203520204
703.2184892749855,681.0941088431293,1.7953937996652485,3.396772163292212
702.9994317540726,680.3537848274636,1.8111688369933745,3.452241865406336
702.82605732148,679.6139366260948,1.8073816827783276,3.4294773286706004
702.6325745342617,678.8244103138758,1.8052498061260849,3.4337147625540183
702.4279667631686,678.045072923371,1.8279517651426431,3.474338951573941
702.2546494308332,677.2403504951274,1.8016065894131543,3.5138340818573397
702.076647746153,676.5892097309327,1.7464244255052108,3.1974041214793942
701.8763676830696,675.7360549150721,1.8098705098760774,3.390363058271987
701.6753934154258,675.0763466058188,1.8226193173620686,3.2278507926332622
701.4855886929427,674.2056940110771,1.8150162567467305,3.4259517202043526
702.6993103125299,675.5682136664632,1.7594161775671182,3.2653116768999553
702.5183677177415,675.3221555413629,1.7449030990686651,3.1093703408587317
703.0617483535443,677.2360508486431,1.6472969447695505,3.1071591706672734
703.5579929713729,679.2230890906212,1.652346403240358,3.0788077686090674
704.7452166764992,681.305080210964,1.6851058768413623,3.235878956059423
704.577153167812,683.2057627095026,1.6718994253415076,3.1115307444922564
705.794351794965,682.8089605616797,1.6108149613514797,3.0829166586709107
705.6188625751792,682.512663894405,1.6783972915075083,3.054997807581344
706.7863148031001,683.8989296755681,1.6471755234406373,2.802103614612861
706.6591182437626,683.1704391440767,1.6205560096196905,2.956320809164481
706.7532932541533,684.8499602703398,1.6107322565075037,3.0589645770468223
706.6079452986764,684.1445347511292,1.6249815272483374,3.0361534910118735
706.4930282389361,685.8378006318417,1.6126577815366545,2.9751720720755657
707.6060484650004,687.4592768635646,1.6018063615930487,2.909779716136427
707.4960764442831,688.3009969343501,1.598827851520582,2.9910906990967305
707.3886409190065,689.992921473724,1.590448003056622,2.9557867937794526
708.2903819612693,691.8789834693414,1.5696240489432967,2.9950543041130686
709.3870985702972,691.5561196974978,1.5711901616828072,3.009034396463335
709.270444564818,691.692914229307,1.5746567609753583,2.9803927372875023
709.5650161521299,692.2967981171595,1.575418664423637,2.982636156863464
710.6621336495771,692.6976585506645,1.5798954649510506,3.04732134792971
711.7764925610265,692.3937653536848,1.5614015161932002,2.936430176196154
712.667773843083,692.8153702785069,1.5629245400583613,2.8894700538271536
712.5714626731601,692.9379863795783,1.558801239231343,2.9165201023434975
712.4661513555482,694.1627719973382,1.5550796256335389,2.9429435067970644
712.3349907430214,695.8330585539427,1.5437114814070583,2.9813927271409284
712.2185277017803,695.6741813543878,1.501543356851812,2.828042614469382
712.0724149582202,697.3182545334366,1.513898393841373,2.766735527660444
712.5868187444902,697.3357313879908,1.4760049968181193,2.608816518545609
712.4589283162368,696.6122385933882,1.5508102080821118,2.9588927903719195
712.8387705460855,698.1299896339281,1.4266706496329107,2.5992168555737862
712.7333558785404,699.7476021029347,1.4777094826947632,2.538558312717214
713.4488229896082,699.7278857217495,1.4142808456747389,2.5770410034610904
713.3506307643592,699.1582536366918,1.4563148784192208,2.681092040425824
713.271618528765,698.519129601543,1.4868247159990915,2.7678335299219725
713.263137413991,698.497397788725,1.4219025598404187,2.4554359752289656
713.1892510184574,699.3566387651572,1.40039788130764,2.4316653324985964
713.1941076797175,698.7206921178118,1.3995000828708726,2.620275859565595
713.1473973475639,698.2336525341852,1.4355720842083883,2.5954764692414756
713.1340723778769,697.5989465786995,1.4229251993540402,2.7643074515175385
714.19733889299,699.5271164529161,1.3525623183821835,2.6757971190277203
714.1312280567142,699.0586006118979,1.400126973972192,2.62797066670214
714.101379843713,698.5441766409165,1.3986997493771014,2.649563850479467
714.0635208899307,698.0381924783327,1.4029562803043518,2.651020286495509
714.033593123504,697.5425805672777,1.3987219153868864,2.635164800718826
714.005426556457,697.03575941525,1.394375884662395,2.641335658506705
713.973194111295,696.5383761523545,1.3955206866439767,2.6410949340099705
713.9473302394571,696.0586551513308,1.385019766065625,2.616818080952271
713.9157158632521,695.5537395573228,1.3918137936760786,2.64363441038995
713.8856101382678,695.0678172052477,1.3910932689793754,2.641728454016743
713.8570016823921,694.5645368016335,1.391134936761091,2.6557480015197825
713.827019066792,694.0773003033946,1.3931201708892331,2.6342847567154877
713.7969198378678,693.5872317497,1.3954190587048743,2.624424489492526
713.7689584346415,693.1006681380525,1.3847104105124117,2.6080004679157582
713.7383551684728,692.6011776771163,1.3924030600715014,2.624632770628068
713.7145644988955,692.1120104805975,1.3833484502583815,2.623946043469914
713.6852712045925,691.6101951056467,1.385837557654213,2.6350202309529323
713.6589428847166,691.1216261597144,1.3859992865224058,2.6341865485101152
713.6354843758572,690.5719544707447,1.3728282592448977,2.6854619704422475
713.6038586082198,690.1146612559821,1.3889231455198114,2.6278766026754283
713.5747812049952,689.6210779871448,1.3828226244694406,2.6716125822242702
713.5362171310599,689.1566558638923,1.394045463932116,2.632985674466113
713.5102207794208,688.6656512700623,1.3932937414225535,2.6345157867191347
713.4939968599077,688.2791065844181,1.3513815264841469,2.4364549034021366
713.4700349633088,687.7136723883604,1.3603501041670825,2.66271355900858
713.4400929257604,687.2657036754425,1.3778492407678868,2.5963406036385095
713.4220284916208,686.7562495487919,1.375501388039993,2.6438403005125792
713.4072908487722,686.2985935206048,1.3787856061816228,2.6081766063973646
713.3957927058923,685.8562040065856,1.3657263034838252,2.5524939773882807
713.370725814798,685.3523274909169,1.3745687396111634,2.6105368994816445
713.3433067333053,684.8857107678682,1.3728950686595454,2.675534870271349
713.3198222433142,684.4345884442699,1.375213084932625,2.603940001575552
713.2949904594482,683.9720541626738,1.3731348727853856,2.5828905770457595
713.2724408794709,683.4803000706521,1.3719870131640164,2.609967028570736
713.2526119522864,683.0070614488914,1.3709378017730387,2.5945419229738036
713.231500440605,682.5215955548756,1.3705139737392074,2.611639155372245
713.2088902194141,682.0497217752425,1.3726069710778575,2.604114071583126
713.1884385119838,681.5712471495697,1.3706857837264579,2.6024594744803835
713.1654120922497,681.0916832152901,1.3717977998360311,2.6014778600366526
713.1442415070192,680.6152030166289,1.3726239514238614,2.5982846242782216
713.126591148437,680.118690098755,1.3669955322984606,2.609465556574605
713.0995178097551,679.652480648964,1.3745071982626769,2.5825207722530195
713.081135475219,679.1677326517429,1.369876383528549,2.603137181914235
713.0598630300399,678.6954843071073,1.3697536303600373,2.579748131026008
713.0422319445697,678.2115995502947,1.367556841686337,2.594146505036292
713.0160999268455,677.758321045108,1.3700534561708082,2.5274458712933665
713.0039813644484,677.2524914689084,1.3609623596679512,2.606226715675575
712.9629606923936,676.7753234929239,1.4034715662319286,2.596401273476431
712.9693802658003,676.2960557950562,1.364577989450936,2.5915043944909257
712.9490947002218,675.8380688296993,1.369102257109489,2.5399854096657464
712.9316206008405,675.3495775013962,1.3722626787994159,2.5625816173501335
712.899179060184,674.858801453058,1.3715676027501331,2.5286320618054106
712.8906681255322,674.3641357890442,1.3578795132274308,2.625197994425662
712.8672077326065,673.9457983758305,1.360123646277657,2.510033999577672
712.8536629890783,673.4425568173258,1.356909986271262,2.5752832256235934
712.8384864796637,672.9741045010987,1.3558357234771847,2.5754683306722654
712.8100240722945,672.505583975722,1.3597504458530238,2.5612373910097403
712.7942765986569,672.0279469343228,1.357573694498683,2.5894351908741555
712.7771331064833,671.5684612407472,1.3572537567121117,2.589236304940414
712.7592333361449,671.1051059273001,1.3580026129452563,2.568584468420454
712.7341140271055,670.5671218930911,1.3702409118678816,2.6336616342439356
712.7212727221242,670.122408231629,1.3638872413349645,2.62296963766687
712.715012654882,669.6403886425528,1.3592126769082142,2.5899148531435685
712.6960803759627,669.1557315483901,1.3608258151999735,2.6140291386881245
712.6762599852648,668.7008843598719,1.364972617524927,2.583406833825393
712.6582262806651,668.2258324762972,1.3626007593610439,2.5800682697195043
712.6432546879603,667.7560791160156,1.3589234901330656,2.577565770194269
712.6241258503917,667.2806382365111,1.3611425150253353,2.584720574965445
712.606560888946,666.8080191694542,1.3599343459045485,2.580653338361799
712.5888921952044,666.333051083389,1.3604909118889736,2.5921886021818636
712.5696973928584,665.8473782886546,1.361638181052399,2.609903633058707
712.5538466497266,665.3773417368313,1.3595575790482144,2.586673027757115
712.5349200409202,664.8974686282729,1.362802264138736,2.599700098763492
712.5164527402712,664.4040344688007,1.3640868768032988,2.6287096975041777
712.4952171604141,663.9703493822938,1.3705176788595281,2.5371686309115375
712.4788780157858,663.4669012834647,1.3668107588639486,2.5958692374674683
712.4530248729312,662.9749297697409,1.3747438975892692,2.6127070959381626
712.4468575719357,662.5411362746896,1.3704013310464234,2.5404341938819925
712.4260110543878,662.0360305780298,1.3682104417761138,2.6014234538965866
712.3908451035443,661.6096543374879,1.3928578501186166,2.5665529310159627
712.3914478958637,661.1236719147541,1.3553898229464494,2.6155436072265275
712.3630291810854,660.6499907840223,1.370649652332645,2.5993401012219692
712.3608492991189,660.1356287187518,1.3354515968167107,2.640836498972476
712.3331712993918,659.6358623478457,1.403547071101002,2.63722084970982
712.3259024314522,659.1740312000035,1.3762110090824535,2.6173348323929986
712.2927909004582,658.6580291592691,1.3784830322302923,2.6774791101815936
712.2810496519735,658.2444434081262,1.3635744495046538,2.4888275581124617
712.2479193896916,657.6515119148596,1.397225392218843,2.6541831334279777
712.2483908643799,657.1431539241692,1.3659104480510678,2.7019100828462115
712.2048284929372,656.7189523955349,1.326573917434871,2.501092270093068
712.1503613641944,656.1805414662474,1.3991194344748692,2.6431590157591245
712.1711913717445,656.1938083684504,1.2849530842504464,2.3429295701566843
712.1355315942108,655.5845884387431,1.3603644012353016,2.583691749714262
712.1112857659591,655.0244089510354,1.3810679476864607,2.678683826422116
712.1221699186972,655.0866057355624,1.2983996193042913,2.2910948466740138
712.7962090180608,656.4383864282377,1.2870548748428519,2.220141889984916
713.8261010758388,658.1269683320115,1.271740484784118,2.2353902280094644
713.8537122796474,657.5959634532855,1.3095606525284893,2.4302747253053667
713.8818080250289,657.0797091243617,1.2765151532933032,2.538679204524101
713.8731665818162,656.7117521406046,1.3160937554481507,2.41607280356061
713.8914272978105,656.3144542165041,1.2734075990794054,2.326052177405927
713.8770858539901,655.9226432708133,1.2936733996780276,2.3853972241020074
714.1017448992407,657.4966400038368,1.2053014129403437,2.2423801715996206
714.0927431867945,656.9941205823338,1.2711322347216765,2.4509528559005958
714.1225466599803,656.5731395933294,1.2648412381921617,2.4084584546274073
714.1222128766567,656.2015629853134,1.2688805359152866,2.3505668981200643
714.1457321243608,655.7898951475889,1.278899271742148,2.3956414212233312
714.1827048724908,655.273840384182,1.2318972514917732,2.5007416877130026
714.1821780492744,654.9294917765726,1.266317119056339,2.3699568217609794
714.2226057296233,654.539995013033,1.235500738132714,2.365284856059816
714.216763637383,654.0976492532111,1.2595993646807528,2.393107416448288
714.2276761696742,653.747701488018,1.294461311056807,2.2970545725684133
714.2320386656816,654.6173526060452,1.236292105272696,2.169912751704487
715.0456161674581,655.3247731557306,1.2220924378734708,2.199201897159355
715.7150244975355,655.4778154934747,1.1845936014533436,2.075981461433912
715.7554249661403,654.9092222005602,1.198700781910361,2.3995339672056843
715.7763219392311,654.6360624371898,1.2534510802072418,2.251903159860717
715.7945375234285,654.2982659653935,1.2327268522691384,2.1653392943699146
716.6438921835195,655.3504038857732,1.139597778160919,2.0411857560391127
716.6494806495512,654.8360911904899,1.1672039187924383,2.2290907274789333
716.6852429171712,656.1868136608925,1.1803172319525856,2.3143874310801493
717.6086307272255,657.8805437976737,1.2257558092721865,2.1198077575826346
717.8701221327965,658.4643017981521,1.119527813420973,2.0572448473510576
718.669190647787,659.4492312476727,1.0888278223528687,2.055048789779221
718.6748849021337,659.1352126032676,1.162569121947513,2.054083513285036
719.6782657013591,659.2887214181741,1.0105769346137095,2.11942204381603
719.7111072795086,658.9264008395837,1.093328868889671,2.0859378024824764
719.7348920734339,658.7208781180034,1.1294785133522964,1.9767054280773664
719.7948127145451,658.3479472886593,1.1353260541138752,2.138808806778343
720.782022912799,659.3857802434468,0.9948733877376981,2.0489856393442096
720.9942263506093,660.7940280918383,1.0148840021327032,1.8830862898462328
721.7478345724253,662.1557932528611,1.0446093897203355,2.0678563860930126
721.8351796008476,662.9819519949706,1.0600898712802973,1.9147123280279175
722.7337044287278,663.7170989408285,1.0570168803798197,1.9011956731411601
723.1082064220254,665.0178908321127,1.0356192247043055,1.9397415417264483
723.238498916546,666.254281623686,0.9910983113356906,1.987033224035713
724.1123822780801,667.7786098968277,1.044736233273511,1.8888279964176036
724.2167600334906,667.5013653835023,1.0567277470481713,1.9889343642001904
724.3533738364317,667.224721603962,1.0076420299412803,1.9621342943921718
724.4172867526327,666.9499930363988,1.0659570704649468,2.0490873018329694
724.537673760331,668.3079054936297,1.035068934801643,1.8397053319501993
725.4388213668791,669.0120474574189,1.018741462467574,1.860008793554016
726.3634451471726,669.281966570155,1.0062472383515342,1.795886838057072
726.4725043625881,668.9828246477804,1.0193221939073283,1.9326967401566435
726.5825005796708,668.7310244149296,1.0113835358131382,1.969220396292144
726.6920709279451,668.469803158986,1.0210245683225594,1.960967681112038
726.7829008542732,668.2463303771019,1.0420465940148915,1.8924623111047367
726.9277184286091,668.022436221417,1.0006757069191963,1.897224777895758
727.0332557427105,667.7448533949018,1.0075125080629732,1.9791319725978838
727.152498896069,667.5923771368186,0.9961268342815401,1.8600450855183226
727.2481483127683,667.3520697649606,1.0222743671072294,1.9256366631072979
727.3891358114433,667.1119763972081,0.9852115777347308,1.98207712320459
727.4654165073852,666.8807947178746,1.0272388539475514,1.9442517220613809
727.5817630720055,666.7053389727707,1.0216572163647015,1.8050296075534789
728.1343988644276,666.6115547203826,0.9201420873432653,1.7532818333074829
728.2022173698376,666.3458898765641,1.0457589009446338,1.8706064178122688
728.360708542944,666.1582415188855,0.9834982897014015,1.8361612348944618
728.4815737328236,665.9721711677797,0.9864122887037183,1.8925475013458026
728.6107476475651,665.7871673164032,0.9862931098072067,1.9304463470775772
728.7314963495496,665.6324234098299,0.9951851021735365,1.8703313834255368
729.6434019820574,666.2042294070866,0.9218901039446337,1.6720607373770235
729.7609391999781,665.916186160116,0.9567679929552924,1.7732530183945983
729.8906598006463,665.6635770545873,0.9666845488134186,1.8455979728425973
730.0407903067489,665.5400123455199,0.9455444755872122,1.7800309255430875
730.14165136365,665.2960139366403,0.998713213620249,1.8292384602252696
730.3080541080792,665.0560275295957,0.9185166588429183,1.8328169061105655
730.4334644879038,664.8259686902984,0.9663972743608156,1.8659295371180633
730.5683383966352,664.7088319590957,0.9609724441836534,1.815368825746873
731.47664344428,666.1644870670716,0.9368746876621117,1.749128225358163
731.6044783833263,665.9565151208765,0.9583265848988276,1.804613899717765
731.7514128998995,665.7461492057557,0.9556719367828919,1.823986721913684
731.8938772498502,665.561812296454,0.9579514592398937,1.8742681420023928
732.6326228861658,666.5300780717504,0.9539602679467407,1.7171722849212756
732.7499238326097,667.7004506997988,0.9437814487621381,1.7715964926394463
733.6434751590016,668.8780216186037,0.9193174971394455,1.7036438180293771
733.7781517869853,670.0837280622982,0.9290760329993191,1.6909852695389418
734.6240434165258,671.1728899143599,0.9305703573297706,1.766160238786938
734.7707986231958,671.0087737013,0.9292207600008169,1.764367227088087
735.6180675364692,671.0348284536034,0.9276069850559452,1.7625608946065086
735.7561814244709,672.2027746748272,0.9326692546949289,1.7522515275279602
736.0291032186071,672.0712079654948,0.914939406307667,1.7493294556205683
736.2921447882691,671.9395235248779,0.9191045762975136,1.751347438130324
737.1594769396365,672.0098307402659,0.9135268880384046,1.6652405241911765
738.018283338609,673.1563607529447,0.9175512767784539,1.6358263635301
738.1695364167806,672.9112681930151,0.9051757240210918,1.6898379469603242
738.5540072102045,673.3103012618396,0.9013564950608952,1.5799033871010124
738.947761051118,673.6815000319568,0.8785347989819456,1.5453414709750177
739.1029036420041,674.1955428262604,0.8681823750193871,1.513812461341331
739.9377956582656,675.4873544357179,0.8671886194433682,1.6234963370334299
740.1370293892542,675.3987697726909,0.8253960664806073,1.6063436088575145
740.9514374593379,676.0953778433299,0.8569867424545237,1.5721140397989757
741.1295266078407,677.224416263458,0.8490436071812155,1.6103630013188877
741.4145530919375,678.4151346942381,0.8432076908020463,1.5345287221689432
742.233382059411,679.6964609948456,0.8449857599954385,1.5768532004104827
743.0522899698972,679.740156729228,0.8417046083627611,1.607853059512081
743.8936433346869,681.0875039219018,0.8427362613879268,1.5858783951371151
744.0732859831497,682.1778242312605,0.8424124310862453,1.5970730484186788
744.2532742595746,683.2757678438887,0.8410728341937102,1.595578217869729
745.0838707151188,683.3476603813267,0.8211705224109664,1.536879262382854
745.7923126234424,684.5966254106772,0.8200598652365443,1.5581361911769136
745.9739877217531,685.5129673155561,0.814560719945689,1.5119077783926969
746.8116725044724,686.4470070348607,0.8019632997386452,1.3970306981273097
747.0000117139849,687.4907030915119,0.8082263701788861,1.498994847704921
747.1930791797189,688.5643306707409,0.8061334706536627,1.519494920067359
747.3855135518029,689.63080212866,0.8055468690624821,1.527806391876652
747.5787286767977,690.7027875663198,0.805425621698987,1.525569434670615
747.7621270698673,691.4004625307056,0.8019957439937571,1.5065583213403215
748.2603748617674,691.379465396906,0.7999287777197424,1.5137320626809014
748.4515385580552,691.7135752982141,0.7992930863302945,1.4705070841260977
749.0618891291161,691.9548120304845,0.7751976711982707,1.456285966690416
749.2684249311544,691.8687957358245,0.765857563044392,1.4779095743247126
749.4525409238267,691.7868555909729,0.7880490616969382,1.5041832998115297
749.6437920537189,691.7591057154868,0.7927775879196588,1.4752864201057037
749.8419975091572,691.7239842045765,0.7881636965255439,1.3973569897575544
750.0443743203818,691.6201027856623,0.7750930763236283,1.461516260267672
750.2544392534274,692.3242779204805,0.7559878629790546,1.4151709578145528
750.4665905371492,692.2910853632045,0.7697213958883822,1.4051064838588445
750.6835386896759,692.189436593268,0.7641587801410878,1.4577446522230275
750.8994051751542,692.1049904757836,0.7478372898731322,1.4423168881505717
751.222623736154,693.2066553458869,0.7152125549380344,1.4458175215651181
751.8947074291424,694.4323699261577,0.7415157058510431,1.40376014718413
752.2148957099184,695.1321722035174,0.7204517038662743,1.4051846286721457
752.7008829675858,696.29986822102,0.7429242776594265,1.356717553801218
752.9051933193532,696.2097139714226,0.7532853586012607,1.4396834042477167
753.2314929109185,696.240822412827,0.7281830734162895,1.3756675488790506
753.4444513990725,697.2814567170838,0.738198409005463,1.3901279192858738
754.2346520096078,697.6380612032549,0.7363083881812145,1.3014545755460176
754.4479448090083,697.5773834666329,0.7376083408738623,1.3949169574303824
754.6729663074116,697.557504385288,0.7358342634212249,1.3883120005569936
754.8975547798179,697.4930318412935,0.7343400730851499,1.4184632581100232
755.1205610536917,697.5088519172982,0.7241024817619746,1.3684421374059639
755.3407473826135,697.4796842483183,0.7249026580027476,1.4160786789932445
755.5552001879299,697.4148700240683,0.7310060421543767,1.408965243840953
755.7685902761366,697.391725814161,0.7287409944872252,1.3855972353098878
755.9960853357976,697.3921126315163,0.7252573079051672,1.3483690269224553
756.2266930343037,697.377782456098,0.7155117892231146,1.3592219723084327
756.4418847897986,698.2525683698109,0.7132545247485496,1.307090277220368
756.6632468622406,698.2401040746388,0.7220261911318175,1.349657507231882
756.8920185654481,699.2792123183706,0.7157284923715679,1.3142564229892741
757.1297479331897,699.2352223682306,0.6954655912541057,1.3584935954527282
757.8100143167276,699.3308932524046,0.6882674048545141,1.317948384945339
758.0435193203008,699.3170619035841,0.697134321993758,1.3100537416289626
758.2634277592063,699.3345256876948,0.7037758507049148,1.3000540116543107
758.5032887498463,699.3315308510239,0.7020578278898029,1.3159648900891625
758.7321457457081,699.295458095334,0.7012687919972223,1.342181451296483
758.9631117182421,699.2814536373226,0.7130546502953621,1.3715658759609823
759.7424680377198,700.4477652460978,0.693468911046466,1.326698713850874
760.1584160167871,700.5209707837728,0.6828115338904581,1.2890506360221252
760.3950614626377,700.4787221614672,0.6803880043927393,1.2991994287749549
761.0636339529435,701.6051830725155,0.687481893030963,1.3007501832375965
761.8460495492411,701.7415882484197,0.6575323134700284,1.2727662283946302
762.2589120570406,701.770956563147,0.6575093672722687,1.2704210003770413
762.4741070772538,701.7514268471969,0.6729460055339587,1.290973493348929
762.7160405090184,701.7732771698893,0.681591535759253,1.2956197633727697
763.485091668069,702.9304888657812,0.6712797926049916,1.2614098731773993
763.7155786007152,702.9506174335245,0.6795613726006877,1.2921248394688973
764.4773469929814,703.9406256645138,0.6723009577945049,1.2386581945952457
765.0645147329959,704.053130875613,0.6638632662020427,1.2101170457607395
765.8176929413125,705.1494811411922,0.6611926321813826,1.2352983122782462
766.0476346782252,705.1317435093893,0.6672164176613933,1.277840145266964
766.8310587317897,706.2681761627147,0.6298505180789107,1.2624901767489973
767.0639817163662,706.3130426285747,0.6589102547097809,1.2204156821962897
767.3182553213281,707.1178229172228,0.6471013894055204,1.2315341856352688
767.5606645341188,708.0912180284104,0.6505154708178225,1.2290670226032034
767.8043296712112,708.1058538526449,0.6544293566946635,1.2341178245121682
768.5542522198328,709.2328167044351,0.6502765525543737,1.2344489655873758
769.0619466219782,710.300791076354,0.6348187982148374,1.1746845634950205
769.8066110848681,710.4209374501207,0.6349891070235572,1.237299376400074
770.056586712157,711.4100699282429,0.6404427468623908,1.2203881344282763
770.3048614791091,712.3831462054095,0.6484205651640877,1.2070481082560036
770.5590641645912,712.4380286993967,0.6350843819453758,1.1892210155428984
770.9757454437975,712.5040379131204,0.6356154229434878,1.2048422778077565
771.2061563993409,712.5057639701977,0.6686860043342904,1.2722219704443205
771.8828576068856,713.6359364816456,0.6337282798440356,1.200054750625327
772.1292482319398,713.7039970295345,0.637182560773681,1.1624220830299237
772.3724481686784,713.7462453106154,0.6293718396391341,1.1632844344740079
772.6176787841794,713.7760278004025,0.6292667382319905,1.1649557210482726
772.8629544827977,713.8045790171643,0.6270305851908233,1.1661252012637533
773.2070421760018,713.8472628472555,0.6169317352238295,1.170242479564422
773.8628952062427,713.9881226328711,0.6158475697884569,1.161886894064537
774.5966827637006,714.1634302286192,0.619979212214389,1.1572147367176058
775.0212798754325,714.9960425069535,0.6110992690303192,1.158820356862293
775.7494018988937,715.1629633246408,0.6137340705992074,1.1558675562309872
776.4856415303598,715.6519972904906,0.6138161169546947,1.136943858427344
776.7476575180294,716.591849985236,0.6114630636625407,1.1545459302674317
777.4842709845288,716.7607107614986,0.6077144894622961,1.16996383141759
778.218568514887,716.9233430132372,0.609833984434772,1.1652167328866199
778.9586691513077,717.1141710420377,0.6009836149037255,1.1471247530525943
779.2162471528084,718.0882641858066,0.6137713487191832,1.1148382844355638
779.4861231459495,718.1163591803415,0.6011355468058355,1.1482067132851626
780.2224345462591,718.620279448033,0.6022155401533382,1.1034166069055118
780.484195379503,718.7010015612627,0.6022972045742563,1.0890776520792542
780.756855020812,718.7768113313853,0.5975348333890906,1.0709390650856676
781.0272692711318,718.8334549431613,0.5951823627023032,1.0861027342792795
781.3014526533759,718.8906188894298,0.5935632687514953,1.0844937156844026
781.5739967765107,718.9635226142996,0.5847031167800196,1.0553288786181838
782.3120776501555,719.1546303606888,0.5771575923847649,1.051475715429433
782.5890888339558,719.2245182688268,0.5789677300716676,1.0582338264623559
783.3061579909386,719.9469974804481,0.5766181182161745,1.1048730209340647
783.5848700623496,720.0149436960833,0.5760627637955622,1.1229340304460038
784.0816040051102,720.1419358632897,0.5781120417948387,1.131751500800192
784.3592273149799,720.1822386311092,0.5796969814326758,1.1687818153923217
785.0012017117,720.3347409698995,0.5844821113480521,1.1747928430527281
785.7183162418821,720.5128052599457,0.5887120230122491,1.1717586697578781
785.9914416097647,720.6143555699426,0.592082031316636,1.1226839834542943
786.2664666575806,720.6918102106039,0.5917779941228218,1.122134605689439
786.5416136489584,720.7694478425806,0.5915347643676796,1.121646269898406
786.8168828373994,720.8473297293357,0.5912307271738655,1.1210968921335507
787.0922129342459,720.9253946074061,0.5909874974187233,1.1206085563425177
787.3676652281556,721.0036425909453,0.5906834602249091,1.1201202205515983
787.6432394656272,721.0820737941066,0.5904402304697669,1.119570842786743
787.9188747382549,721.1606879885833,0.5901970007147384,1.1190825069958237
788.1946322079459,721.2394852885287,0.5898929635208106,1.1185941712047907
788.4705116211986,721.3184658080963,0.589649733765782,1.1180447934399353
788.7464520696077,721.3976903541354,0.5894065040106398,1.117556457649016
789.0225147150799,721.4770369704872,0.5891024668168257,1.117068121857983
789.2986993041138,721.5566277274638,0.5888592370617971,1.1165797860670637
789.5749449283041,721.6363405547531,0.5886160073066549,1.1160914502760306
789.8513127495576,721.7162976368206,0.5883119701128408,1.1155420725111753
790.1277414792166,721.7964377102036,0.5880687403576985,1.115053736720256
790.4042922791881,721.8767608890553,0.58782551060267,1.114565400929223
790.6809652762229,721.9572671733757,0.5875214734087422,1.1140770651383036
790.9576991816631,722.0379565631649,0.5872782436537136,1.1135887293472706
791.2345551574159,722.1188290584229,0.5870350138985714,1.1131003935563513
791.5114721683249,722.1998846591496,0.5867917841435428,1.1126120577653182
791.7885113762972,722.281123365345,0.586487746949615,1.112123721974399
792.0656725278311,722.3625451770092,0.5862445171945865,1.1116353861833659
792.3428947145214,722.4441502082955,0.5860012874394442,1.1110860084186243
792.6202389715241,722.5259382308972,0.5857580576844157,1.1105976726275912
792.897766587497,722.6079093589676,0.585393213051816,1.110109336836672
793.1752939499686,722.6900635925068,0.5851499832966738,1.1096210010456389
793.4529433827526,722.7724009315148,0.5849067535416452,1.1091326652547195
793.7306538506929,722.8549213759915,0.584663523786503,1.1086443294636865
794.0084863889456,722.9377471104028,0.5844202940314744,1.1080949516988312
794.2865021594179,723.0206948009733,0.5841162568375466,1.1076066159077982
794.5645178031393,723.1038255970125,0.5838730270825181,1.1071182801168789
794.8426555171734,723.1871394985204,0.5836297973273759,1.1066299443258458
795.1209764634268,723.2706365054971,0.5833257601335617,1.1061416085349265
795.3992972829296,723.3543166179426,0.5830825303784195,1.1056532727438935
795.6777401727448,723.4382409851663,0.582839300623391,1.1051038949791518
795.9563052596234,723.5222873085493,0.5825352634294632,1.1046155591881188
796.2349312549073,723.606516737401,0.5822920336744346,1.1041272233970858
796.5136793205038,723.6909292717214,0.582048803919406,1.1036388876061665
796.7925495831636,723.7755249115106,0.5817447667254783,1.1031505518152471
797.0714807542288,723.8603036567686,0.5815015369704497,1.102662216024214
797.3504729604504,723.9453266568048,0.5812583072153075,1.1021128382593588
797.6296483988913,724.0304716130003,0.5809542700214934,1.1016245024684395
797.9088847457379,724.1157996746645,0.5807110402663511,1.1011361666774064
798.1881821277406,724.2013108417974,0.5804678105113226,1.100647830886487
798.4676627419628,724.2870051143991,0.5801637733173948,1.100159495095454
798.7472042645906,724.3730046769355,0.5799205435623662,1.0996101173305988
799.0268679842816,724.4591261956309,0.5796165063684384,1.0991217815395657
799.3065924856273,724.5454308197951,0.5794340840521954,1.0986334457486464
799.586439310787,724.6319185494281,0.5791300468583813,1.0981451099576134
799.8664082062593,724.7185893845298,0.5788260096644535,1.097656774166694
800.1463768482301,724.8055044744098,0.5786435873480968,1.0971073964018387
800.4265288491711,724.8925414062957,0.5783395501542827,1.0966801025847417
800.7068029204245,724.9798227071132,0.5780355129604686,1.0961307248198864
800.9870767381766,725.0672259640899,0.5778530906441119,1.095642389028967
801.2675339148988,725.1548123265353,0.5775490534502978,1.095154053237934
801.5481131619335,725.2427039789154,0.57724501625637,1.0946046754730787
801.8286921554668,725.330656438145,0.577062593940127,1.0941773816559817
802.1094545079703,725.4188532663063,0.5767585567461992,1.0936280038911264
802.3903388040355,725.5071719364734,0.5765153269911707,1.0932007100740293
802.6712842620077,725.5957349755722,0.5762112897973566,1.092651332309174
802.9523516635418,725.6844810059863,0.5759680600422143,1.0921629965182547
803.2335411353884,725.7734712911789,0.5757248302870721,1.0916136187533994
803.5147917691418,725.8625834183772,0.575420793093258,1.0911863249363023
803.796164346457,725.9519399145073,0.5751775633382294,1.090636947171447
804.0775979589285,726.0414182526431,0.5749343335830872,1.09020965335435
804.3591536417125,726.1311409597107,0.5746911038280587,1.0896602755894946
804.6408315215598,726.220985508784,0.5743870666341309,1.0892329817723976
804.9225703098125,726.3110744267891,0.5741438368791023,1.0886836040075423
805.2044311683778,726.4013463361096,0.5739006071239601,1.0881952682165092
805.4863530620993,726.4918013508988,0.5736573773689315,1.08770693242559
805.7683970261334,726.5824394711567,0.5734141476137893,1.0872185966345569
806.0505631872305,726.6732606968834,0.5731101104199752,1.0867302608436376
806.3327902567333,726.7642650280789,0.5728668806648329,1.0862419250526045
806.6151393965486,726.855452464743,0.5726236509098044,1.0857535892616852
806.8975495715201,726.946823006876,0.5723804211546621,1.0852652534706522
807.1800818168041,727.0383766544777,0.5721371913996336,1.0847769176797328
807.4626752239951,727.1301134075482,0.5718331542057058,1.0842885818886998
807.7453905747478,727.2220332660874,0.5715899244506772,1.0838002460977805
808.028227995813,727.3141362300953,0.5713466946956487,1.0833119103067474
808.3111264520346,727.406422299572,0.5711034649405065,1.0828235745158281
808.5941469785687,727.4988914745174,0.5708602351853642,1.082335238724795
808.8772286670096,727.5915437549316,0.5705561979915501,1.0818469029338758
809.1604322990123,727.6843791408146,0.5703129682365216,1.0813585671428427
809.4436969661714,727.7773976321663,0.5700697384813793,1.0808702313519234
809.7270837036428,727.8705992289867,0.5698265087263508,1.0803818955608904
810.0105314762707,727.963983931276,0.5695832789712085,1.079893559769971
810.2941624811178,728.0575517390339,0.5692792417773944,1.079405223978938
810.5778543943707,728.1513026522606,0.5690360120222522,1.0789168881880187
810.8616073427796,728.245236670956,0.5687927822672236,1.0784285523969857
811.1455435234082,728.3393537951202,0.5684887450732958,1.0779402166060663
811.4295406124421,728.4336540247532,0.5682455153182673,1.0774518808150333
811.7135987366324,728.5281373598549,0.568002285563125,1.076963545024114
811.9977789311351,728.6228038004253,0.5677590558080965,1.076475209233081
812.2821423578573,728.7176533464645,0.5674550186142824,1.0759868734421616
812.5665056578289,728.8126859979725,0.5672117888591401,1.0754985376511286
812.850991028113,728.9079017549492,0.5669685591039979,1.0750102018602092
813.1355374335532,729.0033006173946,0.5667253293489694,1.0745218660691762
813.4202670712128,729.0988825853088,0.5664212921551552,1.0740335302782569
813.7049965821219,729.1946476586918,0.566178062400013,1.0735451944872239
813.9898481633434,729.2905958375435,0.5659348326449845,1.0730568586963045
814.2748829767844,729.3867271218639,0.5656307954510567,1.0725685229052715
814.5599176634746,729.4830415116531,0.5653875656960281,1.0720801871143522
814.8450744204774,729.5795390069111,0.5651443359408859,1.0715918513233191
815.1302922126364,729.6762196076378,0.5649011061858573,1.0711035155323998
815.4156932370149,729.7730833138332,0.5645970689919295,1.0706151797413668
815.7010940078919,729.8701301254974,0.5644146466756865,1.0701268439504474
815.9866781377392,729.9673600426304,0.5641106094817587,1.0696385081594144
816.2723231759919,730.0647730652321,0.5638673797267302,1.069150172368495
816.5581514464641,730.1623691933025,0.5635633425329161,1.068661836577462
816.843979463435,730.2601484268417,0.5633809202165594,1.0681735007865427
817.1299298042197,730.3581106516963,0.5630768830226316,1.0677462069694457
817.4159409266592,730.4562560961731,0.5628944607063886,1.0672578711784126
817.7020743729126,730.5545236109622,0.5625904235125745,1.0667695353874933
817.9883298894787,730.6530352663765,0.5622863863186467,1.0662811995964603
818.2745851525433,730.7516689921031,0.56210396400229,1.065792863805541
818.561023774578,730.8505468584549,0.5617999268084759,1.065304528014508
818.8474621431112,730.949546795119,0.5616175044922329,1.0648161922235886
819.1340838706147,731.0487297230986,0.5613134672983051,1.0643888984064915
819.42082754168,731.1481570200099,0.5610702375432766,1.0638395206416362
819.7076934098085,731.247706158927,0.5607662003493488,1.0634122268245392
819.9945590244355,731.3474996667758,0.5605837780331058,1.0628628490596839
820.2816079980328,731.4474150166304,0.560279740839178,1.0624355552425868
820.5687178800355,731.5475135861071,0.5600365110841494,1.0619472194515538
820.8559498323508,731.6477952610526,0.5597932813290072,1.0614588836606345
821.1432428198223,731.7482599273135,0.5595500515739786,1.0610315898434237
821.4306578776063,731.848968962506,0.5593068218188364,1.060482212078682
821.7181339705465,731.9497998397044,0.5590635920638078,1.0600549182614714
822.0057322605501,732.0508750858344,0.55875955486988,1.0595055404967297
822.2934524941153,732.1520721739703,0.5585163251148515,1.059078246679519
822.5812337628369,732.2535136310378,0.5582730953597093,1.0585288689147774
822.8691371018708,732.3550769301112,0.5580298656046807,1.0581015750975666
823.1571014760611,732.456762299497,0.5577866358495385,1.0576742812805833
823.4451879205639,732.5587530729708,0.5575434060945099,1.0571249035156143
823.7333354002229,732.6608046532941,0.5573001763393677,1.056697609698631
824.0216049501944,732.7631004883958,0.5570569465843391,1.056209273907598
824.3099355353222,732.8655182796567,0.5568137168291969,1.0557819800905008
824.5983881907624,732.9681804398492,0.5565704870741683,1.0552326023256455
824.886901881359,733.0709644420476,0.5563272573190261,1.0548053085085485
825.175537642268,733.1739315497148,0.5560840275639976,1.0543780146914514
825.4642344383333,733.2771429121602,0.5558407978088553,1.0538896789004184
825.753053304711,733.3805373800744,0.5555975680538268,1.053401343109499
826.0419332062451,733.4839927689915,0.5553543382986845,1.052974049292402
826.3309351780915,733.5876924126869,0.555111108543656,1.0524857135014827
826.6199981850943,733.6915751618511,0.5548678787885137,1.0519973777104497
826.9091832624096,733.7955798671745,0.5546246490334852,1.0515700838933526
827.1985515719443,733.8998288272762,0.5543206118395574,1.0510817481023196
827.4879197547283,734.0042608928467,0.5540773820845288,1.0505934123114002
827.7774100078248,734.10875387942,0.5538341523295003,1.0501661184943032
828.0669612960776,734.2134911207718,0.553590922574358,1.0496777827032702
828.3566346546429,734.3184725027484,0.5533476928192158,1.0491894469123508
828.6463690483644,734.4235759550377,0.5531044630641873,1.0487011111213178
828.9362255123983,734.528801363486,0.5528612333091587,1.0482738173042208
829.2261430115886,734.6342710267127,0.5526180035540165,1.0477854815133014
829.5161825810915,734.7399237954081,0.5523747737988742,1.0472971457222684
829.8063443476574,734.8456985202628,0.5520707366050601,1.0468698519051713
830.0965670226288,734.9517174998957,0.5518275068500316,1.0463815161141383
830.3868507327567,735.0579195849974,0.5515842770948893,1.045893180323219
830.6772565131969,735.1643047755679,0.5513410473398608,1.045404844532186
830.9677233287935,735.2708730716071,0.5510978175847185,1.0449165087412666
831.2583122147024,735.377624473115,0.55085458782969,1.0444281729502336
831.5489621357677,735.4844367956258,0.5506113580745478,1.0440008791332502
831.8397952890524,735.591493372915,0.5503073208807336,1.0435125433422172
832.1306893507427,735.698733055673,0.5500640911255914,1.0430242075512979
832.4216444475892,735.8061558438997,0.5498208613705629,1.0425358717602649
832.7127216147483,735.9137617375951,0.5495776316154206,1.0420475359693455
833.0038598170635,736.021550622606,0.5493344018603921,1.0416202421521348
833.2951200896913,736.129522727239,0.5490911721052498,1.0411319063612154
833.5865635945385,736.2376779373407,0.5487871349114357,1.040643570570296
833.8780068458843,736.3460162529111,0.548604712595079,1.040155234779263
834.1696334562002,736.454537559797,0.5483006754012649,1.039727940962166
834.4612598130149,736.563242086305,0.5481182530849082,1.039239605171133
834.7530695287995,736.6721297182817,0.5478142158910941,1.0387512693802137
835.0448789910829,736.7812004557271,0.5476317935747375,1.0382629335891806
835.3368718123363,736.8903931493317,0.5473277563809233,1.0378356397721973
835.6288643800884,736.9997690625584,0.5471453340645667,1.0373473039811643
835.9210403068106,737.1093279671005,0.5468412968707526,1.0369200101640672
836.2132771419384,737.2190700912647,0.5465980671156103,1.0364316743730342
836.5056360473786,737.3289953208977,0.5463548373605818,1.0359433385821148
836.7980561147258,737.439103541846,0.5460508001667677,1.0355160447650178
837.0905369637279,737.5493339472603,0.545868377850411,1.0350277089739848
837.383140136544,737.6598084932994,0.5455643406564832,1.0345393731830654
837.6758040910147,737.7704051096512,0.5453819183402402,1.0340510373920324
837.9685903692994,737.8811847173182,0.5450778811464261,1.0336237435749354
838.261437429239,737.9921475446074,0.5448954588300694,1.033135407784016
838.5544068129925,738.1032933632121,0.5445914216361416,1.0327081139668053
838.8474981403077,738.2146224014388,0.544348191881113,1.032219778175886
839.1407115379354,738.3261345451342,0.5441049621260845,1.031731442384853
839.4339859707195,738.4377686449888,0.5438617323709423,1.0313041485678696
839.7273824738161,738.5495859644655,0.5436185026158,1.0308158127768365
840.0208400120688,738.6615863894109,0.5433752728607715,1.0303274769859172
840.314419620634,738.7737698056718,0.5431320431057429,1.0299001831687065
840.6080602643556,738.8861364415548,0.5428888133506007,1.0294118473777871
840.9018229783896,738.9986860687532,0.5426455835954584,1.02898455356069
841.1956467275799,739.1114800648832,0.5424023538404299,1.0284351757958348
841.4895925470826,739.2243959030191,0.5421591240854013,1.0280078819787377
841.7835994017416,739.3374338114673,0.5419158943302591,1.0275805881616407
842.0777283267132,739.4506549395378,0.5416726645751169,1.0270922523707213
842.3719182868409,739.5640590589237,0.5414294348200883,1.0266649585535106
842.6662303172811,739.6777075472412,0.5411862050650598,1.026115580788769
842.9606033828777,739.7914778775646,0.5409429753099175,1.0256882869715582
843.2550985187868,739.9054313133568,0.5406997455547753,1.0252609931544612
843.549654689852,740.0195068194613,0.5404565157997467,1.0248336993373641
843.8443329312297,740.1338266944977,0.5402132860447182,1.0242843215725088
844.1390722077638,740.2482684115397,0.539970056289576,1.0238570277554118
844.4339335546103,740.3628932340506,0.5397268265344337,1.0234297339383147
844.7288559366131,740.4777623113398,0.5394835967794052,1.0229413981472817
845.0239003889283,740.5926923096318,0.5392403670243766,1.0225141043302983
845.3190058763998,740.7078665627023,0.5389971372692344,1.0220257685392653
845.6142334341839,740.823162771932,0.5387539075140921,1.0215984747221682
845.9095220271241,740.9387032359399,0.5385106777590636,1.021110138931249
846.2049326903768,741.054365656107,0.538267448004035,1.0206828451140382
846.5004043887859,741.1702723310525,0.5380242182488928,1.0201945093231188
846.7959981575075,741.2863621114667,0.5377809884937506,1.0197061735320858
847.0916529613852,741.4025128128837,0.537537758738722,1.0192788797151024
847.3874298355754,741.5189077690792,0.5372945289836935,1.0187905439240694
847.683267744922,741.6354246814338,0.5370512992285512,1.0183632501069724
847.979227724581,741.7521858485668,0.536808069473409,1.0178749143159393
848.2752487393963,741.869068971859,0.5365648397183804,1.0174476204988423
848.571391824524,741.986135314773,0.5363216099633519,1.016959284707923
848.867595944808,742.1034457983124,0.5360783802082096,1.01647094891689
849.1639221354046,742.2208172028544,0.5358351504530674,1.0160436550997929
849.4603093611573,742.3384328621748,0.5355919206980388,1.0155553193088735
849.7568186572225,742.4561704776545,0.5353486909430103,1.0151280254916628
850.0533889884441,742.5741523479124,0.5351054611878681,1.0146396897007435
850.3500813899782,742.6921951391732,0.5348622314327258,1.0142123958836464
850.6468348266684,742.8104821852124,0.5346190016776973,1.013724060092727
850.9437103336711,742.9289523367204,0.5343757719226687,1.013235724301694
851.2406468758302,743.0475444443875,0.5341325421675265,1.012808430484597
851.5377054883018,743.166380806833,0.5338893124123842,1.012320094693564
851.8348251359295,743.2853391254376,0.5336460826573557,1.011892800876467
852.1320668538697,743.4045416988206,0.5334028529023271,1.0114044650855476
852.4293696069662,743.5238051932064,0.5331596231471849,1.0109771712684505
852.7267944303753,743.6433129423706,0.5329163933920427,1.0104888354775312
853.0242801621898,743.7630037970035,0.5327339710757997,1.0100004996864982
853.3218882178182,743.8827554584861,0.5324299338819856,1.0096342478432234
853.6195570551016,744.0027514889002,0.5322475115656289,1.009145912052304
853.9173482161989,744.1229916599395,0.5319434743717011,1.008657576261271
854.2152001589509,744.2433537871378,0.5317610520554581,1.008230282444174
854.5131744255168,744.3638991339583,0.531457014861644,1.0077419466532547
854.8112094737377,744.4846274720942,0.5312745925452873,1.007314652836044
855.1093668457725,744.6055390298521,0.5309705553513595,1.0068263170451246
855.407584999462,744.7265725437692,0.5307881330351165,1.0063990232280275
855.7059254769654,744.8477892773084,0.5304840958413024,1.0059106874371082
856.0043267361237,744.969189002163,0.5303016735249457,1.0054833936200112
856.302850319096,745.0907719466397,0.5299976363310179,1.0049950578289781
856.601434683723,745.2125378824319,0.5298152140147749,1.004567764011881
