772.0,249.0,6.0,15.0
771.1311102472246,249.74984414700418,6.282672755420208,15.641874815229471
770.6763215657395,250.41226253438026,6.410582182209964,15.635546930503438
769.6200955527006,250.6153884092074,6.557693810445926,15.479543395437645
769.4286139512811,250.88524468155492,6.575339397876746,15.512408102025006
769.0574392584385,251.20335345193325,6.586991700095041,15.699804152982097
767.9814632905194,251.3548294875343,6.710619989569864,15.66227931905064
767.5540448481945,252.10287685660927,6.736735847456316,15.465977989631767
766.49734179719,251.2511162920801,6.765847996564958,16.121969108779297
766.0319599312752,252.6539610691167,6.702307013336508,15.320742437099284
764.9052291009234,251.64860395902065,6.8128222797063245,16.2829479610582
764.4772503596519,252.7802297991411,6.725604392211267,15.940977796458895
763.6403161664655,252.75370247590604,6.422625697687863,16.187545079481765
763.1489379914998,253.0932973241005,6.440844894638644,16.25842317686761
762.1233615714591,253.0477668048959,6.443459680231172,16.22166947664215
761.643565938349,253.50690699709799,6.610022418898552,16.26555259410867
760.5274296710139,253.5643221245898,6.779611217523438,16.413797456559678
760.1984297456834,254.06151922069984,6.635151774239148,16.43984414777941
758.9292590803699,254.2054557107504,6.8447418010026695,16.36131628376512
758.4560960257886,254.71655345765066,6.914079351612372,16.35810662537824
757.2719962658579,254.7969754219589,6.896175868565365,16.427941948071293
757.0090267293162,255.11424519772345,6.878062973793931,16.46041993760298
756.5772354108788,254.81161093606772,7.041892021884905,16.605341521998582
756.0892906900078,255.48478442524583,6.992644845977679,16.415280179943238
755.0593315781205,255.4956859551803,6.9012502695628655,16.54341270401619
754.5724399386513,256.0545766570908,6.934666696205568,16.461323022049783
754.3460653319232,255.63137011431974,6.867294603616301,16.885533679805576
753.9067650508284,256.20833199523196,6.843917596005667,16.570272587594843
752.9447613973566,256.18916949083587,6.740930332793596,16.760008296977503
752.4212703147329,256.7782529694398,6.928335345465484,16.670525458010843
751.3326970477915,256.7921216116349,6.995239258435049,16.77294042375115
751.6132523633505,257.42086413572633,7.02945857949544,16.777597612055615
750.4197760814661,256.7265241424818,7.184460089631784,17.178529373238234
749.9730476970399,257.85414069279364,7.256617252005526,16.673069061059437
749.4650854038591,258.33480912337404,7.251549346159436,16.71342315112838
748.1565687459204,258.3010897582453,7.376237076665348,16.96838132333687
748.485875831271,258.2396318432511,7.341740257146512,17.19309979310492
747.3366380178181,258.4805393388833,7.334352103440551,16.977699048838076
746.165234560566,258.79013524506763,7.3959447010622625,16.946796467325385
745.736693602581,259.40294641332656,7.4133995755614706,16.899843855722736
745.2175816683732,259.83380985431023,7.301479932116308,16.969136971616138
744.8901441267541,259.26918401332637,7.273786632148358,17.389489495124735
744.4655077252728,259.8936040904732,7.217648734144859,17.141045221815148
743.9623468709983,260.1414380570444,7.134506277541277,17.35630688655135
742.8130365644174,260.1337697519525,7.161193683936517,17.411673367748335
742.2774760140674,260.7714931133455,7.317194098176742,17.44223078037021
742.1006638096588,260.3597269692051,7.159373471649019,17.911745953833815
741.4963713174739,261.21597663760525,7.402653689598537,17.559842039333375
741.0137702210875,261.49371712863956,7.294339515571437,17.661098938059467
739.6849208125498,261.6340304457892,7.435396889868571,17.632920478976644
739.1478242580533,262.53877020972243,7.550667782726691,17.401840649022688
739.4939547751787,262.41869734783984,7.49257869537405,17.762298599326186
738.2272086160503,262.5565940566271,7.542853795320752,17.641389287508673
737.1149047683052,262.691523895478,7.422917432965733,17.7090703034346
736.5905325574524,263.61484570419094,7.552149807501678,17.441946399753476
735.9784379542098,263.89675350051175,7.5490214174764105,17.603760864623837
735.6516162476166,263.4290399800625,7.409988893892432,17.94049197828167
735.1051254230861,264.1685051604111,7.552750386584876,17.616673313545334
734.5159639077135,264.5106316545025,7.4584015258781164,17.780387796601644
733.8925143698675,264.80189159166184,7.403502466772238,17.83057442182985
732.7593507074698,264.76031713766656,7.3360180288809715,17.90590099990777
732.9794717607492,265.39251106695383,7.4010418242530704,17.90026617683816
731.7543284973949,265.2491842239116,7.478393665666317,17.978197895441895
731.2064287277299,266.01762127811094,7.641859207365087,17.76046066154754
730.6304434738231,266.5634629923193,7.597125186748599,17.808327416161774
729.9698898092065,266.97852799524776,7.6657538781273615,17.83998429195526
729.5107136078107,266.52840580380735,7.725309489771917,18.12061213300001
728.9220622346643,267.3311727271372,7.739346710848395,17.82670621446789
727.620667036834,267.44274781234526,7.757922287629526,17.94347945909294
727.0569314226259,268.28976080595675,7.861994433722657,17.71169785924627
726.4635131062764,268.66250416741775,7.821967116494875,17.8847422244703
726.0805526005777,268.0522087476147,7.844357570627608,18.198668062443517
725.5467099317239,268.92662759421535,7.856571312487404,17.875827245418918
724.9661851752564,269.0557108177509,7.698172927426299,18.27017206382584
724.2894423688081,269.3446512748533,7.651279237064159,18.291371750021426
723.2035097174357,269.13783639682924,7.503688832312378,18.50094502545835
723.4119022293996,269.78667552255865,7.610103178625195,18.485282230604298
722.6799083894687,269.45365600188836,7.7145368240337575,18.82950039451714
721.998199562443,269.97914991319453,7.784163151732173,18.686193625642204
720.5696815276078,270.0609154743811,7.943831783910355,18.715507126400553
720.0264442955684,270.8224094916711,7.942745028995546,18.670695465440303
720.3663891515062,270.7725591034084,7.88133352454156,18.96525444765541
718.9183495049915,270.87924572810516,8.023264318970405,18.766813111803913
718.2997853177371,271.59948524118295,8.011960934453555,18.707230756160243
717.0283925154939,271.49243242434693,7.93438666024872,18.904103290402077
716.3991546791895,272.10600776633174,8.116211341443886,18.839800502888068
716.7328891001207,271.9530279612035,8.065677898367198,19.223632050468154
715.3400838817131,272.05785644613877,8.078909842449775,18.94323386666133
714.8381033886666,272.79084616301986,8.093089680316325,18.79832632092291
714.153734160458,272.99121223381917,8.093592957943656,19.01276998011781
713.5177783710496,273.1148272779245,7.9705868436874425,19.24455544288071
713.2289357154191,272.58504502771234,7.832984580116545,19.748843801446128
712.6712994850075,273.49431110969635,7.920857762909236,19.069845762586624
711.869094925386,273.71377011930986,8.040159860390759,19.273007737145463
711.0771259685571,274.0078732820393,8.155181156084836,19.32080168077391
710.3431092609353,274.4843419562169,8.196983683594226,19.274884517633836
709.7757988558359,273.99612631262755,8.34236522037395,19.638483055778693
709.2272671794115,274.782274696752,8.250344233686178,19.377958332301887
708.4562076205739,275.3835488181246,8.336742200105277,19.25857975004078
707.7060632110661,275.6914171106117,8.371376536570551,19.48490891087465
706.2911348290468,275.70144979551924,8.386418789801382,19.62871660932001
706.5407899703698,276.4204916265553,8.48603632566278,19.677058785022382
705.8122923888986,275.863190624206,8.435990205052804,19.807303385357443
705.0306774180528,276.82402406993344,8.4357480323672,19.335027997599013
703.6627534748229,276.61566530110315,8.349397476258218,19.744691495086954
703.2213275005416,277.24659298069423,8.150198698202757,19.65991659081078
703.0269828427204,276.64017236662994,7.999220647684524,20.320343601071727
702.4025555219569,277.5414532147792,8.142231691251027,19.767176088423923
701.6919962686908,277.8933774814543,8.283811947408367,19.840889063546
700.9531923432687,278.41271565836803,8.252141189697113,19.735418948454253
700.3642631658759,278.9459267887586,8.175691411948605,19.558832250566525
699.9061833257815,278.43515716829825,8.225376076960515,20.11368089305506
699.4625181394711,279.6107000141876,8.139651459172569,19.293517756385427
698.6547653435052,280.3220841379994,8.352755006292114,18.939147321501366
697.2045894185119,280.44234713767366,8.371143018114594,19.00406709348829
696.7305290559852,281.0554217101915,8.34680674224046,19.031237778126695
697.2432488060194,280.80122944877667,8.126297545351235,19.377108784671066
695.5750638510162,281.4249680280798,8.506984401103182,18.662357262189516
695.1818893764512,282.4166362107012,8.324741736706073,18.282036277971883
699.3063525652342,282.41051719585573,7.37805921669019,20.02324011636972
701.5200885945694,282.5472412320855,7.8341541241393315,19.813732238405407
701.9831391870289,281.8681906801015,7.84390823496733,19.785250269828907
705.420333917498,284.35593752049385,7.834082827554312,18.923834204034392
708.8357929501491,284.33850280617884,7.825193547426011,19.393223034821915
709.3194973844866,283.5977021246192,7.80092546574906,19.319670880659146
706.8757981463419,281.26006462659865,7.7704043128044304,21.00493992637729
708.2923276811762,283.96192860301375,7.85004347785798,19.653898724441376
711.7179105352969,284.02699862181794,7.853190657901109,20.927878003801197
714.1396988685603,284.38591173738746,7.916181893059957,20.776020840542742
717.6000157119634,284.95990278422676,7.934712051985571,20.77458831326942
721.0742508116176,285.2755471251621,7.916041865827879,21.08722379675237
719.4773075556765,283.98577217927226,8.01592039232321,20.423802192783057
719.940431200354,285.60522311752715,8.027739466953221,20.084446316240246
720.424470442488,284.44782992576495,7.998086859602836,21.55179590515263
718.8111165335204,285.9448885504938,8.10394614348661,19.852764168381498
716.2599314085717,286.11574706381407,8.068191244862533,19.51687275673521
713.7286148379213,286.1782229889899,8.019563541707953,19.382731069390843
715.214503445005,287.8101620473918,7.990556423170801,19.505189514165806
718.7011043530582,287.5054833847727,7.952679327901706,21.183874271605532
716.1236666348739,285.8648500395109,8.014542536167141,20.93487529600884
719.6072017222206,288.87486493119457,8.045364547760073,20.387515058259737
720.0766641284708,288.0081056730996,8.041847471398796,20.30024978131007
720.5470270473895,286.87314492213164,8.043164947383957,21.668021930743123
719.9675002083903,288.75411817010684,8.108992097318833,20.181535695100706
720.4284673091742,290.12522005591256,8.1134877330677,19.471209730766645
721.9146229940244,288.926915500279,8.087400682786779,21.281426390470244
722.364025968654,288.0748046444783,8.113428415580074,21.903742469486303
719.7111400450771,289.1949163515736,8.185637305943033,19.96798119411409
719.179514717604,290.1655057507147,8.146558754178727,20.11595950012145
716.5957250482899,287.64575190102937,8.120780794191887,21.969216830162964
715.9891378663351,289.38210592068845,8.208111992767044,21.4942527382982
715.4321320301352,290.95886564508805,8.195417883305936,19.97242408768966
712.7922827234506,288.37801723164876,8.22900361208508,22.039838185065378
711.1814719351573,290.0536789124393,8.24945118431151,21.119561088700664
712.6696078959856,292.1833814610642,8.295356095061834,20.73144645852352
715.224263077068,291.9878284340366,8.277152896528719,21.561524664284548
715.6776418086819,291.38237201158887,8.300380599063146,21.345132469626208
717.174453649155,293.5490590255094,8.330029845354147,20.117500932686255
720.8024322672444,293.15512276571735,8.261498810175112,21.526110635152463
723.3367586811909,293.04532085783825,8.298812114969337,21.477790462500252
723.784932789618,292.07157530664006,8.341964144292433,22.392752096927893
723.1653889834838,291.03630844601025,8.407861677898495,22.6931862189233
720.3935921215673,292.3111024240912,8.492006638760131,21.228503188653804
721.9381265502851,294.2819138435734,8.470899547282215,21.223680374403216
725.5960316073663,294.22806896433764,8.474231696501079,22.388691793379564
722.8296147360888,292.57766067926724,8.516104668180674,22.04254606138369
723.2791294903059,294.5304339696227,8.551452100853908,21.400904006854375
722.676545291173,292.947944431037,8.546724444757615,22.901776097528057
724.1948364134445,295.6699309053739,8.61072710410042,21.473519443645728
725.7466893973815,294.95805766891067,8.589941088382602,22.432448357703606
725.1071543105446,293.8020535068416,8.637189648593676,23.117325982757052
726.6295874082882,296.4849707307419,8.711780549864898,21.430704633268988
730.3823025953682,296.3462435671958,8.684242575945746,22.89320290775464
729.7293190942406,295.3791808765349,8.728390800850093,22.569048070421047
731.2768149315987,297.6774099272508,8.766418571415215,21.400561889255187
731.7956835541183,296.3940765789035,8.677638900587112,22.603573911028832
732.2359398341271,295.4941849926282,8.7389973529273,23.466799529172818
735.9779355818378,299.0580922249628,8.832236090497418,21.628880883247348
735.3653817775078,297.35070288298715,8.788504999897896,22.235238003448956
739.1558668519801,300.14336796671705,8.773710142268556,21.384793170633202
736.3137528216083,297.6296148064348,8.777580757643818,21.929203726266508
734.6212956388883,298.48054101823254,8.714309587436674,21.442341348915818
736.1881333184185,300.36400090147384,8.694698377581858,21.137054866667825
737.7750520028949,299.6434378438035,8.642228545720513,22.362525679378734
740.4493794090388,299.8286224783186,8.631554656874073,22.953801554507095
741.9934485863196,300.0563972342705,8.693417046909644,22.817245468833505
745.7295983783201,300.5486616561473,8.764287023263705,23.383964241316278
743.9392010973647,299.66256967436595,8.841794615377239,22.56531270564176
743.3266140703807,301.5670620888303,8.799549069831642,21.529273371150737
747.0970458627592,303.9071634663979,8.82030666543369,21.292060728041236
748.7323274860034,303.1461095410132,8.714086879018168,21.613643032079608
749.192160707725,302.36170700002947,8.729951987008576,21.983474087087302
751.8492473030285,304.5145182019765,8.71823361507677,21.2235248252793
753.4518512229274,303.99100765301944,8.658244636809172,21.780369424687365
756.1197298300809,304.22949533737483,8.642348532268102,22.456762852836164
758.7780699891096,304.91234078170044,8.673029372921178,22.342235599253854
759.246418513364,304.29261449941475,8.685453007668002,22.204124072164745
761.8493267844826,306.4720784539594,8.790404798897725,21.407768541353676
764.5472300863831,306.0613910386597,8.693439460141121,22.457325972686874
764.9897713295744,305.69728694380615,8.745657416638778,22.43265339616994
768.747819843753,308.30764088117934,8.752173371703975,21.712520440026026
768.1328471661345,306.4654292250547,8.71981317872087,21.983403099796533
770.79210104032,308.46674527324785,8.721132822929462,21.63701966401004
773.4585840012907,308.0230373048737,8.698842648025789,22.399959709528048
775.0456854099796,307.62682576267827,8.671062296848959,22.98353015652782
777.6820131648258,308.361243821319,8.742613436258466,22.743170777641808
778.1530102231142,307.66717694462056,8.739353639510568,23.19752744502273
781.9002639465946,310.72975963269835,8.84000198406875,21.97109875264715
781.247782354651,309.02208993382357,8.876636951714318,22.378260708183745
785.0866232825,311.65155215369737,8.805263957899115,21.969136236731856
787.7593622322161,310.9475664311832,8.832125386076996,22.807435476731257
787.1027129294562,309.55198733577475,8.883119692152036,22.89953805593592
790.9337050702236,312.37834981118226,8.855930454705458,22.395178194954042
793.6093109201466,311.9158288044017,8.892573990543383,23.001127456649215
795.2144062771578,311.3837716573237,8.885866407939943,23.7318740304662
797.901663307079,311.90426667925,8.969128715913826,23.621765714312346
797.2054653938944,310.96541459148193,9.058640895308372,23.776217443511996
799.945527006458,313.79568590442983,9.086148467407838,22.76050044112236
803.8657614073684,313.5511524140511,9.03039560295997,24.192328583601466
806.598932312239,313.6114741526021,9.100745105575811,24.3644444474603
810.4747909812345,314.3554471675589,9.207927200679705,24.44010885431652
814.3997431393857,314.8456268772085,9.250379573074952,24.493105854745068
816.0152688764305,314.44594299941696,9.282575428483483,24.672874937205506
815.2610279493101,313.5518158614325,9.395133801612246,24.752125725407723
818.070677706492,316.4566036525142,9.451555153512231,23.84986071017113
822.1292090342727,316.30459036124375,9.386209043777171,25.267598290884052
821.3352910040584,315.08765713473167,9.537308194805746,24.65227307758471
825.3947476205782,318.08445064082207,9.527559803472627,24.137664871041125
827.0540371100612,317.17662040475,9.55730018925567,24.783055972524267
828.7279301921942,316.8325703129142,9.577022157377996,25.35914237283737
832.7945825047973,320.08675376769156,9.636449978662426,24.08349505616343
833.2501612336256,318.5616499319158,9.65973669706193,24.26259858037929
831.3167589074395,317.08506684654515,9.62268366793694,24.962378153817554
830.638490018782,319.5149837848894,9.528802170025074,23.37526611082012
834.7133757602783,322.07033321647805,9.555979060011623,23.566849259941137
838.850677207196,321.82027478243407,9.487422488962352,24.391213369906666
842.8886723643361,321.99792256434733,9.564558268414999,24.339881164576695
846.9225987529117,322.081262608892,9.64571174124012,24.754795022694225
851.0342669138138,322.0136570284249,9.59937875136825,25.83426523230429
855.1124329857483,322.5106814685581,9.679792152388586,25.962413524723274
859.2127578093398,323.0987910405365,9.754061565595407,26.049920798927815
855.8815390929542,321.19960059690766,9.928689690733108,25.22457623131106
860.0702891301703,324.27309393529094,9.924369899213616,25.612613112343183
856.8485503140912,322.16788616732623,9.868699609122814,25.297154999333657
860.969298254523,325.36628895178706,10.021391247351175,25.467460009332285
865.2393101949267,325.54534177804896,9.922198252796534,26.173812923755236
868.1035373132653,325.57729230917204,10.12726498389884,25.745389254162603
872.4019773927848,325.62451737710944,10.029183351163056,26.88821439423691
875.3822745320172,325.6089040560163,10.09480433953263,27.13567954695384
873.2163987874178,324.5371115591345,10.22722072737156,26.68441039709103
871.1674287320418,325.7221801152143,10.125784206209119,25.658476514952326
874.1918656948092,328.14303352078423,10.147410673447666,25.679383063152272
875.9871143946496,327.6692555176719,10.091245122455575,26.275127016525403
880.30602025804,328.6311454650105,10.106704195040265,26.494822305835328
884.5917975361433,329.2614514131642,10.184416581134656,27.01102838008785
883.7274216489766,327.99727504486344,10.300931151795908,26.48239982563956
888.1051242841822,331.23361107823376,10.240095325902985,25.899161668691477
889.8643142867718,330.2433892662548,10.263831990695962,26.57985159169641
892.9389519465503,330.6166078142282,10.258673257735381,26.951885377208384
895.9845667394083,331.21821601079637,10.312475994054125,26.950556094229228
896.5039668666614,330.3271433927532,10.256943137823328,27.48596543048677
900.8394607127839,334.0195121588634,10.381444547030014,26.115941638519473
905.1402386862845,333.83864855820764,10.552148622912455,26.954937201789676
909.6462603746543,333.79271811974036,10.400638694198278,28.03711911663595
914.0250670899103,334.44500424115483,10.494591657452133,28.034662096962393
913.0742796994418,333.0559275628685,10.662162127241913,27.464107296371424
916.2407022968247,336.215913294355,10.6205480411287,26.45644136080807
920.7424299938401,335.8897006754785,10.551560007184321,28.29494608866446
923.8378167845196,335.94338039520954,10.657729729708876,28.444311020327916
926.978266416346,335.95221240806075,10.711977293405539,28.801198052418727
927.4064255479881,335.1052728281019,10.767133017495667,28.916264527106136
930.5832682863581,338.5349210013985,10.821302062406517,27.37046526385876
933.8042395826573,337.7841258328915,10.800741334573672,29.04723236193354
934.2035744673899,336.9079820863643,10.912271532457794,29.27092125423053
933.2671199593474,339.068825308687,10.940646491073267,27.479811580716955
932.3843501398635,337.9517168345915,10.906507371801808,28.139422949186837
934.2178992924415,340.84314089294634,10.930868595708603,27.204391599161625
938.802277686972,341.4315565513583,10.94078342945943,28.254682188753463
939.2780805632042,341.2480542993858,10.944857592632502,27.973899977969268
942.4608808229166,344.3876996948908,11.025736215046209,27.068996612217006
941.5934419610321,342.8887529527974,10.924764555161346,26.379191016049674
946.1704083117223,345.6942615622256,10.918275959565563,27.013834583044115
949.3394478506276,345.58603990871325,10.950798350210903,27.14301271026261
953.9648734114203,345.98908619287147,10.83422690746113,28.149038680479066
958.5223563805096,346.3522073366449,10.871320184284514,28.79874889012939
954.7826592445476,344.81360534016653,11.019947436397388,27.011469658456065
956.7384515449867,347.7924545579481,10.803942042528774,26.269651797612823
961.265812625943,348.288586154354,10.8837714083445,27.612529532897497
964.491451683328,348.9399290446356,10.836027056653847,27.613736421980093
967.732089017244,349.6639983337225,10.779858820602499,27.55718402408752
969.5192043515933,349.60941720299707,10.846886655842127,27.814702761799936
968.6629231470431,349.1541624040989,10.822109101180786,27.38824624393976
973.2720065248957,352.7724036026493,10.777165097801344,26.81807130149099
977.8545184753903,353.3101407836441,10.772192696563934,27.781591081300576
982.4116143353822,354.10304925627224,10.81017761988096,28.0106107258232
981.5161579825492,352.5867236200196,10.840027831569273,27.057975393814445
986.1075603596115,355.59315503126265,10.796341569482593,27.211947078386743
990.6421363244515,355.7498557966916,10.8385254652826,28.395396833481414
993.8345380649645,356.083625076342,10.856757234190695,28.402260831221326
995.6614700841365,356.3006092329085,10.886125709651765,28.083601273131308
996.1043564031818,355.8069616493415,10.924061109621789,28.17039972299949
1000.6939938157027,359.0741295273839,10.936365580068582,27.811183176598945
1005.2694023533996,359.04749849711766,10.966455203334249,29.107996916476736
1007.1084135747643,358.8636275604273,10.981557435123364,29.050911294384036
1011.685368358058,361.8756423806275,11.127559667932019,28.89915267626327
1016.5871025187953,357.18730151976024,10.882620777344982,24.774540950492565
1021.3536018131284,357.5208346246691,10.739930276842074,25.130028645848313
1026.0934299737528,358.12963343129434,10.500280456828023,25.656374012952938
1030.50837405038,358.98928294895745,10.605475356411716,25.83853994476749
1033.710144113601,359.33073229524416,10.475041097469784,26.095569942645795
1034.143643934122,358.6083869508093,10.509956714759937,26.011076292537837
1037.2977946665794,361.2828517553237,10.438844641726291,25.479070805213496
1040.430997192627,361.16441680655555,10.36053122734279,26.20365409104153
1044.8351646333183,364.4176375488885,10.368259856547184,25.206414334208375
1047.9506393036827,363.5194003107221,10.3016017036025,26.36537282626398
1052.2999520506974,363.4740971492155,10.38223256128822,27.025706112961075
1056.6714845853512,367.68476685389504,10.426848585640982,24.53342727010039
1059.7639128569647,366.45670357826094,10.373088958767994,26.13893932089212
1057.7166743452642,364.22563284971704,10.246844268016275,26.772546734102946
1060.7792419886803,367.35608789478,10.287869980711093,26.708858268232234
1061.2600317619772,366.2018590385222,10.280888946110963,26.903563307498473
1065.624476938339,369.9779367903827,10.345623865628568,26.100701501451226
1068.7297932264776,369.2150884075993,10.304032103902955,27.222052337349737
1073.0793523539576,373.24394617151466,10.413442813933443,25.212937697143047
1077.4718788260082,372.93381976421006,10.36414557116791,26.59835687470388
1077.9294174049123,371.8420045678944,10.3709754817246,26.433008793940587
1082.275596553076,375.7170182778525,10.391091010403443,25.03835214128003
1080.198021211918,373.40848632863253,10.28975066046064,25.642644264726528
1083.2693463753626,376.53361303131635,10.27999192941843,25.498573120107608
1087.677038484088,380.0792406253254,10.169573189262337,24.27292099256988
1091.9799093642948,379.79945724668835,10.174020937500018,24.551939036947488
1096.2555039251422,379.47327462238775,10.141609838763316,25.917535644678594
1100.5467624541725,383.36308471554355,10.136508421320286,23.824561027695722
1097.261651985107,383.45332035501986,10.020045461135169,24.486004419964615
1093.9037585588949,384.043781990725,10.056197212628149,24.30886174345261
1098.2138997409752,387.2748691243014,9.89175126463033,24.170125965997613
1094.9557303310642,384.85053447242274,9.838036184693465,24.12501975939955
1091.7748933898588,386.1632165368869,9.650941557159513,23.24665895557257
1094.840192808855,389.4575781778376,9.466165970979318,22.796633036203275
1097.7461348361758,392.6796436800373,9.483476749037436,22.365188854780172
1098.2607739841133,391.8435283296644,9.405005362436896,22.26948869583316
1102.2625461909147,394.93883527103526,9.452190370324388,22.43775133990357
1104.0274401533784,394.8225959532796,9.236681522118943,21.88895996755633
1108.0124213365648,397.537620831048,9.197276186114323,22.177708553082596
1107.3134132768996,396.82798150721305,9.228570157994,21.4302717218697
1111.3133634718877,399.11633427392127,9.008092494404764,21.669044848985493
1109.5239945618332,397.92350299264535,9.001806521443541,21.13188895701512
1113.3765672069067,400.79457654508803,8.959725966557926,21.671653850131634
1117.2439736780238,403.53973263329794,8.875905991380478,21.006227812857333
1121.0557853809971,403.33044470652567,8.822720089903896,21.81138916627947
1121.5266965868868,402.40263112798766,8.797328529577953,21.660306082151237
1125.291242123812,405.3368292997091,8.815312744647827,21.568219020039407
1122.4944360546897,403.70108872561286,8.713980692312361,21.132476909573597
1125.214569270276,406.68758495101224,8.560924085205443,20.94799320891667
1128.9048292770583,409.66668069932086,8.627158315612178,20.829202296840776
1132.6477319842356,409.7189926178489,8.5787284650537,21.147849515254677
1131.0261620683536,408.3784101123224,8.480199533525138,20.89220635694744
1133.6682689160314,411.43804359011085,8.416060516786274,20.500043299535434
1134.1553531616662,413.3115783853915,8.398630732229549,19.77968663579361
1137.8149591607807,415.7121658348709,8.340529939793896,20.04748829044445
1141.4184933664828,415.26923409363746,8.338338103033493,20.802275711795232
1141.9221908719023,415.0170488234578,8.244257431910682,20.091675301107557
1145.53138891408,417.79991106447443,8.21099764563678,20.502076598685733
1148.0334029684996,419.874103603439,8.268387274516954,20.275891041781904
1148.5769152293642,419.7055849719586,8.163324338248685,19.660729560587924
1151.0845286298825,421.44631288655114,8.169945893382874,20.061376333559338
1151.6225826240138,421.16562456445797,8.053466741813963,19.593820459802544
1155.1257150382621,423.7307843755162,8.059737162971487,20.183539432402256
1157.6168401418915,426.0284339808177,8.064839367323202,19.739646606131146
1159.2299970791114,425.84089801737014,7.8698865575993295,19.598626987428815
1162.6338504632604,428.0967194685734,8.005914509848935,19.727683583941428
1164.111336774884,427.40524910734325,7.978810416871056,20.179768981086795
1165.583890934794,429.4667651496078,7.9707380162667505,19.921107631095992
1169.0579463737113,432.134461574454,7.957154931091054,19.73998432529038
1171.545186622372,431.845433656421,7.89920819353847,20.080625922196248
1171.0357825518793,430.7380878341194,7.867806381442961,19.994550071382093
1172.6090961763769,432.85524632776844,7.727582597279479,19.872660374745237
1176.0104477657196,435.6814994316279,7.821045317532935,19.82495075140548
1178.4202529793447,438.02524740373445,7.888376738023908,19.68505678846128
1181.85830696659,440.7612937739859,7.876451732566238,19.06797109107572
1181.3877948086188,439.3297062440948,7.79859912345546,19.014823792475113
1184.7891343120064,441.62274937415134,7.793029704640503,19.50976866183146
1184.4838767377005,440.6036072876751,7.531018775316625,19.42577296109198
1186.9012019806132,443.152998059772,7.563579134889551,19.253942695919704
1190.2333078006918,445.82432940044873,7.656577535031374,19.408873866857903
1193.569839132527,445.69976196245733,7.7185262348411925,19.836059390952357
1195.01227241104,447.9783720477109,7.695098410598348,19.0069413402004
1192.836398582659,445.97679189826647,7.364859067591169,19.395472520952808
1196.0692311503956,451.222315074614,7.633301549866928,19.030598323317463
1199.4344686535405,453.86248192749633,7.606844488369461,18.476030043099172
1199.931912843825,452.9066853058131,7.549043163869555,18.36555305483364
1201.3570086979844,454.5496390293489,7.537301794666291,18.472076758776666
1204.64779717348,457.06752466833666,7.534003131759391,18.53041441533469
1205.165584916398,456.26370270198004,7.423765690689834,18.793297100124505
1207.4984730554174,458.6242730878221,7.441506934658037,18.72385642178034
1207.045100745532,457.6437751532635,7.4131994560591465,18.650402847419628
1210.3134753189765,462.6420208304552,7.443837859252653,18.002185870194523
1210.8221753394105,461.7051731293127,7.3518703231770814,18.563729115202932
1212.249710981107,463.7123091890771,7.308266463719065,18.501429408032948
1214.5671356686998,466.07019937762414,7.313394582957699,18.45075530512281
1215.046854026716,465.4405148917187,7.279420367355442,18.41040645248671
1216.4474918561848,467.472234331282,7.260722877357921,18.33880234538384
1217.840001255505,469.4827104595828,7.271591807975938,18.31424775779908
1221.072379939897,472.19662105613565,7.225160390809833,18.183133256818905
1224.2670533336682,474.9705321928275,7.257205425849406,18.07260177180831
1223.8214528261374,473.98716824885014,7.251617138104166,18.003752399184123
1227.0350264477156,476.59510497284055,7.213166109417443,18.102973487746567
1226.5805678159077,477.81358344475865,7.240708599945265,17.980437743748894
1228.8811945767598,480.17898488564583,7.194903845270801,17.92702761728225
1232.0542252772716,482.8022447467946,7.20131512989019,17.990221970258744
1235.2600983008174,483.300477247651,7.1415302375557985,17.851510239624872
1238.452769531726,485.78446073475277,7.1375764806343795,17.949010078483298
1241.608292810197,488.1867382374727,7.1734446280263455,17.99631846194552
1244.7756910740345,490.67397203634675,7.175682168346157,17.96587106477932
1247.039722086376,492.7989754564774,7.170697442105393,17.955723109686915
1250.233159927104,492.939736353258,7.121932938592181,18.186987460663318
1253.394263103428,495.50109856353697,7.152410757190864,18.10579633937914
1251.1914354264206,496.2206232411843,7.111338699697626,17.48254494203684
1249.9243037499673,496.8908312677104,7.019465062927566,18.026245259816278
1253.0418899568858,501.62848447545,7.084716150342956,18.03452764724352
1255.2869622657818,501.4937065373888,7.0970890892081115,18.133445165767625
1256.6549766610763,503.298312900342,7.07187010717621,18.188282377888186
1254.4426879262862,503.94263253640224,7.07514871407875,18.063863514236346
1257.5872087852508,508.77834090750287,7.101198154625081,17.930631030569657
1258.0370516240928,510.3099404185233,7.123675634204801,17.907468256713287
1256.7695357269524,508.9387886682332,7.020373107239948,18.013913447319055
1259.846142010405,513.75057399572,7.137350028664514,17.91190566492321
1261.2048332183958,515.7330548703778,7.114025307727388,17.826728786100148
1260.8360391088295,516.8977844104259,7.0176370483770825,17.974940190289885
1263.0278721757943,521.4793054536431,7.1268051087995445,17.656372894401784
1265.3054937207785,521.4832320934165,7.059375127134899,17.740563515998474
1264.018526241409,522.3362182762856,7.017267963405175,17.854905957200913
1266.2364189264476,526.9710461122932,7.075791784413241,17.470452605440414
1268.4863630148243,529.2694606358948,7.042031701414999,17.472974030380442
1268.9896677011934,530.937958420618,6.965394290527911,17.487618851054094
1266.8141678291279,529.2784091439039,6.934740166908341,17.649572751546657
1269.0228024749945,533.7673117650679,6.960365185347655,17.56665557456131
1266.8625459424984,534.2831406493633,6.959823685750052,17.68302950412476
1268.1980333493032,538.3405068461193,6.9700554374169315,17.625033167279753
1267.84363593671,539.4436393136441,6.860359133573638,17.76368435168297
1269.1204919720817,541.4732958994689,6.994385668440373,17.371094021278623
1269.6241428749636,542.9416172260924,6.888290913164383,17.566616863438412
1271.8050213895322,547.5533444814382,6.922520674269435,17.21152429060021
1272.3218118220693,549.1625161137672,6.730753125870933,17.2551944326151
1270.068524538576,549.614159932224,6.894116582891229,17.50938899651453
1268.121761079386,550.6371626624737,6.6648135551884025,16.90388987273718
1270.1998197498838,554.7013583683657,6.883761777756945,17.33508657396851
1271.5201369561264,556.7863063912309,6.93576812892843,16.763360136280426
1273.0036172443556,560.6044409890718,6.341558301997338,16.88896356567625
1272.7095733714896,566.3522299476668,6.209456464845971,16.50179916614934
1273.15106300035,565.9906427181712,6.096958390845884,16.31339786716478
1273.703161567786,570.0860488556386,5.754733920417493,15.792643860951102
1272.1531854030623,574.7806127037973,6.526753361021065,15.8044949662426
1272.843857764505,578.3972289800222,6.070439272660906,15.589578280037927
1273.2757537851985,581.9204653733013,6.045422203160797,15.31778941862467
1273.8582910781934,581.3958724373946,5.6070198541128775,15.647881312739173
1274.1235384257325,584.7157529608676,5.847639617125424,15.864340417618791
1273.7224423020411,589.8147275989986,5.927435352498378,15.350106859687912
1271.6274518157124,584.907668219712,6.34106418143233,14.646758429736565
1270.0003238013978,587.2560802867392,5.902975590266578,14.30536828066488
1268.347191040396,587.4630960263135,5.645672153264059,14.238819847123978
1268.135994980621,589.89149121489,5.5477448957781235,15.780524997187285
1268.6212091617672,595.5156230391294,5.5564535465059635,14.066000362698105
1269.1394946554994,598.3673999013008,5.47692670237052,14.868608845961717
1268.1888603852785,603.0899568424078,5.44360048589806,13.74302156705346
1268.0036784269832,603.9230477752262,5.35544921642213,13.44195421230711
1267.8222270342249,608.166657966641,5.280881004122421,13.29797167720676
1267.5680641568536,612.3894282408517,5.314215812661814,13.08222537688971
1267.4145109125845,614.745538126351,5.1953739302973645,13.981350255210373
1266.5250418222904,618.99103553855,5.1794293599805314,13.796188718361918
1266.3456474967697,620.0524624958442,5.134252849813038,13.226088104438645
1266.155593829995,624.324344725309,5.106661307770537,12.68154150628925
1264.71333939645,627.9110666025252,5.018432683259562,12.499136066547294
1263.943687694732,631.6830669563626,4.958701181236165,12.328114071716982
1263.1810680899432,633.5981349562417,4.91255478436301,13.343458603321096
1263.0028999777905,634.7290764283678,4.9649699575802515,12.77261720506442
1261.6405232759314,636.7502981107137,4.819505716066715,12.975932114828879
1260.1076409829852,640.4566422599803,4.943308328079183,12.732304121272364
1258.7533060286264,644.176232201994,4.799194138904113,12.218261065760998
1257.2611660098846,647.7065819435429,4.91355914105452,12.076142055066839
1255.963843885216,648.0641976954204,4.719133958631801,11.912411558910321
1254.5444643224032,651.4778768061603,4.7764315680146865,11.670881944214898
1253.0603293674492,654.7354615575342,4.973596336659966,12.130441414571465
1251.6341485312853,658.1308302341383,5.032566346141721,12.497974129381646
1250.3460759960653,654.0520221907536,4.8776391720102765,12.225353965729482
1252.6172307351596,650.9288747587682,5.052339852344858,12.177189450539572
1253.9006149450552,652.2926556735664,4.674409575788104,12.358833811504724
