328.0,261.0,39.0,77.0
333.5135174021125,265.07886470109224,38.5802987809293,78.35186052921927
338.8046304460886,263.69965700992395,38.86921538718457,79.42724903715657
343.01056861827885,261.11075563339386,40.14806556130884,79.9433696629693
347.93382033185924,257.2789318443717,39.03168963660835,80.60572445979972
353.44877718355104,265.32092151645145,37.54056646943337,77.91000476739441
362.7976174510427,244.45299465192988,38.687268791157976,75.59878822399315
367.49635675236095,240.39037531656845,39.6070168374406,76.49820091695392
367.9361079833426,234.9864202894853,39.60839373374802,76.69280184452145
352.7101233133135,223.67828935207547,40.36280572914529,81.10960932082526
357.44555491946085,229.08735862666538,40.246127784020985,82.70492848727724
362.2695179404942,224.55065996542817,40.143202245813995,84.73077186425775
366.71495790172503,220.16056718567052,41.96335499276029,83.73908260788494
369.7049710574686,214.11714095030436,38.375288507325536,83.15844153831449
362.76006763908254,216.56202615158435,42.25672651535979,85.27588833621081
368.0488972612428,221.47050485817215,42.11857804790566,86.25832034358945
373.3730773896226,217.4582327244404,41.99688287422123,86.22051964853182
374.8966265269053,211.8562267168054,40.40186538981044,86.96692584806146
382.159077873177,216.05601022964515,38.21296818479459,86.67710158219023
381.23614156551844,208.24477040516717,41.41582896130933,89.45220428828532
393.4995474918378,214.96646311158952,38.91830332326117,86.98585696162837
392.8481334562796,206.8603718909112,41.67825399219191,89.23848549716826
404.76035707819574,213.4770772676129,39.90167364929948,89.30558234909404
420.9916813505693,203.2165171002838,40.7744279745736,84.28538559793935
434.8826096763562,209.84941966322225,45.357722826003055,87.6244657808466
439.80726388093126,204.77179136341226,45.697754232011334,88.17732465275424
458.17226481899814,184.36816945941587,42.32994771967577,82.39705786088928
451.93478356928506,166.75966963777861,44.05052562607335,82.79815634639732
436.51785002983286,148.9930486473903,42.88593025592752,79.97434931438124
420.2105880278514,157.83677554005683,44.05401759868357,80.44670690756968
417.0785624439201,158.39636988506967,41.348390613957804,83.78410282386133
423.1069820749402,155.39893818287817,41.37201124290158,82.11612595615588
429.41272580504665,160.007509633851,40.9232495035879,83.18518463629971
435.2538369269578,155.876699460685,40.95837223598983,83.81796025997383
441.1996997676973,163.87066797909648,40.54646201329177,78.90416782756103
446.6498434188585,146.9104687074593,40.613061214922254,84.69968756277027
452.37285251224034,154.52220356014138,40.70792189463657,82.11775316204765
458.0352358475476,161.10024171793265,40.578630401964006,79.54102083041784
463.97909865747386,155.75601787405134,40.04007399889599,82.08571477950343
469.7354517884156,164.35498258423863,39.883561956751066,76.09310341706461
475.40720603476177,147.69485091803887,39.70969741300439,82.28394577671224
481.13835578418235,154.82747218293144,39.60613112092,80.2512873308049
487.01715948278337,162.6646847823083,39.290913067876716,75.76747982430766
492.46868202616474,146.81255230990573,39.34656781698027,80.72753000727627
501.7535010847578,167.23518657092404,41.15122556423728,72.54662781154184
488.2396433171914,143.16760656719543,38.9410395330583,78.83478169683542
493.84223168310456,147.03864030516115,38.79224006488329,80.54073330796513
508.2046441120701,145.36599439647733,40.18689708850684,82.06594215309804
523.6896531709001,155.74918788828955,39.851804161053224,78.02780576797278
532.4271158464173,164.3224950190771,42.1047733194614,73.49213886232792
519.033207272859,140.66422537207205,39.21323745910729,80.80276452030617
524.3590229544011,145.8462665430715,38.950338265423284,80.91839660024803
529.7802258180884,143.69577297942635,38.6370667252645,80.87524459321378
535.187779880864,148.89494767419404,39.10606520436079,78.43362150017131
540.6634727887695,144.54167786798502,38.6962695516886,81.10535568897961
546.0826747691639,151.6479149921347,39.79307519075883,76.1149318366866
551.9805106918811,145.09153445827292,38.5619333219355,81.5721547396709
557.8019532614832,153.58069637820591,39.017922628431734,74.40835272306089
563.2941188252678,146.48609681578148,38.42663732669939,80.63002392862919
568.9771727612178,155.36668924144394,38.7470056614128,73.37436641613166
574.5323901874026,148.3824232580781,37.87161749137613,78.91351599810355
579.3957254632813,145.2543190402735,37.96448426180916,79.76606977621938
584.5270179648403,151.61627432676562,38.5743493908451,76.34765166940463
589.6563920938707,146.1243734045193,38.555186353619206,81.11055104232634
595.4071195354234,154.1438756573755,38.57211841302296,74.85636276437512
600.4475008901838,148.21919787382512,38.50378262134802,80.57008426027883
605.9499649361677,156.8399843651723,38.66648481032939,73.91278193376138
611.0828704183023,149.82919204258954,38.127858844409275,80.297517340713
616.2858909264642,159.06414325323374,38.48655866946774,72.49479582020172
621.5677424939224,151.07052056684051,37.72958043309586,80.1964167837312
626.5757817886724,159.88155137069919,38.4845262965996,72.90541247123736
631.7804381156171,152.27425215179187,38.15233712632073,79.70114805806026
636.8956750855654,160.9025470437597,38.54257846833548,72.58716052034387
642.0687623358718,153.16465591718963,38.322531859623155,79.70497244899903
647.4023122621485,161.8754211178263,38.29018107116747,72.2058267468114
652.3212639691419,154.11473331501634,38.32532367860722,79.87308643572806
657.5027164425937,162.77535292984558,38.53807389326823,72.29732943218934
662.5277428158621,154.86047433299836,38.59812424825668,80.22086410444945
667.7838728543909,163.71647638604605,38.583962981457034,72.35539034555029
672.7729905171757,155.90248108939454,38.76880259151244,80.31862947405784
677.8847457677199,164.7347853987402,38.781962387044246,72.59282066105186
682.6148811698182,157.09463844659473,39.09336782319008,80.29211504877338
698.032879397239,178.78906522104688,38.74093754335104,73.30944692657508
703.8344504946144,176.09816096868784,38.056230857754485,72.35180913462017
698.7518320444378,156.87374839724282,39.15353690584254,78.08362840307859
713.4153872262382,177.97357920920876,38.82432022981948,72.37176494185405
718.4720051071307,173.5509070266972,38.673142112655114,74.34359630235423
709.045145033867,153.08654866482777,38.957795496835615,81.14312347355587
713.7025767079344,158.65581517049714,39.83173908638719,80.75300594900477
729.4538995757312,181.1083182584821,38.7819910001615,73.21936204385872
734.3152837306347,178.0641818006609,39.04492873898448,72.63203283462133
729.4803072446671,158.87272152180932,39.163033414276924,78.4326291869263
739.8791507707847,179.64736768466855,38.691118162753696,71.3828851578836
734.8045357854784,159.69485809487855,40.08151796577238,79.04606506612504
749.6591958483563,181.38394656570892,39.516089281140125,72.55200457343082
750.7578291925538,177.51348084351048,38.19557278162904,71.55213855416514
745.9984071357644,170.74102743885032,38.87662970604299,71.65926141401269
750.4267846402054,163.47241966230104,40.4199612261782,77.69007486104351
755.4660729820885,170.7940171476498,40.30333933451959,75.07391565971602
766.495087140518,179.04549531788155,38.44242154549772,74.56733128901448
761.1292501163944,160.12090139340944,40.362068503027785,79.17767836435632
772.309477971668,180.55417925346416,38.33154353101111,73.6997906412771
777.3447005720669,176.83573197471048,38.87663544156101,74.42726851234846
772.0241914222254,158.26665979239328,40.728847999711434,78.51091725814206
772.5645214538606,161.45929114391305,40.75695449511818,80.122193661996
784.6752056229702,183.20130027407913,37.85897151218876,72.4210668015719
789.3080955461359,179.67545954587172,39.00236725953687,73.45026259180099
783.9764159665525,159.40382075144805,40.503558321335845,80.01019056665342
795.1374381672122,179.32135184903626,38.91644732112104,75.56473542046064
789.4814124388422,160.00795449030483,41.16036598749258,80.48399712627713
800.841258664101,180.6263174581889,39.18939480867243,74.92517523504927
805.369975988639,177.02635634881813,40.520522141573565,75.22689360493678
806.8411198924839,181.9720409920175,38.84191246130797,74.80621042588277
801.3995438188065,174.46318827134542,40.9699020531275,75.92672944031506
812.740167084808,184.44750576200613,38.961425037200684,72.79293112886933
817.2135272567414,181.03718223056785,39.947078316947,72.63311730496957
818.8006906213504,183.3233890640224,38.34581724347231,74.28489183144077
813.9099897653641,176.20610445631564,40.0089301727852,74.45983724141763
814.1769695803064,173.1961779242804,39.81150973186732,72.50568154496474
829.199451021117,181.55417875927424,39.35539380223611,73.63172333042075
833.2056333862838,177.87360547079362,40.58434790279148,74.22972214533175
823.9954992584812,171.03699118821294,39.94635861019481,73.78623606521057
829.057986811154,177.4330620136027,40.06743575738392,74.15962944436697
829.0037694205264,174.45275939232897,40.212099966495884,72.53215466131155
844.3257926868838,183.56218215891911,38.939655787877314,72.40409362256415
848.6566509072829,179.6986288637495,39.77621206038543,73.23329483568125
849.8999776289278,163.15531288503124,37.83315954842067,75.26778282067735
844.5699800734848,175.07137753862645,39.53426523989458,75.36674462523803
855.6283674508035,163.60709553570214,37.66533917931338,75.84295582973132
850.4691874422326,174.1184150126974,39.36936239634417,76.60536526025669
865.3401149039772,185.88323792575102,39.124297216653304,71.55181227490175
870.3179744449773,183.1428304937349,38.9300834079487,71.01699512579125
871.6286973174975,164.99383986546064,37.85730987050556,75.37132007115255
867.1141886337025,169.05034998600377,37.82554788933305,74.10161377577077
881.9866791662777,166.9274186132425,37.50937154010603,76.15135055832638
886.7779905154754,163.92925340405472,38.146995531434754,75.4851253192746
882.1560020626328,176.09242242093183,38.62497623709362,74.6585418562193
896.8142415446487,186.7554723785418,38.57980656717234,71.062958105142
892.1268731669294,176.90183587327942,38.83995592496433,75.19210549363697
906.4941488940466,167.7336941743313,38.92022842700112,74.86736188581239
911.9867183271921,174.40543681667793,38.556993392635945,72.94231357588495
917.0657981936968,168.4891065115332,38.63019849314196,75.7142226763415
921.8374343345515,186.4081658185678,38.86508484074136,71.52408825335272
917.203723196375,178.3656100826728,38.66930484512682,74.26301833037627
930.8230560353682,193.7721537641237,39.93542745909531,77.32081485537492
947.9292142794748,232.7815059108015,36.25167684988901,75.83682564802183
952.8786115675518,246.6005320265708,37.49703403224078,75.22733099866392
958.1780907628747,240.53027538866695,37.23229543307002,78.46729635526145
961.3497340815027,238.2768691608552,39.565104594419154,78.0215998211753
965.0517336290584,242.9367758018244,40.7030161232301,76.46438871845521
969.1674470656167,239.16125520149143,40.992518434814656,77.9759988695318
972.5340759480596,242.38281985441938,37.10869800098749,76.65672793818021
976.2099521501295,239.2946036070386,39.48210269074116,77.6884394689211
979.3645313596489,243.4814995448937,41.82142073046248,78.35929611472503
982.8397114798645,239.26804667104216,37.49801226119098,77.26718179656979
986.4288293162688,243.58289528224242,40.348941904744834,79.02848972282908
989.8883201428848,241.65162034528691,41.861256755417344,76.48722564820571
993.3934857186077,243.4733719009699,37.913746142536866,80.31705992533452
996.4015256790726,242.23743516496643,41.18636488466177,76.5352896495018
999.3532536872017,244.6296846777799,38.312375799452184,78.87961595783338
1002.9808579471714,242.93787477699573,40.81257194329396,76.36068368506625
1005.9354831314986,245.45917739978267,38.03008112147427,78.58342136480587
1009.6415646413445,249.5394931861572,40.30925385080877,79.5586470280665
1012.6337983730925,244.85364838210393,37.437599134073025,80.11910795251822
1015.583454703165,249.77193781807364,41.11975274257543,79.63694857183282
1018.6882411799779,245.69600935344874,37.836042744945644,79.02937380426408
1022.1325155779205,250.62011248260583,40.81239430198252,79.03746197522779
1026.0134691871936,248.43493256146604,42.04172417958716,77.85037835521399
1028.578596651334,251.3424360039486,39.32853864752451,79.1554808663804
1032.669889508116,249.58439219001434,41.20205868107564,77.66677981931093
1036.6405286021563,253.66100843353104,42.30821524250382,78.91796450125696
1039.8562620954453,249.67600387999983,38.458261952103385,78.2922718238242
1027.2858068266032,242.7996025272518,42.79472659450221,78.07541310477478
1029.617273666488,246.87761795392026,40.627683223965505,78.40506897719087
1033.95148452159,249.8937516505688,43.151220403996376,83.39678014785329
1038.0973937842573,249.88590948342835,44.047670673691755,77.29541976596988
1039.5876838822273,249.31884329615912,42.933628116727505,86.81528737415488
1044.9863673700718,251.03476127128755,43.46620750230909,78.07648817588432
1049.544482202793,254.1546842220826,45.03358507952635,82.51339899797489
1069.4882809365427,264.5034614187542,39.827339446303085,82.54312937385168
1075.1451235874647,262.38388367217544,40.495389768735095,80.67022268852486
1078.7796313194794,266.5636835870624,43.15924825595039,83.64661129763789
1083.6348130467632,265.0296390790902,43.37826543941242,80.96448209900484
1088.2000688985881,269.43592670145574,43.934434147907496,83.05222211239254
1091.2214142155126,272.21451166561144,40.58853434359253,85.34390736986546
1097.440539689677,271.027820463145,40.68772657921477,81.71290269688876
1101.5078910193806,275.78353449326045,43.07500311657577,83.44824258465218
1106.842269060946,273.92016542518263,43.05544230870237,81.79281686502077
1111.4646895314845,278.87199010508095,43.84954086971311,82.9905875999408
1114.4445627320579,282.00692099237614,40.78945934065928,84.8760401128323
1121.1076274624634,280.9591328578408,40.594367213765054,81.5833612416368
1125.204555372798,285.8457300779202,43.063844038234265,83.0652901930523
1130.8210727694805,283.93306480367517,42.90713241439653,81.96757443541185
1135.3551157130387,289.8356389830342,43.93288838651824,81.77131394906172
1137.6682252486069,292.7265935182156,41.69132122737301,84.71112617654165
1142.517000135783,297.78649359894916,43.355744275888355,84.27293733324768
1148.2026671013198,296.18592273887884,43.48922193997123,81.88878110584136
1153.1545033780203,300.5016598620402,44.073457989182316,83.38010206380494
1154.6046960366996,303.6995694408042,43.041077906172404,84.89773727774264
1160.5383934338508,302.5219663199766,43.19216073799748,82.28393148514749
1165.4492438452073,307.4703715621909,44.08575972021549,83.30784273281546
1166.5249939950334,311.09271023878364,43.54941678272462,84.44841464034772
1173.0637033341884,309.11850806602945,42.665495944023405,83.11735002993754
1177.863696730584,314.77629120212134,43.969516966609035,83.15314804056516
1178.5324257232164,318.41237519141134,44.00819664503115,83.92915352376656
1185.2036963019193,315.85996063937705,42.631224319854255,83.36659821417982
1189.7695252235821,322.0379824616629,44.18798829117577,82.95955791836184
1192.5492800557045,317.50465727608673,40.64354800481442,82.75135355666248
1196.8047919820513,326.3880157513113,43.29527116664599,80.02840137400199
1197.9890810999811,328.83206644012796,42.5434573748455,83.22078133407842
1203.105524394906,326.3748601044674,42.92716950591398,82.42335413254722
1204.6601429982545,330.74838061508456,41.6686056799922,83.87832520642763
1208.9861979000166,337.0028232183091,43.69347255076036,82.65148960808591
1210.7096604901758,332.72635396654204,41.62001047074409,82.18075636208215
1215.1774057385646,341.43643851593197,43.34029416704698,79.07927535644706
1215.809458587596,343.215217070583,43.023061726762535,82.84279306920325
1218.0624697509247,339.6309589334394,40.66703600148753,81.1192751865276
1222.4242165597411,347.7237321807592,42.822789975519754,78.86480692800234
1223.2076862122335,349.41402836532984,42.31603218384703,82.74733911857157
1223.8481860621082,353.3881614397666,42.30301306302181,82.10867244495608
1229.3941282462615,351.18515729902214,42.31640537715293,80.84586667251261
1230.8358310977867,355.0539430793632,41.194665087657995,82.95613204614733
1235.347897211277,360.9003673802301,42.66153098364862,82.19464611508829
1226.4038777581823,348.5157470901237,40.89182619090934,89.01675954130786
1229.9971643630488,354.5580238225234,43.623882554531065,87.98473723944659
1231.8999242978134,356.9491724808529,41.66729946821124,90.79919124946628
1233.664793656912,359.6623470488207,40.763723968264,92.90751368337737
1238.6686988152946,364.72141095022994,40.25613963063279,92.37961711200967
1239.4706698852938,367.9297267137772,39.33576446170946,93.61779855622626
1239.0722476326046,362.4546173691533,39.67145167620038,89.92693164181753
1236.1874136362603,361.75107426853197,43.965977198175096,81.66652196922621
1235.99011380611,365.17503477806076,44.36429270003282,85.57377137247062
1238.1977122401308,359.8123449462637,40.70314025743437,84.69548532408771
1238.9232252573522,332.3521573213002,39.676337849142556,80.47766564371705
1227.9165827030938,313.38041159148145,41.2476521028384,82.24468575504807
1233.5419850610679,320.6841839557683,40.97716311002023,82.10150062039077
1239.3738135668964,328.5391678959606,39.23772300050132,79.8548201688854
1233.1644061388688,320.8847432437892,41.669946692985604,79.83976261186274
1228.6881568519316,323.3149729506167,41.2842262217016,79.71092855204915
1213.9619599208086,343.25572742272107,41.03279812527194,80.19348867911503
1219.7350126768665,358.2165355549175,41.21983528022656,80.42142206240283
1225.7740748778124,354.1027356046532,40.48398135959383,80.48245891470555
1231.3642129587652,360.42527615641484,40.58814441705749,79.61514708244977
1237.2281818015172,366.1341266085211,40.47009005736254,79.4652631665366
1222.1443896193987,357.3003987737618,40.130407915891965,78.37433825523362
1206.1131488036199,337.1618301199795,41.450847446137914,83.05088987369572
1211.6723143151244,344.4700455347394,40.82497146705191,83.39175289701956
1217.7181680830274,352.8649566230997,40.34424839589633,80.82080595771913
1223.8235002164515,359.0344656929321,40.14650810414196,79.72501953345323
1238.7485620150928,377.75316732523373,40.13162855517294,78.94878540488668
1238.1609470730496,362.2366375861278,40.36536855716008,82.6518404845607
1239.9439317454994,367.207644853076,38.145489927801464,81.41622060149018
1227.5641622149587,379.55171449684985,42.98063839618749,83.22511238414472
1233.8186117092484,393.9816040314781,42.030135279811475,84.57332304209115
1236.4463515106809,390.369119661182,38.687430285643586,82.83979806343996
1241.1770368624238,398.6723934565715,38.18025161514015,79.72440456766083
1225.958496753641,376.97844608400396,38.85708133670278,80.53299721306297
1209.2940575472385,346.66699717083924,41.54888784327113,80.01638635413434
1209.2811192764184,351.0572386049953,42.08490539196737,80.38271978820671
1214.178916213295,355.83070131199213,41.93967272527334,80.96518229053379
1204.548133974447,368.02735244489725,41.14184000896671,81.83788972854859
1205.6025946830023,372.83620474650576,40.46688420487271,81.77288053594935
1215.7644930680844,360.29855890840156,41.520574907362516,81.80081641102817
1207.440245031772,372.6020263686727,39.44509600762103,81.70076669547609
1208.1433851999068,377.3869579458736,39.73650488191515,81.37183580192516
1217.587159571237,364.648512992651,41.8411983166352,81.53617404026448
1233.5221130244304,362.48196241500045,41.21817888701912,83.96482975398158
1233.6797304089905,358.9485092912346,41.669692200925965,81.54221681111358
1234.093380682476,362.2572167074826,41.720453872303096,83.25307763734963
1218.3322663915678,362.5805972120901,42.58911838341555,82.80408532864158
1218.612259672463,367.54084500580393,42.82279784139405,82.53205548255596
1219.7716623867273,370.95356668303396,41.68262579109614,83.24519443897816
1209.7224077954388,384.00972919437265,41.53532851957698,82.94933590394862
1209.6579161024001,388.8497425850744,42.04547961097569,84.18062431977194
1219.5272568492196,376.24146519853167,43.70000375060181,83.09626787068123
1210.0109827356805,388.65777966394785,42.190298850981435,84.45639519569727
1209.9047682754915,393.5167085783809,42.51267223939044,85.02340998183502
1219.8937978814347,380.9157068406121,43.92528834731593,83.69972675354802
1210.2571565941016,393.35487735359106,42.54847966819921,85.39526386384284
1210.0740744241107,398.3804311912145,43.01721189080081,85.73451117511331
1220.3279350466491,385.48892724013604,44.18728267365441,84.70003237286346
1210.3336594619086,398.1235038643472,43.12681760918622,86.30650925825012
1210.3000294790822,403.4081131964134,43.33231040608689,86.37304669157373
1220.4689594083675,390.17182172990783,44.69727846415981,85.59073720127799
1210.4571737500573,403.26894297961786,43.32324010127968,86.41141832670911
1210.183658991474,408.4611076376851,43.96545380603425,87.75764965511723
1220.5868394531412,395.63214006170267,44.94681174347397,86.09073013584134
1210.3363232647262,408.46958935231595,43.836171873613466,87.88348383261746
1210.022256454662,414.0081297256689,44.446660593670686,88.2595403588839
1220.577707525983,400.8461763013013,45.3512625657454,86.98846833407487
1210.2876829354,413.91915999099706,44.06332323546667,88.40895941809208
1210.0004642704366,419.57158664133925,44.686913833272456,89.36308194397196
1220.5773611859554,406.293977486923,45.63126671348164,88.05478955307854
1210.2823038021302,419.56301757658593,44.32295898586608,89.19334504983175
1210.0337798967942,425.21746504303627,44.838147784442526,90.21699068634513
1216.8657932178758,409.3003405034969,43.162938639619824,92.18627276029201
1221.2873676082254,416.61721178877207,45.68970472591309,88.8485720799477
1210.2297430577971,428.7303946344341,45.16293437719128,90.97342986688454
1209.9249182117094,434.1631415748021,45.527536309609104,91.2943269905885
1220.7862655776962,420.48240397795456,46.43483579160875,90.30504542655308
1209.9701700425849,445.60603604350763,45.87767274292651,86.57543874834437
1221.149906065864,428.9650876497085,46.1887234686526,89.59813945197811
1210.2866108478095,440.4808039636033,45.63022816093553,91.97356839416136
1210.2560615130496,445.5185261086076,45.571145148715004,93.10917948855149
1221.0486344255733,432.1420449386924,46.849485818218,91.42658773195762
1210.1121517877582,457.5549414360685,46.208530251137745,87.6732361390932
1221.3166977010933,440.90048630369324,46.74908970230581,90.43407345507148
1210.5196941028319,452.41046733015446,45.92336497802694,93.73531698768056
1210.3812518488712,457.6602596966611,46.1424205974929,94.44238875584097
1221.8097230151338,457.7944958776259,47.47681583399799,88.59013343081665
1210.6514420385251,470.10887441571856,46.409344869414326,89.39965796701722
1194.9350175380612,466.4686611128218,44.954060499329216,92.70487313464446
1210.8960863492975,475.85130075926946,47.937470476263115,93.14645738984899
1211.2535279902527,482.3315728239644,46.79698711907122,89.05542427383523
1211.9090463076598,487.3740377428753,46.35981147851908,87.52052491213703
1196.342442714369,474.5641538301761,43.78431108299765,94.39061211183434
1212.9388350981453,499.1027090656215,45.99610275641135,86.47847431483535
1197.421727747576,482.9173955601175,43.59627037281507,94.91799235524138
1198.4515756356723,487.8714695519998,42.2938514024554,96.75826487926133
1198.5371887971778,493.1629074143301,42.87090708547112,95.01198633153786
1198.7579196233314,497.4656742725433,43.06941636344345,94.72775474113587
1214.0080359418935,510.0596549327265,46.210159990460625,91.39435974366643
1199.0514809361357,496.27704806284964,42.99438909789251,97.28929766361125
1215.4047961426484,522.1008354795788,45.361741946356005,85.97564155425789
1199.9398012955812,505.52603667162407,43.35121655582543,94.86839849814396
1211.154907277565,505.67390687831096,44.72445322888939,90.04667774567565
1215.9748174230483,524.13055780736,46.16810860200894,90.31549753641025
1223.4557737861614,509.9798057057962,43.67611570914232,88.24556937528706
1227.4023713373717,505.8801632008908,47.29012041455803,88.56377735035494
1217.058395100061,529.8106078081889,45.82807749289941,90.36802674695514
1227.6242005926033,517.4786160718938,47.58503855769595,88.48934420076125
1217.5631678458358,519.0299068734316,44.219867722396884,91.43147432997239
1227.9437336117608,527.7549875852698,46.894950798096716,90.44345431604631
1228.2366908316546,524.1078652963533,47.11901676516868,87.8996065189159
1218.4082421860198,547.4470962167987,45.903086023289234,90.83487983911789
1208.9003474305107,545.1765518862624,42.58387228315428,98.53217754647358
1203.5000140028346,548.5891984131704,44.498448288965164,97.64764922507402
1204.594200181993,552.8975833090217,44.18486679875059,96.7191888415266
1221.4164090248228,552.261644225516,45.0003096819496,94.84577219559105
1221.4015007996645,570.6938064465354,45.929926687416355,91.64485075144876
1222.4841012263032,576.8205808722441,45.65001751326736,89.2362474963436
1222.1897456251063,558.0965182607395,46.08952009175164,93.79237116335378
1222.896481469692,562.0204641814568,45.487792939261,95.60133645651536
1235.3968418111344,563.097575748526,43.11903168732806,89.89684873383396
1228.1928695552476,589.4491508277118,46.21914698828459,90.23868958679179
1228.5216288954625,594.776203552732,46.03227893914686,89.8427588819635
1229.0137407461218,599.7454274272786,45.73813089391183,89.24770809463098
1229.755222046621,604.3218549392496,44.92647027970497,89.3075133566673
1213.1061951257834,594.1896062371148,45.91252093773642,88.67342779650573
1196.4711413324937,619.4430000152784,45.97392299822218,84.6614470384834
1214.6777641509202,605.8329028784815,45.52907112589992,88.29203876159431
1233.1127964526975,625.9693300275231,44.01691669858633,91.38484033034672
1221.649477083134,608.8612448993463,44.1865071695936,85.32181441338093
1221.530075580266,614.0605721525776,44.2886400075447,87.2427292950249
1222.183460244956,620.6973365570786,45.100185719833235,85.45496321226051
1228.632847207757,628.9771089937421,43.383912372559735,83.83218314463738
1224.0692199706489,630.1942582513011,43.754950770915684,88.43232103446792
1225.1571850981163,635.1410536122565,43.56928832472818,88.74936580450026
1230.7912881954705,642.5509475793285,43.08019642475438,84.26765133025924
1230.9830957253962,636.4690662950967,43.80243481712023,89.25461910689398
1236.7453414311547,610.0932033424087,42.060469590217735,89.01731599390814
1220.6216211017297,611.5922035027188,42.59267545921898,86.68856417561437
1231.6615515712017,640.6807754339836,43.146148546571794,88.23434704850342
1225.9765126106786,623.2089157933129,43.57997352801249,87.87637433088184
1209.9471181777676,623.9273022484249,43.403466756608395,86.20198132421501
1199.173346010362,639.1790967447155,43.93733172562588,83.14089765748122
1216.1046087345196,648.0932877552875,43.35241943016172,82.0474963509755
1200.9717428878866,615.7187330628866,42.09390782483638,82.25348612673201
1183.981431540858,616.3374134504256,43.021981976442476,83.23370676385241
1173.4434786878794,630.4488711975696,43.17135955754634,81.68413557377562
1158.5889146007405,630.731402490851,41.666110404644314,83.63904615079821
1158.3956944634663,626.8085760072876,42.496613998723205,79.44327334796901
1159.1402700322187,631.6086124729184,42.41130276608283,78.96900451490615
1160.2618926796713,636.208015416383,42.01766324212076,79.00871292475813
1166.1518261762787,641.502362517729,41.1042306403981,79.63752549673518
1165.694953320064,645.3141563066551,42.12395973933326,78.05881824361904
1166.3770222386454,649.3228678093137,41.79901815598873,76.96645336889924
1167.4832990186806,653.4338586330095,41.341314360528486,76.58787890434724
1178.2874915472112,650.4809871583348,40.903026354998474,75.88218512337335
1183.6912653011973,649.8573710562032,40.616378409997196,74.23707455715976
1179.8603494120443,653.15258051653,39.26225441671295,75.17730040283823
1180.574711141153,659.1593223550776,39.11222775059855,73.2300731715477
1186.398269696524,665.9417402455933,38.354307253785464,70.1729787932818
1191.9104424882773,663.3284286639532,38.63638471248464,69.09179405030159
1192.9563648852268,669.5738931706464,37.421138359701445,65.80731872351771
1197.7693791206407,675.8112223301841,38.029405980317506,64.86785537592687
1208.316074899217,682.4065311149775,36.35109610565678,68.70485241711685
1213.3123997307457,686.9786302393659,36.2954345657115,71.08130241588333
1203.8533127950511,682.8013542332465,37.60779701766728,67.25622792048057
1204.5270202182883,688.7003756544098,37.45958981056856,66.69512055824657
1209.7671352196573,694.4867664894514,36.5984070225893,67.1015159385131
1209.6300642475946,698.1118220911449,37.394581528222034,68.3932478930351
1210.0249282689374,703.7204793478934,37.35443014309567,67.24082700617168
1214.9202666585916,711.0202999277651,36.81939180048175,66.66710032661831
1214.9772756777402,712.9002039876109,37.341380601170385,70.64312976985354
1219.7410627643962,718.6583534417206,37.200996185669055,69.88368825272505
1235.3346857394322,718.7660966065041,34.23240366869891,69.4313462539277
1240.169524743852,720.7264072770631,34.16506468675516,73.64712282444452
1226.0362091026382,698.8934705327902,35.324389599649294,68.13121189284993
1212.50943218709,675.4275507518025,35.12439773152187,66.70706214718302
1199.4902785508361,649.7398248771306,35.4218779810908,67.61519646999432
1186.9168587657318,622.9595099617065,34.732825984714054,68.19419502051369
1174.2059757178815,597.7808384921325,34.57778601495511,68.29347041828294
1161.360529943618,571.977753613762,34.813773131676044,69.03717057829056
1148.6050873951656,546.8036354088892,34.93749265469182,68.99750020789725
1135.8783862003875,521.4207999330006,34.67028753787963,68.32515452411462
1123.1899883577023,496.0080712468307,34.677725115215935,68.58897844226681
1110.3751972470625,470.2452102496584,34.88702307872518,68.65444818005187
1097.811613338015,444.93450866399024,34.662853167297726,68.79711466348459
1085.057261835204,419.8774978959225,34.7620450083748,68.577174864151
1072.4395284933248,394.2578153968891,34.653641603433016,69.16584803685191
1058.7214913964776,366.6824019347016,35.501219642248316,71.72675989205237
1046.2005176566504,341.0852340412493,34.353515844890126,70.0016090307227
1032.7952272383134,316.49449551584485,35.20953924171272,66.7502968446347
1033.3531849184042,320.21858325561,34.593687997523375,68.25382384218392
1020.1607903558179,320.8879410380412,35.0633672470708,68.34504791780313
1020.7580911240503,332.3812268706331,34.502699672952645,69.1437684127776
1021.0429408871204,335.65889302452945,34.456469115734876,69.2724619249633
1021.2417327350704,338.7819517175638,34.523937899857856,69.3545951091026
1021.7170261842382,335.2589195913007,34.32713453287829,67.6815933113154
1022.4532430540396,339.50378183878644,34.09023721818107,67.11662127542473
1026.389157784166,345.05298883599085,34.99280872582085,67.02427743899926
1026.5721971217597,348.8508772351432,35.09404241360039,67.632313192975
1027.256821623413,352.02070785989577,34.44868603339387,69.44345246008504
1027.8766818292659,355.2025472067171,34.01781982325065,70.88330822642831
1027.7826004340475,359.32445516551616,34.77105602623192,70.59524883294216
1028.3319018531001,363.777526675628,34.92668049635063,69.64624322551367
1032.8675815673132,368.5712410814499,35.1093810471325,69.38707629348187
1032.9927047741462,365.2325547680193,35.13442279980427,67.06634191977798
1029.5486591072208,342.94863166088885,34.33439067066024,66.1808148133357
1034.2523841396205,372.8926237064495,34.39035813804048,67.77560444270381
1033.9832491000686,352.23247828159083,35.35802494086852,65.16500357723135
1039.0817884613718,374.0649787774855,34.014168604485576,67.10866678205139
1035.496542472699,352.28007485093804,33.28022893387583,67.67032033341218
1039.903387033845,383.13696134199245,33.85057370619302,66.0090120377813
1036.1369682266386,403.1335622404853,32.53152268979011,64.3351597756996
1036.2308658294846,406.9976903941514,32.50645171115639,65.27373534033336
1036.2912370405904,411.3535682105858,33.77855970554833,64.58439654909654
1041.259773402287,416.7263977678733,32.21593667888328,63.49286017882099
1049.6377303170887,397.9093208623209,32.34931863294173,64.52425971233936
1049.9023799752536,401.34402852857954,32.752624603515414,63.668367618910224
1050.7180688914689,404.3646900360518,32.49944193431179,63.46723071087132
1046.7943033640945,429.1609074043031,33.27112775731166,63.94911951884342
1055.9640435687609,411.0108552390013,32.02014383589244,64.48608609271304
1052.0007004905315,436.637384422805,32.69278734265981,63.21356279982922
1060.8060530135072,418.1781096290388,31.69645531034803,64.0470473854084
1056.7584719375795,444.00920289625446,32.254089015912086,62.25232628516051
1057.3093189306257,445.8222161365194,31.650568693414016,64.64715177182313
1057.094950095103,448.99541119741315,33.182360104284044,64.63589268292316
1062.1350523701249,454.42098448183197,32.0936390068664,63.89594827134465
1062.4711701848528,456.6363281592469,32.71202492735756,65.00017514833598
1071.3104707367197,438.7417519294079,32.383776014551586,63.917720122077526
1075.1083115119168,443.22100504227546,33.06019133001496,63.19099993862051
1075.862243201545,446.5866050962977,32.74186510884829,61.920272791589696
1075.8122785035735,424.56113851445514,33.27208414587403,65.71885188051101
1080.4797387919498,454.0427478107681,33.00872825519491,62.63127842865231
1084.3557706102972,457.6751901288594,33.32996779007681,63.55316429910772
1077.0317449035235,475.86994407998975,33.16136754849981,63.17670738290349
1081.794508047427,487.147080516247,32.975133983595015,64.9845442342322
1086.652069166361,491.5916256476644,31.856760879498324,64.58477653878651
1086.9280861205284,488.5854303223847,31.655654266744932,62.75512827221303
1095.3250243491304,469.76498157410794,31.818479056846627,64.75650503125456
1099.306838498644,474.6092099300273,32.49278704002131,65.04927690233626
1100.2844792723808,477.74492171232396,32.02264010059753,64.57040390440068
1104.2524224665776,481.3261099394972,32.64456734738906,65.78569847320432
1100.3235408938708,507.3836920824342,33.09153179954592,67.00289421534762
1109.1424995493694,488.5913242191082,32.54193867705635,67.25678058935
1105.0281529050771,515.5557081641464,33.75303391439775,67.04747363047943
1114.3071386266693,496.06653483061234,32.9977267615302,67.30252547138878
1114.9102798710549,524.4416300391097,31.86101067943241,66.99656411211822
1114.5324475619625,527.738560219254,33.805736284640034,67.61935136649049
1123.386028063051,510.33284114136444,33.76786317337246,64.43324038390716
1127.2714287947517,515.2974613688225,34.65513671210624,63.142721478987596
1124.38443148937,533.939834905091,32.633491896348005,64.18168096482384
1132.948003663687,515.156556140364,32.856935432304,65.42119297061254
1137.0667345373427,519.2506126539338,33.13884581901766,67.2841681572936
1141.0596835062522,524.3800930559094,33.52278146034132,66.58316749619519
1142.0652303311672,520.9600111664406,32.4369473382867,66.08613196985732
1146.006480037352,535.1175538087641,33.521321025097905,63.98175083235242
1142.7906712443257,554.4077279333595,32.421551155533734,65.1603848544571
1151.535163527602,536.2148067033619,32.7729953230255,64.52790317723952
1151.7982343358856,565.2937439123858,31.932025651679623,63.91825984352488
1159.9363710933478,546.3544277577865,32.41800268819202,64.59687195224751
1163.919443834946,544.1631544116836,32.30557786717691,65.51524630140057
1167.3596329769168,557.635476597825,33.698195554812855,64.6095103082148
1168.6422815679741,552.583277290243,32.29925096573061,65.0371207536557
1173.0953593094578,557.811232760718,32.20309063361674,63.858643770021104
1177.2193326689667,562.4408459122653,32.14732801463356,63.94320660961489
1181.0857848155351,567.0670703466546,32.31791807919876,63.911409314192156
1181.7918906659486,569.6833886058325,32.56414888422864,64.62583396861646
1186.6245086361291,574.3367391763087,31.968031644861185,63.89339962068675
1190.5368684837986,578.8416773085461,32.475950190463664,63.831268625611415
1194.552134869683,583.2482639469306,32.472038278804575,63.91772150679401
1191.2504087048856,610.8547260145882,32.216330493325586,64.14765825296195
1199.9590663323133,592.013768666434,32.12857035949969,64.34208428133422
1200.053353686872,621.0509289507029,31.694486860395273,63.56287536294701
1203.768191766479,626.7974620842033,31.764021637397946,63.687683919825304
1211.10205424352,608.9791556037345,33.401319445141326,63.18116267170524
1215.6997979032049,605.0125546180961,31.97963359707819,65.33282261601573
1216.3052649893095,608.3511237170405,32.402243433134345,64.69909465155342
1221.2586251773473,612.571866908022,31.69517914927428,66.00353810405238
1225.1383739850696,617.7120077362281,32.223046773001215,64.8467641473867
1229.2644990196786,622.6336478003199,32.239217383197456,64.0823907902211
1232.9272184632641,627.8441557147846,32.91662576386716,63.36496654687585
1233.931728091899,631.9016078354323,32.4716672278289,62.93960841797991
1238.4363318127746,637.0376538575437,32.41573771585104,62.482706895047045
1242.7054178191004,642.468957768697,32.544876313468876,61.974073009350036
1246.8699688702206,647.0923137792252,31.93422820949968,62.3165888542062
1234.8942177314273,654.9653209496028,32.168186048449115,63.238106114034395
1236.2319855442051,658.4786492549908,30.670236838685014,62.66725479802108
1248.8343389000452,641.4558750673282,29.77002648086591,63.358892045938774
1244.1578915838013,644.1319134322098,31.98799861834732,63.34372149813589
1244.6042063055238,640.6485978221572,31.97843125580266,63.204190592292434
1249.8910529819814,662.7022005976091,28.857764446346664,59.10500995820007
1237.4348406575527,655.205459751988,31.400234741975055,59.83797272628237
1234.336655279803,657.4074697426436,30.706823180160427,61.128078040198034
1234.6812884977526,637.459689242598,31.370812935007052,61.56553051091578
1239.417503252725,641.5994523218853,30.55483204015627,62.21191313408622
1243.484013239835,645.8996734560347,30.661270634631364,62.06333881894
1247.521697130543,650.2867164371462,30.43677465864357,61.75229512925466
1248.0323815139795,653.2480313283661,30.392248079098863,62.143507973414216
1244.0779195987488,655.9364248889369,31.388803832893473,61.17168718146786
1249.007033593458,659.8886819046418,29.6912405123403,61.015979040383854
1249.2801480406142,663.756005056362,29.76096771004086,58.92654101868857
1249.899911744957,667.6169966482787,29.016618298318008,58.185461736883894
1250.708515261027,672.2964471743458,27.864089682204394,55.494412196175745
1251.0914301966734,677.1936517617551,27.86754958008828,52.34874039739316
1251.619076021916,681.3986636209736,27.415627493298416,50.46934202226589
1252.2123478630015,689.8920849971236,26.861624869556636,55.02235719676207
1252.9091447595624,693.6379256026594,26.24010680284664,54.33649073501874
1253.2016984022314,697.818028590132,26.430013999906578,52.35709006375373
1254.0099243042966,701.5466474879231,25.723316453369307,52.159246127072265
1254.4087467148888,711.0534074124677,25.895337983516583,53.16496810063916
1255.1863369277512,714.522159105668,25.51288358032366,52.70460142339755
1265.8715811246868,719.1148183796308,25.34422398518609,54.44417590320256
1266.254389094447,721.5747881704046,25.73509628755346,54.520808254137705
1255.9048544523112,705.2816559536059,27.787656445990933,50.58021968066669
1246.9105560167511,685.853657514658,26.594338560218148,51.46801937458008
1237.3913619195619,665.8289803019626,26.515533830879576,53.67501199231924
1227.7344893401755,646.504506905404,26.429239163409875,53.11313048478803
1217.9399635188493,628.3345789290252,26.624716164083566,51.41216086581005
1208.5728225066991,606.9012137819918,26.40080087422757,54.727221317660906
1198.3728134124317,585.8369473774637,27.2870727571908,55.07445858764777
1199.9560669336406,571.5867248541182,25.426215408570442,48.978865436699266
1192.6943217494138,560.35741518143,27.198329281014367,49.17373985257723
1187.5411621562278,562.0491897095199,25.93471901084081,49.333780723636664
1190.7377471367236,565.7373124002036,26.70534104108947,51.85781162278158
1192.3416245352528,570.8625622952031,25.34414987813443,48.88419658568239
1195.4641537207488,575.4386874547499,26.27152001197601,49.366002517844095
1196.781774017216,578.1248250697217,25.400826510199977,49.74356198033888
1200.2645597104358,582.7100319017597,25.889678250355928,49.57289237496798
1204.110862196883,587.5971121351961,25.364356725390053,48.70871352018128
1204.5472944922835,589.6521853422582,26.095388473162075,48.97333229839205
1208.4505848871652,594.2585943617614,25.342615199422198,48.72031470556749
1208.7238223849695,590.7212204893012,25.597892267047882,51.231883727912304
1209.8213831365877,594.2583470153677,24.770349786619363,50.98963881403938
1212.9975237965027,598.6533101403822,25.49077994120239,51.309643226396474
1216.5689751313348,603.6388082115411,25.350585229909257,51.18886936631816
1217.1325182264743,608.5225926119617,25.37788532083482,48.29935083118528
1220.6565330425578,613.2684674036177,25.256340190690253,48.50405292626442
1221.2155442716523,615.8673229180431,25.534811768452755,49.275938235832086
1224.6417810721296,620.6047351505877,25.5126487269913,48.888349226728224
1228.3692275083085,624.805820407589,25.055362159021797,49.003674930344914
1228.9231594573107,626.68333905051,25.251956530324605,49.7561842011072
1232.544626056231,631.3256556792501,25.125034293531826,48.90093099693843
1233.2040512191095,633.101642717389,25.18906565079692,49.91986519640068
1236.7844867171957,637.7254538826724,25.14134279557379,49.07012485387668
1237.6551124612158,639.5034170722765,25.019189427751826,50.083863936536545
1241.1830738731887,643.8923178387618,25.1095104941719,49.418125471147505
1241.9690898613967,645.8770617713162,25.001565646849485,50.20660738132028
1245.4362052298811,650.1624652648492,25.085586996701295,49.45661143884365
1246.2439834641318,652.048689366791,25.037425728491144,50.054961948382925
1249.7966280352643,655.9408229064813,24.88989394097416,49.75443852042986
1250.6281987604439,657.9770884043282,24.77476827996861,49.817698389701036
1254.0814486431486,661.6156694226189,24.648010278593347,49.878445909530114
1254.974925169035,663.3930304979649,23.903144684813697,49.99576392118945
1256.1965479385399,665.0426405509461,22.652173857190974,51.27992238515753
1252.8730280329028,657.354353179217,24.047255538309173,48.28109043329755
1253.69513448613,648.0694872355618,24.17652087878855,49.29680567331218
1244.5214894878952,661.0219794531007,24.536215318649965,48.88898324396405
1254.2491755328135,654.3895870760373,24.431426932231716,48.559871319321246
1249.0760115607072,650.0260551675646,23.812580020797895,47.50185076125342
1243.1571081694074,663.8085104341037,23.870043080309188,46.51881847567324
1253.3023332772145,659.2386035524908,23.1406356007692,43.47606247283943
1256.5373975492678,661.5965324656861,22.231569075216385,46.62440456612035
1247.4721103035474,668.5720477183606,23.17938251068267,45.578013773945486
1241.9398399992629,664.5771200692021,23.222874646134642,46.20941688931089
1236.679621788134,671.6784098245198,22.955935176831872,44.60914667109273
1245.3564133062519,675.4911405629501,23.572701027374023,46.95914764424754
1246.1890720481033,673.1435183649746,22.98806763412267,46.78851465532125
1249.2018652951642,677.5446091173412,23.31195548763344,45.33617618559856
1243.8884543265754,662.4517612256932,22.8643117711581,44.63034908354621
1238.8426829366495,658.0795276102858,22.633437330760216,44.313848606710394
1239.5900705782024,660.3104405688238,22.42251776476678,45.68788981224998
1242.429686442997,664.3032153398698,22.740896456966766,44.93803143111893
1243.1466311550396,667.1327836861751,22.382991942377657,44.08178493288642
1243.835037463432,669.6297138767634,22.39908917993307,43.92314484102121
1246.6006040939435,672.1219840280457,22.68181684059755,44.5383086797342
1247.2459124101267,675.1340550846869,22.19896317567691,43.23192860118297
1248.0415743929054,677.5835597815108,21.9382598526347,43.33532228685738
1248.9245030381844,679.9573617442275,21.845691303503827,42.189464422330275
1249.6078466398371,682.2202619011489,22.06327048847561,41.393548485320935
1252.465098678082,684.90333659966,21.96645451741074,41.69710941518338
1253.6126177176484,682.5069541903449,20.853931743535213,42.31233756450274
1248.1507692398304,680.2930182369266,21.81446312440903,39.6447286708576
1248.8945566152204,683.8642039353022,21.38867171813922,38.93095698908746
1251.7656583384996,687.8215322672183,21.442593720620152,38.82232745740873
1244.3318406148305,677.6761618008358,20.684675044737787,40.69408592014304
1242.0914151641127,665.057992221432,21.17914057863436,38.603834681965054
1242.5461378104164,667.8959297999168,21.534039966866203,38.22191650813784
1243.187377073531,670.5157361904876,21.582193720697205,38.23807875954117
1243.8604280278396,672.9306155710071,21.501964543371514,38.29601746167032
1244.5477981923693,675.0146496559323,21.363255159411665,38.951069280384445
1245.1054709374393,677.2630457607274,21.474716736703158,39.05804411349709
1245.6041807911006,679.463627129218,21.57740170494708,39.254156377280765
1254.0195062920857,667.7701467961756,20.292743792190777,40.97122329304739
1254.732601384545,666.4594717841367,19.450993836988346,38.78398928408228
1249.263339564757,663.2730520797531,20.789349751504915,38.287855053242424
1255.6931868368947,672.1664253123813,19.140034609716167,39.228741749861456
1256.66788004635,675.5677288349342,18.57470976510035,37.794498739381766
1257.0513100334874,678.5325641774444,18.748436376911286,37.1152512666373
1257.5160869704355,681.2347691651298,18.6881352791238,36.84655672040424
1250.695047505014,675.8248660451276,19.02323030572302,38.073079271001575
1252.9965530661357,683.9577168250644,19.906402301624894,36.742603587439135
1253.3684281252522,685.9804659010533,19.788159015935435,36.068509648472855
1252.20750301757,682.485706531239,18.293691087143998,38.66806635125795
1252.6487336426358,685.7882174929799,18.358294795769098,37.863696712062165
1253.279205268405,689.0786704369806,18.202697758495106,36.48278736271243
1260.6099285384594,684.0533312767842,18.199997838425816,36.35635168913609
1260.9348823809069,682.1689646044092,18.012842422167523,37.29751218564843
1261.3195985486436,685.3989546331374,17.567624741814143,36.54940642371605
1256.667804467131,682.0962536576467,18.60476915766617,37.11534605090924
1250.3330982145346,674.616721983672,18.036589143907804,34.57926303231352
1243.8008799886268,684.1850148883036,17.83896607148813,34.20418416916573
1236.9222507542836,684.4675866198186,18.705299660401806,34.33857150267977
1235.3993931916875,685.6519308203669,18.35070713921823,34.84104283049555
1236.0295321676774,687.1169642958473,17.825350020401856,35.902333027223904
1236.1880996713485,689.7073926024193,18.26110720667134,34.67815712698507
1229.3587633908587,677.2946456100705,19.070124267068195,35.19091881687825
1234.8423446334316,665.7708704134884,17.936659917841098,39.09348733691718
1238.152309437075,675.7705803841864,17.253890896625308,34.592692285734756
1239.0690020132097,678.4845101687928,16.613945364508254,34.073275092246035
1237.1041611558376,674.0865664648102,17.481967620382875,35.704550225997764
1237.9992624430438,675.9583151050163,17.207924884544354,36.46049862183088
1238.703943497927,677.763364725203,17.291017752346306,36.987139977868424
1239.5590680155365,680.2918186770545,17.307644300593665,36.60396091718371
1240.4751005249818,683.6292730031021,17.153131998746858,35.537910267093366
1241.3185964900845,687.5610995867814,16.672846094204488,33.14434198006438
1243.6958936365304,688.9582939826565,17.024889849700685,35.365490812733924
1244.2227002775041,690.1570028611159,17.209925269515907,35.28100721269311
1245.0127135624234,691.4740689326022,16.86577180528502,35.51549479972789
1245.8819930147065,692.9889912087415,16.55228476716229,35.76550256712335
1250.547289414098,684.1792315524617,16.495359681438913,33.95600664312224
1255.0149765268834,682.4106303884207,16.538789035857917,34.892199421199734
1255.3619086117142,684.4910922175062,16.43203392194846,33.760061058561405
1255.9315777663783,686.0286568266557,16.183903418214186,33.58528154712701
1256.4837806140354,687.362540742809,16.130697880782918,33.54255256580973
1257.171027094314,688.976587222749,15.928888542936193,32.6427762648168
1259.556302987061,684.3352450021673,16.347039070584287,31.361405558481238
1254.1005332287152,689.4277130250878,15.7616492651116,30.181688237787284
1258.5124122417228,680.5265368240975,16.208269777017904,31.379823019776268
1260.8460023618723,687.8665240975256,16.263192857666127,30.05060237142743
1261.431933982398,682.3282027954722,16.030747178851243,30.684452427459746
1262.133609580749,684.1768685016177,15.731834139228795,30.495470787286195
1262.6688490016136,685.7721047913074,15.72303407991103,30.32524205322261
1258.5692050563284,687.2812682402582,16.503326058178345,29.86804910764829
1253.4114892755667,688.3169240225111,15.581522779681563,30.686612903289642
1247.6972666479855,689.1645880302704,15.593275356353388,30.497393414192175
1250.27082939079,687.5001015712832,15.057071392423495,31.08717095422105
1244.3626724206601,688.0880117789097,15.648365574985746,31.259219768469393
1239.033399536952,685.4128189443487,15.23016066024934,30.09196350984905
1235.6405489323702,685.263043577253,15.259898588099759,31.540822200211096
1237.8605022910906,687.5302961721875,15.631269686300584,32.32192344260693
1240.7985172930948,690.1149160271,15.053524504456846,31.944040546961332
1243.3270740770345,692.4381212603364,15.23157704848245,31.981199554336513
1245.0393390467361,687.8939652018571,16.29542826310626,30.72089223479179
1248.0407420683787,690.1814685188318,15.524762033303205,31.0071842500721
1246.3704525436583,679.9972705423311,15.773040458275318,31.579928491574037
1250.6547388140668,687.0062111746092,15.965652871875818,30.86288546431524
1255.0468034486503,689.9858280825462,15.916938150937767,31.039221425092933
1257.5451485934723,689.1996971145597,15.729537639369028,31.398149414391582
1260.0896482121561,687.7144452280606,15.537628725470313,31.966137228375146
1264.6009317398493,687.4994404684239,14.532286560621287,30.850419038486507
1260.6914565619131,685.2746163950582,15.480000032287762,29.897924951354753
1254.8580737853138,690.0309473271566,16.052903368715306,28.735147630319034
1249.729171463973,693.8101910754058,15.539829809019011,29.150646954395825
1255.7744039586985,693.0841709239505,15.588030877989922,28.73748857071564
1260.3606817599862,691.5140936604018,14.952209531081508,31.827805095379063
1256.8469393605235,689.6635066585709,15.367424590775954,29.5941854404482
1261.1930498546128,693.5980510039087,15.263723682896625,28.144253632150367
1263.484725631483,683.5579396530806,15.275250175799556,30.148431400808136
1264.1458483087513,673.8541501652376,14.604119370524586,31.17420584136653
1259.0866382015008,670.8882435337504,14.388085612805071,29.371758704939566
1263.2968420426978,673.6910886829082,14.371904097027027,30.802616078742744
1258.0846705551016,674.5979513249822,14.206196574168189,28.7207397202219
1260.190130040174,677.1359327531834,14.645891081220043,29.140325201251244
1264.514115506995,680.5151572361538,14.160326840244124,28.86431930598144
1259.2670114342964,684.6407860730837,14.211619142588916,29.447739990754826
1261.4091668263372,690.71120251323,14.52560663940426,28.39462927478155
1263.6181007305029,692.2375477364344,14.697334754592248,28.802225241659016
1264.1408107014342,683.2300822012788,14.473705967709748,28.688827213916966
1262.611467278046,673.9446444185637,14.706673634520484,28.835929452512005
1257.63466794798,670.8843547306119,14.574033752101286,28.554849392810638
1252.563403216443,674.0752153757028,14.635907954537515,29.667276957363583
1256.2897028595125,677.6774357772334,15.110373995677946,28.646229229067217
1259.087317601854,679.6346453358688,14.3265032714462,29.591882040729843
1255.9511678045546,677.7710623881433,14.23882580491636,28.177990013204408
1261.4689188697103,683.8519512840599,15.075009045912111,29.90442266657942
1264.0419609132362,683.0691423069503,14.450133686395247,29.353593739786675
1264.2390576581256,682.0988368853832,14.761745338651963,28.418457963124183
1265.0563256187108,671.751603677865,13.988644769710163,31.08401144479808
1265.4258347977484,664.0444407040545,13.750886952376277,28.916905265158675
1261.5671042588165,654.3738889447397,15.461317476238946,27.345655796843403
1264.4439301139455,655.9442642966582,14.690467369043745,28.461613853436802
1265.2803550609508,646.2767521759243,13.855219319591924,28.78618915359823
1265.6229389183197,644.9191516676457,13.635139175486756,27.400251933301547
1260.3348146374315,648.5163211238261,14.209621792596408,28.22106896600235
1258.819633609729,645.5807416060118,14.659019878251911,29.375049862115134
1262.79765954852,648.3706733436677,14.565576969886251,29.619710860765508
1261.6724403110488,658.2865076628286,14.100329018403045,27.60212864462096
1262.3066033156938,667.3017269936042,13.591606330883224,27.88472801107514
1262.0564161171424,680.4055783642539,14.80118127193873,27.33523947452204
1257.6025058625655,676.7689858462327,13.879998212677947,27.61525375903875
1257.9553848602718,678.6155095991503,14.210181456911187,28.002889196001547
1261.9388291814855,681.6491025092055,14.217394050141138,27.956941727161393
1264.308585470691,684.2973281123959,14.163025582633509,27.700049779692563
1259.4005229680872,674.3308099745484,14.230936418521196,27.373698774923014
1254.8042647500795,684.9153724728092,13.793494878756292,27.58514355624584
1258.7359585604518,687.9667471111276,13.81557294211325,28.31168091180041
1262.4931388038335,691.394485189244,14.163134399136652,27.596945314904588
1265.0388200510215,693.471843197827,13.695589955033256,27.075621215869205
1265.4440262833102,695.3232107829895,13.585858842190419,26.23824845180252
1260.6437772145919,688.5709969231771,13.645649377878499,26.404040978412468
1255.4892138424043,688.789847685277,14.1721166927382,26.30725888742927
1257.6640627540582,694.7010775143522,14.030996397175613,25.667042388984555
1261.9369222610546,693.3861841263481,13.422726034362995,28.158913382268338
1257.0624329195841,684.2042519687916,13.617055238225703,26.582532237484656
1252.073889729209,674.5762543645574,14.040022526789926,27.176366204632586
1254.3406426656736,677.512848380978,13.976823717269554,27.132281148487778
1259.7979454567733,683.4339948324659,14.317903086625165,27.732115705843626
1265.9582616600428,694.1944740277953,12.967984712252473,26.330325683851356
1260.9484799044924,684.136026805013,13.579663261177302,26.800515003861165
1264.5192266827155,675.7435261477128,14.25259021487659,28.18789954712952
1260.0644718427884,669.8200420145677,13.567957074108563,27.34366617390333
1255.2765269455977,677.1357049161647,13.63794750955185,27.475278803362244
1255.7995254469208,682.391657973338,13.601125248596873,27.19819939071442
1259.6518251784019,685.1518768632664,13.635737218280156,27.41110809235795
1263.4658720936225,687.9791050662684,13.738301813256612,27.383786211010033
1265.8877681841784,690.3026909213588,13.163522846775777,26.690487356064523
1260.9470964602965,690.509592195591,13.626719114389743,27.287261488932927
1257.9689038188826,691.6194825219991,13.661675505779385,26.86442345199191
1261.8049338186283,694.4739997332904,13.705054384573714,26.978402022251885
1258.8771511189989,692.0347175889423,13.626876757371065,27.072930351432888
1264.4556478129487,692.026529586678,13.626409110391023,27.068654866851034
1263.1968792155303,690.1322745083181,13.613478276261048,26.910728484437072
1265.4030898081521,692.495080009322,13.389184292937216,26.955498039962777
1260.651644131795,693.1077403984799,13.563475380157797,26.2320826118696
1256.009849747561,693.3964668160625,13.549263476033957,26.0695487186357
1254.7614199097911,694.7745895864697,13.519621212229367,25.56083478236758
1250.068741081054,691.6419463708339,13.623440891544078,26.44235593266012
1250.599801767099,683.2916937541233,13.450939145755683,27.235030969858144
1247.6537626089037,691.0295734961674,13.499629620254154,27.0572095177273
1251.5018519365199,690.6183299747388,13.431752437544219,26.945513418928726
1251.909303499952,682.5776889988881,13.482746772551081,26.40140972273457
1247.358886446037,679.7187142247564,13.327344031543134,26.250941033695085
1249.5059311363975,682.5982726833997,13.26423015432465,25.728044004175672
1253.3082274022934,685.4955789414518,13.194188353811342,25.846482681624252
1255.5073536421614,687.4606564077396,13.07204352212193,26.230447861645416
1257.5495168672983,687.2381291635531,13.194081489226392,25.302337043324314
1261.3750356115156,689.996775247924,13.046089077007764,25.514445833908212
1263.449979214184,692.337014941465,13.088215569879821,25.588522059234606
1265.5948691896501,694.3610455225845,12.973322180333525,25.980205249784944
1266.1055005701983,686.5646534630993,12.817719206490892,25.77767721718726
1264.8108937216239,681.1439349866387,12.981502358454236,26.543681935755558
1260.3198397910824,685.4065173083527,12.966775152176524,25.59582642552482
1262.4107253037628,690.6801085339802,12.95631125310797,25.779683819940033
1264.4856488454104,692.7684548551874,12.998109074889499,25.808134194552167
1266.6859197125136,694.9718118257119,12.386237441901812,25.687596335696753
1265.2547700539546,693.1760667987883,12.898362458356587,25.73521545064068
1265.7145123325865,695.1099653564402,12.858920490201172,25.448013227575416
1261.3306524319187,685.9966705210584,12.843568601118022,25.318883578743225
1265.0107491651574,688.6086241080628,12.826434340907099,25.482803166714348
1267.2948383126404,690.8103958013614,11.845839515370244,25.464303527563402
1262.526863842657,694.5482790574885,12.705841871769962,24.76544850026528
1264.5745393413358,697.3516446689601,12.702753468286346,23.663647687791126
1266.7203351365854,699.5678792394492,12.257210957131747,23.632869055130868
1262.400648152208,697.7713890206926,12.304350710366634,22.463309608495592
1263.0581646111862,700.002102327273,11.897936279702435,22.361195030300678
1265.1693470056214,703.0858550262542,11.707884629083537,20.873220398269495
1267.0968818805943,707.381816391353,11.68521774219721,22.818488743326952
1267.6091600588898,709.6673119685988,11.504716779821592,22.097166794061536
1268.1327142680054,711.372156507292,11.331190747292112,22.248905592681467
1263.9478275949355,712.2616956562904,11.659258039832594,21.823166357245327
1259.9817155011433,710.0168074774738,11.3852825343306,21.828471656853253
1256.1559086695017,713.31782647215,11.110971945562369,21.860392597212922
1252.5596459834342,709.1219763347083,10.811957769605215,21.083863115448594
1248.4545152476069,715.1310308917522,11.310444410820082,21.589663335496994
1244.7153194289854,717.1438019331085,11.209840585601341,23.116728130230058
1240.7124731799368,718.384563316049,11.348773407110002,21.9483639614092
1236.945411241522,719.1186710242929,11.23256026487843,21.82639008252397
1233.6016472560486,711.4294283457467,10.53200568550892,21.96142108989352
1229.4308586258858,704.0796514355955,11.823090744554065,21.95279706808401
1225.9981539008772,696.2815882594176,11.08157860224901,22.442301636490924
1222.3907075277436,688.0542814450528,11.187012042547167,22.84351190241614
1217.945862977584,681.15432247204,11.912189592838331,21.882701234146793
1214.105661911046,673.4775432343826,11.418577329590335,22.739593201998673
1210.446851321105,664.9670257330727,11.417755237514712,22.53932041849839
1206.5201616210231,656.0050175584965,11.66921583105318,23.5272266634513
1202.454490059857,648.113747883491,12.174253668566053,22.29124088116646
1198.9727744216289,640.5840481901348,11.05458892941624,21.417678574277602
1194.8105690571094,632.4722936030137,11.52602393041775,22.239627340690163
1191.3092478405688,624.8802325913389,11.051973637612718,21.822567054067576
1187.2324485429544,616.2824050099505,11.684170529770654,23.634762851880396
1183.865872373272,608.5932083011937,10.995390401451687,22.842406568909382
1179.8161215878129,600.8614758545236,11.683557698769619,22.196814116957285
1176.4009168846248,592.8574245009625,10.947101368703898,22.62775045450269
1172.384581582779,585.1967332935435,11.360229488941513,22.417298108827026
1168.6129410708754,577.0680467125769,11.350042873528992,22.844840665697006
1164.849284353174,568.971843565243,11.379647662133948,22.7120277171839
1160.9992027142966,560.609783229539,11.591790137689713,22.881592329905402
1157.2870090089075,552.6586033420426,11.381434980586846,22.66853103500796
1153.4843173441182,544.4129704635343,11.326627565598073,23.138857961865483
1149.6041093558829,536.6146363185644,11.413160156569802,22.74430747088752
1145.9023186271124,528.4204321562613,11.145893040802093,22.831911563078847
1142.0673034031126,520.7547245283527,11.300625625174462,22.529513370452605
1138.2236652157792,512.9787827789669,11.15509198371069,22.746195671732494
1134.2996097199225,505.11797333357845,11.319077662446944,22.636333978774132
1130.3578952974824,496.9230411153403,11.486149620262267,22.92248554409332
1126.6010451448485,489.17940141859657,11.23233399102105,22.7487975763417
1122.8427056013586,481.6466132007078,11.172359728305992,21.7657748535201
1119.1890185472466,473.2113489850551,10.676299477312114,22.785548386386154
1115.341951673336,465.44292169326985,11.341246554991812,22.018266203612086
1111.5577660380995,457.14889777162955,11.603838367370372,22.132489844839824
1107.83716896857,448.69802516345084,11.408696125090955,23.01977552008765
1103.8750481088573,441.7090500666293,11.373476881592069,21.961168153991878
1100.1166944777801,434.04989421077937,11.247227146311161,21.064228188249217
1096.3647279599434,425.78288369917357,11.122399612991785,22.03786003111304
1092.6581066108397,418.57447711406576,10.911000809198868,22.11343696777766
1088.800118140979,411.2495015094752,11.297756458551703,21.47126118088761
1085.1815187796353,403.8655587585481,11.2095180229187,21.889848046967245
1081.5185744859714,395.9400485022561,11.118031708358103,22.050348093827665
1077.9385437393485,387.61631078182234,10.827589467767211,22.910305580475267
1074.0224918807978,380.29701179220393,11.431484985512043,21.98094013719458
1070.5547242977718,372.88609804736575,10.907232747962553,21.819604618471544
1066.9008849593115,365.1676986816765,10.754582142355957,21.569017606225316
1063.0368565128872,357.22915779337535,11.19539106054117,21.757531531576376
1059.4620703659061,349.59754247564547,10.972088049962395,21.843893217415086
1055.7512150921439,341.88408582408505,11.072039548037992,22.011951925735218
1052.034930134404,334.14500319316045,11.035163449146012,22.407881502931787
1048.3181608858176,326.78232949427843,11.061444557044524,21.874585528184753
1044.6080930295423,319.0599867164034,11.07820740577904,21.945961296766484
1040.9801632505564,311.21807975978834,10.86972482383726,21.843066795266395
1037.2762450375158,303.67533599797275,10.978667941157482,21.38134528951838
1033.5748840323217,295.60703229617667,11.026914520607761,21.956645265868417
1029.8670399626549,288.0088179399559,11.071831618168062,21.64080495232082
1026.2052215875156,280.3206253399817,11.012687750218902,21.7738060410245
1022.5234509459555,272.53948555499255,11.001445738455118,21.884558563470193
1018.8462941526114,264.8794240934146,10.999555194355139,21.68522649082263
1015.1555409905802,257.0941141121252,11.019766568842442,21.715107096806776
1011.4883918373512,249.33544745863713,11.036114433733928,21.7652731263683
1007.468416165555,241.54418508885226,11.412028906679552,22.031753930922093
1003.94674338376,233.65925745653686,10.363374666911,22.47320819944747
1000.219159302473,227.15765287169597,10.392087630484752,20.92599530375503
996.2366594454232,219.40071886555782,11.582144793327302,21.594044927699258
992.8710795523858,211.85418081620372,10.979447720785629,21.609238598684556
989.2892730084967,204.35665880625675,10.839683001184426,21.413877314029378
985.6336003310041,196.50519728377674,10.908756455942239,21.618267325645434
981.9333478238173,188.73489463156147,10.967812921749214,21.51257289757268
978.363332988365,181.00253267922585,10.819178624477672,21.739021807954828
974.6642456326214,173.22114038917195,10.944372509668028,21.798911449142906
971.0309197784918,166.31656008411397,10.912720957556303,20.636457068700736
967.4707717012055,158.5469481912396,10.76411000691246,21.47654946154347
963.827050468728,151.08642246767653,10.822389635993318,21.421448872852977
960.2176749054804,143.48705456656268,10.808873362663121,21.430893973518437
956.5842784107186,136.13080046500642,10.829261763748718,20.939563580085604
953.0226518142053,128.4154646567019,10.732966455535916,21.30913425925928
949.3726696043248,121.39493696265538,10.784901916860235,20.80084672016298
945.8142236631681,114.12762580075305,10.75805216777212,20.594728348896453
942.2740491578032,106.34474513814212,10.7330227439395,21.169667055575474
938.729292658834,98.88358109659958,10.68971670529504,21.286907878760076
935.1498130929838,91.37943975464418,10.69732041146949,21.256849970818735
931.6210489206966,83.85421558809301,10.636037181230108,21.09117803855426
928.0564626196328,76.36537462989442,10.651384780580088,21.112416804240937
