813.0,168.0,11.0,8.0
812.8937270203605,168.44885060563684,10.97555926349014,8.163496103137732
813.2763165352585,169.06272289754645,10.671314013098026,8.343366011333671
813.3843810396304,169.131480696383,10.787740459613815,8.209724556188974
812.5206023850099,169.05607195434635,11.120442383470618,8.078050539907395
812.9792528375822,169.61922777875282,10.765416839988802,8.350004435006326
813.1896870772939,169.51479790693992,10.755023058513643,8.369743295707167
812.2956270010934,169.5736353483842,11.10335981526191,8.0619350412249
812.8055150359414,170.1948703629282,10.852875103028964,8.383443212787483
813.0459264328917,170.18659298517346,10.896073894986102,8.347747542525696
812.0796185821091,170.17897578667998,11.213039735199573,8.222981831312524
812.6374706085645,170.90235666509352,10.853782388578793,8.396206134560174
811.6857739256811,170.75915533365517,11.314765276029107,8.264419803019138
812.1315464551556,170.85997402065007,11.22598550658131,8.186727475848784
811.3799311389182,171.33734610509032,11.289505583638629,8.531967837494392
811.8355060039501,171.31882095048672,11.126520810132433,8.46853684790213
810.9788113992006,171.18227125522645,11.33390939693561,8.34780516660038
811.4056018756402,171.26516950576948,11.299808881139256,8.219260818276297
811.8866547212463,171.92867462711763,11.052248499901111,8.556959405776354
812.2120617067999,172.01984484102235,11.043339573315961,8.352308586604693
811.1937792170345,171.94296380566476,11.384851592244217,8.266502270664319
811.6396085031217,172.57452543708212,11.060112146308029,8.602421657460354
811.9444904571043,172.49966720413033,10.96088119029389,8.542353752443148
810.8935546529851,172.43054991897478,11.45766707046505,8.334930381273722
811.4107155798023,173.11344001167197,11.20064872757655,8.615723625582547
811.6969124306769,173.1961729452094,11.181791613388782,8.417578767974447
810.6011109429967,173.01927606354798,11.636352902123463,8.431334525546788
811.1514023302562,173.1848446108759,11.277182433103349,8.24204598328268
811.5733570082429,173.81455000214555,11.186138008789385,8.612939913696437
810.5442895463675,173.67941556423477,11.321840258733573,8.40677674487489
810.934214985721,173.71990805775624,11.250992393379647,8.23637227881332
810.0171132011617,173.53517808119898,11.54841394376865,8.158766242480397
810.5073205473027,174.20032884281505,11.138999166414123,8.57467800520061
809.5179964712737,174.0788701717849,11.704495101718408,8.404800091801008
809.9950666984428,174.84545133861695,11.346265381435614,8.645124469477423
810.2450993813909,174.79561012862897,11.210665307580712,8.56832536272762
810.4054931249597,174.73083113013166,11.179936474979172,8.53853637747352
809.3063029249136,175.24221784815012,11.817730749152929,8.7745355069394
809.7402127617033,175.19030222489533,11.49896492525204,8.591522079689014
809.9490178756087,175.24812318711332,11.559309403072348,8.381571636337128
808.9813576182643,175.7940400528429,11.887317329144366,8.69235924441088
809.5207436314109,175.70082717831656,11.63304419730639,8.635326478032596
809.7096725703573,175.73994190027503,11.711233417436688,8.470607168490858
808.7566835037503,176.21583845688053,11.848677729978476,8.860515670536017
809.0797317285507,176.1252885831526,11.765065621778717,8.6531162887714
808.3779633704651,176.09804651998158,11.799665058531218,8.28490068023953
808.8508469063179,176.1789068948633,11.663327178799818,8.136493957115931
808.2192770034117,176.08515411343842,11.711773818783513,8.040385879731105
808.6505670717863,176.71765959305003,11.648100856150677,8.47405371884929
809.043130494998,176.86751111364157,11.341915293114653,8.1073783423887
808.0651642066496,176.82133214684995,11.66038092028407,7.869616256236441
808.5737706474865,176.86320496621408,11.329771005527164,7.780583685932868
808.9277117317561,176.96936348791587,11.140565865738608,7.6303141877042435
807.9462247450484,177.39586049131313,11.490265825345887,8.115600890275402
808.4406753719923,177.59634425609522,11.180825851886766,7.732908015635104
807.5091229618835,177.55325035940268,11.619893889034188,7.59811023347595
808.1139624131392,178.11639943555207,11.141340997039379,8.05667923902979
808.3947750068953,178.10942493354278,11.100740671603035,7.860638698842735
807.4217026882325,178.10764504717713,11.495496161551955,7.58485830185225
807.9841531470081,178.76207627847236,10.979017444032365,7.9649381319252655
807.0316977699042,178.6834015896992,11.366294828097807,7.749712984893307
807.5193455658682,178.72673940126128,11.182191233759795,7.661522263949649
806.7119018691246,178.6762963861574,11.388392938612924,7.506622105546967
807.2002775921673,179.28521045426217,10.945815565205748,7.938740136120174
806.1776601495587,179.19140221938662,11.465357882601666,7.6780451480171905
806.716048294257,179.83580116164762,11.190737439786062,8.00593536132385
807.0526026412883,179.70686717459452,11.061387332813752,7.950849975418151
805.9743918207428,179.70415462286746,11.488520844175468,7.5860936697436046
805.3340928315312,180.13673921900238,11.426847466341428,8.0297691079017
805.7142258704046,180.16268416460122,11.45564724630185,7.803027632235171
805.0609871211765,180.0590266832117,11.42958657491647,7.663770776208082
805.478803737139,180.12207029779216,11.466802844836252,7.5319032662713425
804.7621523125996,180.63516775491777,11.53662826557263,7.927125927210142
805.1526407804445,180.7048752028417,11.362815484983457,7.683272666057945
804.3655488737604,180.56718557601715,11.515300946995922,7.62754439863042
804.8607257612994,181.1945195570855,11.068182983265842,7.981436762987357
803.9919611276298,181.05419326246238,11.371495017554707,7.7716439580597125
804.4307485563932,181.13218990496534,11.254570970843588,7.567109670882928
803.4949632162661,181.59768683859807,11.543016888290367,7.98617943420831
803.918519722492,181.66019123000524,11.323859867310716,7.7349551146535305
803.1077153656522,181.5798496235592,11.536927444771436,7.6142957941650025
803.6329069006806,181.60881594590057,11.441726020655551,7.591781826657154
802.7985233962137,182.10330143702276,11.523638756885703,7.979417482225472
803.2915950561612,182.15597888586564,11.195597798308881,7.71585009682812
802.4706816706422,182.12391262530156,11.406999516049723,7.506553327788481
802.8429331605203,182.79750033669472,11.285883059105572,7.876976518342417
801.9276867139524,182.6195028562102,11.541362729263483,7.786215798487376
802.3120183893093,182.70258218524333,11.502741166536794,7.622629605586866
801.493588429964,183.11656623389257,11.325813194250713,8.040051355570824
800.6698661262556,183.09169096460644,11.415936740653933,7.673363885077578
799.8594492628291,182.9988350692197,11.474483084600251,7.549458061549473
800.329265767557,183.05058523706685,11.42660969758083,7.499381256793441
799.4398785747712,183.58767825602988,11.684189750449832,7.858075158072012
798.7600459262947,183.52833392389866,11.54960430111737,7.651158393151718
799.2810949727564,184.097920226038,11.272136085453553,8.081750639667575
798.2350234714688,184.08116520205795,11.39778908576136,7.680151931648993
797.5815749198479,184.00046626703295,11.391683589844547,7.539133473260819
797.9187544329056,184.57527604751488,11.27965534710188,8.007418864404997
796.9549024907535,184.4844002724871,11.190418190530181,7.688876462104531
795.9603771448767,184.41383946661716,11.27848318870133,7.567324438578368
795.1861791181211,184.97464327050807,11.28703254489551,7.859220397649153
795.6585171633476,185.06315224074592,11.099474330761495,7.593439743630029
794.5224990309966,185.0110067151287,11.414436775202375,7.465479680541222
793.6678200774228,185.4875534860099,11.521925170349618,7.883637519866426
792.7740228146163,185.36144452768795,11.627741789210859,7.674968424095823
792.0517098049733,186.00252121575227,11.447954943961008,7.860104209374413
792.4695178461488,185.98481440719883,11.414915029202575,7.713856099183573
791.5052009314313,185.9613759074411,11.48469179827589,7.497384317380096
790.5513585042064,186.30757552390628,11.54458600324358,8.114972426808947
789.781039253473,186.32942009054764,11.521158075715903,7.7556104511126875
789.0191362191463,186.84854211081904,11.41837624684797,8.041650624051158
789.3087473340852,186.78358217048594,11.660508085983793,7.858260003107745
788.5208781852227,186.7967104677573,11.563456217027465,7.566055215210213
787.6280171126573,187.19974723875924,11.491215575598517,8.111407495711205
786.6680921370661,187.22109131698312,11.689520920102382,7.724199717190032
785.8146311559401,187.80436238059877,11.61371642234974,8.002337108615677
786.2350172724084,187.78656467650595,11.396312275821401,7.872634548904642
785.0874362826589,187.71247413104822,11.601145059780379,7.73841229312103
784.1026758925764,188.15652035052562,11.68882745800147,8.132046124903809
783.2841357348898,188.77247172746917,11.635466435701574,8.1976339205616
782.2829844142243,188.73964907507752,11.794980732914382,7.864865495541835
782.7193961104972,188.7882750448274,11.563807517302394,7.794123629556225
781.7628436231366,188.68316676486825,11.57719429790177,7.736715732630273
780.8710222757763,189.16673587448776,11.383163620325831,8.165283833654485
779.7610399816008,189.07481346858086,11.616269408453377,7.875367507764963
778.8507171939918,188.97490043172013,11.69022901181097,7.749949500561854
779.2927447179351,189.56273595817007,11.529747846211535,8.23169678660392
778.2371023957237,189.35866020855178,11.839998792102051,8.073392669855991
777.474760766178,189.2462942538977,11.759659594891673,7.91722386359379
776.559720702046,189.7150329883492,11.706746186220926,8.336386201889923
775.6670923480539,189.61906173432322,11.835491642661395,8.063176377749556
776.1449452881511,190.17586366422609,11.622817068659288,8.560865043764295
774.9192068892626,189.83966855601085,11.975874297424411,8.465697015332921
773.9410042381353,189.74969023417356,12.068312966672238,8.162030593439965
773.03270145032,189.7075102445997,12.164901294927404,7.934505969552561
772.2099865498703,190.1416034182314,12.087820748047193,8.429085571283196
772.5911778461741,190.09058086380756,12.230043673116597,8.21999815345049
771.7064373631384,189.89577930051107,12.055723500712702,8.159705513508612
770.7369758180863,190.2650597285658,12.093079443661622,8.757576286988865
769.6359872804264,190.15460554592678,12.385948927910704,8.37481524218964
768.7321196818932,190.047606559997,12.333203450835754,8.21284990325637
769.1957224649252,190.68436930964498,12.159584811238346,8.681745313315702
768.0944069051209,190.3683403914877,12.304486394873038,8.587588482785009
767.215144393132,190.9102883566934,12.252100198392782,8.862298667854475
766.3454772649844,190.72205001367595,12.292263386785748,8.620236155884413
765.4962830879423,190.6849130926704,12.314588751762926,8.336170453787702
765.9327424431751,191.1927848481401,12.30651995400558,8.988039915987343
764.7650151495799,191.03406436218634,12.550794142734276,8.66597650304763
763.8326493012754,190.9326769934138,12.475654443554163,8.44918299389073
762.9503380803234,190.8518097684523,12.448641071849124,8.277293767411606
762.0779863127954,191.17587109092824,12.32534505042679,8.936885356657456
762.4789676506552,191.2017785055168,12.278304413024443,8.525264615345066
761.4487055904012,191.02756515259537,12.255499908197294,8.375654709453983
760.4780704769942,191.47185360337022,12.309795609104299,8.849034397554902
759.3737081305878,191.33542649602325,12.595064109010536,8.523100561433523
758.7251172247823,191.7859764804325,12.278357172079382,8.979828611749582
759.1508139905159,191.719962763245,12.293916707992025,8.758417811024742
758.0289022694833,191.67473945701914,12.484627335700225,8.424237341747755
757.0561603036285,192.05864434165198,12.553465288871848,8.982668328693137
756.2646466972975,191.87405190832445,12.342207506177715,8.687534234017534
755.1700902064817,191.7936367521288,12.568422845766577,8.410294571598115
755.482142274639,192.3544207776232,12.553777888800141,8.953127352044277
754.4991385787436,192.03188075148904,12.27742701700629,8.844270492653209
753.5245980212457,192.03592503024288,12.358353786623184,8.406136768275559
752.4532601527019,192.33009513362504,12.316832921333685,9.163159801833132
751.5290359228319,192.24185983046362,12.399064793655612,8.667490203623004
751.9715004885854,192.22340623327287,12.263032573451142,8.464300446100708
750.808250661544,192.06859698127664,12.494681712951206,8.356319127422438
749.6364427894632,192.4460706769834,12.710793750173252,8.969403087176602
748.6340565552637,192.3012167867248,12.666309007501695,8.616939039249473
747.7530212100705,192.1590433558905,12.501817014881226,8.43348151050759
748.0644261361872,192.77005680948992,12.548433511645612,8.911269327769816
747.192825990357,192.64405358141812,12.333664964035961,8.652683541768056
746.1333289440404,193.11558354546526,12.519136687562309,9.140157666692232
745.2634999324831,192.94498717922158,12.490027356733776,8.860771521507672
744.3050604505742,192.80203513020237,12.579750108576263,8.72027745436884
744.6067121692067,193.40120728771456,12.805360738491572,9.148500631611455
743.5419383641275,193.1062388789519,12.76774687593388,8.958148492043563
742.6207134743964,192.90962283729266,12.65175717562613,8.785991253217475
741.4880235745404,193.4598118795715,12.905393582513852,9.08272328929391
740.5857050572965,193.22853427985018,12.815111867740939,8.8676455436717
740.9614056619057,193.23164748265208,12.850227443451558,8.680268329855608
740.0842739626069,193.0134347222629,12.60117906215919,8.652660244661092
739.0714279392922,193.57344507299402,12.78266185723237,9.036615642632455
738.2982479431387,193.5258714514956,12.552982358485224,8.650824316584163
737.2929685701131,194.02395060391768,12.668556613456644,9.123407776233535
737.6107232367476,194.00556683329518,12.834457952479283,8.91214171898065
736.6523582708302,193.92088505100656,12.733823325753633,8.614803235439695
735.8755562632098,194.44606454171054,12.522469442448482,9.01174597790174
734.8197513170835,194.34671748284273,12.718488837997256,8.705233928035682
735.1155674060199,195.03273943358744,12.602910122411231,9.009995460453183
734.2473434437559,194.77478541503706,12.636363380860075,8.813660070434253
734.5604945667269,195.39472482328938,12.556080970367475,9.32073719964842
733.4544262895033,195.34030905476615,12.756495154837921,8.877148969011216
732.2233515811243,195.21329633660366,13.0087138577818,8.70263142966661
731.558439576153,195.7206553997869,12.650522753677706,9.135429219305365
731.9134481326557,195.6980886211371,12.604661030645957,8.873886647653137
730.8424106219279,196.2492381638433,12.752918186934721,9.262425866343108
729.8957685079486,195.91306776014164,12.746666370238927,9.126477249607092
729.2417302925837,195.89696467204067,12.32324340537457,8.669900115300493
728.2921562828079,196.32611771040217,12.44879804403547,9.181493091862762
728.6235596195424,196.34855447684882,12.51646144272081,8.808785601000721
727.5859433677738,196.16317200749086,12.702590891704403,8.719655500875092
726.7806028717708,196.7459444505654,12.471788062453243,8.935964915931208
726.0971316954078,196.73605976573845,12.004785817159245,8.571276164757364
725.1439843804995,197.32373850761138,12.19779430273445,8.85137869503211
725.5236559464118,197.3836233378635,12.44574825918869,8.559193096121902
724.3846669594122,197.936241155131,12.70955348510688,8.8875216737124
723.3473391306827,197.9071113897338,12.760115971846744,8.522374577636697
722.2261933058152,198.4665659317017,12.797453489136274,8.841933742182306
721.1930415794271,199.15258950475084,12.818669674447392,8.914675482810082
721.525063811187,199.03205191014354,12.815824203654302,8.717972314323362
720.2961691755222,198.87994530257254,12.908688628566551,8.535594885605917
718.9788153401473,199.31954685955935,13.18235100119,9.129566567591723
717.8091725724671,199.95665692373234,13.218609824883515,9.334301062765405
716.618399569943,199.97508853327747,13.236107505463224,8.764740618571352
715.9233817554273,200.35991616586824,12.84732439391837,9.374499741694677
716.1392803450253,201.16032294663125,13.232150088392245,9.554705892663833
714.8592080438093,200.95997643098207,13.176500621319747,9.216410447490858
713.5305163350627,201.62885228884488,13.338061501385255,9.385834678998407
712.3705041147425,202.2167667387448,13.256637906073706,9.636082743720323
712.5605695508611,202.1875263185064,13.431292874599421,9.301414214700173
711.3002346481271,202.65081567733324,13.473734114919807,9.730700179619475
710.2090055370777,203.18552053982808,13.549690603298359,9.976553025264309
708.9408350849764,204.0093343316471,13.707933196266708,9.804643418453963
707.8853951985706,204.63413999579097,13.703226454939454,10.032978119309348
708.2207616215164,204.73239690646042,13.717147982369056,9.52721879500669
706.7598614575136,205.36254876605892,13.76113338440291,9.892264901772535
705.5250001937949,206.1161757527153,13.880130128700216,10.008391354192753
704.1864141657154,206.7946070371017,14.150847059501984,10.1992591788227
702.9861663829007,207.40226922939695,13.974838591059324,10.51114084423935
702.5789720092519,207.14165005106864,13.142735413872401,10.148194877650951
701.5213582327851,207.94391530434183,13.54011790819095,10.201179274994786
700.320343184911,208.76051776095477,13.893357109786166,10.071645299707768
699.345991370647,208.73883403058062,13.622530484732579,9.617522266508217
698.0482055588636,209.39356752085052,13.913935466219755,10.048588096024076
698.3192906062394,210.09742376862164,14.246875577520541,10.428852916144194
697.0839794360263,209.94019377289908,14.07121804710664,10.036674866966166
695.8284594060879,210.65014994420113,14.155424975161623,10.240834557583327
694.6939230905289,210.57929871385932,14.033812344006492,9.932426258299074
693.5281972055865,211.15350743809026,14.067183325394694,10.397419863016836
693.74424947428,211.22414740968276,14.273642974099516,10.046864480104375
692.4179822145959,211.8520405688355,14.272366737771335,10.478274619218496
691.1353545093734,211.92275067247357,14.154152063538504,9.982598589098046
689.8926582472217,212.33051830934176,14.260340129770725,10.638968437672077
688.5942456246705,212.39349444670324,14.248645048874664,9.938962678918188
688.7366278433219,213.15571483366693,14.66781773514117,10.363070622068165
687.5072330506478,212.95545014290855,14.349977865711935,10.160462306989302
686.2337631601592,213.38350452649274,14.412640533193098,10.86978463483041
684.9049147673255,214.21458939881265,14.600512770337787,10.76695705098166
685.3035874314063,214.02345695858517,14.41219929253782,10.652000902346458
683.7313671129394,213.90294524732252,14.783665897765445,10.413440979432664
682.4722183609025,214.20724653950174,14.674944826527394,11.300646169692527
681.5324464056973,214.2870571750987,14.172370724965617,10.62035803525859
679.98932387591,214.90174684731036,14.877415957868834,10.905908976044884
680.1784648252697,214.87445980147123,15.098172863666264,10.653403809736744
678.8328715402349,215.38132160831975,15.043861981048394,11.07923244616427
677.7769915240116,215.08602633511984,14.532965890849027,10.782613253092848
677.7285356528906,215.94257754087613,14.856110471461648,11.187159665965737
676.0095085673785,215.70934405169533,15.01525521957808,10.950781871525152
675.0838707058329,215.4540257445298,14.690709371413163,10.8585222041647
673.7719505326286,216.10778116790766,14.921365073215384,11.231987159591199
672.390186961319,215.98843008857182,15.092056389847016,10.8493434957021
671.372815755501,216.4364573597161,14.783165635939554,11.399826344801056
670.282778478926,217.29546591358695,14.65897307451769,11.224196583929086
670.4986481961214,217.05815013047538,14.993293150153477,11.128580759192886
669.3768399691835,216.91210250918857,14.668491226216247,10.796349731468439
668.1354380967473,217.27919850903498,14.880682143924105,11.586137624860186
666.9061740399545,217.28100097683898,14.754313898074315,10.991998884765053
665.6183152028074,217.86358492645437,15.001731672129836,11.452772186661377
665.8799478724933,217.92768182698336,15.221846250648127,10.9475461290358
664.4926786934592,218.3002438674569,15.24377144617199,11.63219486055857
663.2623303817395,218.01037910631683,14.915679049626078,11.273367380400117
661.9746822604187,218.6806127940314,15.182788970874412,11.52083483664876
660.8746127034956,218.72027958128638,14.969241748350669,10.863458481488294
661.0858454425993,219.15834941244088,15.394325501638377,11.777693275709396
659.667918549157,218.99382994711448,15.176146585927995,11.26227840136886
658.2969117221862,219.44024048259917,15.285890951914212,11.832141435490655
656.8480544910692,219.40061182266072,15.267380449561756,11.206394412167128
655.6573756823564,219.78205953578635,15.240113878645388,11.96518534109444
655.809152290895,219.89850862105413,15.56526277859291,11.333367038354481
654.4177258745417,220.37607958380977,15.633605004168544,11.800872629705765
653.0319033982262,219.9266209565456,15.375189087295439,11.772741071503106
651.4631900687384,220.538206136727,15.73031271360253,12.049566104806786
650.1210341751025,220.5719681318459,15.42060991033486,11.342010517661265
650.3553847975727,221.16669186830364,15.645789913439216,11.975954793828862
648.8392944329532,220.97450065694736,15.701310547705134,11.429026140072523
647.510307894457,221.4519888551731,15.653292064738139,11.895752953408191
646.2981142811805,221.21761889322048,15.378099444002146,11.60665396381981
645.1338084153801,221.71715890792927,15.29004894770128,12.182670003306669
645.2289094928957,221.89342257261328,15.711966472242125,11.51391373568785
643.7348634090143,221.61649541127457,15.743646912986037,11.504412260979393
642.6721326489776,222.02219657461603,15.4211121317594,12.144416407084321
641.352956006976,222.0641967410453,15.138981367915676,11.507273451460833
639.9187405986908,222.5309155008472,15.377748186953454,12.05636816052538
640.0320886788186,222.68537820495158,15.681510013640036,11.503735706148063
638.5173407730218,223.07892813586113,15.816124172325317,12.099763088059746
637.2709249081718,223.0723791337815,15.31319011465257,11.429971851130404
635.9048842714355,223.56638707705196,15.489631582717038,12.009642655643603
634.2876749822215,224.39782433420203,15.869987310838496,11.765896131243323
634.6382617721094,224.0856745535979,15.762548615965216,11.754081796837283
633.2810002548647,223.89996298734405,15.538724722207462,11.494346316612507
631.8970589044766,224.46423260381033,15.665355521587117,11.990779631729794
630.4774646333622,224.38203973256532,15.65485199313116,11.526162265473204
629.4005182485655,224.76588601148495,15.409235929457964,12.266836961306069
629.5543384153493,225.00186905492183,15.837437232071238,11.535738194502983
628.0930346460071,225.3530800135938,15.975934110720573,12.211513788773516
626.9639102662343,225.32951046982953,15.586157487003447,11.654626482917507
625.7045147050042,225.77250779474923,15.650629581219164,12.163936653230337
624.3490238287535,225.6890425889071,15.67012474744206,11.73991259013684
624.6664327489643,226.33858406855188,15.996161676671932,12.209090499688074
623.2140882688647,226.02087458439095,16.014793598614347,12.04331523855845
621.9274327533863,226.55739141298017,15.958799483041048,12.323622596251425
620.4304887444486,226.44342627361922,16.068709698659518,11.873987138854261
619.1031496096284,226.89479398267508,15.929908549999027,12.428409616111765
619.1466193650085,227.03231200026696,16.391805313311124,11.915696764337753
619.7192594060231,227.8057360076583,15.513408373253128,12.400873877177617
617.6035340290309,227.30999701356157,16.130706350778155,12.293537403975563
615.9154551694536,227.89642938080783,16.19933718061145,12.397442027425257
614.2379774849671,227.78476440661004,16.264170195559245,11.971874858558834
614.6506478392412,228.35526572943542,16.222977748891026,12.533937366228798
613.2336180949846,228.02082854807037,15.994329037215948,12.151060186114393
611.8183586818765,228.52610620611688,15.997186221613106,12.685075569628395
610.2489982759132,228.59136627887372,16.014709059103325,11.948229818123394
608.8373793048645,229.02006443920607,16.05258232837093,12.665143209964413
609.1447723054744,229.1826898595887,16.19578526202679,12.063562417863068
607.5994496310577,229.5794250026924,16.05527184128914,12.62364245289399
606.0685338328894,229.39227201619588,16.057519802192928,12.144679297881567
604.37541376555,229.93196728586963,16.402049423124822,12.472968071428511
602.9276339645322,229.7745744191224,16.296651576193767,12.037111086042387
603.3146281893959,230.40048002616004,16.51508038696545,12.586065903607505
601.8304545017609,230.11073094157356,16.3557122722126,12.325187282796861
600.3417977125365,230.77943980634862,16.350567673037744,12.39957433385635
598.5911524025987,230.51333364361298,16.30479320122913,12.137530466009139
597.1722972265615,230.93171836263906,16.102205933688424,12.702357084671064
597.2176764822991,230.98799328429152,16.502020857066555,12.218646764330742
595.6344597146651,231.57729098439927,16.51746228405591,12.438128591010269
593.7096765648532,231.15791813195926,16.708333111633465,12.392035259659792
592.1788842488804,231.7800044807081,16.397640238765234,12.522097102655039
590.207000458043,231.4539576238244,16.70359989767303,12.314988908442388
590.8269198727678,232.09329897141288,16.202456319816747,12.893247650799822
587.4187411192211,231.32802148464143,15.908869241116008,12.788014195857045
585.7544928088623,232.09240018096784,16.4117528078408,12.762282171033092
583.9841864031243,231.92019387957657,16.603973078936633,12.38038425988816
582.2766676472004,232.5361753709306,16.74559829373152,12.715783923460549
582.4374064608098,232.5595318676672,16.854169917123045,12.353583813837986
580.528238583473,232.25469377052394,16.77738571970167,12.305236639181715
579.0541148958973,232.7695277894731,16.3238337461014,12.88593484487393
577.064470741052,233.82363022882544,16.82308766656979,12.16316355305338
575.1229423458215,233.0929233469442,16.945593796811295,12.638990509577013
573.9645875066268,232.79909795580187,16.47052377217892,12.428477616968735
574.1713595631231,233.35298798167787,16.349277929234177,13.218392708026727
570.6015866146971,232.96057076538472,16.41143545715488,12.527248253408317
569.0881340298907,233.48172827632584,16.4615440668789,13.022130340596334
567.1225032760867,233.4365480822848,16.685620978996667,12.441028597938725
567.5990758972075,234.03191484793342,16.466312468550427,13.10624586345699
565.5823904479429,233.89942596847624,16.893471420275546,12.564541250444876
564.066424496027,234.28507385065677,16.681877746534383,13.187308303436112
562.1418278001972,234.23743643972648,16.780444250644564,12.581161910388687
560.2612090271822,234.70685282978025,16.879230178641933,13.000097880005342
559.0241484520375,234.17802463479296,16.365568012929316,12.895701933837529
559.1215772370124,234.99367977747,16.565405380854827,13.185182033686715
556.8152414347244,234.9441543852791,17.041071995170228,12.535214065173363
555.0439330582516,235.29571107530478,16.902660301401056,13.200048496184166
553.0002253781892,235.12210405290568,17.073512482479032,12.74721830655676
553.3989179077287,235.7728925480701,16.83372896556625,13.21578649512685
551.6090943265378,235.3815760697231,16.70184335325598,12.929215513273675
549.901868138123,235.9335956823354,16.82268684620965,13.185558096084833
547.9612410087854,235.773205590399,17.0368530487425,12.783261132776232
546.3221722195433,236.1952393558728,16.91192575211869,13.373700535843284
546.2899350298685,236.26211743043945,17.30352205033705,12.85154525779069
544.5161124302408,235.94604091381967,17.066256971212624,12.777852295066054
543.0586985965853,236.58410671485203,16.67614284501974,13.243569876846124
543.4329096360459,237.41851754013345,16.361687794330464,13.493996523564391
539.7994199077011,236.63353788211748,16.427795643615127,13.216287024407222
540.237000271535,237.56080535675164,16.783607732947075,13.238141484190066
538.4120068661008,237.35975967057922,17.117324077315402,12.732926137830447
536.870794855196,237.85959767544045,17.166438877278324,13.15114216953259
530.2912373131451,236.2693434707718,17.953665858698514,13.52632674583026
526.6100984572207,236.0858049244324,17.21453920762235,12.845542478414586
527.0386159130894,236.63700972110223,17.331219742230132,13.687964963865056
525.3487548704204,236.6661205182517,17.06319099896359,12.804010908146154
525.6293143405817,237.390162411149,17.211491122655957,13.573289170768646
523.7268125624751,237.53897421526932,17.029590230187978,12.581604828236408
522.1572692825662,237.77398224801982,16.825786501685798,13.594498909086383
522.6146995913692,238.12741940305813,16.57692005047045,12.515728302758305
522.9927618327544,238.69717348192853,16.598451984506028,13.445498862524232
521.3588422850016,238.86520568151252,16.28225877998011,12.303764883268599
519.6710319673582,239.23525703113387,16.387948190473935,13.089810298161751
520.8023216485349,240.19113827219462,15.724321061903765,13.33589517473871
520.9401986416889,240.37104118667867,16.342897392451164,12.718626218512782
520.0656532021303,240.80674626136306,15.539301959296381,13.353274907744236
518.7106470870674,240.8644826710745,15.425815261998196,12.380440800425475
517.4646541969491,241.15759571875788,15.33779853859528,13.251339276303042
516.176047448228,241.23165765836023,15.282992509171208,12.174547703789187
516.654639030985,241.72221057525104,15.54801584111192,13.19588990422585
515.1192267217257,241.5675027329837,15.691345479523534,12.48593274555219
513.6136737407014,241.99021726766847,16.02846763423031,13.11984164342519
514.0372235391434,242.3559717237143,15.809634477706027,12.180585180577566
512.5941693315963,242.55592681546398,15.477666076560581,13.193813348670204
512.974314523298,242.73687111246645,15.479804125503165,12.377920844301826
511.47035786980973,243.04871175985522,15.437008375283199,13.091784814287166
512.1062593473061,243.9471714108347,15.0686919076918,12.915029510871534
510.3733226911927,243.56101457695473,15.23135001168373,12.506518957405603
508.62686515873907,243.9877625392803,15.501756503499337,12.94769174321317
509.03739335412735,244.03499367349968,15.371485365201863,12.182576969906336
507.2372852393114,244.35308197304312,15.691023113700112,12.821679926812976
505.43072525388743,244.02109385650476,15.920620393513445,12.326883607745572
505.82938058584796,244.76198752951564,15.677626518127909,12.735906214058616
504.0623163058731,244.5710008835309,15.624643962432856,12.158873628384896
504.39390834142796,245.11417181962474,15.568694182193212,12.820798054043905
498.198602794542,243.8685355880756,16.8613488873018,13.054492369435934
496.6994918386671,244.59402714401972,16.941921792775247,13.094445396642868
494.8968420661564,243.80197481403422,17.19418832908559,13.300128602893437
495.42183706618874,244.70697055332005,16.616696326821,13.49531792933567
493.5230188744011,243.95404437477612,17.142763341626903,13.542196674567947
493.94877465679457,244.89581658485213,16.709333257898095,13.682364809929709
491.56687149212934,244.33539936245052,17.414307890581142,13.575199950555543
490.15818264084373,245.04001946272768,17.267416521162886,13.595895505606393
488.4036901967637,244.6059741197307,17.492121231693545,13.380593103989412
488.9766547254813,245.39939455832098,17.491221252646483,13.742119194062468
487.1576357420764,244.63389769095932,17.518087117019945,13.89603951879792
487.35606768541845,245.5537928471744,17.409681364384255,13.921142757440919
485.2550094299924,245.11412587085877,17.828102245287994,13.669517838440328
485.7986363368909,245.86318857098001,17.179754939214035,14.058684848921644
483.59123761881887,245.10398954906475,17.79891091294445,14.092939768145698
484.07865414302137,246.06341140008794,17.22911930737905,14.165396375602256
480.01482547120554,245.063955564097,17.446004362715826,14.128673995302279
480.1362369223698,246.07415321726694,17.911247596131034,14.28799247757297
478.20264317827895,245.9126373879502,18.109614110653922,13.673097375545012
478.7150995971645,246.64764983678162,18.10796671955785,13.990050990265956
477.11426392374995,245.91753613074346,17.78350390749506,14.148339888669142
477.34925484883684,246.78849522369921,17.846683970575214,14.344260933479802
475.08052904466547,246.33394466556922,18.36397895687776,14.071619773142743
475.58885013564577,247.12298503437216,17.74694154607414,14.326383263169475
473.5603904584361,246.38928844832807,18.032447751040138,14.316692371812081
471.71565597260684,246.19609614128208,18.024614482004154,13.881032014532337
471.83551239377704,246.91850962489963,18.186031400338322,14.486339422851813
472.3269527703847,247.86187621250247,17.691114137716283,14.292149267606476
468.2235277956538,246.67280492719823,17.947695136862535,14.450619302582766
468.69078180458746,247.75206397861058,18.29713063483598,14.115608624050878
467.0576581623753,247.11889652401325,18.169604562178392,14.213989891444868
467.08198354221645,247.98217713753945,18.483740039257555,14.41198959367
465.1064098055075,247.70839574166587,18.462843352372033,14.02446168266249
463.6842895308305,248.30026096302788,18.096038554055042,14.114645931587575
463.8598918079565,248.13465916176764,18.36005172830528,14.013031957263394
462.1760912572381,247.7402137149329,18.163414592201207,13.978467283464852
462.2788150397942,248.5789090680579,18.315200280894544,14.508040805775352
460.03941498520595,248.36482650537255,18.632621243170775,14.047285967095036
460.4433326864477,249.07538363681954,18.245356846936204,14.640615897244231
458.7435218336591,248.406106511885,18.194136319492316,14.639140410992013
458.84102656231084,249.3668186459965,18.4813421624944,14.592334382825698
456.7039762255206,248.97137330268538,18.718739434236113,14.223942695589415
457.0754398854564,249.71092200727043,18.329775182954904,14.805045188150473
454.48504451477726,249.45480508842263,18.94355440690316,14.333830136871427
455.01332426063345,250.26645567939636,18.55316982192562,14.505845490333513
452.8058984493233,249.7715084809255,18.914995647023943,14.358898981634638
453.3350517886113,250.5298806959172,18.328541343699953,14.82956988548949
450.9847218882488,250.29278277072956,18.834952831250916,14.32415965467078
451.4635475239411,251.0499874919701,18.3552872384098,14.845912571815461
449.247276658386,250.46611730329334,18.964182522448482,14.634066214370307
449.6373100987944,251.33693661683736,18.6644038987547,14.62310509145027
447.55575752400205,250.83013628715793,18.791882892177,14.495653291250164
447.89119121828355,251.64950349549457,18.565487269296796,14.89277052780227
445.3286245037641,251.35209756934665,19.171987731840886,14.418246347849731
445.6762871478255,252.09309383456838,19.079574752657777,14.62361163531341
443.76975953899773,251.6491357391828,18.910839938520894,14.488011032693493
443.9933820903448,252.47472700243338,18.79521671629169,14.981154293556756
441.7292519680967,252.22301156966927,19.102997695996805,14.453745682952842
441.96976526208596,253.17983363759708,19.048418308422015,14.913160678982251
440.340696893263,252.63553309267775,18.785658490662684,14.767247728966709
440.4424587893292,253.49471263507309,19.08158291518464,14.927873631282012
438.6086928353061,254.27454462718697,19.06335521786849,14.512215408818122
436.786351719841,253.67588525803552,18.935489660298742,14.59758752365832
437.0275602776734,254.52651074898165,18.8862032675587,15.076480692108078
435.30599519163997,253.876646770111,18.75409394935747,14.892565315353863
435.51778864519883,254.8330316649206,18.942318180228995,15.080666627734558
433.3787042928137,254.5900377468921,19.140497588880976,14.601059332594104
433.66332431001234,255.55052414571276,19.164272787887853,15.077093672125727
431.2627058868643,255.27033365801014,19.444807567626356,14.70499390605039
431.77643799063264,256.06635193772036,19.157170095385823,14.875638026328488
432.33760894780494,256.9442593079566,18.77013242543171,14.849389658482778
429.91350391812944,256.3611360906708,19.151916240772266,14.834632924629204
427.98785155515793,257.00302040933207,19.26122589601988,14.726595463935041
428.42887498699145,257.8156876905732,18.88690072248596,14.971512855573962
426.3173121229534,256.8453705551972,19.162514238039023,15.23678647137399
426.6864550622465,257.86885775929545,19.106266762177484,14.920220576013378
424.29946462146324,257.4135159381976,19.46991821299855,14.809280930990496
422.6569557069024,257.9887635068011,19.128995947711246,14.970537263944834
423.0158876175268,258.8003045724829,19.001570203549818,15.096699099057844
421.1413011111363,257.87089431468564,19.037105395672825,15.334422985663707
421.4753765261328,258.8496848397667,19.192167790960184,15.255601238375789
419.2269467512547,258.5139454874525,19.489961107778583,14.828107436383561
417.8996821835681,259.0133774126018,18.80610713992337,15.154553908466823
418.15598609857034,259.97900563269104,19.252319263280697,15.001936324326607
416.58466055352505,258.84033594591074,18.796495523774524,15.471135822554288
416.7172162495872,259.91747160295654,19.250827378273243,15.149653768633243
414.6275565145269,259.3207162544521,19.46376664127581,15.112533901256938
415.05544426167353,260.1474330281394,19.224224294527403,15.456873028224436
413.1591364807749,259.3893015149615,19.278990979640753,15.409732244893803
413.5136168170852,260.2703350217621,19.26375399312701,15.635036754442183
411.1836230375401,259.91577351259997,19.719891998240087,15.138916546809526
411.532381667687,260.8561309761444,19.591866299992546,15.39739003009845
408.9779707768189,260.4993795646835,20.068351437312003,15.046646577819502
409.59007414620874,261.2767459333336,19.78056138443253,15.258637128414193
407.422323744827,260.7050749819755,19.94708788100894,15.190130201059219
407.9296143927934,261.59415992141294,19.605951843770697,15.563744050748937
405.3158618586001,261.2473505307653,20.206604083487036,15.182588618773138
405.9229771320177,262.16485176254264,19.51798113730632,15.672834157957823
403.6096238187454,261.5569411603524,20.117758130731033,15.450906327578082
404.2001213711749,262.39847541825895,19.592722873602156,15.64821819766496
401.7210994444817,262.00985325563715,20.16186419647073,15.274684587200966
402.22054361994844,262.78861278197166,19.627474448213547,15.854335599679416
399.4226193999623,262.4819542800951,20.41365641533082,15.328423793594766
400.00311256451414,263.32607501474297,20.066243745089935,15.415681801319181
397.6948137205834,262.7945011392672,20.341420068344405,15.329147839655832
398.0724689400269,263.5632296830486,20.068682173440493,15.8572700130984
395.6020833837743,263.2304793109843,20.455643123290827,15.382722517335878
394.1245184788362,263.78170432098705,19.817553942385757,15.573098713121112
394.10871097597663,263.65820204214805,20.32854010122361,15.303843532799533
392.60937235504,264.2002461749976,19.937057493188547,15.397975367307822
392.969162934517,265.03800900549186,20.19119947880381,15.540752223398044
390.8214315532175,264.3565765924082,20.249906034141077,15.660103785356966
391.1548648584925,265.25990676638355,20.220974594669656,15.73409403509254
389.24123097407823,264.4136311441698,20.100190056404927,15.863959309854181
389.5315471439799,265.37550151228027,20.16738701353097,15.71653970663715
387.1876374377954,264.8347404405197,20.51644752328758,15.601759803548475
387.51623467342023,265.7204348772533,20.506347238698538,15.987451920455271
385.08806471417165,265.3109017465457,20.704165076413688,15.649408265370084
385.80981317988676,266.106055475423,20.275813309514774,15.905263948730976
383.6025255297918,265.43299556493776,20.305243753137347,15.90386162214486
383.71239708217706,266.33594399442245,20.605628298861234,16.06221486705931
381.313373372023,265.9468519063274,20.808854803370707,15.610081535344762
381.652566910603,266.7655274040915,20.731004946334338,16.134719292407226
379.8054931402439,266.01139735404286,20.38381820383256,16.11059629128431
380.07577413413173,267.0000169665176,20.539613966579395,16.16110031265964
377.7508461444577,266.5648655906774,20.61177742053951,15.861347576614548
377.8893662752156,267.60107444746245,21.02896924588208,16.012837550019526
375.7342627894784,266.9882947718945,20.794394359470175,15.990650880400608
376.27881155362434,267.8857343151617,20.782035363119746,16.050975785887545
374.4591194059278,267.2324842208652,20.37184803262346,16.09553583552497
374.6470441657409,268.24981714827345,20.71552147408738,16.242241100863907
372.6639796642404,267.7507946082212,20.57167706363441,16.037143700718843
372.812993609719,268.70352359874073,20.89093226004286,16.311259658986785
371.0462406181307,267.9795531717219,20.462141129297095,16.20441382724198
371.3564545346893,268.93215514376084,20.784326097973064,16.140781494027692
369.41575087662,268.28042395740994,20.414082393017452,16.175209131519352
369.5550943451679,269.304759654181,20.824071111307546,16.424227794413127
367.18513855161615,268.9208070758663,21.021134785597724,16.047896060475352
367.7719943406393,269.7436587792324,21.055611922689366,16.295139936319515
365.8898302547181,269.1547880636808,20.64911148514682,16.198702429478544
366.0124002759088,270.149293929906,21.09610229613247,16.435605619411945
366.47982105742955,271.23354528372784,20.931161768198592,16.01351963684533
363.9693850442518,270.26438823763374,21.354834213399045,16.414175440843792
364.5784089525274,271.28636448959674,21.24456006245771,16.142099422783872
362.55414300284076,270.2225567043806,21.10231258059008,16.601086567542552
362.8399765102622,271.1894558746262,20.998364923453494,16.598832571423827
360.7654270582237,270.62760769989933,20.957803210423094,16.452607654583574
360.92970156440606,271.7001031045486,21.315211938685025,16.64902172077234
360.84762247655294,271.5664120884588,21.654528289207974,16.304688039916925
361.59982629774163,272.33072314008723,20.91851199646635,16.629295952881648
358.9505366380596,271.6610625490583,21.40484455222861,16.535879904587603
359.20799169008933,272.6577292157872,21.427201037360533,16.54777319961056
357.0289214533991,272.06274681840983,21.233596596578877,16.4836281787629
357.6419195169663,272.9609225795002,21.19816343083272,16.499868623636985
355.70649300813875,272.14141284042006,20.974694087894704,16.628820640559695
356.1050780288231,273.1489073796355,21.103933382444495,16.766637275120786
356.46081473251934,274.2150792038183,21.269763457207773,16.43754034740232
354.0630507487862,273.4221156106139,21.37979595952737,16.63434086188488
354.61885842034684,274.4044991399114,21.36481324629625,16.462693080520637
352.6177472956417,273.4129029952096,21.13661859392812,16.92211008802542
352.7917658507671,274.5516127002619,21.523776275092132,16.757893243989088
353.3317706456478,275.6027159242593,21.419752063834494,16.469648046906627
350.90750774473065,274.86140392081694,21.672023875022433,16.58887300732175
351.50144983874486,275.77818833890456,21.580324808998796,16.550644054793793
349.7129444916744,275.03097344580544,21.035633996306387,16.656068947922336
349.90777304697735,275.9808376079957,21.417975551135612,16.967279685203152
350.2928766837542,277.0403676132205,21.44723007271108,16.67138529995225
347.61714296222885,276.4584656000905,21.82735200101189,16.598022087154334
348.2390508392032,277.29260623297887,21.610426069541973,16.755030470903876
346.2162101522523,276.58778326522076,21.291838881373792,16.786631465166693
346.3475688858623,277.6736748119422,21.79758541010375,16.96769526873055
346.8082398112003,278.690723931034,21.581900221222952,16.847681272964223
344.1937435632001,278.115181399123,21.916703056799406,16.725878878560934
344.78555969063393,278.9996356301556,21.798377250506974,16.78846973155339
342.8782038437144,278.2333542393925,21.244006199550142,16.93450005975535
342.9168120264622,279.409201077685,21.982879111828822,17.049650739406843
343.4585526915092,280.4426565504332,21.78808510669785,16.781455878954375
340.908285378876,279.7626252413078,21.94905305021797,16.80804982956886
341.47474583472837,280.64800038135434,21.813408483914998,16.85602398363551
339.6326376987713,279.8853699855375,21.29207228540355,16.924929114948213
339.66511392017776,281.0028737688481,21.92979795582454,17.179949475970716
340.38681521945557,282.0343936409249,21.51404426022924,16.925240591622355
337.6126069304726,281.32894910932237,22.065726891776478,16.950034141970264
338.306219843224,282.22693355212925,21.798049413906426,16.931423992053965
335.9871909474593,281.45300427351816,21.78736250172949,17.029694569824017
336.1611145092767,282.4572969962246,22.057455030780602,17.262049094409804
336.8367809964666,283.401279078386,21.471543836803335,17.470424263912264
333.73394068768766,283.0051579220574,22.50203346583777,16.94876560182115
334.3096388355267,283.8369004577502,22.306464074177313,17.153878256667156
332.07322032610415,283.1998706276439,22.21702605910548,17.06187737495668
332.395700447257,284.180419377034,22.2061284762475,17.44045750350915
330.0031687634653,283.7536457563148,22.11669638962138,17.05531642204761
330.0976588386578,284.79910504960753,22.595519642701447,17.50456239520554
328.20338851562565,283.9675682445793,22.05709603235755,17.525839848027545
328.50001571260134,285.18812561333596,22.352901252743322,17.56472384974967
329.049856968621,286.21949429570475,22.17707718436003,17.33717629739226
326.2665689969389,285.6002479320202,22.69146326126105,17.309787180653473
326.6545649883475,286.6266870336252,22.593545376953443,17.719521693826607
324.612611404938,285.8603512060363,22.238383243181147,17.62583866927889
324.9044055684529,286.931818426636,22.49373888693964,17.568310815576922
325.46647495329034,287.8827987143193,22.26710844848094,17.53409067424758
322.56312122550463,287.24669624396745,22.863120467320357,17.39634959668217
320.8754392971242,287.8429691411336,22.21687549042599,17.541732241565
324.1946085721885,289.0887802600645,22.135829275077867,17.627317360128927
321.23296320306883,288.2835262498621,22.87138637832402,17.4817042785034
321.8646831819129,289.31851861376117,22.496447089646153,17.83724660398775
318.626301876011,288.87579219872293,23.331666989311998,17.450610991818735
317.0272686310036,289.42753201729965,22.436540413239072,17.65760378412085
317.1678315797757,289.23951520817377,22.745238322028968,17.4827531553442
317.4540346412756,290.1747223614709,22.812789115380554,17.918318794897687
315.2974257724588,289.6784261916646,22.343968122034596,17.569735376156586
315.3175453818627,290.8415380994008,23.06976593052093,17.951010160424573
315.80695666576025,291.87394485953155,22.72630058690345,17.907965899079954
313.47598373484334,290.8150893697585,22.7815479381876,18.151960431937994
313.7506935040843,291.8993202508642,23.081845756170992,17.9603728094163
304.81753103608,289.78254238497334,23.957443653666303,18.30791472781425
311.5800807662037,293.7260064369319,23.6074685714529,17.92137379074586
309.609349728939,292.3461956588901,23.01046887874685,18.430661706682145
310.2117610601351,293.52759766984445,23.309722395696724,17.942315143065343
308.05847686889456,292.64184723467605,22.995520290460036,18.136796538298483
308.4687189763766,293.74926882477575,23.139373866101153,18.36131788252851
308.67057166359814,294.81049106436194,23.523767911497657,18.078292579158756
306.18317310804514,294.19838078147336,23.180068162163252,17.995354797574237
306.6791468345997,295.12102205304416,23.282588755800077,18.07613605220797
307.12420579973895,296.19846348578176,23.396178756126687,17.900551640466347
304.7309788481409,295.28706070125133,23.080046253483033,18.10062001430481
304.7618323120249,296.5381584274562,23.765467183298995,18.30658389211453
302.87335143358837,297.4315859755709,23.24980866967809,17.844690725159182
303.0398339873058,296.80115802369994,23.523859658363108,18.168635972266998
303.4564599093214,297.7128222249303,23.442906134162342,18.386700698965797
300.73439276058286,297.2749292179003,23.478697189897844,17.99266662338232
301.18293197606727,298.27602125192584,23.49293737809512,18.596479503290197
301.5900389552926,299.35960604715535,23.438394764298664,18.473893344411977
299.16283295675476,298.3630857719594,23.480791680429604,18.588938489058705
299.44137014352674,299.5243875606204,23.624187722908516,18.44361544027163
299.8491620964801,300.4788149445394,23.506424778682742,18.54725674694339
297.03120003154993,299.8833617946137,23.60192629116682,18.308267435202367
297.1164075523115,301.0849747374906,24.011826913060247,18.71677406025583
295.0993007963249,300.248608637605,23.392590850540728,18.61399588357267
295.3377999371423,301.47516615637187,23.8306585791193,18.95458913901757
295.75990358169076,302.5996722878144,23.725265906207483,18.820605054571047
293.2630489881439,302.07586057075434,23.54994438416412,18.429971223607595
293.1996473672816,303.2852931408953,24.33407030510739,18.8555673219833
291.0853601224905,302.3680427017498,23.67715040736192,18.871567604126994
291.63450331318165,303.6299249637042,23.769131106438977,18.978641268578315
291.90883222048853,304.75030883450586,24.03358543181446,18.82881351792156
289.65693156094585,304.0938463742881,23.46839841406768,18.658214402698263
289.6809609432885,305.25562503806304,24.244222040660702,19.101265876752223
289.62939543033406,305.17370282688216,24.558890796695835,18.557618674032028
287.77363494075826,305.7382060456489,23.841786275223456,18.83864295954413
288.05805531770613,306.74433936475634,24.295475172744773,18.84573167647585
285.8911342546577,305.97727786373264,23.56733294902824,18.868364614736606
285.9899135731962,307.16122800460107,24.2802962783652,19.186358318838984
285.9940394689172,307.0410551965026,24.503096127959907,18.72468859844787
277.2910656371053,300.94228840157655,24.184799030124964,18.278697056293936
284.24736422611005,309.1151703822695,24.223443032465582,18.783131792019105
275.3594154135436,302.86446289547376,23.973263495219157,18.506945440111167
281.98592456565046,309.36863466727846,24.23254139254459,19.109900916993865
282.30890292272204,308.96835130512113,24.3987939590437,18.91862814617764
282.8313203574174,309.94695836601,24.222696184854442,19.177414741046846
273.76699899968844,303.980998562306,24.423029521831438,18.366345283125156
264.0981356209729,298.29056042602946,25.378340165904945,17.40887355353283
255.57378065356608,290.94994565604134,25.36086593151805,17.974868103676954
265.97822234308717,285.65248435616013,24.43265983475635,18.97470221082017
276.33431415800624,281.9761370416857,24.40652393560731,17.063985835757478
280.133203892207,281.7482406990175,23.5927174552628,16.971027539613374
281.2863051108361,283.09549371658335,21.988277967466274,16.653805620734204
277.9744256909961,282.15131959734344,23.560526578806957,16.682285209447173
279.26797957888493,283.52188128170496,22.39843932322401,16.249059606828496
280.50273286273114,284.65930536553935,21.114973597645303,16.12051692605064
277.3986625546347,283.6686875114247,22.606781066378062,16.09194757105712
278.7101537057654,285.04685256071514,20.870207343813377,15.72666444513402
279.48267363181185,286.23765656891646,20.184165365963963,15.524289962248986
279.96385456414487,287.60819336748705,20.247245965883394,14.935430809957325
277.9758596025458,286.4644757342066,20.110315829248407,15.046917172618635
278.4765274213553,287.66328416009924,19.675694151681682,14.829432369270535
278.99085110569695,289.01417386682374,19.35327016327051,14.278553216892078
276.843885583499,287.9481815560104,19.222084934344082,14.614541431131727
277.47415990475565,289.3652169827044,18.861267246771604,13.933798198276463
275.51967267006876,288.3362531996636,19.22830704670639,14.381941658174753
276.10562124708895,289.6668542274957,18.724488176339037,14.089843079204343
276.8950202102644,291.03287746183776,17.865437666298476,13.612260004123186
274.6473437702366,290.1296022341585,18.327233939445478,14.01787788520869
275.2959326360244,291.56850394971593,17.869585339117634,13.375546721338026
273.20547157684115,290.71193934886014,18.49086089283975,13.67622540406228
274.1217781970971,292.0949257496105,17.538395806304607,13.24386872266939
271.941261168046,291.3221691778924,18.309754154046573,13.534151853452101
272.9611986248126,292.7005605317123,17.17397726781769,13.158391086959739
270.839778019751,292.04495329820816,18.327310034530967,13.107181728449177
271.8739289696758,293.1959185400194,17.327059164059847,12.982364039824233
270.06040353391535,292.51542452897166,17.795621723725105,13.110565868514811
271.1137941069659,293.7844430423341,16.612999758699516,12.906805824558546
269.2853811112806,293.1858870121109,17.042116811590972,13.058031114367395
269.89998360719886,294.3897999021142,16.94723541432211,12.733512575077839
268.2857882780115,293.7794405443225,17.173514286719694,12.805312090083362
269.1844601734239,294.93326703283856,16.181066059021987,12.708737892352076
267.32826214066915,294.3823100061607,16.866116284279883,12.802103404306308
268.09045913978844,295.5703110891762,16.037143623765587,12.661330831867872
268.3478556956586,295.31238802472944,16.011024586381836,12.652130482431744
266.5888671444181,294.8474752456085,16.20406084389691,12.827535819222817
264.82794956817065,295.8471724922397,16.84374354655108,12.449196516191819
265.64780782987833,295.5023598581468,15.920889972848329,12.829472268407187
263.7265162357687,295.23552759959796,16.57415650540395,12.777777973355796
264.4012247600643,296.45555231775666,16.321380798809173,12.493422787883901
262.7266093051723,295.93280407786824,16.761899052049444,12.597539054589902
263.6537696991835,297.0943872225884,15.620387526074182,12.52454717274287
261.76197579318045,296.56341688072666,16.26311614466198,12.63486776923105
260.11634105170253,296.19532647969834,16.734858872936115,12.72653873675722
260.60864703895993,297.3835674793005,16.71329052652834,12.524117072518038
259.2538321398727,296.8449186641717,16.73164027944523,12.614715587640376
259.9931843763244,297.9604850320818,16.122318985966558,12.549305935041275
258.30530525511045,297.41193817754976,16.405761671922107,12.65060419248806
256.8773098651709,297.0482271094389,16.628901092551587,12.722208979091533
257.70947114424183,298.2220144724481,16.305833395313527,12.534211577679855
256.1252732706522,297.7001494847591,16.727739654774496,12.661163609881896
254.74286650922136,297.3614615156405,16.83077432704397,12.748289158217858
255.48813930355587,298.6165502483678,16.371190146077055,12.653609281775914
253.89435060413766,298.18664789725597,16.45536364521226,12.807895020880665
254.32168049414844,298.09966096308176,16.200244862246166,12.847626944458511
252.5070635207574,299.05934347052937,17.16492461816631,12.523615988416907
253.22020070749642,298.7446772329969,16.11334283629327,12.933599377363748
251.37142427485134,298.43516341138474,16.716160352495137,12.910207804046024
252.02927327788672,299.7320014320876,15.978171786670202,12.788239712417749
252.18785633720984,299.5496265484662,16.02531813208128,12.800452883312573
250.3487443174935,299.1792117879325,16.258249243017104,12.89606097384825
250.73522674314916,300.4299661734857,15.918276785783064,12.73294768517917
249.01286041011292,300.0118434328051,16.12656082749959,12.821552986852112
247.30841384830717,299.69628389468517,16.45810560533181,12.851922128755291
248.0840886580384,300.956564084409,16.165615105800214,12.621709501268128
246.44328093242348,300.41133268230624,16.759130739890225,12.745242087039514
247.00210426167217,301.55908009213624,15.989985844165005,12.774831744657263
245.36199180620918,301.0509666949511,16.3732419891075,12.755738583387881
243.75523193117527,300.66177524889576,16.786108053836585,12.873683677568124
244.41133204601175,301.84169201755645,16.597599302650963,12.679287070275677
244.94820247450494,301.5776066761046,15.927647434202498,12.908308153437417
243.0901334900052,301.2482473261651,16.40981052048687,12.83300063123528
243.3274767786296,302.4588592813612,16.091958681192352,12.840749931456287
241.5771492370656,301.94044437448116,16.87406937721221,12.760288454933232
242.15102789746953,301.75120400450356,16.251164209407534,12.923217469418717
240.53943404150777,302.71966227064564,16.528212042314408,12.686080433493942
238.90032004456924,302.19262884232387,17.04691083832654,12.846878198795707
239.72796337568764,303.32653190082715,16.441834028518144,12.82034412792234
240.09433034379617,302.9945144401138,16.134273713763378,12.985803674397744
238.27297345332045,302.6075116019996,16.61675781928068,12.956881677554065
236.61233046906275,302.2704095209096,16.978827099009578,12.993905132518705
237.1531883500956,303.5149772561364,16.506626223858518,13.042388014639869
235.62326253395972,303.11231720065683,16.734086770212144,13.061873514992442
236.13781813406996,302.9847581506697,16.50072220535057,13.123212599361068
236.28326755602538,304.2859633971796,16.396686351622435,12.998230529867158
234.58249395334465,303.8252740603259,16.57399354571473,13.057881701311544
232.84330894527852,303.48157909483444,17.08842654733462,13.103011031033873
233.3772941958142,304.7299800418414,16.676695185721854,13.105605299134709
233.66483738180173,304.5334649648126,16.414141217808293,13.14522418341545
231.75699880774596,304.16723085870933,16.874006709565947,13.177911992300437
232.05308651199533,305.42039575040224,16.4957771037744,13.048392550434869
230.31464472317197,304.9504010109499,17.01133526343267,13.080588062980496
228.6001055739725,304.5550249070552,17.405240352029892,13.205102009290385
229.4307269230347,305.75198870997195,17.048942054769014,13.133405299579294
229.8937036289708,305.51775843574615,16.473407930653252,13.275796197149248
228.10550201504276,305.1491597090246,16.83127664214959,13.305822061891377
228.36458354544223,306.4075983153049,16.63351541398086,13.200182821875046
226.58556352061527,305.971482279446,17.028862595761694,13.238978554539528
227.10921553861525,305.8134886259422,16.7162193262364,13.337725178848814
225.28385416948052,305.4912754494204,17.115868804712278,13.318019638596525
225.8218441584292,306.8397079057637,16.613810624353732,13.335865257993305
224.0145105268123,306.4671872179821,17.04331254084346,13.342221705950692
224.5232287130175,307.7276114890992,16.5453079859617,13.32591469063118
224.68097696325347,307.5164953505404,16.517166087852132,13.37157937203557
222.82642486448822,307.1699634579532,16.857980266744107,13.351863053024715
222.9627748829316,308.4262533856456,16.843060884913967,13.329071922149467
221.21073086165018,307.9922093505568,17.093404556109732,13.3336925123333
219.492091454292,307.61145908517426,17.527707418876616,13.379458762295712
220.10827576155287,308.77663587610186,17.44748093773103,13.316058577775493
218.61479705929156,308.222643136031,17.640746482244055,13.447493416006864
219.14897247310546,308.04339182050546,17.150273574037783,13.564491457911913
219.3732510321512,309.4259751262167,16.83044014458204,13.451744093303375
217.43409781980634,308.99811076020546,17.16643714337539,13.54254746251786
217.66586974194144,308.8580017917632,17.053311965677892,13.583042644890611
215.90416086494844,308.4988008460522,17.48726919334888,13.574962163503528
216.30653514149898,309.74448543154176,17.277760384379604,13.52749590206031
214.7562582445471,309.30303732111975,17.192345256580438,13.64527088721593
214.92358282372118,310.53344602998675,17.346760502938253,13.58943938970765
215.23718226241985,310.28581744012854,17.021026650703078,13.613407645850543
213.5303753069793,309.8673529307817,17.310918031077165,13.620261084482479
211.82610020200036,309.47873743487105,17.694628636567813,13.6797830533975
212.33753457496303,310.79355373331055,17.438580688243917,13.713624019132112
210.72946396316775,310.3781165706291,17.609001870677304,13.721862999844689
211.28404038546057,310.2041451706888,17.36043557503706,13.785747097458284
211.49753525779198,311.53547138486545,17.077297736642947,13.680069885045896
209.7909261819366,311.02468709118904,17.405944116165728,13.675894031014138
208.08716856820786,310.6087093214287,17.81223618763903,13.776215855154533
208.62470315483583,311.9420665604561,17.564873688976462,13.713302800922463
208.98916109409473,311.69320011461537,17.216716344156026,13.825484052666297
207.1856206735324,311.3044774084349,17.61608782957751,13.829007788270246
207.4423360036741,312.5357265608056,17.473812136211905,13.808503699899745
205.75571279357297,312.09560908732163,17.890650519133914,13.788125246535458
204.1841206535807,311.6588596644791,18.01240436052609,13.910024744110046
205.0005928651932,312.95233338504187,17.772211298647562,13.736782677587883
205.42414962644693,312.6866508525899,17.239274070574652,13.955592844011221
203.50094655233252,312.32287630885,17.762230961283336,13.918558107811123
203.819355166746,313.6283878873181,17.450730235270612,13.935266370213753
202.09047030347654,313.1870078892176,17.862499810922316,13.864782728426235
202.52001123979574,312.9860020771058,17.73172090469987,13.990919522555487
202.7069795682334,314.30813235840253,17.5030950001634,13.90500722483523
200.91219826644556,313.81266489991833,17.71607003393001,13.939681673236691
199.23593464157472,313.3790548330842,18.06256423382939,14.015395696457404
199.50823510629425,314.68213185082794,18.07830283505035,14.038952959787196
199.76007675822478,314.4424537621737,17.78390839311595,14.096896633544134
198.08861291268636,314.0355864302354,17.975957418809458,14.09544152638739
198.35655524645708,315.31174115586225,17.969812120290385,14.064580934113735
196.57888244695255,314.82897897078664,18.07482704148032,14.141917820852598
194.92203066972849,314.40483007368033,18.312185629334067,14.19721345984675
195.62968564442502,315.71749167674307,18.3609438266125,14.078506679926477
194.10180035836098,315.1862989949042,18.34967626174071,14.226562426522946
189.92201605061896,314.562997106343,18.068437376655908,14.120032092435508
192.74100648539888,316.2324638087166,18.67940674636219,14.176693161519324
191.17929159737585,315.7177924705485,18.556509498522473,14.347318870792947
191.92311095979952,315.5097481759384,18.192381351480122,14.425556686002551
192.2223003499861,316.87400590516745,18.193210854745843,14.276090319994864
190.52248740216316,316.36880626360767,18.483500961359994,14.344319533922203
190.8574866423747,317.6071722894637,18.20220692705371,14.322505358059516
189.13618798635912,317.0821397338261,18.490218406688882,14.301961929682875
189.55588332511326,316.82776803320803,18.34585298908962,14.480239523070622
187.80818665316673,316.403137272535,18.658228424140248,14.48757383670852
188.28037493612362,317.8393587629351,18.216541530606605,14.447183496966375
186.57417697164647,317.35898114706987,18.496401375756875,14.45517037837368
186.8303059473511,318.60338726428097,18.458565324644866,14.355728490057686
187.00491136275713,318.29826003450285,18.198467820235635,14.415132623444833
185.29046012675542,317.80113002934627,18.344370806186163,14.506929292566383
185.54999899599846,319.07783373445227,18.1706381661283,14.511659603191447
183.80581804309628,318.6131829694366,18.522391989257812,14.47971743712867
182.05917689515172,318.166536579304,18.822794682472704,14.52204602189039
182.82732758298098,319.5256340524895,18.600536822284624,14.475490305169103
183.10767042283476,319.2545039112383,18.30903279113039,14.638456906682222
181.1476636691284,318.82017766888293,18.435245015291116,14.636958686573962
181.24307465897016,320.26929332835044,18.63916148754103,14.587827885909576
179.61784615370334,319.78413371337535,18.68753557988242,14.675498347864618
175.29042965394956,319.12567042204137,18.560144420617235,14.528649834895987
178.32313609194858,320.8115007609675,19.007242814729835,14.617474104692008
178.7121227361921,320.54536227606894,18.691807616524898,14.768783314700329
176.92577023514636,320.1056710038383,18.968538170484976,14.782056803775049
177.12392386469094,321.530103239655,18.98733407081147,14.74832914817614
177.32538799469313,321.25797908965825,18.704036729940583,14.820762239495195
175.5956638069154,320.7903616969367,18.790203118439024,14.870151786894155
175.75779119470326,322.21086296511464,18.835328980944723,14.745685892663118
174.05617489267695,321.68745371814714,19.059063488400625,14.821340142890449
174.36673345697693,322.971198335189,18.894338953839338,14.807370051824478
174.54007463024647,322.6589405140593,18.667769613842836,14.884396241282161
172.66784574373247,322.16840419428536,19.09621217555741,14.887953142557308
173.00847750441687,323.49128234806795,18.601978982027163,14.871829835908102
170.87712835174545,322.9585282149783,19.365328386609804,14.841314099638566
169.25120149669348,322.44073588289405,19.26956797314938,14.994436953174386
169.9721227463823,323.8045917439482,19.302728710800636,14.856349062666027
168.17530640394193,323.21664142816803,19.6893867021156,14.938680921198625
168.89968092445218,324.41473966909496,19.154293923985563,15.018361684986985
167.19690693159197,323.86198213503167,19.440424819106966,14.96316561610979
167.64497627574877,325.067035460997,19.01777484191979,14.973713663747162
167.70274256595653,324.71350493999626,18.921506072318238,15.075871726731293
165.8119221326466,324.2252708876342,19.339221353606092,15.055660931476496
166.14769824205993,325.48127033443785,19.102584066582352,15.092923426495872
164.3145821231829,324.9449876183796,19.268619619439164,15.061181591537434
162.56261078475893,324.42609685255115,19.28854878941098,15.179638658430804
163.25566716582125,325.74413890235763,19.707052395445317,15.07967802906711
163.65272730553633,325.4148347191466,18.97918961191229,15.269690512260468
161.64406325435084,324.95322293825996,19.406100160603046,15.251838341875214
161.83141728828633,326.4251450164887,19.39394293778531,15.23801904746972
159.96758143334452,325.90146558326796,19.439427035742852,15.29667605128543
160.241806550338,325.65963399276643,19.531206387623143,15.36174598937123
160.48705557511843,327.1779477351777,19.13049485528714,15.258725096376054
158.55374232585098,326.61413246690427,19.326725446816624,15.32093599122527
156.72733153567265,326.131123610186,19.561097666616888,15.340472324364328
156.95584358722132,327.62844195445547,19.72704938565971,15.367266585145614
157.1628767245218,327.35370455580164,19.666967829191947,15.442972577752698
155.41411331425178,326.8467100166323,19.6204813091951,15.48708877374122
155.6055473873811,328.39453987866716,19.39303260907988,15.424677053286246
153.68729519207312,327.86667635704526,19.388075066719182,15.477822731176218
153.87851107558177,329.30469561272275,19.291761879332824,15.371988484880603
151.72598082837186,328.6124636631523,20.260097225181255,15.34983480925689
152.21180149731535,328.265465340153,19.79242962594958,15.571638468590436
150.31863670711135,329.3521716122433,20.181015303510037,15.408083544022588
148.60769436630903,328.75125341733593,20.22124355684042,15.579316133937198
149.10952958511018,330.15953950202385,19.969843603911443,15.569804935548802
149.38847434854864,329.82049283410174,19.79847753834798,15.664620295964369
147.43139012118792,329.2844873544932,20.02921202065977,15.724735929710278
147.6353897845396,330.69691950857924,19.871639744687286,15.68296658168066
145.56046691244217,330.14848201631406,20.023760116995362,15.73977805693886
145.77457026329165,331.5276642558223,19.730813135740448,15.737373029267133
145.84235485229138,331.24682587533647,19.543249952567948,15.713903993220981
143.61238689275865,330.6968433579218,20.072759061146286,15.767149282396076
143.82910548376378,332.18240838068823,19.786268038137678,15.726557794628206
141.50668274094585,331.6207576853986,20.68201500176039,15.690127675355313
137.32160923146088,330.8289548293842,19.564374666543273,15.744063804042526
140.19292869628987,332.66351265851665,20.63819719617385,15.668344928163037
140.61661893961545,332.2887938225682,20.011121951455465,15.909408058949907
138.4886189747686,331.762787338953,20.543832719228277,15.932239422141151
138.83536595432682,333.36472506361883,19.938386156462656,15.876636225785433
136.70492620753748,332.77315295739515,20.412540093877283,15.973321625379072
132.02639111942827,332.04533383271985,20.13780553885823,15.739691616721075
135.22654618817342,333.85389638241804,20.669071845111375,15.888213494358979
135.5666428399917,333.48627199805856,20.137582381365633,16.087739959395776
128.05283541422872,332.5331657273492,20.255455271703823,15.784213340587371
133.49829552124442,334.56660338360984,19.91319240601581,16.103574528116724
133.49836696895696,334.3068958171258,20.036198411839138,16.099311867415167
131.41032250457738,333.793676903443,20.58747955726585,16.043974135465135
131.8454339795249,335.3856067095152,19.942678661753973,16.053274832753914
129.5413575231711,334.8217091719616,20.424370898432244,16.102088508733743
129.63157066199813,336.39088440238675,20.19501537928818,16.02178511136242
127.38544377931976,335.7151918878442,21.11449803051073,16.001651955937064
122.97170788909379,334.8617369717158,20.172839542935392,15.99494672621654
125.82120950144301,336.7048736569535,20.54845621935047,16.15345244202956
123.70968432599267,336.13219412303886,21.102937465926175,16.21080047754458
124.40593675505067,337.741564616015,19.943469421367013,16.181966969046925
121.89789578099817,337.1595136264695,21.341537248588338,16.082989027915175
122.60577590336715,338.40944062927554,20.357944411455435,16.27607033776667
120.19228245788173,337.8151492617638,20.84816806029778,16.268449520319052
112.66685055009057,336.74921292087674,20.974052334566267,16.061802897950656
116.19904582687275,338.5784276972703,21.01715706421976,16.260760416690687
116.90785847215145,338.22875719955624,21.19164540567678,16.387544611806504
117.46876253396141,339.6340308154246,20.454898340027682,16.41455338874067
114.98500630331003,339.0391303495144,20.890323407580496,16.445963284439813
112.97781837814283,340.1348067828086,21.35948390915162,16.35331611194482
111.20443333022331,339.4623604053568,21.308456408132997,16.559553374747793
106.3577826488328,338.6755089253429,20.948449205575628,16.459636957927046
109.73163187153443,340.582522465534,21.507107598167693,16.56589689795487
105.05311990242092,339.78568861961406,20.746843914843737,16.46675552203675
108.09643786467177,341.6707545429747,21.069799687893834,16.58539476547162
105.88172262716061,341.04662579106594,21.698391908229297,16.68263290407947
106.69646441782214,342.4485717991018,21.313797569382416,16.492489605576566
104.3698813181008,341.7205158853949,22.018383056983765,16.7466164538273
105.01347665327248,343.29975083544207,20.974495344776784,16.65668466055581
102.6319316924637,342.61888984672373,21.336611125661875,16.801838114746488
94.74515827263079,341.533665213698,21.599040441303387,16.644008899014807
100.90722048766884,343.6810585610012,21.488674213055106,16.901509619035835
98.84013995030273,343.07644151509703,21.821974295245013,16.912314550336305
99.27022121503734,344.64071301726176,21.50924752978881,16.880671320877127
97.03701066810248,343.95849769446704,21.41055220858135,17.027015266360763
97.31100568616054,345.64837330900866,21.03777197138399,16.89506282595937
94.80611812014043,345.014047579273,22.264588813727343,16.787574448051487
90.03029048310967,344.0832251331895,21.317052013094653,16.887601060695204
93.12003225560974,345.99464867190034,21.569919202096926,17.047679873318998
90.93794380663388,345.35763866669276,22.092324242584937,17.0741820960111
91.39029416974583,347.0353979454361,21.66086958807712,16.966002707840175
91.7124928183971,346.6026060782003,21.246608269711572,17.155925281872214
83.59538547284943,345.5181841853491,21.50557489407774,16.838258357077393
86.66805368770866,347.4068503490541,22.573289463019307,17.038147491259963
85.00055575760862,346.69991094184957,21.995729524409313,17.22038175388616
85.3147225231187,348.39103146076536,22.10396349470038,17.093416577748712
85.56359575240555,347.9454709971271,22.057416270016745,17.27655471509439
77.61702437766029,346.8038381857132,21.85722364761918,17.115304301949436
81.02584139447902,348.7110280676212,22.376604116341582,17.35300709081389
75.95432437210741,347.89194307707567,21.78144368084604,17.204621136264336
79.26657593443699,349.81651334312244,21.947928072878597,17.407497683923907
79.6435259979647,349.4525215953895,21.907683487887567,17.44337165490424
71.44601025686987,348.35310247053974,22.243513639519108,17.162976874762535
72.08836748806758,350.01177990035353,21.810547560121776,17.207644224866726
75.43648444715522,351.84922184587776,22.194764895875082,17.239820301165764
73.04809733187751,351.1251611201686,22.781599917830775,17.331024220008658
68.1214007718946,350.1982585511151,22.077752246437456,17.14134898288347
71.50456161607555,352.08266803278264,22.69127007146932,17.38915481158756
66.49404706209378,351.1580870354237,21.978313508915292,17.314877813221756
69.68114422471788,353.08994189194493,22.62183381264613,17.491063549783235
67.43467732291116,352.3675096826055,22.911246788511633,17.60646937230831
62.33587249230032,351.479109924516,22.276788395799592,17.51914994506842
65.56878921189357,353.4388374053931,23.096783878777245,17.699815374678224
60.46899137505142,352.570627319821,22.259369367006514,17.55084191411163
63.73766617553845,354.5231928613965,23.056072785715045,17.744747177749787
58.630173989630094,353.61686901095754,22.309418066237185,17.65646750415499
61.91924205238018,355.5858834683895,23.293489494030133,17.531372068449855
62.3703367541147,355.0068560668817,22.784281411059567,17.940495117774162
54.08817285144718,353.83396659201486,22.55762460656335,17.75160856030078
54.37650774502545,355.61372696200016,22.684894190300227,17.71468820527292
57.70004327231872,357.54888889024335,22.85539833185571,17.76865045456077
58.09128876632481,357.077728415587,22.761355659057145,17.905347495076285
49.75931124802203,355.80153860509296,22.680239673611055,17.614239394511912
50.29124923933064,357.4068291310824,22.379394622564135,17.688789610525987
53.434969970647415,359.2090125827074,23.164697108527363,17.79267808761938
50.97062687329186,358.45139223417544,23.773738893315354,17.884087898573114
45.93844532165056,357.46647948904535,22.825326465260503,17.700782393842587
49.106113328612196,359.3989939989391,23.801863908175363,17.90951440182664
44.151590802435635,358.37063474915556,22.535594364504163,17.94918069984635
47.362651944624595,360.3850476329132,23.729262914732963,18.03141112228701
42.22693479620702,359.3839968310184,22.82874479544155,18.00437948227443
48.260544637884614,361.69874712068565,22.661300876440343,18.11916529631867
45.533062906047064,360.9740039719338,23.321271886983027,18.095936609769296
37.15993967289708,359.70618991975255,23.165143648804097,17.956896500102516
37.74841658476858,361.42949307860715,22.763395350670763,18.015165209280326
41.140392059464354,363.3861987654891,23.486524139503338,18.01466374268739
41.650634087917275,362.85658918769764,23.24086485627422,18.24028996833613
33.177333936642576,361.60889431707983,23.032704604199147,18.005787300587713
36.623006190997984,363.565036100851,23.53973452194414,18.300907151527213
31.071668638267628,362.62525560317226,23.065659144441906,18.268746783869574
37.32399307625842,364.9795440294524,23.265904517069657,18.38091207521154
34.77061954384038,364.2204697436791,23.822779652165565,18.442836128584474
35.09158403707612,366.00971917225263,23.34445909742918,18.341369419029093
26.48064413599502,364.64043613658146,23.08015188452316,18.253259028060597
29.794441062961937,366.6083217525488,23.9518322806328,18.520949969488697
30.54179993781203,366.1320969067325,23.754216918178535,18.61741042916958
21.937084586041976,364.8312907844704,23.59788399260242,18.569425243707656
19.168981652986844,366.3951124605846,24.49182912998438,18.39603886327501
20.06375049132236,368.0389593344621,23.42419806363538,18.38983819215042
23.6359846339706,369.9640389120689,24.12480568340873,18.464175683891426
24.24140796466463,369.41178915500035,24.28570200738875,18.671362054969507
15.65835962965815,368.07977939314935,24.030969399257486,18.454759525438703
16.180957172225508,369.7967055487743,23.620158589143404,18.672457564834076
19.589183205093867,371.8756833488355,24.31051013906955,18.67508796967178
17.18071716888933,370.9880769747947,24.474667142211615,18.940555195762954
11.672166229129907,370.00654673315165,23.670052561221418,18.81722868370042
15.094297232389227,372.05678788390344,24.488218803678404,19.012046196452616
15.693175812155644,373.6222528829718,24.06287499340268,18.939283111231475
13.119112974529202,372.7580128995697,24.215569412578212,19.13502121479206
13.314869515035738,374.6222158524379,23.838329616484444,19.05854118400839
10.473140993833312,373.8387355830812,24.92158130531604,19.039606382556713
1.7256043071450264,372.4278156132739,24.573410568984997,19.041096087652363
2.2185773663112514,374.31278142728263,24.08404809062472,19.07155479487244
5.8663676930239,376.40751106613016,24.872637052103087,19.17049574395446
-3.093489751084732,375.06164530953924,24.86563919722512,18.819890711764856
4.001224186195863,377.32864254283436,25.086649904315458,19.274124977683414
-1.7138408491451855,376.11511166265683,24.505417855913848,19.203510795304
-4.23911509992206,377.44700003046,23.961666375759137,18.89906197208336
-4.270166947662844,378.73318247232953,24.577435843289877,18.958068609265524
-6.400512973871102,378.03305653535153,23.50240316503413,18.99499755968486
-5.990842901908131,379.40451654714593,23.741263260416435,18.850845688592756
-8.621274190802026,378.79674358074556,23.47767500598779,18.690443532226254
-10.97025139339506,380.28220575963553,23.323228117699784,18.346109017622666
-10.639667410334141,381.42837159422584,23.753614137057987,18.72343832352135
-10.900965821977511,382.71756971456335,24.585650546685745,18.538334505974888
-7.626508995706539,382.4608785034135,25.277548117237195,18.790830715373318
-10.74414045393343,383.51356265969025,25.953876627580573,18.52546567886037
-10.444815185053443,384.6081792310294,25.57386590908731,18.77059872524063
-12.928668934392011,385.47514535837473,25.54895020268141,18.54221474459166
-11.938112118686611,386.50068223057815,24.418782414649243,18.741297242268274
-11.501017278404746,385.75366855444076,24.188455629952344,18.840212400565406
-14.826557754079392,386.80071978394676,25.697459368579924,18.531229147406066
-14.030509914647968,387.9705570204895,24.41075025147752,18.636919013890747
-17.267531162791016,388.83807089994235,25.85949440377283,18.474314887784374
-16.409861384722614,389.94184582935657,24.547939429195903,18.55572487309064
-16.142097397647348,389.4105881107401,24.321226718994836,18.24492818654869
-16.008654421052313,390.85548560376134,24.543719861214356,18.19206848917412
-19.00166153191249,392.074210379651,25.263912824004432,17.899117760017475
-18.508747410236168,393.3535887965228,25.32191787538753,17.9593141726142
-12.327227950371757,392.711489735873,26.102127313354956,18.971404598606227
-2.0437623122800055,390.87360066372185,25.24758822392518,18.58955345413011
-1.682740784576822,390.3179722599083,24.615851694284913,18.390302880952845
-4.9028016383558395,389.33546424244196,26.06750726352584,18.149121274707568
-3.894875779908097,390.9738105656779,24.05641416144318,17.96001937065023
-6.847678368982432,391.95392676197037,24.599860474263213,18.505596920030143
-6.209035319467814,391.54019136405213,24.501936734042864,17.85960281412673
-8.811600937688283,392.5133516458111,24.673468728226375,18.369849355479346
-8.313357376349774,393.717778975941,23.95966423042518,18.604896432511225
-7.890613704534459,393.2848301093021,23.148432966816515,17.942500302869917
-10.751300710180132,394.3791551200607,23.434165410116037,18.05578569892674
-10.415308289672838,393.94311041552305,23.429865531681124,17.568694456219305
-9.854976885090196,394.95271228219764,22.380562865877152,18.133830939589416
-13.11847352981954,396.2437227814778,23.10087123607299,17.68574210391739
-16.17369835405313,397.27967021666757,24.268186685503736,17.6382575919871
-15.47453883774709,396.93782321601606,23.259262224274707,17.125871695134038
-15.177131991550652,397.8559559916064,22.972500721243307,17.758887861091125
-14.828008166672046,397.0834790517573,22.128867749901627,17.52964094444866
-5.965629325089921,392.7924380098093,23.459413125129018,17.590301438898678
4.330660174387901,389.6013371389563,21.377562437153557,15.99083762167902
1.984431330139813,389.12957927763307,21.46796331483759,15.268360459072596
2.9498668100661405,388.80599491923647,20.48191922555811,15.085624061045564
0.7027237759690976,389.76764982703025,20.661311063064254,15.123895221880275
1.204224025385571,390.46163652408353,20.116939246232477,15.890691120762028
-0.2596551210308462,390.4334497451114,19.030516721394406,14.63206343898969
-2.4509643518372357,391.434708647751,19.430059036134708,14.66664874390608
-1.266919321162419,391.39020140186994,18.347197578070976,14.003948729324634
-2.921978183742297,392.03669004738805,18.014714017442856,14.441730140228799
-5.001919788074588,392.0580423050973,18.37419749541209,13.250596655225252
-4.3454208620016175,393.11239222226027,17.618894913697858,13.744469321696215
-6.182643351023657,392.9771504407787,17.3532055376174,13.013205926641547
-5.649078037369975,393.73973633809237,17.04578404031004,13.679239184615426
-1.3856419576478984,401.35907807957847,18.99373495995388,12.460495772806553
-4.82013414185505,405.37914045765274,17.328015808169866,12.62309857947389
-6.355123962463608,406.4114896663457,16.758598970606528,12.534113477425592
-8.392776730014969,405.89560548593994,17.621993313491423,12.309202547985251
-7.553938122602933,406.8965989688604,16.81619724330685,12.541577040474294
-11.924278295143042,407.6056908934854,17.911130747276452,12.583152654040191
-11.317057869962827,407.1976393829802,17.63724489512283,12.662377560262087
-10.859189615819957,406.8485288666294,17.698090973420804,12.605837567170909
-12.636418208919032,407.7779142822609,18.124510769682175,12.654158511281594
-11.970959418509638,407.37597097745413,17.841167974407938,12.669154809467784
-11.377036498507353,407.01110915810887,17.45732706178752,12.53694557902736
-10.909168693223023,406.67452770254556,17.131625753072512,12.397577625822635
-6.777130914952153,403.11642481787067,18.286961281132562,12.941063878067666
-8.611847298316292,401.15012667307565,18.487118889330127,12.645526757107234
-8.28320642205442,401.93785590173945,18.61633910312044,13.12834000841832
-9.706328279530481,401.5645101025786,18.07063831575396,12.825519242871394
-11.448758033343198,402.5196616075505,18.349776283438352,12.952780190797228
-13.14162732871214,403.4896376946476,18.698280927266104,13.02072398046613
-12.285619204569173,407.7768167770921,17.665754890789287,13.189691484500656
-11.918775738753448,407.31372311520863,17.564941034934186,13.144656957355778
-11.565887052496404,406.8584814779893,17.396975246817153,13.112893991413898
-13.638899448656653,407.8177371467234,18.113944576497907,13.041986473491761
-13.084902744054396,408.9532649518835,17.87355932851642,13.048624140675031
-12.619409502148308,408.49875176774464,17.671794109274032,13.051211326005955
-12.211979895234293,408.06058749510004,17.477449644393317,13.038025707238319
-11.863135533158172,407.63530646379536,17.33674578031569,12.997801048294207
-13.90474708854496,408.61142932904954,17.989440365510358,12.92741889530771
-13.389765726263875,408.15096816136753,17.936249513354134,12.953632300319669
-12.901030036663546,407.6820086464355,17.88391641775292,12.983147776476073
-12.397714635190841,407.2427336566465,17.62730912945509,12.980569302958088
-12.00375690938767,406.89335607799967,17.562213051927614,12.897027278171606
-11.593589250000317,407.898232564947,17.366301613130215,13.077980794840016
-11.251051816386063,407.4936227780512,17.237704599384525,12.966092250006398
-13.322396078898404,406.936580363304,18.128310102441514,12.801579676577148
-12.689744042097137,408.0175929902319,17.777714348786766,12.943616637545972
-12.16506971779611,407.56820600364796,17.377093108897277,12.938109628205098
-11.805271843709974,407.1370436833153,17.240929331308283,12.910396347575102
-11.490699771416395,406.7099196624359,17.186986389481213,12.851876034751172
-13.493817804090094,407.6649038573381,17.830825261241202,12.803339400019297
-12.929451621729719,408.7712925523456,17.546184145998563,12.899600373890507
-12.518764935842622,406.8088893768562,17.570904668676103,12.77122819766663
-12.033703713881653,406.4138214558281,17.25007164580052,12.743294078954591
-11.662821958349635,406.02855053501116,17.09617307524169,12.69969059817646
-11.337321852551412,405.65623401155057,17.029952271444685,12.628783725529559
-13.317122393813893,406.58115775583656,17.723799106961017,12.641850482912332
-12.78455742293628,406.17103857026115,17.71477194932958,12.620020944813518
-12.206444384247456,405.76574110474303,17.39466982351877,12.624552382260163
-11.742800663093805,405.29353683792505,17.209932936675173,12.70764655944248
-11.334832604218127,404.89798885463665,17.006607590364567,12.660894196244158
-13.29785793186575,405.849288490086,17.690058025063475,12.6163491123134
-12.732426594511033,405.3870875591768,17.53397529573656,12.670843731229922
-12.189090054043026,404.94950062221386,17.19053405593882,12.666606311980274
-11.772554923478257,404.5217261402819,16.978829353204752,12.645248771562763
-11.435559084481946,404.1010638894422,16.908158134224117,12.618759236955725
-13.377693541512858,405.0539653097816,17.48426389901406,12.542108817581322
-12.876466625157732,404.6560275147817,17.498987278257022,12.528302118321903
-12.322603516743245,404.2395672658792,17.205236593035558,12.552747996899427
-11.879422378265067,403.86271341111234,17.03967158329289,12.504469532928738
-11.478899489022702,403.46371090342353,16.88377438693651,12.512650441803487
-11.123297628707776,403.1056056360088,16.778045833211806,12.47507082599617
-13.052007919374386,404.0309456265139,17.432643656864407,12.455235441783884
-12.492650896371597,403.57937173997755,17.259334676986274,12.503492373837162
-11.958139882967162,403.1155978303509,16.88841925477945,12.554488883086606
-11.589202498912561,402.69856089106645,16.81134050394455,12.53218708270731
-11.231014765791546,402.28812875473886,16.71018068392341,12.506039730274438
-13.154779894725623,403.24770995326577,17.351436954851778,12.4237036446238
-12.611951471741463,402.83777065928257,17.243057196158816,12.435526287152868
-12.081341589060198,402.4419430727433,16.961012944256268,12.427759446229004
-11.709782315497163,398.6998967829577,17.1268941770007,12.67584770667014
-9.118809927372451,395.34470565247034,17.230673171557854,12.584057360379461
-6.288397149364798,393.7893715566813,16.806041460392404,12.304604474393159
-3.6624264645075613,392.4837856520933,17.01281822795304,11.702395147492666
-9.536114448100099,394.36858125228844,16.968516807222358,12.151620687949503
-4.76878289639094,393.22573232373634,16.45357984679113,11.74153800277628
-4.437666407370244,392.9060321822967,16.264427210231805,11.800501659114559
-6.039367106167244,393.51835492480404,16.14686813964165,12.25950855222095
-9.989639633944932,394.4789394816495,16.791675059848643,11.92222314921247
-9.401769985589098,395.39104105215597,16.45239314334775,12.193085640346283
-11.141813911634877,395.01653100223353,16.93050522009049,11.965999259089756
-10.514016884402878,395.83546591904246,16.577322930534606,12.346450786358048
-9.969514332283495,395.4997735681326,16.000322051067485,12.218430556788178
-11.88364209044543,401.0190911824812,16.53582426332468,12.06482076443507
-11.396634480630203,400.65191434930983,16.20721359004294,12.052057801762032
-11.080456854814523,398.7252116808396,16.3153698793339,12.098121378915266
-10.696004075432944,398.29472655979225,16.259791894209307,12.118376508996391
-10.314195798637282,397.8406996726753,16.20719946383787,12.14734600883105
-7.740608910255098,394.75192252771603,16.241532905436852,11.992444222954305
-9.421344269875735,395.59552832829263,16.29597667625961,12.074027820976198
-11.075181296253625,398.029602547056,16.28306218360155,11.998271761681906
-10.649475021176448,397.659190015307,16.15752128176384,11.99480628615379
-12.40058235210426,401.5580455715941,16.54194873115717,11.951860925721235
-11.889174466503606,401.1876397245763,16.391836064751338,11.960073265094763
-11.50126459932736,397.7680125193283,16.70121066963415,12.035524976534475
-10.881945038756026,398.80135238933076,16.150670021528807,12.111496085508861
-10.524909659483354,398.35428912452255,16.118761067435067,12.133261422544706
-10.18954996973501,397.8988453328792,16.211370508794314,12.152617064481092
-9.732099174486802,397.6394839024651,15.813132202261098,11.98581526356304
-11.64283338403065,398.5059005220045,16.601037381951244,12.007185736325141
-11.032243064449993,402.64132479689306,16.002436521506375,11.936441401056527
-10.700509029483863,399.21853386910755,16.041139316971105,12.022052988874805
-12.479133685380782,403.16783337164844,16.531419395645678,11.869515925730923
-11.952898217104389,402.7812476497227,16.405142947029546,11.89700763174477
-11.444010555955442,403.8828266384338,16.121637245509767,11.915260109502242
-11.152320558639563,402.1999411337607,16.59192314590138,11.73315919548287
-10.58742340103266,401.93660652537534,16.406365098929413,11.710677365727406
-9.940187817352564,402.8954965051547,15.568960786628429,11.923903452979516
-11.917477530205282,402.6183898625559,16.717977825013,11.562987504262765
-11.164493930136524,402.07814712102083,15.84423138073504,11.870084869622815
-10.825138839334407,400.2185659250596,15.786194277380467,11.876373387439457
-12.622701277592817,401.18707599445844,16.33565465339735,11.76100873495642
-12.094185617637088,405.243858051597,16.169672684518535,11.752755686752323
-11.628761092214912,401.92068987689584,16.041912141460994,11.774339113356746
-11.19148506143157,401.5531718713495,15.865828503074338,11.768346219784803
-10.81315686541417,401.1523938758389,15.769118618311785,11.80501797807807
-10.460111081992542,400.76488744260064,15.694769480119964,11.811618164057904
-12.248936364460413,401.7251104229178,16.312727833159087,11.678393605493284
-11.677451998302402,402.8417121703109,16.023778653989766,11.657009668766534
-11.20121124315896,403.9404947021498,15.759811965337784,11.637100236203253
-10.815008969806971,403.57231073875926,15.618904463310681,11.667145560201334
-12.568898102981844,404.4922283680826,16.10751462109655,11.60939710481449
-12.074651566047276,404.12679216662565,16.08164369099638,11.634448502366297
-11.546323726720985,405.1758316753648,15.797951516075901,11.666638629139754
-11.126787662051655,404.81847215646286,15.62818487894559,11.651707685101655
-10.755796257054989,401.5204165943678,15.513594691334273,11.62378483812148
-10.424998167631962,399.73695774476994,15.52914274554935,11.594310915853214
-12.156378229406792,400.64022903972,16.065389500423947,11.518383894719932
-11.614346814688522,400.24762569038876,15.899747632240604,11.596841847814858
-11.133965909021573,404.31372052373115,15.719512455505882,11.50372743876784
-10.696016647236297,401.0055502801598,15.52463231466064,11.638568537956132
-10.33800130290447,400.6286100342609,15.466358551830204,11.653949806713399
-12.07299872943785,401.6020373281896,16.015678151073026,11.480014521475255
-11.524535287944593,402.6806888830661,15.800226812676998,11.460008819417226
-11.039521908488842,403.78187312979287,15.548813699371125,11.432084206061688
-10.636542083508688,403.4381609476207,15.397833544274777,11.41804717329137
-12.344983288100895,404.34728698716884,15.891537699269904,11.390512537781035
-11.836663799597122,405.43619325403427,15.858549592203442,11.412772746343705
-11.305890706071832,406.4872376784365,15.612450597063111,11.475059742755718
-10.861856846399427,411.93637591399397,15.415592351101047,11.38657178004621
-10.481849790477565,413.0512186075437,15.31053143487686,11.36866946048957
-12.173339663549143,413.9416594477018,15.772912418941218,11.350873648277911
-11.668653486437758,413.6119903614866,15.716301868323516,11.35482196634689
-11.154004270510043,414.6722747572854,15.464922133739565,11.397791844489063
-10.72374897065973,417.21785913790205,15.271848752195528,11.329928985689946
-10.361362891145477,414.13050327723505,15.199514171968216,11.255667226809123
-12.047004221014955,415.0014716816607,15.71252754017435,11.280520191450137
-11.51399091074812,414.6746095257959,15.574567063704976,11.300209303917256
-11.01252295910394,418.58820092530635,15.326473249249545,11.283042292751588
-10.587403407050232,418.284636971301,15.126385482391356,11.294524514553984
-12.26755853377653,414.96884261851113,15.599262329890966,11.247400300378331
-11.775697545435468,418.86186741632747,15.59070363325153,11.268034971167992
-11.250407825298927,419.9314845919757,15.360552199970178,11.250435868136151
-10.810991033842793,419.6013868217799,15.19823988064348,11.281725246620226
-10.412394621509685,420.6594232433546,15.039771808997825,11.271808956421978
-12.098285596256055,417.38889972952757,15.554834331346338,11.168719028922737
-11.57900662806016,417.06560267669136,15.442034287482095,11.17716095150297
-11.079636899812996,418.1345692526812,15.218453842502477,11.181979349530366
-10.652133928941085,417.8225508889269,15.041634654487128,11.166578115355037
-10.279072790860498,418.9125433093842,14.93466950154356,11.132125436126614
-11.94085110148502,418.41523641315905,15.426772248180809,11.099136937913045
-11.42131420799821,418.100892003142,15.29663451503804,11.108656832931558
-10.935880385731744,419.17310175071276,15.096219829302763,11.106408721927039
-10.51485766392996,417.46527813854505,14.947357524402136,11.121055159217974
-10.13249353378378,418.55584736122864,14.815804708103514,11.092276929148852
-11.791346277738771,419.46131636729024,15.335946540843992,11.034542132695378
-11.262311468704938,420.52208352385765,15.168177571913448,11.049288664188907
-10.7888984920946,422.9603477000456,14.98137879509343,11.088164606605233
-10.371874956835168,424.0352512618971,14.8178207681574,11.077489933951881
-12.004542096480552,423.57240444005333,15.30195796941454,11.006372471253087
-11.491069847584448,424.62242925075043,15.233398280547338,11.038209433231714
-10.975831706350434,424.31142622782045,15.004281642991552,11.053289549369936
-10.543201901088757,424.02355608528603,14.834232933263557,11.019183806599187
-10.160753003719126,423.73601745190985,14.713846908714512,10.985253590097045
-11.790474438054545,424.62687210149676,15.189475636257091,10.947887286895593
-11.280270742397,424.32114129096897,15.087097512814108,10.956884548789105
-10.789484852687787,424.0238506714989,14.886305012630567,10.951011622996305
-10.35817562028438,425.0953455252926,14.699841452593398,10.942388769640274
-9.991699865856672,427.5136044634457,14.615773569163236,10.954684055059033
-11.608216268461618,428.412284015641,15.086301753426042,10.88960025291334
