450.0,20.0,15.0,10.0
455.59439543634653,17.281931690871716,14.997199871577322,9.993589264340699
452.35000841997055,20.452751821042582,14.874448392436648,9.985162342349621
458.4898121290981,25.792515064100982,14.788199665626962,9.911293226799543
460.78047899584305,23.24591372165415,14.847029986082475,9.927753358484825
466.91499529606295,22.312906100875132,14.740648342708653,9.916958571412593
472.9767702961373,27.623904125221873,14.734890605673797,9.838166380189431
467.8864949919426,24.272100655227405,14.688468878373612,9.985537886802987
468.3354572767049,27.83623255270857,14.669379161808763,9.811019669889415
463.2277005546963,24.552714691876265,14.689810987891576,9.895300889785478
458.08250991117916,21.351439898803804,14.750871684574179,9.854769089150015
464.13592546146856,19.18473640286409,14.586723364710565,9.859444913911904
460.8488263726929,16.127538553454244,14.688070693327973,9.850332753469988
457.7006113795834,20.546024738098158,14.538544758541377,9.751847026648893
463.59825906884817,18.358566897419713,14.67183731596566,9.78709965269745
469.5527378547042,16.226427591879098,14.670994511195431,9.76924765344705
471.86101780623085,21.071579574832,14.523308410141453,9.792268186543637
477.78824429263346,23.85162921870342,14.579263072158483,9.754119528952689
481.9210524421913,28.928998032149405,14.525296923610938,9.683056324592219
476.8817954284364,25.727146322320635,14.536700235302987,9.709522937540186
479.1397138979827,30.576649404310917,14.54829346163342,9.703329381815312
483.24009873160225,28.276644710861138,14.528456742695369,9.683181627697731
478.166730598557,25.08740139652152,14.581742105713147,9.705267690690327
484.12984611518056,22.9659081582418,14.50361117399791,9.701846675881928
490.0258919290634,20.782444551180696,14.534554930057766,9.765649587614167
495.9385177448023,24.794331074231952,14.576297217583829,9.675154871366221
496.4516498140264,22.14282149034403,14.491595563868259,9.680676151442196
502.3906774781534,20.00669680797163,14.467272512460113,9.6984285588516
502.8054123371161,18.60313885504638,14.484326606446416,9.660312382648726
497.7944447842467,16.664043588793135,14.475705185259585,9.672200013005853
496.45396844055773,15.069027507049334,14.41325745486273,9.685445492889436
496.84919429560256,12.479227329226307,14.460065357631152,9.633981871835639
500.9484297257251,13.840314640672782,14.406377692436195,9.591999733084199
499.6204418288009,18.303024891676575,14.35103059900922,9.596492406589078
501.85118677107766,15.832126158784385,14.378024796739851,9.636393965479806
507.77931636431856,21.021404312433013,14.321379039434191,9.517421629185034
508.28706949883735,19.623711580806088,14.260093770530716,9.53116764243262
503.2684298463437,17.70053416725641,14.347874285983835,9.559212993118823
509.1205994152496,15.629808612084581,14.333411881116206,9.49141123331728
507.8907824811329,12.848579183667347,14.15818743527825,9.503865090855868
508.2960039429939,17.4219813360715,14.24360292644252,9.524771013902647
514.1505605162577,15.352433364156512,14.19151610379788,9.513941304504213
519.9563833674954,19.274859208322056,14.227011191577049,9.466519158573398
525.8551800049316,19.62912040218547,14.104904990659747,9.43749109285125
531.6851300019388,24.711859522663595,14.058131663145673,9.422971168028056
533.9061573283926,27.050311944835656,14.07040892271607,9.428748043974238
539.6654202882884,26.194316208860883,14.089829377649153,9.413863422687754
545.424935479341,31.2380005329246,14.087674724501426,9.403314164602975
545.9355294106801,35.76457074819469,13.982467482963898,9.419951760530267
549.887557991743,40.61806818468435,14.039773413038915,9.421723357282403
555.7197735596774,43.36088350690804,13.924581453033852,9.319252938681004
561.4042206013571,43.67966477092502,14.009285107385722,9.328649390417866
561.8811251675372,43.5307413372873,13.94377230536611,9.271988691415466
565.8444618187614,44.85870463143887,13.953205182235024,9.278071568392704
568.1253599619873,46.02483004051832,13.827395463145763,9.244373090248665
572.076966731413,46.17459223901438,13.832520910146854,9.267089028655768
569.1238761523141,43.337825580116466,13.721252738143221,9.285730691688116
567.7965157910854,40.66872416345571,13.794895079709818,9.27352219237872
568.2320717809448,40.51690198695887,13.800195556619201,9.24181035342965
563.4360698808841,41.011344930699835,13.855466471316163,9.212250509721251
569.1003573265623,39.02002117739291,13.795461711630423,9.228053353281105
564.3800145748623,41.82263557365183,13.761984595231183,9.207464995123495
559.6717753173729,40.03145771489869,13.687019401494467,9.148178262711255
565.2601528912292,39.18399918907159,13.75812801254483,9.181942033728255
570.9253947421148,37.189951142156886,13.672815202275615,9.188014615815227
574.8261835832335,35.04565453204563,13.663556439645845,9.165220504308522
580.4846446345787,33.0509451570441,13.607578308603024,9.17068577350225
586.0839536036193,34.53368668841185,13.668127414965738,9.13418611294027
584.9150058740004,33.034205636115345,13.493408918340606,9.180468340062475
590.5290434994395,31.056047071711856,13.526034412682861,9.173589689398806
590.8665297688196,28.578629055644967,13.698057444130086,9.168016483198187
596.4815668180493,26.675792914629895,13.645729455077344,9.08570968281709
602.1556941534141,24.64353275411346,13.552551908528585,9.092631958598048
605.9140436380262,27.081136589174104,13.721648450248608,9.098054329518224
606.4622250647044,25.798233292718486,13.530618565949908,9.080200454534669
608.6128793774332,30.36042339312408,13.49953965434895,9.174443589772295
603.9080060131015,33.16028046560628,13.5720102479861,9.095083200435084
609.4644065572121,38.08464714341372,13.576985729454805,9.084446869665335
606.524950229018,37.62465691429824,13.535024001381316,9.045928551924007
606.9580014344035,35.11303952028176,13.556297608220802,9.176956149630833
603.9684913948573,32.330412632246784,13.598077837886876,9.159912025926957
607.9469831964816,37.08767740661064,13.388656359481047,9.07508278114355
613.4988030122436,40.8361988261205,13.457687349083812,9.070143607787998
613.8917786814484,38.106729614967534,13.55368607800358,9.396427156278897
619.4630750888142,43.115673112754166,13.595317545157172,9.135682859340633
614.7922806082738,41.30704535225253,13.587578395880314,9.126478596624636
620.4828034348188,39.396564065771166,13.44206092257457,9.030885122641472
620.8736275250337,36.88552711856305,13.545996441094076,9.143185843934702
616.2072646841142,37.400757799839965,13.568024976468791,9.072788353944375
621.794214047455,35.48466190658395,13.537995504074615,9.024769847286287
627.4445300844659,33.48378348977435,13.330679044396788,8.986532782266764
627.8433248537481,37.81381409571839,13.444282837637843,9.034512881142788
623.267388856935,41.69148370696473,13.404456749109386,9.046026839592507
623.6982082757905,46.04063628118165,13.436884209019695,9.035352962321397
619.1811179533613,47.74648181608723,13.304539440432563,8.896127150715401
617.888414470561,48.54279672418153,13.410713490708758,8.931980544349102
616.7131807646098,50.44219330737924,13.255259107722736,9.02971729740608
613.8038130853107,54.522900681068165,13.302703622982904,8.926110713407219
619.2790510789895,52.59965021411269,13.348295078830574,8.937396860773909
616.4119126339474,49.906395546526326,13.256862453334406,8.905245570762908
613.4665551156802,47.199184097174275,13.347256742616196,8.911396053094123
619.0186356190129,45.27695393706741,13.17925565253995,8.911484428754385
619.4736394568699,44.09030197846836,13.19406021724103,8.818456151167894
614.843670031569,43.452200343046016,13.315796786919918,8.830323775075925
618.7199563138278,41.36287280007184,13.16241018972255,8.886296823140441
617.5158093807037,38.792644135531404,13.175848220034368,8.892038253666485
616.2846404671445,39.61103058093156,13.218889508948223,8.84752557704443
620.1367231965113,43.11204970253785,13.062680555571319,8.82471532594969
622.1368805008854,44.23385855957736,13.273836149496901,8.8116940624056
617.5666508576261,41.33967050607201,13.257311702896914,8.87429999009241
614.7637495937256,45.34820584754246,13.15528545938264,8.837742294180657
620.1834736731422,44.600657585749076,13.138002198798517,8.824605041949255
619.0159318938845,48.776503595818774,13.089272446186555,8.795980580887814
624.3066381000826,46.86551830866394,13.332903661837122,8.83883995290249
628.123076140829,44.84762430450105,13.200578984783533,8.811255206020675
625.332189212678,47.712115945936716,13.106789874093693,8.78673950046786
627.5112369776496,49.984532315791874,13.014877348703294,8.738355337851154
627.9362697618915,50.92606136112212,13.064945673339707,8.757261259684668
633.3661692107446,50.189821434855396,13.067026522916194,8.737477811177818
628.9521146185828,47.368771913111004,12.941754507090081,8.745751619850594
632.5816416206816,51.91840832566106,13.119310589830548,8.73715403540978
637.9945429490737,53.3925552674458,13.050548905107348,8.680373658842825
643.3912729742794,54.799270113657286,12.994782551659569,8.711437429763556
648.7744354917784,52.94135386987593,12.998290611545826,8.68798207829343
654.1237907771155,57.627591919155115,12.947478208298548,8.675274495026663
652.9964162489421,58.43172400540297,12.89205794920531,8.682151956114112
650.1594620346951,59.121968235692606,12.923218817586076,8.622283744300248
655.5916898728952,57.27492421040331,12.708025484151904,8.615416623006098
652.7582695708493,54.65271473046525,12.807896461368614,8.58602165667304
653.1777263032596,54.511381471602064,12.854764653084771,8.603651997110354
653.6297824043663,58.68580250855668,12.813103563457503,8.623058343275659
658.9632461226337,56.865253559715995,12.684234363639348,8.551498916650075
656.1194821820188,57.42931020496286,12.821096876008369,8.719880437958622
653.3205248684839,58.215592101481384,12.831826600945874,8.49836777442389
652.3913974185822,55.80220113393854,12.256957582110886,8.477299327351787
649.7263502612309,53.208564324196914,12.184256193487158,8.520887226073697
651.6399365409475,54.40035638097975,12.40152304712501,8.382800925166464
652.0903618868051,57.36593514544967,12.461923282829503,8.537979537626683
654.0590145449463,61.70498328484499,12.587475083683444,8.397392930076812
