387.0,192.0,9.0,8.0
384.7292763646692,190.13167466968298,8.971748916897923,7.984629916027188
385.20160280238775,191.03837305795352,8.960488211181712,7.9897276184569535
385.6695375673564,190.95251997469717,8.953424235877833,7.988178721306042
382.76688663647803,189.44646601410324,8.946942238537076,7.982543671166724
379.86569183648277,188.9354678996054,8.943056404142737,7.979366123767903
379.2114590495074,189.71111203487564,8.933184153377397,7.970771403525845
377.43267227205865,190.3431156572991,8.938072191757442,7.9681078639139855
381.26533008668497,191.68181578588502,8.927607903527985,7.967674571261568
378.3713200860968,194.16222484906947,8.919643169668632,7.92808146707435
375.49902298155075,191.66967461198294,8.855379727933723,7.787674957716888
372.60567376639557,192.09247615534494,8.882270051853254,7.9197308781625395
369.73718054696155,190.6013515574175,8.866157497049471,7.9143580488877205
370.212231999367,190.53004903290258,8.837890230046526,7.803889568593007
372.8915206661239,190.68278086583717,8.84706930475727,7.898232548098207
375.5799421437073,188.91627570045043,8.838112077710264,7.891555069007353
379.3740254440185,187.2905777047299,8.832756836965757,7.8960405506054485
379.83630901616095,185.25720558114057,8.837680465196172,7.853122191857267
376.9883904149662,183.75892440187863,8.819279814719152,7.874819581896247
374.1348339959676,183.25924817812339,8.810542347383205,7.874299021301255
376.80907058993546,183.46817639623015,8.8178069976355,7.866810433147066
376.17323585258976,184.2350896351934,8.811249515523741,7.864780132793015
376.64330093946404,186.12585105023584,8.803826920455265,7.86283185379051
377.1157485112499,189.98168904672082,8.79318905158948,7.856930841529447
375.37745002791723,193.5551554997602,8.787966736700582,7.850483988240853
372.52822551094033,196.9861705546476,8.804011839391535,7.848269342936447
369.68927258813744,195.516540732985,8.792264177754873,7.836174653115876
370.1626862371943,196.42430869937454,8.77669777292158,7.833382535946669
371.7282543349445,194.52789981361468,8.778743731525083,7.838034641272543
372.19336582312644,193.4819719405162,8.778219965786207,7.824038170502575
369.3663256016309,196.9081213646629,8.762278135262989,7.824825650016976
368.727319711455,194.74030467708397,8.772406388748038,7.824935904296694
371.3995426070015,197.8878027797349,8.754988946498088,7.798838989002093
370.7654362553963,195.71794424399798,8.758127006102598,7.809186879670335
374.5287257331563,194.10165380396782,8.752367468233388,7.821948339413069
371.7109444853994,192.64382287250706,8.73303295543667,7.811011256948774
375.46736900976583,193.9732342283134,8.735108975534843,7.798874629830749
379.223039185513,192.3645746575974,8.733864012167032,7.804361075905177
382.9847695314788,192.72089237269438,8.726929186342602,7.787265580331734
386.7343984130813,195.9904753962366,8.731839261762502,7.782211722018673
383.9186222422683,196.47547995717747,8.723326876423528,7.782984249786921
387.66924820147216,200.71562875492057,8.718974858784179,7.777910013579998
390.3311900694278,204.8175121215578,8.704906053115053,7.7676971903891285
394.0739332856501,209.05353964198991,8.711909853149905,7.769118657266404
397.8257310897714,207.4595882691215,8.69934474880921,7.767338262383873
398.2949669183384,206.42657062496482,8.693183494063476,7.757906202444019
402.0389366818689,210.65207609877731,8.691275286085727,7.7705258744998105
405.7878147583475,209.0658860147749,8.676603945845216,7.752360846669177
406.25807190522454,207.0612973189659,8.672512929709967,7.745274475890312
407.8090065324509,209.08688813245627,8.67930379531981,7.7210194314174885
406.1079639639361,209.71163979900794,8.664249698735944,7.7153444975944865
404.3997754157994,208.3997400502579,8.663979519383247,7.722793243326464
408.12883453384507,212.60968439482642,8.659609698070938,7.727700521019557
409.6905834780449,210.75583115434134,8.6398007038797,7.719409856881754
406.898569294151,210.287032690826,8.639108649691877,7.712554919649165
410.6147806889915,211.59552853727018,8.64686965352314,7.715357114529837
412.16721167547547,210.7032214985204,8.641027369269125,7.716564244080985
415.88625828238895,209.12324667672866,8.635082551502364,7.719794755151582
415.2741916458387,208.92599711201063,8.621784544722857,7.711108579583822
416.82676982685257,208.07495026444778,8.61894262779282,7.62312370695949
420.79985845181915,206.50329534533174,8.079268319512437,7.323860062750924
417.90856749402064,210.04098528391046,8.435607845037566,7.16673592797531
415.1994835845179,211.30540950126291,8.412019070274596,7.491561088414073
416.8984152967508,212.35661336237467,8.170835175914988,7.406326675556642
420.9930901575576,210.88077127243753,7.615558242272755,7.195060716610499
418.085236454596,212.3502625446564,7.940548145115201,7.018923330275925
421.5509059075912,212.6104399033287,8.090576997635708,7.158018664266223
425.1119689769845,211.1405255144273,8.073594347055746,7.183401033410831
428.6279150375055,209.6956553187833,8.09929499668192,7.1435798683531
426.07610985345235,207.44118975002033,8.029347536691489,7.195634458038342
424.5194414615889,205.32734433907217,8.016117197870528,7.203414786150319
428.00943978378194,206.5911914031436,8.049333565530901,7.182119645013358
430.4948998771205,209.55498265612448,8.05402449557198,7.118881957896377
427.95263522918594,212.81646336131502,8.007696771632936,7.028165090595365
431.5774067772828,211.2722173818321,7.852817457623871,7.0812848222323055
434.985751247435,209.83185117306738,7.983883129036428,7.119804235302809
438.4608461586065,213.75970754509044,7.980294705587198,7.105588832305017
441.93476900955517,217.67244423890435,7.972310141683636,7.113712396152977
441.4071785128674,221.0879495263287,7.964650022524893,7.099198545737636
438.8759643499017,224.2420938268223,7.967520062290362,7.096366498269049
442.34439570851043,226.37656362283113,7.958462372556141,7.098108565049671
440.8225321210516,224.3333099832365,7.948990493479982,7.091362248512979
441.2949817609382,226.08746615201858,7.942631198409458,7.090735253724802
438.7778680252958,224.80494714871546,7.932861949251901,7.083900716737844
440.2402882298727,227.57322540136173,7.9370842500277945,7.078691175790368
443.7030306834986,231.47664923547813,7.928615583191458,7.074648956263388
443.17845704724994,233.98687786493622,7.922150687806436,7.072251012661809
446.63520586451426,237.8877261072082,7.917110739639725,7.066337330424403
450.0852051184542,241.7855353302415,7.918646166335577,7.059651388067721
453.5351740603928,241.26125743181723,7.914198650736296,7.063390204992118
457.0086778660034,245.34665359055475,7.8797122667090775,6.847717766813162
460.4486339916224,244.74412305816674,7.869954537361025,7.021955562219404
463.88351393803373,248.61711371977287,7.866545324742333,7.0210761866553355
461.3882079581096,251.73849215997174,7.865717575742963,7.019974166418166
464.82063473564597,255.61055491501534,7.856754410280473,7.0221566591397675
462.3269990108232,255.2292559073058,7.861178183321158,7.008743370449963
462.8103453617514,256.09171008650634,7.836080461657673,7.0100821114609175
460.32663053103937,256.5787185096816,7.825701096813134,7.012926532153642
463.73799289493894,255.19703963444147,7.846580241018273,7.000290016861925
465.19376059454805,253.56313073437155,7.841981601848545,6.990716381775712
467.63389585120433,255.5429034259427,7.835621171025593,6.99670709421963
471.0533913483745,254.15751053076843,7.8314549359043895,6.991622971304309
474.4695440564275,252.77780921613905,7.829775554771061,6.987162490513953
471.99120859893105,255.88779109802107,7.831396576801353,6.980209309431359
474.430832050519,259.62125271614445,7.816484092748567,6.972538443314306
477.83024804786095,258.13015234678846,8.01163183205665,6.988432041765009
475.4399706699299,255.96560373052154,7.687019796889956,7.024795345949144
472.8523530727273,259.48954451416535,7.559594723914643,6.573577847532249
476.20264842888986,263.13293006915535,7.675579414994047,6.923176683335441
