354.0,432.0,35.0,22.0
352.4494747966528,427.7425824739039,34.52485078945756,21.581193316727877
349.88089089843527,420.7997545458,33.81028268214976,21.63215825190349
346.6571304506066,416.46000140452276,33.42685637572487,21.396140133832375
342.86802119904235,412.35867982977294,33.31863481681137,21.236658405761034
338.4702485573149,408.41789054885203,32.59187257956046,21.387298583765585
335.2171667911,410.024313373367,31.995532826636975,21.301715565408927
330.2984349615917,409.0970710559188,31.980357691825645,21.268944923030176
327.04167181730804,407.5494063993019,31.458628339230472,20.98314152272269
323.9497677275483,406.8505174478186,31.306650800121588,20.206695445813807
319.3015703090805,407.671912986619,31.16217983254046,20.59409524803175
316.31130477575994,406.61807689855,29.460026926837145,20.33904043686607
312.925745410073,400.21785140389215,29.914051539238244,19.844523549886844
309.72660789439396,393.68878965419674,28.568483813563034,19.68250030635994
305.5989091121237,389.93920871270706,28.61879136327434,19.12724312274139
301.9193403369924,388.63909564300025,28.89295481183592,18.734692701805443
297.2149228147042,389.3313558265204,31.237986552995835,19.20670298178038
294.7831305750099,390.73525187502355,30.436921464892066,18.41713515505154
292.55840414025215,387.29021190779713,30.432168936392827,18.414686214677886
290.7897025607027,386.1264710571652,29.403913159181627,18.48599005884722
290.36117991694846,383.255772365927,28.49532426059568,17.58951366651877
287.6961639370145,382.0418741115006,28.7727951265976,17.594459330183952
284.7682878335686,381.0735167620014,29.39615774234653,17.314098460454716
281.6381213327589,379.6231583688001,30.223186474800002,18.38649452178288
280.1103680175265,381.40583932403933,29.03610887720106,17.337952186140228
277.77293991051033,380.51959877743,29.0833441163237,17.313750052397836
274.8862620458699,381.7864700053023,28.85343428099793,17.14191768140597
272.14308463553004,383.32312021797713,29.069051833062247,16.669931163522733
269.88129471672437,384.4258189666566,27.71072673667277,17.032167019434553
266.7505222424568,383.55489800382685,28.68117148631609,16.768280234581994
263.9482452925721,380.1628302570817,28.733700821204764,17.35375153341431
260.9397664823732,377.2972595547625,28.709534076080104,17.01665092025962
258.56817659389145,378.4804557907652,28.14148073213039,16.829135288915097
256.0345726806653,379.7717020715612,27.897267109620543,16.624026943816204
252.504953580291,380.8819019760717,27.770279231727102,16.71637263029396
249.06285889946412,382.2682725053986,27.449151969483182,16.265835198196044
249.0286342900214,383.58589943901825,26.843141435681673,16.366932276802686
246.16313237534598,386.77170072498586,26.59275702616543,16.33351584050149
243.4803446444639,388.1228907297839,25.373142446733254,16.059593402886208
240.06072534838535,389.2615314517358,25.97901731490117,16.0078974268078
237.09342886230155,388.33809546503505,26.737180762275955,15.99532306242071
237.0256181516329,387.80857732626987,25.882725571827336,15.756968741255832
237.013268812713,385.0315811564638,25.348529554749433,15.904506598621197
234.52941564530317,384.37897218185014,25.600719723349414,15.716998298686804
235.49328781233982,381.6302699473765,24.642302403806013,15.87408277109796
232.9074922361544,378.91972806777414,24.868173435982527,15.598483893263278
233.5041989511492,380.4754317721953,25.088989222212604,15.054629944385852
233.8306332886876,377.9948098905031,24.248773330938803,15.239864784893712
233.7450631757276,375.2685156506732,24.136729215977226,15.513796537158669
231.1359360952984,372.88256553494284,24.372650622549997,14.762074140635377
228.54229456795807,368.13013684566704,24.425522860075404,14.88482195517463
229.17588539638888,363.7302963945284,23.050585978404172,14.498279971705756
228.47697977072914,359.2449839946969,23.672268695783316,14.386204487176201
228.79051791582867,366.0712930347797,23.534507589228042,15.037394656596632
232.0276387631681,371.55176921764905,23.650659867923537,14.75233677171127
226.84391044175248,377.93095336312354,22.897591175066253,14.820056835099592
218.33271835285305,384.0319851697292,23.585321004691508,14.953985246636762
212.81452649455838,390.3830077559038,23.164974137065883,15.126578458961148
207.1653832916386,397.02165940016175,23.07528118757864,14.73720498202141
199.13921134792963,403.01127286342694,22.862469199529414,14.8795899841042
193.67788388508325,403.85806468018006,22.760341561653803,14.737947693038905
184.79304441474528,409.83066018897466,23.616464783976312,14.768656973471252
176.41339820801232,406.67972114092186,24.172293001724682,14.711935601907214
180.33326634294144,413.8060447660374,22.781882729475626,14.763926896772205
171.36116877992768,419.7730522091064,23.2545433510044,14.813786035950216
162.79590660555968,425.8438430964749,23.444061247029623,14.773877448382848
157.4668008965671,426.5104342194285,23.629494365092228,14.80778803207437
149.07050494114054,423.33437888109813,24.201720092413865,14.728851326530616
144.1502926616883,429.6477091014198,23.244372979689302,14.775431482559895
138.3986627148222,428.59402152892653,23.84139916204805,14.725876181274828
130.1975671200376,434.5887398189996,23.849222626985124,14.771246346919327
136.56027264947156,434.48229221773926,23.82795501520434,14.869569882356757
134.36724371403238,429.83225420003566,23.404338708182934,14.968254825898043
135.05257757520573,433.0371931473821,23.37570234764854,14.784985835433929
135.34971145875562,439.8471918450059,23.42292108357347,14.844194807238864
138.3198338017657,435.78695565519183,23.83079168382966,14.874242468392197
138.57978523535274,435.1672834232013,23.7886242328307,14.891189700928464
148.0163100532726,441.0098694469575,23.354037093622253,14.69553292917351
151.8528260913513,442.540945682155,22.65708829030632,14.696997115331953
152.38395030772762,445.63254519542335,23.080881586354167,14.79092024528029
146.98245665662768,448.2069003110055,23.368925797581085,14.78281961751702
141.20068721096533,443.48605634363787,23.30834345859398,14.716600126421099
138.38240119871642,450.0292210571715,23.807410954108718,14.742964014222139
147.79736772227108,457.63922505954605,23.579481358070524,14.688482342678697
148.22687865269444,462.6018754098124,23.461300379239958,14.692580323445895
140.02096943353314,463.09373781718773,23.034125638955743,14.72490048647569
131.47084525764814,463.5654140907507,23.382386721959733,14.723780351777464
128.92600281296455,464.5725467571191,23.317112847386397,14.76407694438592
135.3208539773682,466.4666201715595,22.980221082956405,14.312862134608622
135.66180720459727,463.96043839314467,23.409405303449063,14.535199164707876
138.89024884624627,465.45820362941265,23.467198811175876,14.535024766632318
145.21082375280696,465.39260909611744,23.197449780096633,14.585145468889607
142.44642131743018,464.54788830129246,23.23370303413813,14.591217309641763
134.22235479061956,463.2128535492239,23.265082386253397,14.58706963402642
132.05046342497758,462.3703754445925,22.7313654354096,14.615710894051915
132.50042853891864,461.8003960172767,22.689204142496237,14.625108830160684
127.18344791925763,464.3951629091795,22.594787819572943,14.500553964437472
133.2056375763332,460.7542224012615,22.953608916898702,14.380457812838415
136.45951319942964,464.02634792997617,22.914874966746623,14.491831920942616
128.07101743225866,460.8765552934776,23.08148028021168,14.484208121104928
125.70987898016732,465.5712833344842,22.997255052598874,14.172096690168473
120.38183721781746,462.57819892230935,22.78460977836349,14.408996418475681
120.89916785143977,465.69853340058864,22.736411367012536,14.172942589685704
115.5322610773186,460.93019742917505,22.584856638299584,14.385518294921155
121.4988512378502,464.48444409011177,22.772783147760094,14.33363533168449
121.83128798546657,463.9191705160755,22.779003813644024,14.333024055334306
113.85313787320067,464.4357069207041,22.780986023420866,14.266703245207395
111.49238307932661,465.4329454840053,22.419259331029863,14.187532232468186
114.84043257097468,465.10557410056754,22.213077458008655,14.358245315841259
123.75160543473868,465.37918648897266,22.470180924088652,14.275349963656424
115.6051238435958,460.50760336164234,22.214873415871665,14.250793083681856
107.4534440805611,462.80830010641455,22.212882637478344,14.200499415583295
107.66030083413366,458.7353960727737,22.606511801044633,14.205930084263343
116.70355952762944,460.7457310668915,22.374885716637607,14.14565792111648
119.8188269931389,462.23608394332126,22.278726366823193,14.14068686210976
120.09106862263206,461.72802950639766,22.139453214456296,14.089779703447505
128.7299758235617,465.51089086364766,22.319988429721604,14.074585193362452
126.23650387647231,464.7479662885912,22.25106446370546,14.066890969965755
120.8174896251,460.1588025065213,22.514059984410466,14.075987564164848
113.1485046898465,464.2234621421056,22.200915333576972,13.996433794555344
116.39270359076491,464.0004847292978,22.370243611179404,13.954889807345694
111.04607433706582,466.5895844901257,22.11574105622276,13.458068679047017
119.63047320816034,463.0558394659893,22.04184988691452,13.970659957556165
125.61122137165584,461.31400093774187,21.852739897798685,13.912611602545326
117.74294427457369,465.38563357557007,22.119631123938063,13.635962708445845
118.29259118981771,466.6281464253565,21.89291597940114,13.471770741707076
115.98043190792973,469.7681271772169,21.837149423045332,12.78904913827364
114.03064001401343,466.96797395601243,21.47055533063927,13.290194548739237
114.2319501240881,462.902471361949,21.783139445833555,13.613200118646887
114.95262644568598,460.66662385636414,21.419656206565065,13.631723475129832
112.71660675004846,459.9998962525015,21.479082849824707,13.53370707654625
121.24834753655847,466.9957829788008,21.19373788091218,13.534780058286174
113.10922563658914,462.44937515022104,21.549256001297863,13.47356179706776
108.32111650118097,466.64265212904564,21.34093422543063,13.121877036008357
100.44886006054043,461.8314454580647,21.532661672317843,13.53811659760936
95.46881634171922,466.0174841575806,21.645856651504545,13.257917781493973
87.93626260125596,464.7295734502985,21.0857023814647,13.548448704442649
85.46080724544863,465.7854361220888,21.36655622262954,13.41487407406936
83.39782162269407,461.6958312532933,21.068721577196996,13.376754810466593
78.1459075834835,465.8163125392779,21.385502210765722,13.261912934914108
86.38762174155397,467.74146835257875,21.73517855464901,13.10147002714325
89.77904237277701,464.0525373895325,20.83351082531999,13.273986292406278
84.42841601462652,466.4312784881154,21.1278203054287,13.179234209476647
79.28539763869077,465.3950049572435,21.418905597504676,13.347382388524352
72.09969948106003,460.8821999705142,20.842733162036552,13.280094648290174
64.42616862101174,464.6896856347304,21.062816998123935,13.331583124736994
59.74810420178369,465.482583716562,20.531857147344184,13.220126056945958
54.9053684175939,464.5026315154703,20.9533005086628,13.332343793630628
47.50998392008674,460.036488345003,20.547891728716138,13.251163852162222
55.63495310064966,458.6978212866487,20.308418587393994,13.139174437308213
63.94648459174604,457.3063024967134,20.543484302000394,13.129549192855052
59.089450619434935,462.9761063519905,20.844581949051324,12.973878460489516
51.98657492575876,458.4350565029063,20.241365763547947,13.13816605757063
44.38123050578491,454.0601859171458,20.88572517601473,13.019624342500038
52.650102807290466,460.83596618519067,20.787390625222983,13.041755667246719
50.371187417936554,465.0073302251882,20.731481406500777,13.139125880571385
45.54279246290023,465.753473662857,20.63739865619045,13.055088769536667
43.525041285705015,466.750634836726,20.496565524587055,12.919672774407786
49.263583474418425,466.70451822119685,20.461632249133615,13.049881811954606
46.668523300798995,462.7581497809301,21.23799702461561,13.053279344813006
39.615590893817874,466.6296485047269,20.68364221862422,12.635645287805346
45.28288857845569,466.45124152776,20.495814454932777,13.031154214362232
43.09308252842994,465.82636715636005,20.46906110238597,12.95542198568171
38.108355804538064,464.9259585879533,20.77595581094166,12.939884762708289
30.917735877076204,465.3889870493738,20.506557611367874,12.976200069091874
31.318522562826175,466.58255827045923,20.516531069716393,12.902973326525967
36.86425610362673,466.5703113587962,20.50664272404987,12.964376683611533
45.04298000436785,466.82002445091223,20.563821572149905,12.976021757415083
45.52402175192441,466.42231568949586,20.478761571381767,12.885061370698907
43.57946874864313,465.7550978965868,20.323154597388374,12.890634625274402
38.88508570887268,466.4838109237386,20.32059965619868,12.791715064017467
34.132551814447034,467.2205083037199,20.376464370070458,12.533777550030038
34.646685191073615,463.4199214790731,20.216078504717963,12.855245832382536
42.797201092254,460.49085726980525,20.328968486625705,12.788688960629884
50.832323179037346,465.5359109660066,20.39857981703055,12.800379469149277
58.92054408679873,462.5910103130747,20.191447448303435,12.76836400859196
54.289655706419666,463.32885184049206,20.189472937551074,12.705703945774701
54.56672070809002,467.72835067728704,20.43620351389653,12.378482386085807
55.33461669960728,467.16859906966226,19.759893989482364,12.568968333290059
47.73050291401513,462.86070980012215,20.31798575127523,12.541100495299986
53.2987410943919,464.4418636887033,20.029390896903365,12.621522027842275
51.13626074613691,460.59992429939604,20.099181571827543,12.637253410738992
58.85770498480945,459.26564159004005,20.643866369368006,12.654296896580206
54.41311723574281,464.71488247636034,20.29677030117407,12.700108739150608
62.673409607217756,468.19759559686804,19.88982717459519,12.482713563448272
68.0624732085013,468.2089685497128,20.013705605041707,12.392017771028975
61.00791474429535,463.8488001237886,19.755429262908876,12.598485361476037
61.28071818331199,466.6074647240868,19.997293074706675,12.542693688211898
63.90355705176242,463.2660478173296,20.1111399170764,12.446822280421145
72.32701221807548,466.5891797400958,19.269107922347956,12.72832647411235
67.6173897632159,462.70928793666826,19.719437912563862,12.38132668660836
65.49081166893701,460.46227052840965,19.81551676730983,12.510125252181979
73.52054634614063,457.5889450473013,19.757598245113783,12.518480918552427
71.50501025957081,455.4092918645257,19.95010386413999,12.49643422453255
72.04510658671157,454.9977480995587,19.856912477671543,12.500302837689446
74.94198099427624,459.4929346582611,19.797219639624558,12.46421878264431
82.86389294954775,465.9987481152985,19.64679686434046,12.490534015278797
75.87517041192599,464.91364258054125,19.630032402131846,12.517327488648107
76.24836684487282,461.3770173637113,19.76181837832165,12.464128969473848
71.67801893947296,465.21452691650956,19.75706091443962,12.443972054602739
64.656262880876,465.68215645100054,19.749438600825158,12.443645750530493
62.662461525287874,465.0496548857634,19.52129060698379,12.45874642577445
55.412343603853,460.86597691574946,19.948700857070037,12.428169174998857
50.88580385211768,466.22016257064917,19.455300731112636,12.531236200740864
46.474392250236605,466.93550128051805,19.498625743474136,12.529403580730047
44.318606804830395,466.3652337134811,19.63040795537529,12.412097499873028
44.80133703068056,464.41555220224427,19.855159812608235,12.399690496866583
40.444031028177164,460.4508127851441,19.6472300601581,12.421337316276151
35.96061047125789,465.82369822086156,19.638433350857234,12.399304403601775
36.396313644434045,463.870866927341,19.515181297480602,12.383528429924809
29.263532453132488,465.9001562243132,19.706848596845003,12.362475077417002
22.27508324457669,461.7198581374853,19.586953207320988,12.376125796088331
20.189855855445195,465.740611998075,19.6707864259185,12.387922746243703
13.013223947491753,461.610970152718,19.83706988069607,12.327700496415389
11.164676291972466,460.98221067337613,19.52169692704576,12.339199270466906
4.148300274126735,456.8035883628579,19.680753815290245,12.390439530290905
9.522238389733236,453.75054026582563,19.47435751353492,12.372832278786234
7.476579540296474,459.31580482082154,19.5250965216149,12.351761318213107
5.367683289573124,461.7869470822571,19.626005176109786,12.320188596741218
5.801048155620936,458.29973853160817,19.595180242187716,12.315977685203563
11.197161243209658,455.2711343352803,19.657848930343754,12.291851509086882
6.848971381579711,451.31383435691976,19.49902552292655,12.338074013190067
2.2061517288278445,455.0949992283817,19.547243992347408,12.325804998368483
0.6917943922678802,460.65190784972344,18.86156662224861,12.302461933430209
1.0504139363606058,466.4186566110449,19.201217152171917,12.24580808562115
1.3792472628879295,466.0133098634378,19.422119619207024,12.260659724264883
9.117874386857704,464.75139433976784,19.31130871248588,12.2384346578487
12.012979511529895,467.6604948850335,19.293871865084153,12.127532521200237
17.24108226907176,467.70909233084933,19.480118308965608,12.111226332241586
24.986498881685907,467.93895268832296,19.612472912140948,12.139309269151681
25.580228331357656,465.9617248304486,19.26621358240323,12.255511535665335
23.54894584137597,466.9214255697159,19.47863682772638,12.126630738312713
24.027666968591184,466.4838593906986,19.3579890335594,12.226657673398904
24.497140847183676,467.65694743443623,19.21364993763208,12.084456784008182
24.887153223244034,467.2444153064633,19.175372052896712,12.135353602754435
27.722636605501698,464.00561454359627,19.233667633575287,12.18784657160063
20.90511607423162,466.02906966616666,19.223800026951558,12.138802723767583
28.53492315546142,467.82533795816715,19.352264501445887,12.102111550826748
28.949296320843366,464.3878600279486,19.320746526960583,12.156636809339886
22.194346397258727,466.400266235215,19.09248553818051,12.132604907045618
24.91190494319314,467.79131800716885,19.271658682504604,11.999932819435628
25.44839413715132,467.39078542951154,19.156188251488004,12.073600697310496
18.597387088488954,466.3528753100465,19.011536037459575,12.091677709344822
14.15456796947284,464.0239883106141,19.090269943271256,12.102300996352028
7.253109484732704,459.9728297540994,19.132710821085595,12.08478170641223
7.752316932347143,465.643859859438,19.15462279287961,12.10900107953438
5.769614040059555,466.58901268282705,19.16364041220202,12.053783155149745
3.967425843230302,467.535837406033,18.870184380800467,11.910850554311764
1.9474434805442027,466.86885946526724,18.97552937218388,12.023340365462104
4.7093155697515385,466.71577387769577,19.112835084418776,12.014335967246836
0.8292337870937274,467.45910805405447,18.403178632144716,11.861798010952157
8.34240211257039,467.68713140916867,18.825823137945108,11.944763764887341
1.7189385567560675,466.6678315759908,18.721654146996936,11.920729335796523
4.433855825119776,468.0403070028531,18.8983098969585,11.792491581820627
7.246742044860438,467.85654139971996,18.807927933807996,11.826943915278605
12.552231999976735,467.906790035736,18.81470321895975,11.839130763503363
15.340899232014229,467.75682093133196,18.776013532825203,11.807081652504507
13.434921339992572,467.17617084929236,18.66668030119537,11.811952757946415
6.686523279215256,467.6770105278401,18.999240751822622,11.673584732992765
0.7402044211967862,466.6438590685999,18.07656253922959,11.748770830595618
7.9147171559804494,465.43832555880476,18.645488681374218,11.74439733178275
15.319516084629452,462.75502071069764,18.698985318361654,11.752504880111587
8.725398948940928,466.1668156265113,18.556039137160347,11.753674412361306
2.1327033822786445,465.18426563168293,18.598250457962838,11.739034087790856
2.5513478531939455,464.8319200744157,18.572916255924973,11.738575737243195
10.067170758138268,462.1548748768124,18.464503250205944,11.74094109146506
15.335190485912902,459.26592857018795,18.083272916713867,11.606942160191238
13.140290944371117,458.6889253081596,18.653913213893365,11.648235340139706
6.7679937580915475,454.78204096223783,18.48924275366548,11.645054637700127
0.7288019564293933,455.2582347916132,17.831105663901262,11.653749291783527
0.9679810426124931,460.74777394289123,18.200273021654844,11.575905376102526
8.213727379111738,466.7969166975731,18.468981016920967,11.588969891055172
1.7826281084895435,467.32176205407643,18.348759426653924,11.49879208739435
2.208242559438796,466.9384791519789,18.345976538849932,11.59096581615563
2.636029381776517,468.0659162439091,18.312501921843136,11.497687765013893
3.005334343320718,467.70078494334433,18.402139086442446,11.515249354783066
8.104308163275462,464.8707858736275,18.244029802621,11.53278525414163
10.861775600549352,467.627990064518,18.278360695301217,11.501865673474413
6.70400594783958,468.3457842656424,18.26980323615061,11.315619903351376
2.6240532154703895,464.62878604122096,18.19546452331643,11.476799113647132
0.9886865149482773,465.50505421810317,17.908696680515305,11.505358059602713
3.542154340702126,468.27237349751755,18.187955910418346,11.41792462865618
6.2446970492345075,465.2643330493905,18.21194272509779,11.424672344057171
13.620708263913036,466.9840682370285,18.03390156664795,11.404314398054794
16.275180692903977,465.4611330619352,18.121900770325322,11.362387327180613
16.731667474971566,467.9637636426995,18.022514644670544,11.374603093295434
23.95803615133234,469.70268293332686,18.027656617669916,11.137199019580407
19.902826133692564,467.45739694892643,18.004931604748833,11.336580202172797
24.893287892876288,464.6880609437676,17.885068148418597,11.348322364801675
18.49094173798281,466.5866559941346,17.951786332515248,11.35848773214957
25.63596260395184,468.2834890558221,18.127788230221213,11.328295148163875
23.919545034662747,467.76546225028187,17.919406954867974,11.309074919647628
24.371097405019306,467.40473576112925,17.856377771479792,11.379835375681523
24.77324986408469,468.5004442521663,17.877573421428373,11.307737135833236
22.907546023844645,468.00241341508035,17.90239202892741,11.274078311667154
16.494295355881114,468.5084585747618,18.00282518984382,11.095733836757631
12.506643206912328,467.67168187108734,17.88226888173361,11.316873973091788
6.163345561940147,468.20625816152346,17.993741318742785,11.144791524579318
13.485256321287093,468.44797692877273,17.66925376142048,11.238988110333992
7.075821355798068,466.1383356983891,17.83646919054972,11.203028514571713
7.6030643610214925,468.5884725655562,17.745195368320985,11.21626892698663
1.29227369843138,467.69609022573326,17.923543931989983,11.205215787786813
1.7262436220409807,468.7845701321396,17.88759540530235,11.144664478965183
0.5278408274102162,468.2490395578477,17.15692244451062,11.187824580816368
0.8378853492464229,467.9591975036125,17.53911189574056,11.149926522724286
1.1804216547213988,467.65755335403526,17.718642865032933,11.159870184082934
0.302675811433204,468.5539620827218,16.464207448147633,11.087604498484211
0.656968357385324,468.27560376415784,17.029264397472787,11.042828586632425
1.1087968665311578,469.4078893377927,17.09018924991185,10.78324102748752
3.5708547720659567,469.2249267926805,17.385322719942085,10.868175421757485
0.5002112740419875,467.1161418460657,16.280911224072923,10.977180425418283
0.7467099602943108,468.26581420421684,16.78155264964363,10.821940038769526
1.1085003276676355,467.983909546651,16.927224935214447,10.801357149429066
1.4546630647083196,467.6952254168277,16.995100843808984,10.798085907738596
1.9500379166013602,466.09733536658746,17.014832489106613,10.716145258218205
0.6342481353650555,468.3046791459494,16.560223556561994,10.721431523848025
7.256569257046722,469.95121259202824,17.028389465261192,10.603929758184677
1.3661613921628337,469.0864759087135,16.923430278424007,10.506445329289818
0.4533207010682645,468.55290282268965,16.1294135640385,10.664231729402331
6.78262316837381,468.91671811923356,17.107387105315432,10.554141710577142
1.1512943478631108,468.073515316436,16.68186335749092,10.55706477767842
7.879885320783961,469.6583929521938,16.720685849400347,10.586473554023314
1.9638593172825942,468.76775240076415,16.723614909849626,10.597300410751359
0.6795083686003451,465.6618779223569,16.183093145013025,10.569863177182015
2.939595469745992,468.2370402736585,16.734236135530786,10.538612700742021
9.749669874059663,465.8881124189817,16.575295531568763,10.51686545128939
10.098668860636474,463.02691983784564,16.732159071600492,10.448651358679967
4.2727273391199,462.12152002452046,16.668883585224744,10.554296754289908
0.7752950241902141,466.778976864832,16.380842775036044,10.488089647793515
1.1234871574869842,467.8217842192239,16.564414389584474,10.50946993450458
1.539319349315524,470.299570134973,16.56145504319239,10.075685561859814
1.9517953225313533,469.87937585764405,16.536914384457596,10.275510075217596
8.637686289131508,470.11299414695264,16.419910950350783,10.35017396949263
9.08730854283111,469.8452809485884,16.38580093596451,10.26242787970665
7.412073829087149,469.35942741178155,16.46243866783243,10.323744563094237
9.815866050744248,469.2833060526728,16.48117407269023,10.330579241864768
4.164750796707627,465.8570132498428,16.265424961279905,10.369668287856427
10.752753535653087,470.0440620759463,16.34608612737864,10.26955302615255
4.9300945217110055,467.90314763080414,16.532560579383524,10.357907501304226
1.4231587309909202,468.57227700467337,16.246775487078068,10.358530105095895
0.4816974239084004,469.43498576622557,15.458081267672068,10.257926474917554
6.679790775148699,467.16672708897073,16.132745246541663,10.23394301387924
7.038076218943353,469.4540846746259,16.210008966835424,10.234699603379681
7.429789248297473,469.1813062446489,16.24147924622619,10.279522098928055
1.7674958239567324,469.7181845153284,16.21395273607842,9.987236877654368
8.399078619105762,469.9168736402951,16.04030274746673,10.202020012697972
2.688801379811345,467.89131744295736,16.12244588090551,10.161056556486699
1.1712659020587743,470.0473624228228,15.979586227291282,9.964665839403608
1.5053626171790455,469.72685296230185,16.130526091435154,10.153432651056903
3.952242977287513,469.6738785059485,16.1130551941501,10.163535886112697
2.334971141324898,469.2234243497244,16.14766951544233,10.227246381600139
6.881745961702393,470.6859939071609,16.01830778136103,9.914637550623524
5.3253300500842835,468.9135416318911,15.98945684018226,10.105533560219044
5.759400076250596,469.94629492959746,15.966859568250012,9.992183605923856
12.185949142394275,470.20187675807875,16.018776540498525,10.051913844697253
6.603900501401988,469.40367293208567,15.97259875330462,10.03788843345535
13.079872913973261,469.72130393989215,15.92913882941069,10.02924525434139
13.573984890400494,469.4680887130359,15.85615148543621,10.046126561904657
18.04662362658813,470.9104960066149,15.785214097028962,9.723967118409803
14.531894669385345,470.24074861686194,15.796413556284822,9.699580964356244
14.966350259564864,469.86231477276897,15.70484407727898,9.958555779506526
21.321027421153666,470.21506336196273,15.660121173861441,9.894148683232515
25.696645429037723,469.09702550312625,15.693787588818864,9.913615739069314
26.136070922666043,468.87555479110716,15.696865344273725,9.899745118272449
32.48691553512738,470.4256766261181,15.667961973123624,9.854684908413617
38.82614255679128,470.74051787540736,15.738255819236556,9.785965779440232
35.394466376187594,470.1411845453672,15.65274858928673,9.698328546349899
39.806461899238826,470.1856038569143,15.636615377646308,9.859777437299044
42.158946708136014,470.12583725542504,15.702086234592933,9.86133514280192
36.578188957701606,469.386461771797,15.795695019423285,9.845514741950922
33.263707151576696,470.073975632263,15.488059830771697,9.694026835666932
27.806653277190396,469.2567735708883,15.461343841508299,9.8741915089455
34.09456337183526,470.8609076950867,15.419085396025743,9.698462995970601
