882.0,443.0,74.0,190.0
882.1767535246909,452.93254360719584,73.93478961801156,189.620511791436
883.1067633756891,454.24618976596685,73.69693130689507,188.3283998284969
883.9205412600735,455.2515849072878,73.82013099504843,187.7189964029816
884.6994730568239,455.9968654385739,74.45568319320796,187.5559547196127
885.7730902951968,456.7569507918063,74.18510143310584,187.5747999811424
888.2298689383316,451.6688769385006,71.66022158495787,189.3362792641376
887.8530723860677,458.97906011367314,73.9736550937887,180.56102492852057
888.2000662401497,458.5715131229772,74.51443728014374,184.4941895112529
890.4986255016609,452.14908248357824,72.24609770207792,188.6319966273004
889.9910445480286,462.9450045819041,75.09269709733076,175.73916954714684
890.2371529093944,462.9977930851801,75.34204922011122,180.89020884166746
892.303392046822,455.21073632696607,73.04940277841536,187.72557824974797
891.9154839137111,465.66182976405884,74.69450946255802,175.3969210745061
893.6164842701962,454.94628188798686,73.30981914030417,187.83358357891893
893.5792835203019,466.964061950301,74.4065680016422,173.68952240773558
895.031636657226,454.99683646089056,73.35966630912367,187.80777911791608
894.7326535726546,468.18255102709855,74.53281849886082,172.2096008182911
896.6981552532568,455.95909877717304,72.58243818517712,187.2166693681288
896.5334555390093,469.1273825742392,73.67398882214991,172.01361853343946
898.8096390802849,456.7759133491163,71.33974840517408,186.59111826831577
897.6576270465652,471.8101813290553,74.12642476764506,169.41665219046405
899.4545562513416,457.9536183151779,72.02858027758828,184.2514834815472
899.892549831404,476.2082240626919,72.84597734024851,163.44335762870514
911.6050852122662,461.1887447419374,67.55136098096432,182.37895690406128
899.8422824683743,478.35153140475177,73.57761252788748,158.9763192014816
911.5556790428623,463.8631803866915,67.9347259447677,179.9416253836838
909.5750453264575,481.901525024733,71.06797415683923,159.57089144991096
911.4588867840553,466.27263324501223,69.0370609147958,175.44077840783018
910.6017924428697,483.6003494169664,71.1550665110999,157.3937914016791
913.7045038017083,467.9923330222264,67.60410726698763,174.40448167929617
913.4877153186976,485.0147016700164,69.30857444996786,156.46729144498363
915.4949758089035,468.57755179094465,67.47047229302643,175.36309302009727
915.1039309228331,486.76293589962233,69.11784099728823,155.96522596243528
928.0902812151094,475.1384933420544,60.84491582883402,169.95838676064523
915.5129812436658,489.40919961629083,69.06711720659416,152.74537080857726
916.1383958984893,487.80503939447317,67.92020712952672,162.26736106830413
927.2493932787429,481.3614079663913,61.69042498588283,166.92332638714618
924.879111802223,469.89189606408604,64.64312722207251,175.0671287558324
924.9341307498681,482.7728221146965,65.8829625879606,165.21624999055143
926.966499390277,470.00997783207197,64.05868178536912,175.64124599215063
927.2647913954706,484.8952284477296,64.96587004586786,156.6503413646064
937.5392966589011,470.99380605511294,60.48318399801269,167.43941323383854
944.4705344270399,464.2699702236017,62.65379121481601,167.53888794334932
935.2836764271119,471.5454280996326,64.89971110384431,165.69975650256998
951.4050225605503,487.80087285079924,64.00975186047663,161.2598596378101
976.2611004248834,484.8698905801066,63.06869429331846,158.31272216784055
976.1259702362188,471.988124428225,64.54799749527251,162.32770502902758
985.3612985589474,462.6728686437582,62.25625254052136,171.5479871893068
984.3073343666106,477.7815293232843,63.94573255796104,157.85747015202082
993.6704143155241,467.1573905233413,61.6792573017558,169.80843676660197
993.7679092994658,480.75834389083724,61.94033377157757,159.1919556404569
994.7427672756639,489.3045952063102,61.2211340843096,157.1870109493965
1003.0164930330583,478.4252802691642,60.517590755830156,169.14862641645857
1003.1235217746772,492.0515711964183,61.50437354270241,158.98642534698604
1003.729052277421,501.48984361105425,61.91861020667784,155.9782368445479
1012.0601292049164,513.0033555702219,60.6240476845428,153.53453803585194
1019.6751794191786,502.3329046845382,60.51176250198944,160.53749614443132
1019.1802596586705,513.3971050431717,61.162244120047376,156.71817599335304
997.5505072805374,531.6702389094094,58.39191618177324,166.76350195459918
1019.8228894824784,552.0362897506781,60.214172992146246,160.17044760653164
1033.9237387427472,548.9706451533394,63.27333997901724,153.24896964909624
1042.2782226887948,557.1563911993431,61.72537862292074,159.23119251683784
1027.2148957246393,561.1812999279746,61.66029447876099,162.700116804481
1051.175651000544,560.8536069973852,61.03522974367115,157.50092745956545
1059.265856120583,571.3305539799865,60.89701094536849,157.3361015126236
1067.820217285349,582.587350060153,60.02499604783952,155.3795954858207
1075.3645466955145,593.2985764975757,60.87678962110567,155.79110875014396
1099.1984172055013,589.7533486867568,59.847831973235316,160.1455223852612
1091.2196687975081,598.099335613755,61.24897426904931,154.38026970779913
1114.4787582176396,594.3056382717828,61.48283819873086,162.9636133830968
1137.9914746828272,593.8232429766051,60.80349544956266,164.7671188859988
1161.084260375638,594.2976332638705,61.38128302195764,164.97709307913306
1168.9112741612971,589.0640788671592,61.65738809765071,165.12724288238428
1192.2912006208896,610.5887210010594,62.04380631830031,155.3225558157253
1216.1041663075455,607.2270473466888,61.0596526978627,156.73166509408384
1200.7192348191481,592.1225542604745,61.376589104302866,155.8274596442194
1216.4917101674732,608.79426712338,60.73457499144615,152.33833666261035
1193.674568318037,588.4994032561577,60.95401751137206,155.26627691842145
1178.7574310692833,591.5527757900333,60.766194378505816,155.61518571027443
1194.2555065643087,606.4386381947207,60.80774140412177,154.05052407816595
1217.6219133083243,604.1099393396239,59.9209520389968,155.7947131056627
1217.7233260432374,593.639590964054,59.89608002330738,157.76971000574542
1217.7813931986498,604.8864095183378,59.85355552998158,151.3757570760572
1218.0189234760253,593.0350469337975,59.523083090438604,157.00710927870182
1218.1147444761673,603.9588472729189,59.46503385076312,151.18365664291036
1218.3356357065525,591.3629885308889,59.22558804918776,160.05878296339858
1203.1139353179044,598.4739524556896,60.04085525751225,150.8791416772417
1218.5536907776755,591.0394005180003,59.435954804496305,161.50801836491178
1218.5833810842776,604.0085306847229,59.390395076860386,151.13686323936008
1218.7506896933317,591.1144983146494,59.194675425021615,160.21241125704933
1218.8609998856523,604.1644096566097,59.0968616683308,150.25693619179947
1218.9913223092572,591.7009468822378,58.984060576653064,159.20739718240384
1219.0044565285648,603.8697232045245,59.019769721748844,150.480326748999
1219.1711731224714,591.9469582023644,58.830818448870104,158.48740194544644
1219.188782315964,604.6067645910964,58.86483983303833,149.47792568125874
1196.9091290397223,584.3924197640981,59.28541611829405,157.8416183197728
1197.0491993372707,596.213732244586,59.57209545157548,154.68049197105302
1219.914679045017,593.8294088516207,58.788600091178296,160.56054007245893
1219.834571239741,585.8520463148191,59.04047726027761,161.03720776164892
1219.7990390233579,598.8801872697659,58.98053837568341,152.44557380286278
1219.8292486305008,586.1840541934074,58.980244712961394,161.76808588194046
1219.8011037145898,599.6899066825829,58.92063307761032,152.48787352433715
1219.814888518041,587.5917556936604,58.93776630458001,160.84851023885835
1219.763964870036,600.6905886234472,58.89897961820907,151.93313828276246
1219.7965482483478,588.2445963638206,58.89560597630543,160.69430603163892
1219.7783563269932,600.9539117948298,58.7210667812858,152.03738071383486
1219.7669507031706,589.0355899060586,58.90468128290513,160.09961958901215
1219.8177638807856,601.6685292699494,58.61038756836547,151.38141884978086
1219.761572450166,589.5387744773993,58.89276955060495,159.81053421980414
1219.8138858151844,601.767492434618,58.58437898157513,151.58484811281153
1219.7417112662602,589.8220091435065,58.89514770130927,159.5422579110135
1219.8167063068868,602.1527880630672,58.59553108645059,151.1939764708302
1219.7954155525872,590.4735887458404,58.790424802857615,158.97969201316266
1219.8650711869802,602.7165306542751,58.54392074617317,150.76789625473418
1219.819190826671,591.1624220700645,58.758983105348534,158.47806416097376
1219.958193122726,603.075290872257,58.434191557348186,150.78962961808224
1219.9443924871807,591.1408289704057,58.569067637743956,158.7584133833077
1220.0107097349742,603.3789150564405,58.383601284888755,150.48358289987232
1220.0179529704556,591.4270216507782,58.484576271553124,158.50389633247005
1220.1023262653896,603.3550601928823,58.28117368886001,150.57533604364403
1220.0914851756452,591.001659293796,58.40948038168631,158.93077032132794
1220.1273127445365,603.1398467746792,58.297774537107216,150.58744284500153
1220.1384887286517,590.9689414286822,58.42439793469089,158.92214882818666
1220.2270715726766,602.8678211428773,58.17404343272278,150.91308120442682
1220.1818033257641,590.9396739947913,58.4087709181415,158.8325866959492
1220.2670578593372,602.6021738062709,58.13886998266776,151.12007254404807
1220.225820786111,590.4499857477294,58.379082954010755,159.23136941344887
1220.2803408744724,602.7917843421977,58.13745947511302,150.62549065625535
1220.2612813090282,590.9612788481991,58.337235356259725,158.46970330292993
1220.3494418978541,603.0415952641877,58.0637187131731,150.30961370785496
1220.378454930389,590.9586258323848,58.225479758604024,158.53727707390362
1220.426982084477,603.0501438580537,58.018526373999066,150.25210520312737
1220.39336089598,590.8102808044141,58.248093743351546,158.614194848029
1220.4673858857566,603.0368221317705,57.96518159803304,150.0875848126792
1220.4093487251457,590.9178963898958,58.24828992433822,158.3271692132821
1220.486673500322,602.92593402982,57.974905624347,150.13644911955623
1220.4723710937708,590.8423797520161,58.15887794161631,158.29101460538527
1220.533028345028,602.9794015692062,57.889605960669996,150.02228250481664
1220.4619574879368,590.6226327044697,58.205554354263086,158.55513912712968
1198.126511466925,594.750863699829,58.99355058638207,150.11433174263755
1220.840176586721,610.9207369060255,57.69370084591651,149.88034999810714
1220.8274700385919,600.1636880880726,57.73435222741614,150.69963265161334
1220.83516236279,588.52091046307,57.9138253005176,158.26343987789744
1198.592287544319,592.7966851266066,58.695852880367056,150.5717883315947
1221.1831717659577,609.5299550143955,57.58362803607474,149.7862621937685
1221.2233940490146,598.897294790271,57.45221965772225,150.91720065408924
1221.186279481737,587.9269097451279,57.59743314895513,157.67219385447197
1221.161185876098,600.5427676043689,57.56968455505785,150.19415056097398
1221.179921817992,589.3369331951747,57.648454358186655,157.4048844614606
1221.2084909462626,601.7011680032699,57.537758404689384,149.30432526420896
1221.1858791803038,589.8102636955873,57.70389979264951,157.57011892568926
1221.2046827614827,602.1430704315702,57.57721113711932,149.5081629127252
1221.2004202775415,590.3102840819611,57.676521904775655,157.37098242033426
1221.2152480402417,602.7174108357738,57.56752401768176,149.18647612126085
1221.2071944166582,590.8206505390278,57.61932037210681,157.22219937257705
1221.2045581557716,602.9873929515227,57.5153593991065,149.01677963168163
1221.1506802703932,590.986034698373,57.623136705595016,157.19341176281637
1221.2205795794162,602.6162531221921,57.39550879781973,149.63693219452261
1221.1743448536747,590.9542338555643,57.563218059614655,157.06024062267602
1213.665619383635,600.4191082018626,58.482581377645374,149.24653658203215
1221.4638678511255,591.1194139687116,57.663436831050376,157.65270592491584
1221.496077911977,603.3078947120267,57.47144165137911,148.91403157390232
1221.4153020494784,591.1976007285355,57.66374302189479,157.11283695257248
1221.3531347943392,603.2569296587219,57.549344663845886,148.9332354443244
1221.4487814795266,591.6541414975252,57.47336936115198,156.3218215673935
1221.6841416992957,602.5182410849109,57.10047575053727,149.05472573640554
1222.1103914835203,590.5498470297237,57.047362867675474,157.02483927987737
1222.1158859479708,602.0674705548055,57.32663765433017,149.0076955120893
1213.8894175962687,586.9758084057642,59.26140099900658,157.2093470296286
1207.3015296744115,595.4332851715089,58.29046949024678,151.46870107124937
1214.3595602660196,606.9192241152666,59.01992866973774,149.139550559094
1223.1042900373213,599.2729316137516,56.20071515395102,151.62114449786623
1225.7487025952819,588.3092418977099,53.87121303102845,157.0302140137569
1225.1540715623382,542.3423801197155,54.83846953275361,144.72807226889518
1211.1941070315659,490.7181051595617,54.837518862884735,137.1426932918439
1197.0764863431937,472.00066539113186,55.03478687672259,145.9600044301277
1219.024684676604,507.09130439830125,54.7600265901076,139.60552576293452
1227.2554155193902,499.2010549928595,52.21932786676598,143.24496615874256
1229.1384320568332,506.83988151706853,49.51355978448646,139.81147098440374
1213.5366329641338,458.03446998562947,53.65186867229113,138.6620994069748
1200.524839390042,444.1107635592778,52.77878484724101,136.75512991083025
1221.8865499509523,458.94260003159206,51.53399059960202,143.13393914811854
1228.4270675456457,471.65476813459975,51.48789358487079,136.69920878700032
1222.9031084270355,460.9003503622837,50.56786831590216,138.435340858583
1202.7921285743485,409.13298256336606,51.365382409944914,145.37840080767097
1216.4327879912203,443.7294469388371,52.743644833085455,137.81060554533656
1224.460919209911,439.49666881050825,51.8400615550554,136.82825134385678
1203.6328668791357,408.7392308724691,53.71031845935704,135.72980763394958
1203.958319285635,418.0332178802073,53.34361885157932,135.65665669441023
1223.8271237575827,434.8855268039025,54.0027087223134,136.01292894569724
1218.4355770692418,441.56695524599843,52.82636620969015,131.93181763869268
1197.7979178203746,442.1153191730124,54.85980348015255,133.92413544714475
1212.7712151204623,452.6284946247557,52.633080405779765,137.6487219604992
1227.2865588525035,469.6790901119245,51.10327220053932,128.24130719310273
1208.8943225577784,433.93173130216746,49.627296365191796,132.60508649449446
1188.2620410133663,404.12507358738935,51.74548780430678,131.11673412035327
1195.4259841796722,417.2017768666351,51.718918243371036,130.2756619395626
1216.1290893352098,432.51525273550567,50.82376725042832,130.55881235293532
1229.3046073244482,428.93424922765917,50.03423614206463,132.03025695984422
1216.2353025756447,419.06391083070685,51.45830579761878,131.2305559994055
1230.2585156193363,433.92651196505136,49.19518552185241,131.0394872810752
1231.269580279179,441.9941330487085,47.480207973762845,127.66386251803249
1231.5616804322358,451.68785248403265,46.94617823484032,125.14341058519267
1218.6691566776353,434.9980479191304,49.20982053954867,135.43655620852292
1224.777138148286,465.41550181362254,50.20375460058017,125.93372205951528
1233.4296406083636,472.7399171138454,44.66701441467512,128.71986459406776
1211.8704505113415,458.8662684030582,50.80171257948177,126.90781149084108
1219.4078335040558,470.1687318204381,48.977097460284085,126.06328140533162
1233.0048220250333,481.560036314801,45.650172443801694,128.42093380105302
1232.3209367950917,493.1544423329905,47.11584393696603,122.1285071429026
1213.9305863405295,479.012623584274,48.06566848010402,123.19489129992178
1207.7314085628673,485.5170382884071,48.85203035552149,123.26284750057187
1209.066919787232,493.92921173133556,47.129117774971746,123.36153194023308
1227.0531978095264,508.80717322815565,47.57869333194094,123.11470263957801
1222.438996486798,501.150026423549,46.27078293082468,121.42922001194415
1229.1335234925616,511.6221218627154,46.049447869003416,121.66362128258618
1217.5445955245866,502.16837254780364,46.89681405845363,118.98603200184823
1217.8844577956925,507.14494448897824,46.87257404239904,122.76093260313826
1230.7978762504333,518.4495611685352,46.48704232824571,122.09214730681231
1238.1999208457678,528.8531744037317,42.69572475519226,117.75871771567381
1238.0154949574135,518.8995430294093,42.82903655559812,124.19039172977602
1238.6512834998211,530.1425783648119,41.93393755782381,119.25881288724486
1231.4563960580342,517.8686569623005,46.43639865075147,125.69719486274494
1227.263499581372,525.9901818933638,45.90524606072677,121.7821045737611
1235.2534560160211,533.4848531811758,43.33280373951857,123.3500325811292
1242.9515830626865,547.2349458794542,40.01490644758496,113.2472555241784
1236.7012486433123,532.7405893962314,42.01105445346184,123.06538105091386
1236.1223682783593,500.09164042375517,43.720663465267535,114.02232833893652
1231.0875039084635,457.17743654377045,43.548952995245145,115.54801914051313
1214.9121160444051,431.3917654319321,43.65100859159202,110.04346500991733
1230.7614140724277,445.9942273664308,45.46642759800602,111.00592781885575
1231.16351557687,438.45751673685163,45.22307544407113,114.1868611971496
1221.0181156828442,443.79332896949234,43.48290840501272,106.58732904367923
1239.3572160259355,455.21446262602853,39.32391414698213,109.6604214124917
1232.7691568801513,448.1420554967742,42.51687558787785,106.96025172906161
1238.179312813663,456.39664941556333,41.048472868524414,106.53887690927348
1237.761286346522,446.8054679020797,42.05351740425294,112.02209484160358
1222.429452017227,436.425968093832,41.69989097200596,110.760373111994
1239.3221660454547,467.87433170958957,39.05409309042079,101.68770080832542
1228.2211956684014,456.518226100324,40.72918964398559,101.369248362088
1238.9995248928676,464.92610957754096,39.980571356049495,104.60108623576775
1238.5535488178443,458.4198049990046,41.141895007707035,104.93727667997535
1223.4475698467231,449.2595194337223,40.948679550663655,102.14637443475135
1234.2344917112055,460.68720099787834,40.60554918589014,103.55239742563208
1219.940754997952,451.0766693859332,39.637228494275405,101.20051956224688
1235.0113388569941,464.2415456713179,40.40250209843407,102.81099652463638
1230.1914519119446,458.27314845462206,40.38720332282719,101.42826826749342
1241.5277069417934,469.3960427300408,37.717828288763485,100.57344573445039
1240.7746694338164,464.8988648374394,38.88381089467566,100.90646653727788
1241.1852793923308,473.65556784302316,38.217956754846455,95.1555224864652
1231.4746875717215,462.82243666171667,38.56976877187799,99.4168738305508
1242.2962317218553,473.98516469719027,36.61787163882764,98.73178189332316
1237.4955637072894,467.0473700292962,37.29542095165243,100.60886056106438
1241.8611881940508,478.25895537319434,37.85850904335325,96.53918685953101
1227.8397105294512,467.0800393296156,37.61481136033353,96.66594482016819
1232.8958897473758,476.8044251119027,37.620330194148664,96.44722340778333
1243.3082247635393,487.61805583808314,35.93935431808495,92.74544711099657
1229.0817140864556,476.5714947325487,36.95716563750989,94.35443629872805
1243.6139085160382,488.50993071335535,35.55817695983137,95.34920491031693
1243.6942489984672,482.24050658172996,35.87700184351593,98.45143040966968
1244.349601639323,491.4980702760515,35.11815877439017,92.81216839211925
1229.9214772005325,480.37018607379497,36.8427889073605,94.51657187295694
1216.81466154022,481.89750171108676,36.33894001496628,93.806088748447
1211.84233136919,487.40819429209677,37.45413888455869,93.28053268282684
1227.011866298656,499.6720734349865,35.57051329619526,92.86993235799719
1241.3271871221878,500.0192539047596,35.76742824687676,95.25423037999963
1237.0139170788302,494.66637818779583,35.88700567701699,93.9611160083013
1223.3647789036108,498.0907599876889,35.934496863269715,89.78260460047636
1232.4640241821053,506.57171454615514,36.451458210864985,92.39877476317974
1237.0473137005933,503.38924198055565,37.217065731457524,92.71828150052818
1242.869704320111,511.6315400328119,35.17038662920959,90.03912921709536
1228.9435045065202,502.0678318495361,36.24638315986681,89.68362872625562
1234.1796154587807,510.48833654785426,35.5782177325666,91.31138475595617
1234.6582180272974,506.353860667215,35.3866725042501,93.88838176154667
1239.7801058306482,515.6520511761742,35.263258880851026,90.00688953275971
1239.828948384302,511.3052407534685,35.84558802780066,90.33812227210797
1240.6029736815021,506.7846328285232,35.04879792382508,92.82982872714274
1245.6874929884098,516.5234915814614,33.667006215022866,88.28148054764358
1232.0545333839525,507.66605564517795,35.30235553325588,87.54008438495771
1228.136879004289,512.4223595407623,34.96258612663655,87.84195383609097
1242.3343848396526,523.6379277855665,33.884176141553326,86.7006472084662
1246.7919467830818,520.2934001275164,33.20709220781623,87.49423319630637
1238.6711105338154,513.1309033212483,33.314601868958334,87.17469265047578
1248.3668175136318,523.6655196040738,31.193095070293566,84.44704028977867
1243.9135288060443,517.7679197462037,32.56486406434442,84.78341765515916
1244.2506681709617,523.6500129184614,32.82184881391299,82.84913877172471
1232.6027989592485,514.3336763898949,31.94616478651642,82.63489296663818
1232.5083520470926,520.039238340571,32.93651860774048,83.53761172599775
1232.8962144924972,515.2920351698081,32.76353914586025,83.59278812622506
1245.8599871915576,526.5480557315932,31.99095084389046,83.10227409838649
1246.593624111927,522.1155051919982,31.358379363788117,83.04807796136015
1234.2195812838672,513.5300425732822,32.435329167463806,81.36472777569486
1239.1336273690436,519.9654263595282,31.44038173583749,82.85360608848828
1247.9287116165224,530.2773017574623,30.593982580475767,80.0465339479382
1240.228019783237,523.4988505744689,31.149626026475744,76.79455345240171
1249.0313820236347,530.8705823718306,29.83400327735717,78.01677233086457
1236.741333747861,508.91845092886155,31.58061569183019,85.35991715245137
1225.52843017398,513.0641941304068,30.747588063067496,80.03433961767587
1233.5746840146592,521.8173322720143,31.123311477348807,79.83539776858083
1225.9729496165455,512.8128465756043,31.163888474473424,81.9403693428311
1234.0589163346267,522.5448446553664,31.304039660896933,79.57474882350652
1242.5805654105625,518.5646574467391,30.559679968040655,82.89576522032439
1230.7552403746427,511.13367677638325,31.25191050752437,79.71924578859569
1239.2270982612692,519.449605404101,30.8799622994502,80.03146509924409
1235.6597896835606,513.7100693099337,30.88420952223919,79.93258982830275
1247.3982388695604,522.7829853716898,30.84354671320989,79.62524768599792
1247.563624206065,517.5889084435369,31.10898130862529,80.37994176685993
1244.0275348107452,511.8975268556601,30.92548542730401,80.28909147604361
1237.025578044417,515.2790492536133,30.360355456762818,77.23352459428088
1249.2055967713418,523.0405851958628,29.624735364584012,78.79956800879154
1238.0112971377157,515.1804406872957,30.17541030608527,75.04713604820154
1249.6410250066017,524.2744689907648,29.788288707868787,75.4698173139434
1238.35891881912,505.70661075211865,29.888085234742903,79.36421875182532
1246.1453033140037,514.3006674985486,30.141210135021993,80.47680908700158
1235.7728788668524,506.8144329776007,28.95165632868884,76.6776412337934
1231.6371173724842,509.7010777735227,30.39585500336284,78.74453662896212
1236.1284153109482,517.5610047628531,29.749094857724685,73.69475531435342
1243.8549092465553,514.014256011144,29.971791281729793,79.73210533416523
1252.116456788277,514.0539577519783,28.059381826566096,79.44875399303635
1244.2427524606119,508.9248626274839,29.369330423208794,78.21320633066352
1252.9914690456476,517.6361499675442,26.927031017421086,76.43093123731967
1240.8266928427286,508.8631313216858,29.46403220493835,75.83827438370378
1248.76955115889,516.1708003329388,29.283318103276542,76.95967684310062
1238.1091661101575,507.8023700672486,29.441536143760686,76.59751408956004
1234.8891854965586,512.2843922754839,29.014242778515836,73.80533744302579
1235.1862227102984,507.1289146547165,29.209653293250085,77.77209611395915
1224.172966189807,498.0551844999859,29.42759660890715,79.59763035619312
1213.0817312110962,501.3164898833699,29.680387051148045,75.508246453823
1217.3879601102399,507.9583881190743,29.389342460781336,75.20446976501461
1228.9753369525906,505.93840522988694,29.109299896954326,79.8822348576964
1232.9382898920037,503.3488973111023,29.171855002997745,80.27613516168117
1244.189791997133,514.6383447607669,29.89079125666376,76.4748653224749
1248.2672573861714,512.214408239649,29.92097794150868,76.15333814013775
1253.3654758040184,507.672537561908,26.896686396444238,80.22370552224339
1253.150398817832,515.9224967527756,27.060942458754653,70.26989718295079
1241.8618640303644,504.4278251314172,28.48161894040868,77.37235606551417
1242.1690175540189,510.3976382953431,28.542238506964168,75.9147641621123
1250.1018341390209,518.6542486027263,27.841148024808717,73.96394975358953
1246.6070528863563,512.5908207297001,28.457260960230315,74.58553454509536
1235.8987193503224,504.92117855723967,28.80345506545359,74.53069499254224
1235.9786021979885,509.84158180301756,29.264229415917043,74.17997859871753
1247.5597035213773,519.7752330453166,28.55596539574981,71.03462770323245
1252.039195971715,515.192278905372,27.2466422109037,72.65281601111803
1241.2188445550769,506.8562181388752,28.151131292961736,71.06096006812186
1252.7908304739544,514.896309273568,26.522210635632746,72.76343708584204
1245.4612609658348,508.9515411254615,27.907468732526013,70.80199553141449
1253.1796641784613,515.6896135331147,26.29503811886434,71.49202511478484
1242.9317528942445,507.833541771804,26.962447477510977,68.42171683126583
1243.3822749872852,511.67608259029197,27.17064085685206,70.06992128181679
1233.1149821514134,503.6195155802566,27.56155289260505,71.38931916780984
1226.2771369852617,506.238238231522,28.160289018251433,70.89899630041918
1237.0818439079594,515.3376907485058,28.003237085718865,70.30175336982052
1244.4728887471438,513.0928145663247,27.603178446264792,71.84733770973094
1234.4249756194931,505.08957143214764,27.430370135755766,71.69292387838539
1227.726174145415,506.8871713716728,27.73820389220782,70.72986105502389
1238.5797014595628,514.5911789954787,27.743681530086633,72.23603247855772
1249.729294285782,513.7162809347841,27.17649495204023,74.688857380272
1239.217950744565,507.1002747360401,27.983185185118828,72.32507452860057
1239.790165647989,511.61634658232634,27.7622282496186,70.44745801096468
1251.3263271289761,520.0458908582411,26.606451164916507,70.54846714243422
1247.8451075235305,513.8348289337621,27.151494463502104,69.40543669101794
1251.9706941339427,518.8499655834501,26.603196800497244,69.87971949112887
1241.9957077450376,510.0119386859403,26.70884719736887,73.89085270274597
1242.0907554571213,516.0921071100782,27.275286550590636,71.12047520213434
1231.922811499393,508.92679669700965,27.67006133928362,70.57187453445317
1232.4115221429047,514.1650229509925,27.368872117097908,70.44251988535007
1243.3568199005658,521.7601079123064,26.891019402615257,71.21004601610696
1254.2935915475346,521.2060357655805,25.332718271099566,73.1356741255388
1250.7919511454204,517.0617272957725,26.443366814523642,72.95769864031081
1247.1855600891276,521.6016210764008,27.58591202435332,70.68603845428242
1241.211049306399,524.6700354751938,26.64473801326517,65.38788436952927
1231.0271932855046,515.299584116905,27.254571219614263,69.33589456748359
1235.2105288947687,521.773347852828,26.575827045473034,69.15112726343659
1228.543548927292,515.9133355362811,27.299163940432436,68.16147837991855
1218.791125130665,517.1283013622592,27.45530244688257,66.47910468669397
1226.2419721848728,523.4399012148081,26.699183490669384,68.16116253287623
1220.008073644106,516.7423427128602,26.44184092245905,68.81108501886217
1223.994552661655,522.6788801405155,26.06810825363027,66.5214974763071
1227.1756395658606,527.7181534757312,26.953241492137067,64.72400692590122
1218.1404296031542,519.1300782430292,25.969094771870687,66.53117477222474
1221.8176390981914,524.4723489104281,25.99494244524226,67.21207009699015
1232.0604021474862,533.3950632086398,25.775215658494062,64.14204701403833
1242.1824899437597,531.9347448541287,25.768549618894212,66.79073869214858
1252.1454256916245,530.9836619245556,25.85200576491161,69.68838687632945
1249.2698640028202,534.7472870400272,25.94092728009946,64.05964753214676
1250.2995902664152,537.0231716328062,24.940658368688673,65.30923300513041
1240.503505976798,530.4513333972864,26.058843872546277,64.39629373912817
1241.281471655504,535.6092533448827,25.137119396326625,64.1307427680913
1244.784319090254,531.2048853874712,25.12032040297413,68.64604248921387
1254.8370904633787,540.4123406679296,24.554236052866827,64.42884898044122
1248.6530234991064,532.5031423819428,25.269095199296544,67.46415785025874
1248.8750719146178,536.615801134506,25.756371595817882,65.1806579089083
1252.9936606719502,542.5659460033293,24.810264975454402,63.40131090367777
1243.8460484904942,534.2036506142804,24.720489890224826,62.85353249111358
1250.6605015953908,539.978218244807,24.721073082920384,64.86423648327161
1244.8297816803215,534.1659520183202,24.790607035636185,65.9785553322888
1255.0649777165308,543.02315439061,23.95387577234942,64.6433002891547
1245.4490715644738,536.3708826260913,24.909759558058568,63.61297984376165
1236.4056589891986,536.8667203481436,25.007353587973284,63.604048050508254
1243.2393892316654,543.4756015163762,24.62216318123683,63.48573255753627
1234.296658819787,535.8015142809647,24.766553116808154,64.93776203346465
1234.8482073386658,540.2536105896415,24.545882542604886,64.39077389599925
1231.9474181374944,534.2387327350052,24.644133371942644,67.42687884667612
1241.8981954504038,542.524872862535,24.513921656980983,66.72539625493141
1232.5605419238236,535.2033602208189,25.078461015436915,68.29081516433371
1242.7145880946857,553.092945954581,24.884275044686774,61.1600309979417
1249.5874839507032,548.7975748513721,24.589976875317006,68.09540205789074
1256.7282393643163,556.8188388254491,23.301011769498473,63.13579547156587
1247.1648228161653,549.7188219625484,24.428112912571578,60.21797835552502
1253.1793876275856,554.2860039012639,25.3512693227035,64.8611668605322
1245.01078165003,547.4500243155043,23.890030387827892,63.260816850952324
1235.7666404544684,548.0415636212042,24.727928885699384,63.73072754320083
1243.121984141013,562.8052491278686,23.244353064281313,60.44818435054549
1252.8205532510838,560.7125048503448,23.047994605341955,64.61952391735122
1244.2715896585637,555.235541897903,22.89000932463,59.311184896665054
1253.7740308827374,560.9288272270261,23.088320797671713,62.711333260267565
1254.1022208984414,558.3717465577586,23.141048934975743,61.03234199255394
1245.3530184247024,549.9279844580452,23.62807248117997,62.06609521043276
1254.988541124392,557.2313906173858,23.185609124104076,63.645787382694834
1245.9199073478017,559.9517677263456,23.799063640916756,58.372106477189504
