565.0,61.0,19.0,33.0
571.6785886678845,72.48702928144485,19.14181969873607,32.78848048299551
578.7863144800135,79.49192673662088,18.792978183390233,32.38376133104623
584.1722386110323,84.08548981561876,18.56712142904962,32.39472678187519
587.447489685952,87.99067867095437,18.357499459969404,31.87882392139943
592.1066818085478,93.32248543396562,18.102869534976435,33.165046110626974
594.8770840152439,96.36061106792897,17.73066333893223,33.001837612280326
597.669707436353,100.41402042312461,17.54561421076812,32.56870175693206
600.455830928222,104.060282237393,17.406380672628075,32.87568107347941
603.2690708734718,109.15904519927392,17.139368089767117,33.49440546816075
605.9077634474737,114.60183333977619,17.096892150566077,33.129269515205806
606.5464359507296,116.71084360540254,17.323454600746118,32.992555008090505
609.1578655929732,120.43866802844484,17.381359265976926,32.35602446076747
609.9147621323493,121.4906010592286,17.7954269981783,34.58018660118256
614.8822911963915,129.21775633861859,17.30544860988755,32.67493286257732
620.328432744252,133.28631352977405,16.82965307035147,31.486937142806227
627.9559053299467,136.1961868789856,16.601259692143913,33.00612310338522
635.2635921890142,128.66776002847743,16.7821952807044,32.161867898332304
641.6577127541065,121.3079046567673,18.310415426994382,31.299484861461906
642.1823813024291,119.44173134972075,17.97443902013333,32.59626172586522
649.3836233169972,127.9524613883273,18.057739090058362,30.83102067551374
654.4607307147082,126.87274716193652,17.922294705547642,32.43279834935187
659.4173416951651,130.4823639474102,17.843223310871736,32.047197572849086
662.1663747486796,133.24983037787433,17.744741513855843,32.26037016926466
664.8024690083644,136.1779962188641,17.769131905672566,32.26026141213546
665.1171372345751,138.50540879795764,17.74582804886029,32.48155258812281
663.0409091385136,140.41149149702142,17.969333629049288,32.65685398642415
659.0213651978493,141.77126378213927,17.776872865255655,32.52076219307651
655.0786119095214,147.54426242956737,17.548121345975233,30.373700199377538
651.0494449053103,147.70177514546495,17.468302638261548,32.583884767741466
646.4469799527454,153.65795302946376,18.240927402404395,30.281626056880526
640.4880868421353,153.5710794830923,17.556015673176717,31.736262094552217
636.1329404430062,154.82933969378644,17.828233075767457,32.054429811869
630.0021620368138,155.51395622204691,17.594356054161153,32.21753308429837
625.9359278293668,156.97477172471548,17.513840975877088,31.980021375856182
619.3880660254064,157.86855412549266,17.813475931355697,31.61609454910601
613.1512667544786,158.66056506413338,17.787862614039,31.13089610832907
608.9425992001336,159.9388837379148,17.98873386894718,30.6529580170818
602.9222336950281,155.92827266406948,17.51380887460914,32.52810297402442
598.516506781425,157.5360801842172,17.881127021442808,31.720276714733274
591.9537761327247,158.42808481419175,17.978410494951277,31.085313577314224
585.5055260276388,159.02860884948106,18.076458419047185,30.87487923476064
579.514994311156,155.3684812393226,17.378058197821474,32.164980336508506
573.4181301564295,156.26106012202374,17.25776908572641,31.324294107979767
569.0452405647372,157.43664089857873,17.70967185790539,30.92953000833225
562.54501109206,153.8799831719902,17.86206104060841,31.49584410662277
556.3956654773428,154.59674248822716,17.4881802821144,30.923282434153606
550.375406057246,150.92779855514837,16.99780393636547,32.23262263748481
544.1415042866698,152.0146090106875,17.11743076688981,30.859199613937534
539.8510758501004,152.95084354262107,17.50857643278175,30.214442210071724
533.5970288312856,149.4503814449463,17.330079275947355,30.742191547515745
527.3214388806305,150.14304988323715,17.416548124180736,29.622582004845157
521.541984708847,146.07081853566564,16.831054090952648,31.78186468842506
517.3727847690072,147.96778018671307,17.151117183904944,29.61255927637609
511.6337808990997,144.1326827502857,16.623416667009053,31.188308725494664
505.16991617970757,145.46476060353925,17.139633708114843,29.51550937768468
499.3006327908847,141.6940982776125,16.71638005454929,30.990670302248873
493.30832887159903,142.77215920500367,16.617292445403336,30.335129564386307
489.0265095485829,144.31070193542644,17.134855294847284,29.76280940645009
482.8637679570418,140.92392236071373,17.01337676954813,30.931983771712623
476.45710759652985,142.07251525275151,17.49163936603793,29.61117304449263
470.33910560245795,142.3948978917776,17.540103639175186,29.34183346066243
477.6088109834641,145.4339513282152,17.00936226057479,31.286046855466566
484.2139863253809,149.80880582136217,17.900197909392546,29.954131230209043
480.34672254970417,147.00995892286588,17.872659124058828,29.968513169187787
478.3807168947544,148.46346461712236,18.264363465319775,29.350058594301345
472.2978690539122,144.84051661740511,18.137639610927067,29.830553017963638
466.0837837949671,145.01000999251374,18.139892800503503,29.78494973879839
459.84204551980713,141.24174276193486,18.196505642250315,31.51423718669122
453.4967501988351,142.33681629058907,18.374387851849633,30.357687736857997
447.4145774909021,142.5841165519203,18.10529942396272,30.103798450366952
454.8486541647196,146.34366338873795,17.232108833715643,30.583683232210262
448.6526603036664,143.13611202060073,17.182260155171548,30.49799403227567
442.2865703832998,139.57222294645942,17.385526333565736,31.99508521489048
438.32555548977615,141.3394777596077,17.439358122559327,30.63138147997688
445.185533234581,149.17654079298939,17.732221962745257,30.308576866867725
443.3222738053282,147.18448235251734,17.746986519503878,30.3129521653195
437.22208161241514,147.79500388312968,17.582796131156783,29.478333630156015
431.15010210559007,144.414941722464,17.285914883080807,30.19999522880744
424.88073103834085,145.281212316839,17.374025961504458,29.247831059640532
431.71651417612634,148.62152271199926,17.809258687360852,30.103725886978452
429.8254649269435,146.68697550600552,18.042522320694843,29.80539029881163
423.66537396183344,143.22647241173422,17.824940725910608,30.365320224494212
417.4868597111377,144.394136828279,17.819757562179575,29.651732409769807
411.4419092767972,144.98825592075576,17.381747602746316,29.94486682130514
404.94052265862337,145.54847358863535,17.585346652891303,29.713677351917426
412.11594155163505,145.18748060034096,17.06954234675061,31.52613475374841
409.7375934955084,147.6049211028801,18.199939425395996,30.050702703499326
403.8054668603579,148.02462837631873,17.835975536121396,29.47700522058642
397.5921989887722,148.15363718009198,17.804079967991527,29.653190852107087
400.6778169342854,150.5276404443065,16.903555681235787,30.660212870306026
405.256720152138,153.96102443415987,17.211386297748106,30.090421706757013
407.9902613849161,156.36360062856613,17.01661879779408,30.60910260514106
401.87608523649516,153.25269420503264,16.8833480670952,30.851915379684385
397.453277303411,154.3466582776855,17.882831690470596,30.75111761183689
395.86574003941354,155.86817266340367,17.567010341608693,30.511636229202566
394.1353368446845,157.38701816849343,17.55300844720597,30.612100565543443
398.87990080348663,164.4876150068171,17.619348698208228,30.49124427752261
403.98634807346144,167.67129583079586,17.166145355727167,30.581155356747985
397.75607752723914,164.3824838537551,17.264379597394054,30.476876775170695
402.3934330119196,171.48891928545615,17.492953739250538,30.601580258193366
400.615965224499,173.18873148722056,17.506353842574242,30.493385754667344
394.3693867521886,173.92086689529663,17.257617879824465,30.31115117240111
398.837131575498,177.27739654090166,17.574337721663596,30.202287138455205
403.80214543861763,180.49726722546214,17.245635728755644,30.40427401960116
410.758042065988,184.6432013477119,17.560572516669026,29.11791457631398
406.8641724337391,181.70650613461106,17.343775413746528,29.617769022935704
400.9042545677724,182.33905358164242,16.924200128345262,29.299233871876254
394.859458107021,182.88179071333934,16.71290709807846,29.086760878687784
397.7503642358297,185.18286858427984,16.13914497005112,29.707036380137595
400.3114063622238,187.81144462733175,16.350320467611198,29.364994694914287
396.5474752184988,185.24601502296647,16.331283578399052,29.22556375946499
403.38897657523427,188.61303218878479,16.190466764369432,30.360328793213142
401.4261024894024,191.0405174354076,17.049895784299792,28.289101129937876
397.47992065432084,187.86538177657283,17.234966545531563,30.15766186807241
391.5856274770932,188.97251062771284,17.23498450612726,29.486898655134382
385.53928257016287,189.61702003404798,17.477723727543548,29.320378304214046
384.287640003154,191.26902692652385,16.633114137327993,29.31459091061248
382.5731888627495,192.853521462846,16.646939041578094,29.370902497504687
376.85612730373487,193.36183704397638,16.462440420597602,29.23070598556677
371.30969952024657,193.8118957993051,15.96191384693293,29.042277861150495
365.5055641317119,190.60165130534875,16.070977707326563,29.851694169055634
361.7857680480469,191.7910453784857,16.083747963633016,29.96741244789689
357.86212345059937,193.10939492441616,16.3296623000615,29.81761385296636
352.14058075476385,193.87887258296695,16.17048838261951,29.608136925588212
347.7028653360321,195.16994053934772,17.41685106587579,29.836094930362407
341.8851660014682,195.97754061352825,17.22546252808678,30.0743523356671
337.8933964461512,197.19406302785376,17.599352359996487,30.456909212960795
334.00227175674695,198.42852670725273,17.485950932182163,30.84673414078094
328.0663355577112,199.19303430465317,17.456960516218203,31.083813183233985
324.3464272669126,204.5635825280208,16.967781004279743,29.969165115301536
318.26479999648416,205.26908113052443,17.05236908556867,29.69535842026403
312.1387490692307,205.85279816316802,17.176496913862138,29.812141190644525
310.18726839481957,207.29339114933987,17.448089058106802,31.01152546894025
304.0769875348739,208.2914406511485,17.549006997038248,30.70789244536269
300.29995798636804,213.43992329994836,17.343825393538737,30.41146548369457
296.37232365598527,214.82421719794445,17.426604224002062,29.89934861123197
292.553914199417,216.17067134617486,17.309537722817254,29.63295078051081
288.591595322854,217.33693433970325,17.423011935129182,29.685781540735064
282.4011222682701,217.99279915712756,17.670803854029202,29.685318632563906
278.3540139730926,222.94826006205807,17.936821224081314,28.879764627072774
272.6702126997351,218.8315155254022,17.336252929300713,31.2412836860708
268.7893358996092,220.22031362006763,17.355201949992022,31.26878037460034
264.91999050749774,221.8471000992435,17.30750697261425,30.39556021371496
260.7610385803778,223.12460189290073,17.719208946426704,29.782523184139592
254.59465309517472,223.49189628972232,17.83400225151732,29.47438801379741
248.54228309154246,223.7463621376912,17.640603281324445,29.751264512723793
244.67195815443858,224.75668041871216,17.479752150079378,29.621390667415
240.70699044427153,225.69011680221402,17.476111264710823,29.751572733348127
236.82506922366528,222.7561747834859,17.43508583322688,30.86356768634039
232.69817633594883,224.238430707222,17.734810319030828,30.543573734095958
230.94315524103047,226.0865511663757,17.756811791125557,30.356370737419496
229.14049457203433,227.93011375777354,17.79115509528836,29.714158893071954
225.17485854426283,224.80449540233485,17.86434788388894,31.069175810866
223.61773956090718,226.70774045430855,17.471503721032235,30.785370428832124
217.38275607521228,227.39673904980893,17.692523868696924,30.120360327677957
215.55488836862276,228.77010615516383,17.609577986914246,30.62403887846085
211.57949041125732,230.19780922270206,17.580126935791213,29.51610780007809
207.83857712551327,231.25466968537302,17.393343970821206,29.265212923436195
203.96937099311268,227.59229940186992,17.41163592556356,31.778858621017434
200.25128207943754,229.2506917633417,17.13606872155782,31.54556494904739
195.97845327457833,227.13735744935065,17.64165221797265,29.92318508750236
192.16730680918067,228.11098758366958,17.460083559789325,29.67270817597435
190.33622796677156,229.23429411918585,17.375333356194318,29.961439932516896
186.4034958985946,226.20663003369262,17.301544189586878,31.485525417582238
180.3350189888997,227.16699928419757,17.26084112394915,30.72812591543891
178.4407871669775,228.83976706620768,17.543250242528188,30.877430056092578
176.6308919802386,230.6979173273891,17.53142767420013,30.17442436906012
170.48426554742147,231.023819016688,17.62958108824236,29.70430201788085
166.47446120750465,231.64421836735096,17.660278422561078,30.385484773767928
160.1827111046922,232.02297463908062,17.823316698122596,30.12688264496248
154.47489628434624,232.05842611782919,17.138341757526177,31.34958077998391
150.37073591868295,233.18826120794716,17.414828827698443,31.361366476238175
144.36726673344748,233.83853429900373,17.277249718975554,31.441140202439243
144.28098403742678,236.52487994547505,18.178985924373848,29.288495080076586
140.66103093230913,232.64611685434886,17.55714370502244,32.27518986015377
136.68256480292877,234.12728229563092,17.546118779843425,32.036330392829
130.03348081831604,234.89779928716507,18.253159057233347,31.682534640928225
124.01247398370683,239.97193911588255,17.716175913315368,29.986386583158833
119.9216742751316,240.94325327033812,17.87826694817987,29.7610988992966
127.33711126925266,240.54206018631285,17.05854212737563,30.435437158784765
123.31722970349438,237.70130726864244,17.099493020387854,30.961441055328066
130.3519658921182,245.86769631776,17.487663332555314,30.15433327898799
128.57633433894785,243.76926883761465,17.617260743281207,30.15792098379424
124.63065829483209,241.17379295418482,17.557612601552577,29.878255672185333
120.32915258169612,242.2290302477301,18.0774032126412,29.759603597819222
116.2314351959867,243.28244548990904,18.22025137773295,29.792193215910515
112.14399187213567,244.34818388734752,18.394785283449124,29.79503437014651
108.03399683910084,245.45248870394857,18.570632011292673,29.811110678449268
104.13012382077625,246.42995814731972,18.39681761487975,29.998584288002633
98.26557227756916,246.95199971361097,17.92844764727434,30.023193697859995
96.12527197173989,248.5942777746605,18.49041952530733,29.80452685114909
92.04560023075159,249.57265132546166,18.454215413938897,29.862901295048516
87.9115916108144,250.4532568846586,18.54231688486375,29.958918653718882
83.8057066404121,251.3707311009324,18.635785496254655,30.01258756171717
77.4667979704243,251.73943174426006,18.666900611210053,30.143656649069612
73.44982563197115,252.6177331498273,18.551964924180794,30.677939397254192
74.47334327218039,258.7406032336842,17.514645259318172,30.783686167700523
81.54841632443998,263.101272439515,17.909371232045686,30.01686757565119
80.14675130962797,261.07012990944884,17.21185433145655,29.71997084576833
74.02969235596905,261.9555459162316,17.285020168665554,29.307014594694238
68.20895856174388,262.33502970697884,17.1914409795601,29.790117537081244
64.33787139469489,263.4113102712637,17.09192388376617,30.875924795065487
60.09170783592197,265.1866735027203,17.49713891093665,30.07126046313647
54.25624956361468,265.97608427580565,17.18566761869429,30.10654976590814
48.03700420011853,266.4330616610706,17.297024367382406,31.253038850072585
42.15715149238091,267.4137612122937,17.248269592115207,31.392398598031377
38.03087053438972,273.5827277357882,17.39293302493742,28.50315128292874
32.22153483833878,274.22318111756874,17.327356289890645,28.25194507287256
28.216529532177354,275.06908738864934,17.580001381689776,28.92420455123812
22.100566660916172,275.4893193382842,17.64893727146253,29.262072613553812
16.11424734805481,275.8815844750721,17.420245312789255,30.20514956479525
10.075207719609772,280.9766336097648,17.355529787507017,28.354297649972295
4.12221908177264,281.3740239429644,17.41742829184311,28.58354419854004
0.5482409054384036,282.2612825556005,17.178393988888402,28.57780400677865
7.569054645515708,282.001504589045,16.724635322444428,29.72033740739107
14.348159985469671,285.2229908255245,17.02506765597645,30.90479574707075
19.551353216329353,289.43134136767844,16.257685425786804,29.240586762683165
21.883201384730906,284.972952660748,16.73207601665072,29.109831636636557
16.069956924248736,286.03953292219046,16.752748425339703,28.16202644204884
10.14699090775425,286.42961514908734,16.684753883936438,28.57014673387971
4.434502627293142,286.8930474284484,16.476150856696265,29.113944905407266
0.4087692658294202,288.437435054999,16.859098158558254,28.66440557783619
6.789015149581424,295.171510134281,17.303642976372235,29.230720872796496
1.2715157765829366,292.1929011829802,16.750882300703015,29.14957025344438
8.422468520921942,298.83362956361043,16.23911259157129,29.90225132622311
6.06582616183713,297.35058765867683,17.64796237508297,29.08501613975153
2.1557744267573327,298.4065267546764,17.669881180462284,29.160023959805358
9.687225219443015,302.0296656522321,16.46959049880169,28.869054425250283
9.539229562397992,300.0944926446906,17.447490188309114,29.100108212647342
3.56277540162662,300.35891389176714,17.37459191897535,29.418526356705968
0.7578754249092441,305.3037961774407,15.90228492459972,28.666028269675564
5.414422475645981,304.287799718919,16.055426908371963,29.616215573947898
5.578525972392615,305.1616619899469,16.567448235031964,30.90990970268217
5.78529251677886,301.1994723446373,17.10246505413155,28.88251522596687
0.13753165248058252,301.9064582473475,16.669625410339556,28.25626262588554
6.9910279952010725,305.28691479119914,16.716266905681298,28.07766269082441
7.861616467367995,306.90624056946774,16.23548894022178,28.24756373267462
1.948628126925076,303.8943891584713,16.667323228530872,28.491920789462256
-0.682200103429011,304.964021465191,15.051852366589813,28.67497107922196
1.7889127264173723,307.93208957547154,15.076497238506732,27.88037233555565
6.071407755927865,303.3456491209074,15.710172382232411,29.322593331941448
0.870040221710326,304.59791819510264,15.463540419009256,27.391732142705223
7.225108762399044,300.8386301745883,15.914222477955258,28.04806475546178
5.481467419979307,298.88245218822976,16.17932905889421,28.241961004865345
10.284288583040416,298.6546684439372,15.740884025878144,27.05187119865218
6.649816829814899,295.9110096717065,15.835016716231,27.67547506264117
1.2266560540190596,296.542347841043,15.614892975779242,27.248780470272095
5.645457721153667,298.8823989198863,15.47967931183082,29.527115793546272
9.850234290568508,299.04632475409653,15.908530067835585,28.436665910197803
4.156753888964566,295.67730369135364,16.040457019840723,29.584701438846594
0.8582417469124124,296.76996016546013,15.616332732034856,29.706346076057116
7.289528717765814,297.14997619810606,16.031941009450023,28.642933155242076
7.296840884568418,309.1931602326281,16.85168586928024,28.748829401794865
3.4461349511363935,298.85958776041025,16.879411343305595,30.277521335067377
4.318466327509157,293.5035260796112,16.047741225977063,30.969691199392855
11.289734050264087,301.55643122360095,16.029391419928487,30.218656589870193
7.6243649354771605,298.7603191143662,16.13047221865054,30.82912359239947
1.7443967927911146,299.9936150125879,16.412805326619665,30.369270000852282
6.423791048686098,303.04488508224745,16.25265777564981,29.549320568776352
6.432598355502952,305.5352348036289,17.307683005285277,28.75696304082055
11.46297728266989,297.3309240449439,16.560574177206018,28.986146803358395
5.83611047162082,293.9487728338913,16.34538461263909,28.912687100975518
0.3522401735599203,293.96469453267304,16.090516378072294,29.254704952508234
6.658165030884675,294.55904201434385,16.921674014216578,28.567046489643985
0.9596560157128167,291.5387123912042,16.770978342088355,28.94850668581114
7.997589134952477,298.16316196361663,16.129049875263377,30.000965892874092
2.21498546384656,294.919052560698,16.20809074154478,29.981568877300276
5.012774669385863,297.1912984976271,15.71572407399566,30.910067167824593
0.7802537771823115,292.0378661440705,16.708150441489785,29.550125469934244
7.46167999085478,302.28791373227523,16.753171743856104,30.314377829361547
12.050470471627555,297.98067373831805,16.939092044799082,29.952244746159636
8.536413530083422,295.56348735742455,16.445003586387458,29.322429083847453
2.604093591970746,295.620778735914,16.490487213891235,29.38233607555685
1.1582578706411368,293.55117368264325,16.204465001619155,28.949067095248324
7.0692712357007395,308.38372959066675,17.67653291317876,29.599238907442952
2.2618606826786305,313.52543896281077,16.044161967323312,28.11655312653295
0.18783867833056078,312.1655481157061,16.877877639539076,27.127971072010155
5.410845238858727,311.3698588808364,15.954993926875026,27.57630482155929
9.90245488862378,314.49597292317776,15.843656608969155,27.26321287718747
10.652738784706017,313.41197351514006,15.63213925053229,27.300172148864476
5.137266774402001,310.8698173378453,15.568023350744927,26.750374384477936
0.020140389664788927,311.716655963282,15.526339359747006,25.9831175619733
0.7537926769531929,313.6646169332057,15.32592664714787,26.07126131180371
5.004745737179903,313.4534016482977,15.54146178238408,25.690858422545205
11.256962186157738,309.90549370205457,15.600945835850156,26.481622333156906
5.783006179741102,307.5070882158635,15.778092239609295,25.47898480848926
1.0587939369137782,308.1806875459175,14.904394811828995,24.843643327619134
7.411703866050111,314.8631027320746,14.83702160459358,25.121394895312392
5.613433571514324,313.36001613322196,15.706966775920453,24.851442092401157
2.2760573998597806,311.08751050867477,15.716063081257658,25.110520043672523
2.8839979171089425,315.9897872398135,15.210252540159317,25.466155546321147
0.6737525410872678,315.81672441463115,13.572597155913908,28.01620649238339
0.7553890759263364,312.59953660053833,14.564374403776242,24.78278860664733
3.1978321915439327,314.8452603472639,14.490991417349194,24.885681885492545
3.7685869783210464,317.2868621571089,14.459372347494863,24.43574431646755
0.7957305111978883,317.7715054119388,13.70429812466243,24.951714678159135
2.831116739889393,317.5836199439816,14.340523081195183,23.824190064434333
8.899149538029885,313.56280505182235,14.037997269647683,26.02764087756242
7.207195063129284,312.4880524136862,14.531731483451317,24.97128799429538
9.582792765391641,314.8630372820969,14.288095143784634,25.26797461216438
13.54381360954111,315.2821737919514,14.490833513890445,24.697779499596038
8.534380079121652,312.8309093887227,14.419469554370623,25.468456482305783
3.3249900227392057,313.8350945104154,14.573508484815635,25.438720384985686
9.126261349686702,313.8401208691894,14.783781170802515,25.927709592520387
15.453387247770141,317.67473402368853,14.10026893176235,24.22882362381347
10.44564550624261,314.8154436460052,13.952900474790244,24.605313430554986
12.425145969278551,313.3544639872266,14.564537745468174,26.426904334921346
7.32419849437926,314.36554837596714,14.691559401355015,25.23029218268823
13.65841545299375,314.1652842445043,13.83361645322676,26.255504527551125
17.171569525711604,314.4961610367593,14.970380522202689,25.19804571337403
12.13589296604993,314.64493667747865,14.88798654550143,25.243338193018417
18.33242408559957,317.52855343987403,14.474270987723884,25.667841333928095
15.076610419508262,315.58786493261584,14.553007299025866,24.554147611150142
9.737565798232275,315.9452687217685,14.79452050440278,23.993339793844427
13.963238572560323,318.9215989025606,14.390697813494343,23.38396496527048
16.061008332648196,318.8804713855932,14.667954112774286,22.958355712019284
11.295314730814034,316.8233007554975,14.294648355322636,23.35707732016658
6.357333125968271,317.7648719687477,14.214430315957468,23.331119602469414
10.519081782792554,317.5167743124349,13.894117587921336,23.829695886590287
11.059819372582524,316.7425179771099,13.741059387767564,22.895184491370003
6.195021888317924,314.6469165906692,13.648846516216118,23.658593783294805
1.2595414559935847,315.3917946186589,13.81882764415964,23.366645996306488
2.017692536062352,317.41180840379286,13.319096880700283,22.552584639492807
7.575810434900184,317.892711715739,13.303596430056515,22.92037740307603
2.6476511513055847,315.9215227670202,13.727560149558784,22.801966214089475
6.819039737486329,318.72096659468184,13.088436383434964,22.92299489920481
2.153321879719213,316.5067450245224,12.973667045092904,23.262182615793336
0.6073231633938612,310.98774015267804,13.796210520950016,24.769509253541514
6.134719882930539,312.2932626428693,13.730234837231734,22.67392195519028
1.6021727224787883,312.8884811370442,13.585825972889648,22.48598053869648
0.8044489800114718,311.08058468976253,12.81349983119783,22.791608003046747
5.894725293565795,307.81318481339474,13.657022357306733,23.327296339653458
3.382874405391603,309.07703073505655,13.09546766128312,22.52792116608481
2.178405649007564,307.6775686058677,13.029073800039663,23.07101394387132
1.2032686892275706,299.0398226786499,12.529650363675955,25.412354158313065
4.939310309539394,294.09146480736456,12.756480278131846,22.875038880775378
1.7044200167129304,294.58408650927254,13.499661470652327,23.79757827747767
2.2210205220294306,296.1722344313007,13.349724515818318,23.88187624770535
5.887624643027911,302.1228094802352,13.560765016014129,22.288523511954963
11.450068907688632,304.85008828026037,13.258958257236486,22.230267117236053
15.330187636659115,307.1908717987088,13.121800010728172,22.89611758895387
12.571517267493938,305.7163067873129,12.836769041735014,22.299364896803354
15.945189435192951,310.3738717355309,13.50205917062745,24.20937194145688
13.165940404019835,312.02908383836825,13.298412738057277,22.356747535077545
8.649315053927683,312.438566526754,13.33261198801598,22.67279575268759
4.1894825148531645,312.9054735030579,13.203766198749111,22.424414971998203
7.896308284043943,312.4419908109911,13.258659292829527,23.02427483163541
3.5550585393217613,310.24253829255673,12.99027503339647,23.211252915856164
6.958892556838805,313.33294949824494,13.604544850343842,22.183558928126104
4.771273732174016,313.7169791632879,12.49991493898763,23.406587401665888
6.515094938232159,316.3324699056533,13.163665076733988,22.484123383084352
12.207450243828832,316.0264266329456,12.77174219603929,22.94312739120818
7.248467172765231,313.8737610751507,13.658942695658652,21.944133329337205
12.934155786560433,316.86679701799426,13.12836117726774,21.87865666842356
