657.0,257.0,10.0,9.0
656.8557123821229,257.3591167451814,10.16180660808459,9.154266421683133
657.153988382624,257.2617871101429,10.110503284608967,9.190243677795706
656.4365941852972,257.0672129101861,10.064617614858435,9.144558040046604
656.6423240656668,257.065846212599,10.031982595144427,9.179225009816605
655.9702691825768,257.0244998864082,10.065539630255671,8.992836757279179
656.133271473403,257.6547748132497,10.319206242232212,9.418088848141679
655.7332659223928,257.3996615086258,10.05260287680926,9.237958175873189
655.9963319595746,257.3037417717061,9.97824943986177,9.346837971887226
655.3813382402627,257.1333187713624,9.97028854925486,9.238212445740714
655.6733244989559,257.19874146172066,9.91294173236156,9.212376814762706
655.1688354342436,257.1057070524864,9.82188609337868,9.083437197036801
655.5032356791443,257.79711587473344,10.073711328911827,9.390129440159058
655.7691191901407,257.79196806221654,10.040518278759691,9.258113822361281
655.3230887066468,257.71574365875233,9.792922700861709,9.009630385368268
655.6157983780672,258.4388602681254,10.058297569163074,9.222740515083274
655.9331947942728,258.3801253565915,9.986281275478632,9.135617567446275
656.1654734996966,258.3672219547276,10.044544409906848,9.128530184074293
655.7199867192112,258.1474693064991,9.743583081824,9.061459865772065
656.126134442542,258.1977282988277,9.840795439563635,9.053967354701797
656.4999697715823,258.9457417171218,10.004894565692894,9.175004126918907
656.8727111710589,258.8852099423627,9.963789473589486,9.077915562231908
656.4163101713457,258.7401218693376,9.777077481966785,8.93008585910593
656.8789414534219,259.49432366532096,9.687167315687702,9.099985661699748
657.1376705382377,259.40159721387477,9.69089487792985,9.134794115928798
656.7498490885187,259.24216858790476,9.275905726449196,9.01280493567208
656.9994485765359,260.1680634482186,9.452293950801163,8.915381391523226
657.2842728658023,260.10317879439816,9.415384845789617,8.947708961739806
656.8563978497086,259.95306943921037,8.938732307135751,8.815351859070688
657.0129930393532,260.8483449569352,9.268334455888862,8.710744976682975
656.5288342515823,260.60269190078606,8.834431732511803,8.65384487121986
656.6952971394949,260.7063029897181,9.072623497448149,8.517045942485424
656.2993978043266,260.6086839416337,8.70420234223775,8.390648770518567
656.5970508991471,261.39309059563533,8.794439660666853,8.514650097227786
656.1163969922891,261.0753966927819,8.716021110072234,8.556826630722071
655.6270852502571,260.9875375740809,8.67718699918396,8.34579939138888
656.1533741474323,261.74792522485706,8.509078118959224,8.447744041996827
656.3843764679003,261.633650310553,8.669580920147496,8.50204138482502
655.9474292214934,261.4580131007955,8.488646254117043,8.429859775653313
656.5206470275523,261.526643501077,8.255856291202008,8.336056777482042
656.7379586025,262.3674625814531,8.621771141301792,8.254251601832607
656.9763035847011,262.3031716692109,8.725862565552461,8.292075300278611
656.60241920414,262.0815793473622,8.549161093452426,8.235793501562796
657.3439714532237,262.1542920226673,8.30121501746703,8.152255937635061
657.7088983514934,262.2115966587513,8.323175082992975,8.171832997637978
658.1023696427073,262.34333957453794,8.346347822664029,8.062033350928232
658.3984614483892,262.41492536835534,8.415357948225278,8.049913993393204
658.751199634437,262.50020445878704,8.40257568766765,8.044021021048422
658.8776365670085,263.27235150082925,8.812014677869115,8.177041090585362
659.2425537948866,263.19301175950545,8.684499206964347,8.268768180225834
658.9097123062184,262.9735999302229,8.468274838526213,8.308725660999585
659.1264592916941,263.8162690011113,8.748634755039348,8.338143202576248
658.7624687644366,263.5190287862142,8.670453255892767,8.426612251134657
659.4389242033267,263.4245234478244,8.423622870705799,8.437020188080623
659.5485468534739,264.3335167390315,8.79567158890302,8.406513677557541
659.8938155846045,264.22359836804765,8.684003443776419,8.499813805370309
659.3944523907765,263.90215909600647,8.832551199301292,8.57655639923081
659.9451112673637,263.8780247130676,8.524104127754526,8.492433752961915
660.1204889510673,264.76867230119376,8.850612603486752,8.5462521975669
659.584145983927,264.4335683915597,9.065491132483544,8.648073819660283
660.1165013011384,264.35354224125604,8.930363661426554,8.603802860944143
660.3415318953923,265.2867091397574,9.255431772919565,8.592454801832275
660.0668998906012,263.9961013451151,8.771300007264017,8.579841959974999
660.2604439824458,264.8611509572902,9.180524801222418,8.688317006676698
659.8479408342428,264.51160571768344,9.024604068713415,8.690000546617966
660.2543135303589,264.4494352163799,8.930229514396046,8.664574331367703
659.8130390045371,264.19846118005967,8.813871098896925,8.592791780052949
660.0358189392336,265.06078443078763,9.130037595812155,8.684363311939933
659.6937345946471,263.917323476207,8.522023159997843,8.46288691412849
659.7472116762999,264.8100544414249,8.995840099563566,8.553334573047664
659.2421673137887,264.5097296811074,8.630976620482897,8.556352731284278
658.7742798920162,264.35508964079634,8.418946711640274,8.330922554864117
658.2729755233754,264.20451564352055,8.346918136650174,8.207034145113198
658.73604564383,265.0062997578905,8.372197204408167,8.353967059976071
658.3139559752788,264.7509517604485,8.047596027674672,8.32684913158539
658.2677292057974,266.68927118659917,8.971448256654185,8.271555911154849
658.091726724685,265.38847398773424,8.18248044043321,8.39162745468741
658.1400271872253,266.48249940938877,8.763332009339138,8.228396000750422
657.6187979607878,266.3328173111026,8.70809621039075,8.201101824779755
657.8417774170948,267.17069180864644,9.00399008798729,8.10106672300924
657.0603957242581,266.841666288239,9.125882902962076,8.11293540073865
656.4647365236032,266.48633075028863,9.11089842681406,8.212769694927658
655.9559750681535,266.13433659692873,9.071413639151501,8.267012659705188
655.4434281284864,265.8862639162469,9.04599794313549,8.189415741886478
654.8738489666989,265.6612871649704,9.037945473812897,8.078514705534758
654.2729613628762,265.3675573482905,8.904059472858307,8.206745168231294
653.5311791105564,265.08693491916324,9.129757082187325,8.26041835278886
652.8291717985891,264.86188859407486,8.975738555080284,8.299930159077292
652.0187667965437,264.6059023890043,9.100153754637404,8.30935091085837
651.271622070075,264.34817239961137,9.041267442898516,8.336403639348589
649.3331017515684,264.01257785336225,9.465845874900083,8.219366351876715
648.8146345033032,263.6352494171673,9.140485895926076,8.399125104699749
647.9326454625561,263.46611008970314,9.37251728101569,8.215205064947725
647.1588877294969,263.1516439860259,9.373329909906147,8.30335518416365
645.2490447942273,262.70228848377735,9.706665188954275,8.272143827728655
643.4584011706118,262.1649274433456,9.750151236751208,8.383131961387676
643.3107503384426,260.6418434488363,8.775933160663044,8.812549111746307
642.5446986983789,260.4718027967908,8.923673484847313,8.695654081737757
640.1719563447605,261.2754921713061,9.990456730474762,8.306116676752424
639.8903484013881,259.6613891474849,9.180640835436407,8.881337007970956
637.569669581811,260.5079616981218,10.158386258914334,8.354673231816605
637.3428173792869,259.0103003291196,9.162845975686992,8.769277446638455
635.4866763191658,258.57099701807135,9.328136305593944,8.758046246287051
634.8304747916641,258.2686956911016,9.246979160064143,8.864798170213362
633.8312055686238,259.0645903742834,9.661830031529917,8.783297054715888
632.2147046637258,257.5470757752444,9.22620801904975,8.804819338044467
631.3485779715614,258.4120478467744,9.579679283285259,8.691067557533756
629.7586595751927,256.8029117134478,9.127836732968717,8.836432292155564
628.8139390115061,257.65015016412735,9.611903917134214,8.738417498860997
627.2108586498789,256.05187291799047,9.166045782613423,8.842539879835442
626.4853537769375,255.83284846808237,9.10284576601316,8.81407553970621
625.5273774434785,256.71276400869203,9.597023426849546,8.718904850505226
624.0592022770636,254.103291881109,8.783335113087105,8.903221460146653
623.4136344426697,253.97886135707984,8.702861271747679,8.752625320355378
622.3896990905419,254.82126852248416,9.322291781728836,8.451782602095363
621.7636870634146,254.5697679211729,9.184018403672553,8.41346034849198
621.0227805511457,254.3086335379104,9.178636629102925,8.340538700743878
619.4155875293368,252.60939701031805,8.787047074292786,8.793779827116396
618.917448836482,252.48912748474714,8.524461253161917,8.51438862504557
618.2828878292303,252.16129387115114,8.57318992700948,8.590829336925651
617.3985516325256,253.11225871595457,9.026206986684542,8.150291248890653
616.9178908718453,251.65278201012165,8.577668890892596,8.517600336734859
616.4387200580959,251.34088208492457,8.37945562700088,8.519053144853586
615.8916282406153,251.15547156476418,8.252705686358922,8.370750119995023
615.3667493292978,250.8753749720124,8.150508589586025,8.390810826483204
614.7664064849596,250.67664603759476,8.13943213543098,8.287889173307349
614.2456226475679,250.40075524805624,8.13112286652995,8.230967052863747
613.7074953774716,250.14015583029266,8.032278846807458,8.28420685063793
613.9749701461244,251.1132630274792,8.369467488722876,8.113217229322117
613.63786225376,249.99701635138595,7.880563300718904,8.110470575625442
613.75955359257,250.88846677779645,8.350003446287019,8.100757365550521
613.3900706949289,250.587243143654,8.063546582990966,8.090993422618283
613.6417716416075,250.53907718178243,8.242570022820587,8.100649814726694
613.2969583342219,250.30312696572503,7.891468467582399,8.057776412263593
612.8010308219698,250.19955446746974,7.899625581297528,7.879345405087179
612.3629276888864,250.12296443843627,7.891377098405201,7.638560637199248
612.582218044614,250.81386373123848,8.113324275443006,7.970726698710735
611.9289586961695,250.6373328854014,8.02937027290045,7.938631415564373
611.547625868676,250.5431624166535,7.742039884826681,7.687743599038356
611.099877838838,250.46956678734932,7.679570400723378,7.430769608549099
610.675148255126,250.37194233749358,7.684545992076778,7.242394564148981
610.347359123265,250.37903722385164,7.574458278753809,6.985116535865927
610.8205012440449,251.0342979955723,7.504819238965865,7.34507289712397
610.5186689340994,250.34360146746775,7.302496831889584,6.802258485453592
610.1523778343571,250.34957825891456,7.309506907545256,6.674990608884741
610.5306126791703,251.08039008900482,7.323310943618594,6.939628780934356
610.2470404336359,250.984163520854,7.2386276290447995,6.823759096732886
609.9278462441989,250.9864893459812,7.236489190348152,6.588147583632605
610.4540500269535,251.12504057758372,7.031132622736436,6.456912227751047
610.1093371833413,251.1232604417228,7.006837974340897,6.377201595576281
609.7983970135226,251.12501536510618,7.0291357756242405,6.3143501784279294
610.1466027582043,251.75956114887254,7.137061075429642,6.610399253775029
609.9778295726285,251.6036362895381,7.000306208476559,6.586229308925397
609.7232711578399,251.50427525850046,6.973280592893161,6.514267232308498
609.4254645824388,251.44797425316074,6.991687179118685,6.430745224783948
609.1585516074982,251.32262144990466,6.98070288838278,6.438357155497556
609.5282665120594,251.3901923231486,7.048605056600081,6.382980024820881
609.3066308759873,251.27291420649087,6.9666578964696555,6.382583652736656
609.7155830432821,251.32887583246662,6.935317714643929,6.345616173334804
609.4302570166126,251.1970930606892,6.7839792072745695,6.379306813368828
609.669670558347,251.28732588541018,6.947274374501376,6.278940424073625
609.324090288356,251.14734958628435,6.830339791982851,6.3069234267624665
609.578486647594,251.24016215170434,6.9251622669874,6.171170916900223
609.3733341878574,250.5623439317792,6.583604101344008,6.001167669662664
609.6042362162683,250.73840206193472,6.765629058887612,5.8965369914568555
609.2293967707727,250.69786693316382,6.667789946017024,5.932653767086094
609.0173353838777,250.6756143113533,6.536054525124996,5.923512740355619
608.827189099022,250.68308505360778,6.524168269501615,5.8716550061039925
609.1600820966967,250.89219249271684,6.586759709835292,5.7078226776424685
609.0129155035028,250.83291018208735,6.329998586127999,5.7882005457527725
608.7227222640513,250.90904306994543,6.357914231365157,5.6761383175344235
609.1233985615471,251.06223194546126,6.35700157212807,5.6240623720682095
609.0080982223042,251.0700124717073,6.056303020037035,5.644590226350374
608.8248860229783,251.6361712587468,6.054100980296084,5.819695053297096
609.1775429889069,251.85729119757497,6.090559841155255,5.655077434428506
608.9720055345813,251.98681731939828,5.903087840749549,5.531828314175613
608.7862222525105,252.55556117986265,5.958407115437467,5.697441176871735
609.1500470077794,252.7485977271239,6.011863659983192,5.5699532468841255
608.9732183593421,252.695173738711,5.8757553547198995,5.631882708612636
608.7788706048304,252.66492859886495,5.833884556669545,5.662267408182402
608.4259120843815,252.71906232974231,5.996631752828989,5.6295205617954025
608.8997262364959,253.48836045783958,5.906938895379767,5.648110280604669
608.6476958290015,253.43765215087706,5.937393056770929,5.6336787109057695
608.3861900411357,253.44024879638124,5.8090105015130575,5.655933723720807
608.8735709955054,254.23619420852302,5.693039992819422,5.6332950991548785
608.465111595196,254.34503316152706,5.735849889426845,5.534989228757638
608.1137876426519,254.35727411952956,5.773030061951431,5.568472918878399
607.7739946132215,254.42277315527534,5.753205155643627,5.540513729497178
607.5233387100928,254.47916821453384,5.7096535505837664,5.44902970972646
607.28304135703,254.52104251863122,5.768605634388223,5.3855523160273435
607.1156957827798,254.51535003430516,5.684403505078308,5.388013111990034
606.7886964790926,253.95019393844268,5.657522215823519,5.271328014392168
606.5077892786062,253.8965915899071,5.629299909880956,5.365595522793882
605.506331643057,252.6377696403343,5.633104390615927,5.218302293032281
605.3355934171377,252.57999614927132,5.6359399766988645,5.28234160678096
605.0843476034561,251.93148287670638,5.5603719500004445,5.28520349738821
604.7740688602921,251.3159320279452,5.566732253792679,5.26150152765436
603.8582465952329,250.55526078405728,5.629069982008787,5.276642573741128
603.6830993811532,249.90620473987767,5.663706392277618,5.259405897897011
603.553207321354,249.2871775776368,5.554582905202778,5.226630733081407
603.2809865829204,248.7452600727861,5.583907473656041,5.116033020818037
603.0007864801669,248.09396075193004,5.5448272261110105,5.16732587890985
602.788966067601,247.44955824940484,5.543146106268978,5.195032249150074
602.5449873836113,246.28764756984788,5.472677934036142,5.133920090476522
602.2560980876591,245.64814860473123,5.650231255244648,5.194262553534514
602.6899905850547,245.133698353309,5.518148232288127,5.25242481916257
603.071316555039,244.66414316249586,5.532954134392412,5.2346812208134
602.876039675497,243.98985120334788,5.582053754653316,5.284363844594736
602.6847574388356,243.34667260304684,5.591897915198501,5.299070353699278
603.1075271186919,242.91464042072383,5.536170011225977,5.256175294218593
602.8402264820264,242.27242598285073,5.645919120101439,5.27806159745262
602.6173217494612,241.64243215605177,5.638576209344137,5.30408996026739
603.0976219934007,241.75259658726964,5.662010793719901,5.298328118069776
603.5227127832766,241.8941435915066,5.655051163976282,5.232544665015695
603.2180778683709,241.34094930390626,5.647380586567692,5.268695355702846
603.6267432163501,241.55195317906114,5.635400104128962,5.221047615978222
603.397972093057,241.536814640584,5.6758195367388,5.238390119388896
603.8317052029294,241.66634323242903,5.647505850956691,5.228711685127166
603.5410304089703,241.10447469780996,5.677467916644446,5.249448859803181
604.0201464694518,241.79916378367415,5.6894689933052405,5.279862292990117
603.7621956450613,241.26767074917007,5.638091484570168,5.24436495485304
604.1319202680156,241.42309139532938,5.669488033626749,5.302682247619543
604.4737608778005,241.56006407691098,5.738943954052047,5.330177430017784
605.0009137616526,241.67519397532124,5.5745042937720655,5.33252569466481
604.6990080065276,241.67487946911655,5.745493447983449,5.292026998388167
605.1826473434417,241.76217036621586,5.6821355594103125,5.3136728921401755
605.5930677049716,241.90642753101548,5.700180796084396,5.268639069352332
605.9867052228299,242.06298724270664,5.673173446789292,5.289836590136417
605.7629339899994,242.01428814891676,5.688787062448796,5.3661899936456905
606.244850647329,242.16814763829086,5.685094214095102,5.333162876917299
606.6489832645317,242.38020742602103,5.7206016070534815,5.28130959079013
607.0250880937231,242.54601348919715,5.678478301836549,5.328795383260427
606.7536563490476,242.5521274185739,5.715714563798429,5.375180818848207
607.1485941362876,242.73966353938712,5.72761029215917,5.349304440544728
606.8499333790298,242.73433356858646,5.847834723508413,5.349678094900753
607.3173176673382,242.93009116540497,5.765988546554581,5.304532335687838
607.7820326690271,243.62401349975903,5.764525835611494,5.4717180758868835
607.5331821363508,243.61681691464835,5.816945327951203,5.467120562911845
608.6329359030806,245.1787237496917,5.948223787074312,5.35653279305933
608.4685588890077,245.16782927204622,5.910703213640318,5.349752299394822
608.2849667010578,245.15829214310887,5.849738252288034,5.3829307821402494
607.9636968565803,244.5084265844708,5.8507881058312705,5.466435484177509
607.6594954449738,244.57462581941442,5.886695085012434,5.437018979770812
608.2163569472273,245.31876552781432,5.8089080420802475,5.458831147015644
608.6121517156466,245.45376233344805,5.765547710255987,5.483765836927375
608.3669971152622,245.39220185569732,5.754712648897566,5.570049926174846
608.0802856946952,245.38289382054518,5.822728505262262,5.564899105986569
608.5041520219571,245.55844578677232,5.800737544420031,5.496696038333596
608.9752953816173,246.3052332521246,5.844661032845238,5.485517473798154
608.7320994721051,246.2400848464699,5.870829256446996,5.546685856053131
609.1878904502786,246.35560238115153,5.8169423901680375,5.568742244463465
609.6150418098498,247.1220654735364,5.922641739641222,5.5359780262435265
610.0589109393062,247.23126313142535,5.913238284557565,5.581753953667828
610.4010185671905,247.40835712388383,6.006648638921206,5.554738152404354
610.1534230784068,247.4153212329884,6.000277526378682,5.5470516971947745
611.242242507963,248.336972609093,6.08683206687283,5.526637682774862
610.9715509874669,247.7398494770007,5.967812129623098,5.517301064493893
611.4283868013744,248.44265857739998,6.04319355608061,5.565780513222904
611.9471933376034,248.50016845016998,5.936568630966576,5.611630333355947
611.6111605305234,247.8955203039519,5.977977864084323,5.546786990860255
612.0641082099679,248.0126606268325,5.968501362742359,5.585672941815773
612.4902345373548,248.1057819854641,6.045880882491247,5.634615390718864
612.9676200610679,248.2148565617291,6.094529235870141,5.627156935234325
613.4247732599886,248.30678568735772,6.0404507568421195,5.6831520171294585
613.1081523149468,247.63078710611722,6.08190107594703,5.677401848309813
613.5509740192774,247.7590179497089,5.991890062655784,5.696543691241914
613.9886078545895,247.84316080979147,6.074936183602517,5.710322434051136
614.4546307593582,247.92183490964203,6.0762703412826795,5.702305231877574
614.9154165937604,247.99293973482867,6.06894354513031,5.7205273595465655
614.5671358770289,247.28651924856504,6.213009052417647,5.670855814793271
615.1342811949808,247.30668126382386,6.086724079833402,5.750778957846137
615.5566001659572,247.36459992564505,6.19093980111677,5.763747909122117
616.015686474044,246.88655779200892,6.0617675890356395,5.635041404618761
616.3688635428863,246.8956798732794,6.178719995838833,5.772524658224768
616.0615311964469,246.25625148945136,6.18510952155475,5.636944876799021
616.5244255624602,246.27207732045946,6.16959750241449,5.764012364362969
616.9850947731013,246.3103091166479,6.202649247687759,5.806029263581536
616.7074463248337,245.57653698212897,6.170773858017924,5.7815622730236385
617.1370183559953,245.6415900265004,6.220283770320179,5.808277216155631
617.564653642846,245.69978421769406,6.297080219875397,5.844315957188485
617.2611016770045,245.0285035969815,6.23707596998338,5.783036855919789
617.6177391649703,245.12993242180985,6.3167293837123,5.817614641419084
617.9995545306957,245.193317266618,6.421436769910997,5.874203007926155
618.4196412053254,245.28270778552064,6.311336891857309,5.905983481496264
618.0107033721634,244.64992355206314,6.424426230163931,5.798392628364439
618.4636658753507,244.6748750549799,6.318274506435955,5.91089906376385
618.7700642263776,244.74483571402578,6.422046480948211,5.968347692338398
618.4616864428364,244.04997521518567,6.4002462894676455,5.878337488303117
618.8475299430477,244.10364139579673,6.511020570902247,5.9318109933316805
618.5005053949855,243.4004764710237,6.519680480455122,5.8689917932585445
618.8873238728304,243.3743548678984,6.65324814647272,6.019023475714903
619.240521396491,243.36216644408972,6.828074276050302,6.102722707096575
618.8747959939724,242.6812297631182,6.795808688231546,5.914269976092612
619.2403071541703,242.70636233055953,6.774105625468337,6.026290449080221
618.7999519618493,242.55173430065082,6.928260495276049,6.140510350078102
618.4377132659059,242.44756728764338,6.933547199197733,6.160262535174212
618.0484639810684,242.32334701299158,7.000365352200788,6.209987360845446
617.6771856135113,242.20952814876614,7.04441561864428,6.24321936690535
617.3019476899065,242.0593822871035,7.125214700400647,6.302737964963143
616.8954293348011,241.98116429897794,7.181688814443987,6.257105454849295
616.5045699031157,241.90287607406333,7.164284407012019,6.255828767974833
616.0725061399511,241.82814659091252,7.218800980507353,6.267718972994203
615.6825953122169,241.71690595913321,7.161730641074428,6.331863766443462
615.216210550699,241.74870335193623,7.18286843332919,6.223229799944875
613.8582896143934,241.53531976552097,7.364565546180984,6.242659498206564
613.4203433119255,241.60078713320524,7.264910408096057,6.1346443388075045
612.9353416476326,241.57699825013285,7.3108796993989245,6.173204005861038
612.3825162228418,242.05606651552068,7.5668704121465,6.483305400296757
611.8955982533066,241.90464546771483,7.54702205477804,6.511878823667473
611.4301113826305,241.81209045535604,7.532231371627631,6.47872492116943
611.0351510113751,241.73461560722808,7.261334143054228,6.4663546281943525
610.5244997819318,241.7238992606451,7.290283287875354,6.393458813279892
610.0304692649204,242.30667164011095,7.521531459603921,6.546426913481696
608.588259983067,241.53942996700795,7.626017241759314,6.151574566500813
609.1092039174847,242.3474198576599,7.348344678174499,6.357254026352081
607.6894696545834,242.36338266752614,7.405928347517033,6.099070354922787
607.2370733849473,242.40343902352026,7.380677138311967,6.040529420784935
606.8782733222217,242.4268480307856,7.212102062532608,6.017668018115074
606.4340775937452,242.46478876389483,7.157266965224267,5.972721725609517
605.959978220294,242.49168207229502,7.237641390013323,5.917671399558259
605.5569880222804,242.48141617607382,7.1291065556835065,5.934096598363965
604.3546188701491,242.39771122159857,7.037331388615939,5.848537759921328
604.7328906888724,243.08968909078135,7.110784086000422,6.09392009598713
604.3407974621277,243.14918032216093,6.965781752367548,5.9798470120155685
603.0339791494835,243.04038443236368,7.128658868521143,5.901906854867889
603.5657728497865,243.79934180717038,6.920500136285682,6.08761182821479
603.1172174063252,243.853493651748,6.956167873954541,5.974690396430958
602.7003663641806,243.89671304047314,6.85824211950785,5.943704169219274
602.2293198439162,244.44247734709205,7.09740478883316,6.144109183285593
601.872418982812,244.48854157376618,6.974017371047125,5.999903184413284
601.4849451747232,245.12593681612282,7.064107402346053,6.094563769431204
601.1419499259209,245.15799681558565,6.938197811133477,5.994053695438197
600.7515118581266,245.27384204557137,6.896409405591726,5.852247530673111
600.3156999114062,245.79154110040668,7.024605320881619,6.119743793912789
599.94893528056,245.86470818664728,6.944654463889378,5.956645130448891
599.5443069175307,246.5109647181103,6.844063416589165,6.110012410817546
599.0750089571203,247.17307588556375,6.954729159622843,6.1402027080295625
597.7546150518563,247.12396739081504,7.15476621386324,5.930496217248731
598.2950481129743,247.9499943684811,6.930631747976236,5.993644093760054
597.8491741335479,248.58214684035153,7.069644562988515,6.104771766991064
597.5822416692354,249.2334407052407,6.856675951047009,6.168831772266401
597.2045475800043,249.83235038495445,6.922076856982244,6.24319973567475
596.7796746952467,249.91935680194422,6.9198795137901925,6.057178038804523
596.3658391819893,250.57143080008404,6.9552447328924245,6.161423678046276
595.9342343206113,251.30810474097441,7.075304444613266,6.123464079043316
595.6377948878319,252.62929635493978,6.986409294280747,6.318636429763529
595.2673727062249,253.27197951366927,6.992049050530795,6.304178858042491
594.8659199116371,254.0161592754452,7.026338870948848,6.235028915029773
594.45203894615,254.7291489796765,7.038424399553037,6.242511301467175
593.1013544093084,255.25734562397042,7.234620383399488,6.283786268967674
591.7778245451136,255.8446300356116,7.363106238928708,6.219631750081817
592.3955036595715,257.38580192005503,7.092210018631363,6.325672266154186
591.0517122896165,257.9019610429957,7.304513539683967,6.361270867279586
590.6369980945867,258.8256085494097,7.248047345654754,6.102740984465697
589.3527624040911,259.55773365558116,7.265066291257881,6.008673915872578
588.0549578035507,260.7472335590835,7.349111241555875,6.316331402968558
587.6873436741657,262.0952544352949,7.30850659602379,6.46229968729449
588.2341941901411,264.4872675137781,7.140540475228363,6.485093745043287
587.8471716562203,265.9017625913093,7.172417125440688,6.585825022821382
586.5610542079003,266.5339050203631,7.287124906844724,6.429095936920191
586.1342735487328,267.991084825168,7.312546295813945,6.5073028714579095
584.7514331258781,268.73556302957644,7.417629953078517,6.291183874605224
584.3496776437173,270.1415553567837,7.460102955127468,6.4650532530240525
584.9077820340553,271.7621826687717,7.183180285534036,6.518719605012961
584.4994377899727,272.749400588209,7.177459769098732,6.21586911855502
584.0296926385244,274.86795725827096,7.343687184921578,6.519624952740173
583.6351495080647,276.3315035901171,7.326676503057911,6.556084283298276
583.238432001569,277.83367797918544,7.310374081068858,6.529234789874238
582.8138544339449,279.48817839785625,7.282355035383716,6.3361106659967845
582.3501647953267,280.9811509590869,7.397135929943488,6.377313837718134
581.9230258716052,282.6404617744109,7.380280502928599,6.239399589079937
581.4798956036511,284.21756725528826,7.469482827208594,6.232423727172204
581.962844810547,285.7574200816683,7.389191706335055,6.403933502472057
581.4904646202247,286.5052800764051,7.404398783835177,6.3594068588024015
581.0625687383144,287.36556088794384,7.348127319779451,6.19756306307778
580.6134069274376,288.10927236509997,7.368083671517979,6.246294455303996
580.1902032526356,288.6672970608812,7.437338489951344,6.436475993280965
580.7011827804236,288.88443026144773,7.247240817947386,6.21970401634195
581.149464564988,289.57189193573595,7.234619838451977,6.4368467148965465
580.6117788673048,289.5102886362074,7.451683281956889,6.366863967618542
580.1383666850908,289.38464054832394,7.537141797945992,6.3947536678692245
581.5687555931354,290.1927084934484,7.428699574145867,6.546846510529463
581.1850378941504,289.3811710132259,7.343906736444183,6.44490599660071
581.5995020211922,289.4299635256276,7.37509527173097,6.4550977470752855
582.0169061355482,289.454248206738,7.393674250391086,6.471655357768043
582.4613387288937,289.3536682158574,7.478715182332962,6.592001716541745
583.0414880079252,288.75864607979577,7.2549598341825,6.331530122699519
583.4970645857769,288.7075399547666,7.391158727633183,6.435868005412885
584.0263152527672,288.05333073709323,7.3292070986389035,6.257729018074372
584.4923838651454,287.1963240819939,7.28091919884605,6.410841229402649
584.9083557043872,285.7165218595148,7.214217071532175,6.36268627447771
585.3403901442,284.95058150650254,7.305391161269085,6.367626298403138
585.7779773199857,284.0197148780839,7.4741571686791985,6.513925739484478
586.3043931940116,282.60645326823436,7.377804949239135,6.233780854439203
587.6424023338263,281.8627139813732,7.342187080697386,6.442898837508096
588.1113870472441,280.34569496959045,7.30653243788754,6.3216410626188235
588.5450228175905,278.928277054556,7.303512579819653,6.1187190664190325
589.087606502346,277.4236174550597,7.0975096515508085,6.151883510567302
590.3675340223353,276.60973879755653,7.259721262333414,6.42576262756495
590.8376638135019,275.0817839617723,7.166023224484206,6.357662831301866
591.2240685121882,273.3917121504903,7.457869526017248,6.453095693954083
592.6926517536522,272.62542018367833,7.351323241506179,6.553495851522655
593.1647015387712,271.044998091269,7.432996089186986,6.495485935166528
594.6166573056161,270.3174452445981,7.26261468021039,6.611102203719838
596.0582008090803,269.66828845333737,6.967711133324656,6.634126668066301
595.4477133413783,267.9930108341347,7.431199350461611,6.515964329042561
596.0292567566844,267.86639558713205,7.351745812326499,6.6625495713924465
596.5752245299306,267.1661076234408,7.1555500353359776,6.5506206191546426
596.0704265357259,266.2343765296936,7.379837892529395,6.551887420046114
595.5546546117323,265.2861578920679,7.565722032815643,6.574388135038134
596.0534649495418,264.49240349520676,7.399109492328648,6.606254758282489
595.4703379552407,263.6266483444876,7.683377334805641,6.50285509463248
595.9363441351697,263.59093833446525,7.774194827208703,6.58275020482381
596.5287860557916,263.47049482177226,7.629677654703187,6.764913536434051
597.1088710037316,263.40907344429314,7.463519971867981,6.851489352344231
597.6181711490779,262.5930771815007,7.248275667670214,6.84246945108498
597.0594444082687,261.695776494696,7.357460501815012,6.762037405228966
596.4610343334048,260.86204898643894,7.58711646633833,6.614532865163653
596.998326836017,260.90242194147004,7.4849832501435,6.622556743773316
597.5012698497322,260.871426428584,7.34776426696601,6.727524282157901
596.9301704461941,260.0700984735907,7.529240431607832,6.547871365629987
597.4465506216666,260.08399460548685,7.335313383671746,6.608801257891969
596.8850306796735,259.2968240065791,7.4809982414644765,6.462431732594666
597.3952828584085,259.3977633167722,7.349340402990151,6.44097083235431
596.9128099518867,259.2702791456072,7.5207355966832665,6.496006185819567
597.455695734952,259.2558784319903,7.312215960177468,6.571151821354704
595.9778554702192,258.3969596451275,7.504711992263196,6.3146299738198195
595.5371320727645,258.2908486069653,7.490548188766297,6.365458261161336
597.0190211169736,259.2702360402879,7.251263378033627,6.441620134925813
596.498621303167,259.19241786480256,7.358526682941374,6.457550053327452
596.9793007512021,259.95125011548686,7.298987521154231,6.584584679473835
596.4669205330332,259.938255504805,7.412002518983627,6.4695975737074605
597.0106916147092,260.8157085519466,7.179122272292716,6.490048515259787
596.5540666776187,261.4336736119801,7.371220046301232,6.565362343416496
596.1363668762801,261.58333134798784,7.325011526242292,6.243584275759304
595.6707964032084,262.2050808706723,7.427347319418004,6.434168082779252
596.2040789131373,263.10611798748914,7.198023771310204,6.4191061510341
595.7351595465416,263.7094402259702,7.344852405458369,6.560398075259172
596.2389214244065,264.53062354857286,7.193519701031619,6.576721929980749
595.700841407449,264.62720888605725,7.330668768900864,6.349082171187661
595.277192315241,265.380561689223,7.3679354544677835,6.363025918931839
594.8820110613988,265.99516855943443,7.365613936971954,6.502573805825364
595.3107859875074,266.80795798869985,7.3866647436416315,6.5222808454200845
595.8274605809604,267.6026840299176,7.2309675510433635,6.605949247811623
594.4111706046685,267.4728458252368,7.424410361108585,6.414639154427334
594.9074819783623,268.9688217174713,7.435272487581642,6.61661424173559
594.4929299009003,268.89952521848375,7.488158262397178,6.520929508938934
595.0124679702504,269.72872872570156,7.313646555541936,6.584232884038727
594.4970541158463,269.74121787294166,7.3764372557036495,6.4828795758841125
594.999006541042,270.517477187816,7.217513889531801,6.625002407445152
594.4913678976541,270.5139482072408,7.275046479762523,6.5127079416981815
595.0015646622753,271.25288316888225,7.090659339592548,6.697385282261337
593.4345725614328,270.336096215731,7.499182081552021,6.496395916896461
593.9148711003156,271.10871088468605,7.553017448732135,6.601400682994381
594.4414429009364,271.20857172977395,7.378344793989413,6.5362587844105065
593.8921244153016,271.16170317160976,7.605160126562623,6.491075922459515
594.4660063508338,271.86974732464415,7.496369336367707,6.668616072214945
595.0245923566889,271.89905539769154,7.299424910640937,6.637492643578298
594.4557763882011,271.0577185689302,7.460596038198446,6.52214947232693
594.9573967193522,271.7293739697358,7.543287156603924,6.703179955066673
595.4660195473139,271.69560360551856,7.586242990527921,6.674550934194201
596.0223200024516,271.74662442870783,7.377176273397481,6.619302293467626
595.4765657312112,270.9155151907835,7.584501785846669,6.473500039042847
596.0183767024307,271.03006406726587,7.436169717050916,6.419358704404942
596.53113256041,271.68481712576346,7.5004438245223355,6.678134236434801
597.0568888937279,271.7093741951564,7.373121653054682,6.64635430800837
596.5369513212993,270.92381102464265,7.530881256735938,6.445928070694777
598.0650596285287,271.7335384440387,7.261000020853089,6.70256878683864
597.5453549878736,270.91592661244954,7.427038619351265,6.5144496548659845
