384.0,268.0,11.0,13.0
384.0253213143442,268.735447589308,10.894392375601456,12.825974518433213
384.4545235283749,268.3162134837753,10.927661870652287,12.85836576270384
383.73412407279193,269.2454212825161,10.673709047529883,12.741413974791044
384.13551393681524,268.76809445994644,10.800490851466634,12.779353359227002
384.60843846981743,268.4018181074748,10.793715055964526,12.724691871319067
385.0806294897375,268.03981841914447,10.776152438328609,12.725201371939818
384.0,268.0,11.0,11.0
385.59392264715166,268.2643692714321,10.746880977111516,12.524378878459174
386.0757564548694,267.8108083984688,10.715418129292118,12.592926592998083
386.56046538462266,267.4129641179437,10.697024047538605,12.60549562391219
388.37278814335065,268.8098130841628,10.673059637403583,12.369326738114864
388.87061727739297,268.3219853910175,10.625707017496438,12.374221957888722
389.3608976229538,267.87160438876367,10.595574930114992,12.425046606705791
392.0,267.0,13.0,11.0
394.2021436440528,267.56343878496943,10.612504935238576,12.353436490500485
394.68936440062896,267.16160574248687,10.551978924772754,12.3777304655315
395.1750936351109,266.7957903737128,10.506984893936533,12.400567052624126
395.6581797411915,267.9811292193625,10.47021553079054,12.204122406573106
396.1619561531195,267.5435395207195,10.391205729289084,12.261462540856883
396.6492766944008,267.16555558153664,10.347164214844895,12.201053480034716
397.0,267.0,12.0,12.0
397.67054847427767,267.64606087661423,10.357754582949838,12.140137549407541
396.8751557498417,267.07619143126567,10.28328911742966,12.108627158795287
397.35374668940244,268.1853706420709,10.252162943061876,12.033357313802469
396.5494221872236,267.5556311763613,10.214229041617273,12.00047666232706
397.0251665493191,267.23150921202796,10.17428572622174,11.947267417799935
396.25314570884257,266.6872187796203,10.109921258762881,11.93989061609841
398.0,265.0,12.0,12.0
398.2228383252149,266.4517270751392,10.151255951055703,11.923158972482327
397.4196975292437,267.39175888402946,10.145214178492552,11.77017153127855
397.8975751242684,267.00160354906154,10.11317790623383,11.839366053077924
398.35621142569505,266.66140327877093,10.106123902759634,11.854250358032857
396.332376378707,265.92177483334564,10.025362456205528,11.810777741077288
395.54276043112174,266.8715755811038,10.00391675700888,11.72246775459331
405.0,266.0,10.0,11.0
404.46187756638744,266.44070845427973,9.941930806759956,11.749524377348394
404.9380851131191,267.5397868620247,9.910157089734867,11.58692895076399
405.440486013463,267.0908686052009,9.843091351490102,11.674732683940363
405.91701516400093,266.7420330345723,9.837878351144411,11.684487217626895
407.63775866547786,266.6106453102112,9.792972185792735,11.708899409313062
406.87176467485267,266.1326236760458,9.805636139308831,11.637478425657378
408.0,265.0,11.0,12.0
408.76900354406007,266.3717370355926,9.771337012122785,11.623536286516526
409.2557759061485,266.0536949002925,9.74756425820425,11.639887509305254
409.717995623605,267.1596673454477,9.745815881848785,11.537624403761697
410.1963140013053,266.7821163133372,9.71553348227502,11.557606438092648
410.6969341132616,266.45870381182704,9.673729223842429,11.512579457942024
411.1904078536452,266.15470783737806,9.658152170885728,11.504875516729328
413.0,265.0,10.0,13.0
413.75039091826676,266.6274910179287,9.590128253689215,11.515416359165101
413.00308978992945,266.16370515334904,9.632489682795494,11.463103295204746
413.5237630072934,267.20797357857714,9.549977584993258,11.431304336546873
414.0012039834299,266.8733846705341,9.554764021879748,11.428867302640015
415.6419255313557,266.76362849988476,9.611931812682826,11.40080717315277
416.0684792826738,266.4541431716894,9.685196442338679,11.35870604533568
416.0,265.0,11.0,12.0
416.5655027362217,265.5297956944242,9.545377843092524,11.349712920161721
417.05623178957893,266.64412253814226,9.524248951546042,11.21695044705939
418.6780188951702,266.4814021345391,9.54981151869606,11.326559198539599
420.42678243330863,266.35593694594104,9.382458881773914,11.372329150566998
420.82737283644883,266.0647538442053,9.4578094765061,11.364450688276577
420.15668365624543,265.6333709845894,9.36200905948067,11.301157038391011
419.0,266.0,11.0,11.0
420.78896957212527,265.80012027724314,9.449482300427974,11.233695971741838
421.268539157387,266.86187382992716,9.40855605096641,11.159813614099448
420.5872178071719,266.35152929334043,9.399268757160485,11.165364594383846
422.2335584223304,266.27692819503613,9.36420052776856,11.194941396988042
422.7018618908611,266.0456502315991,9.354802065659783,11.153721285137124
423.1882941855845,265.82728063967147,9.31841056240063,11.062821629123448
433.0,260.0,11.0,13.0
434.2294222867406,261.062514303125,9.464480511186935,11.46988582735753
433.475812302736,261.76069223556124,9.551013792475487,11.465201137028203
432.8080509995593,261.02406203714986,9.715418382229814,11.67834346460836
432.21286912818096,260.6413918136963,9.69370521269775,11.57609843728352
432.42998137418783,261.59500808477407,9.899823057387323,11.409268228194378
431.8696024329811,260.8018754307935,9.834904348149394,11.689589330620947
429.0,259.0,13.0,14.0
430.3688939313698,260.20910684497835,9.839454947830802,11.79459839998276
430.9090417399952,261.2700674120533,9.814270722750734,11.829171559106953
428.8919883681518,260.2638226229009,10.05717063799392,11.806047144624358
429.3968175540491,259.9867089453703,9.825784511410689,11.957319333590931
428.5125312133932,259.62590229635606,10.018526466992114,11.795714807048341
428.8670589939495,260.3933750105343,10.007265447360055,12.096755546649206
430.0,260.0,10.0,15.0
429.61067019526604,261.60657446185814,10.42904981522679,12.501851278388585
429.9630414598082,261.6602289419004,10.329810690431941,12.070711094147214
429.1563342889058,262.2152497391671,10.586428639118822,12.615815501067118
429.3763511265822,261.8686785521089,10.763922299372553,12.734500048621271
428.4892614409697,261.3379260374335,10.317415909567899,12.861810285921251
427.81005356643664,262.0318892720775,10.09811944712385,13.001054637969787
428.0,260.0,14.0,15.0
428.90973855434095,261.3932588961444,10.088848673716711,13.484705507164676
426.08773046055694,264.67917559640534,11.14559077149761,11.788067360104094
427.9598429279904,262.1085495351217,10.464572294573827,13.4006572634662
427.21129640912113,261.4810854789898,10.702199761650263,13.501707239205189
427.4976311804221,261.3462474881944,10.78113551357734,13.432961146520029
426.65323064098857,262.293351319753,11.336607110066893,12.999862780887668
424.0,258.0,11.0,15.0
423.7208491973835,259.6625868353725,10.98681953161281,13.334820187225489
422.8788850095559,259.15758286651425,11.251033059201063,13.265162943492953
423.48117519851104,260.01430706008296,10.624350567982617,13.45963853503622
422.4470355468837,259.2032541775104,10.981180310247566,13.528395642773376
421.6166691329611,258.90447525625456,11.395974869481279,13.206599311417733
421.06881723474845,259.3905476350519,11.21798412869083,13.647619554492962
421.0,259.0,11.0,14.0
421.6919485067499,260.09469248556707,10.534770346986306,13.577107467997735
420.5319964352109,259.7787746474446,11.17807326369541,13.250073964919011
419.8207542901407,259.57402586157195,11.291814764679657,13.005705701907686
419.19149926164033,259.9488275832134,11.33334420091927,13.555947664558744
418.5584091474943,259.36122235205085,11.37680264012073,13.449209141901974
419.37856349975584,260.0578794882447,10.406853046505148,13.755411647600965
420.0,259.0,10.0,14.0
419.1108125765661,259.5452279888491,10.878658238112621,13.750700571481957
418.23853283735684,260.1407444818026,10.953890540664418,13.642337405798344
417.426647256988,259.710386212766,11.063754624633077,13.46895061302348
418.12509113824717,259.7690819655602,10.297809626825256,13.224663676737237
416.9999053176445,260.2309229000398,11.07719235432404,13.611784025841473
416.23255245870587,259.8333156832972,11.18470018358255,13.263215139805254
418.0,257.0,10.0,15.0
417.2510198964357,258.27137871510763,10.91166495638248,13.96578482428231
416.12644166093514,259.15557140923715,11.637990073202218,13.478827452293672
416.59934562787487,258.55682675042226,11.095962364624143,13.997417653054072
415.59089188218036,258.24943402809265,11.291850698615178,13.560614103831881
414.66324696938085,259.038219474941,11.580632508774613,13.828202171432451
413.6797108975595,259.880317391037,11.880076910447542,13.536770765237634
417.0,258.0,11.0,15.0
416.12712055491136,258.8220907092146,11.61782955416868,14.5424562296526
415.3918871419387,259.7256011246674,11.80677889103481,14.123540722505595
414.7550163620381,259.0009867838107,11.785071452233751,14.534600436569974
413.9675697885705,259.84250767028107,12.03809489720652,14.150066098857224
414.18000045245014,259.25364748183625,12.306409971780681,14.76624805848786
413.37100987833213,258.7582046772841,12.418726094137412,14.78409067384564
414.0,259.0,11.0,14.0
413.0378196367906,259.40548826789956,11.896634422298916,14.434358964994487
412.151937921347,259.19694197048557,12.202277514676098,14.445016150822426
412.22521764838643,260.14742907387654,12.373124341344806,14.059357720214507
411.5192472194974,259.4121669792496,12.313112760479726,14.623265216267896
410.7764807413464,260.0480252508528,12.215897808757745,14.42941598162156
410.58388772949047,259.72304767953904,12.861175705559504,14.689580263357698
410.0,258.0,13.0,15.0
410.1333730025491,258.4712157828072,12.35946506462966,15.181833290398345
409.23500076598157,259.2449530376366,12.550723035975295,14.9078701050787
409.0732228552174,259.0154957253306,13.087731893730961,15.010487447452476
407.9354437728452,258.62333528349484,13.343336609585378,14.952439349443807
407.17276834847274,259.10021637271984,13.04866793549229,15.38686261060991
407.2341260084745,258.93594101655606,13.835062953359056,15.356384653779855
407.0,258.0,13.0,15.0
406.27179625622875,258.29254731127764,13.166251555892131,15.252133838591988
405.41481208607,258.8526697409137,13.182221391147664,15.310186291640093
404.62619502125835,258.3339406435782,13.193724763260434,15.414762094117123
404.62311156007854,259.2108209435819,13.921558003721657,15.096023536128087
403.856919187671,258.52546005070525,13.641643593914296,15.386823354501473
403.74244985634687,259.2721045643093,14.15447672510004,15.319979799862722
403.0,258.0,14.0,15.0
402.5254709823866,258.26293077129264,13.750617583827136,15.714789622259559
402.45248640502734,258.97989601909785,14.184123594877747,15.634027502235313
401.5902631403912,258.19860872254105,13.930607215956627,15.96401474483821
401.54641882788235,258.87434395030016,14.202121130067326,16.08290386937108
400.0852129366792,258.22858530976646,14.71062590466886,16.052983854268177
400.4839670000838,258.8410470536079,14.302311354826486,16.537091927296615
402.0,259.0,13.0,15.0
401.0476790642733,259.041540343268,13.62470733458116,15.750886563518065
400.2606565257496,259.4433656955482,13.545171217284064,15.925357734801082
400.13273440732405,259.38699809003447,13.961709590315024,15.968256942542212
399.0045286970567,259.79649260548786,14.079922265378173,15.907756834371867
399.17712903748463,259.6598960953429,14.192692127776183,15.876621892620733
398.1279498899411,260.0145004434519,14.265251261855155,15.964850513941542
400.0,260.0,12.0,14.0
398.6688847305208,259.857660238119,13.578701311740815,15.357497578978496
397.8551438980163,260.1498158142697,13.52279309233802,15.773987277757442
398.4101864318784,260.0771368970218,13.211874558008958,15.484457899204017
397.4731422665755,260.4258072337309,13.241049375704506,15.613775912089295
397.56457729843027,260.43439842335283,13.127138500842364,15.199959205240248
396.5542781910758,259.8593019864188,13.288725419016146,15.435475625553579
398.0,259.0,11.0,14.0
397.46371867535777,259.1757521509587,12.79451511060347,15.355130147588852
396.49932475312085,258.5953980103929,12.664545966541425,15.547150930083262
395.5244261978122,259.10451523353265,12.795653667579643,15.356206671287737
395.7912215220865,258.97360023378906,12.615717674398525,15.363060676836085
394.84597421441674,259.5014590953176,12.576943094870899,15.18609091620533
395.1780847448716,259.2703496414531,12.489212539071332,15.304907315417722
396.0,260.0,12.0,14.0
395.30354361300977,260.4406021132703,12.867853198983426,14.804045957708013
394.4984180865311,259.7964808209059,12.48303436081693,15.170144227985588
393.67715457087616,260.4098569161322,12.451544736299638,15.031566867698984
393.9874845285175,260.2541330703805,12.535363427281254,14.987925022107333
393.2196479996394,260.759518319844,12.41417219971538,14.964547914323362
392.3733794510133,260.22506680225615,12.410193921937207,15.097607656581431
392.0,261.0,12.0,14.0
390.66897513479125,260.95002959068717,12.274438652392519,14.967802720694237
390.99464969164194,261.96270978223765,12.413905017897491,14.68760481067602
390.2331687540146,261.27332247870464,12.240341707453013,14.882663081845635
390.2524987566742,262.429058893861,12.504380501883361,14.438878737225991
389.3032687544429,261.72725997399084,12.247943495114441,14.571924660149193
388.4941572821,262.4085694255347,12.054363789858485,14.675379935400144
388.0,261.0,12.0,14.0
387.19311305481733,261.4360713300813,12.351873567300686,14.530390075151217
386.2374872199084,260.8606115852794,12.353122185642519,14.717110807538631
385.41425069495017,261.618940917366,12.467895430571104,14.639717788040798
385.55188123486914,261.4162387932866,12.439527951974583,14.65795937323071
384.77706663493973,261.99369584945464,12.479639678986132,14.575095900809401
384.9449639237653,261.69778803347174,12.35733636775899,14.655856539088461
385.0,262.0,12.0,15.0
384.0696737070018,262.5922324577137,12.081382444496569,15.091169545525588
384.0041338986292,263.83695252572556,12.520453162044419,14.536702261937535
384.0639093791775,263.43934001934554,12.525230445056309,14.683225461971574
383.02789952236776,262.97363512834943,12.391111324210158,14.836972313982756
382.2678328375517,263.743852063203,12.121546276178151,14.878781247825941
381.46146018511627,263.1890756786944,12.13618967565651,15.010138873825326
381.0,262.0,12.0,15.0
380.53820463275895,262.49752951605757,12.268854839018672,15.013363889695427
380.5719676309941,263.66421569749707,12.500462966795453,14.529821805150277
379.65172431053674,262.82271222078845,12.157466456469876,14.960010425807354
378.8231455444917,263.64372251481643,12.059040420797771,14.810384222126288
378.77902022904664,263.46570563215505,12.382450990462871,14.751281138732907
377.98441594609324,262.7782768049901,12.228094975341662,15.010345448303894
377.0,263.0,11.0,15.0
375.4981566982215,263.616758682086,12.112923242223303,14.795574987064413
374.6489759783483,264.28109315461006,12.247171040929175,14.669926180094535
375.0389640791525,265.1673101185188,11.9947978699837,14.457885863837873
374.22694349119877,264.2840488545014,11.914260587544561,14.682386335601393
374.5045244674044,265.3304784703593,11.845737985471146,14.40929561549666
373.48000590131346,264.69255469810105,11.712720268243174,14.44508165023251
374.0,264.0,12.0,15.0
373.18809658551135,264.8291018429809,12.313222491963813,14.549123820463137
373.2871851242862,265.9043984498287,12.480715515191378,14.211971106571127
372.41148092359384,265.01315629975727,12.310593493980264,14.656641177089341
371.5306108422815,265.7862860161322,12.336156792898464,14.535180841046554
371.59025325993025,265.63013995911086,12.461083717036672,14.539377259952744
370.50193114721935,266.3876574973927,12.470386010448863,14.394680491503948
370.0,265.0,13.0,16.0
370.0441022805618,266.1957394905324,12.668830874127309,15.059967935777365
369.03798226043295,267.0887074370652,12.705624049857079,14.834697137926696
367.97816510881165,266.4456876415529,12.822971557854373,15.069569404064623
367.2297940912506,267.1688789654355,12.584200761236957,15.118833705963652
367.4703650677409,266.7752856340678,12.983334010862222,15.269993329194449
366.4766181794792,267.54279521083225,12.926902930696144,15.099933369499183
365.0,266.0,12.0,15.0
363.600058111111,266.8791921131048,12.709802123190798,14.951400750898983
362.64557128478407,267.48394454077356,12.834368362261785,14.906295920741286
363.13820007248756,267.1207359248866,12.685703955367217,15.02371215782199
362.11459615895535,267.7358949921063,12.86421711012224,14.962127901766053
362.2928456177651,267.57802112143054,12.742155632732704,15.0645860079876
361.02733994475307,268.1225470493059,12.795471480706055,15.045970829712587
360.0,266.0,12.0,16.0
359.1896413528085,267.1890219401109,12.895646370425766,15.124463606934171
358.27462019677864,267.8866876191994,12.98639823874231,15.111780174205478
358.6073129082333,267.43351234200156,12.710405667214673,15.360120132365296
357.40560698385104,268.10722105218633,12.687919242704197,15.214473095537357
357.6261304860392,267.5684704812426,12.711395529453569,15.471958127681148
356.516660636859,268.28329767812374,12.811247984262423,15.258189696251065
358.0,268.0,13.0,16.0
357.1147499372778,268.786004433877,12.847349167465609,15.472063085973616
356.06426831584724,269.55018512563686,12.851224248659378,15.387578650013381
356.2672805975617,269.3291632977632,13.063472877597633,15.457962768153834
355.4059616136826,270.0534886502408,12.812688712239037,15.394648194663034
354.4391323697281,269.54085872243803,12.883866737308608,15.495942663540347
353.54030273762163,270.27777408327404,12.82549587818238,15.497281867739218
352.0,269.0,13.0,17.0
351.8371539731936,270.0481225240211,12.870742581223283,15.9594100217858
350.8835466593798,270.74485309578995,12.965551231804966,15.934963751397845
349.96111271323434,271.3745274894286,13.04400613911639,15.790341202819945
349.0451876304561,270.7978628887098,13.071594039903744,15.783298808494067
348.1538696543582,271.35024676203057,13.101910991737952,16.091066929672706
348.5545235629557,271.19193248632916,13.216890347378182,15.883214611039307
349.0,270.0,13.0,16.0
347.8571715335356,270.71251061038737,13.188971808370866,15.672391503662027
346.9610702753446,271.45184356438597,13.142541743687275,15.741944066551184
345.92563184591063,270.95293665522513,13.267290379007818,15.763543329394452
346.1607537480844,271.9347604030795,13.484521419232635,15.666333795233868
345.2517483870819,271.3441376930112,13.331486768003572,15.832979737758308
344.28711885052275,272.0736867636524,13.343566773191355,15.83162328581011
344.0,271.0,13.0,16.0
342.77560387113635,271.60605775831846,13.25614094125865,15.815358254702176
342.9927738269094,272.5662366254212,13.408224764640352,15.661016518749193
342.0450934304383,271.9088249934343,13.225241339063473,15.8586675108225
341.1801599345656,272.61007942570336,13.142190553409023,15.920855612391676
340.2346213225957,272.18444144590705,13.102396264502602,15.826620173011293
339.30766529988114,272.8511963272522,13.163559747221143,15.96113907295387
340.0,272.0,14.0,16.0
339.34844565821,272.4465990109129,13.17662295421917,15.96078944880719
338.5462544389595,273.227019531093,12.985354131662575,16.08613539370367
337.60712503446257,274.00893764827265,13.056811863059863,15.838256679996448
337.3843515790495,273.7539798327316,13.655555452581666,15.840289273793076
337.392200858857,273.6233769541225,13.729758404865606,15.857558315807637
336.38926786819377,274.2919995666673,13.312716170246858,15.856987677925645
335.0,273.0,14.0,16.0
334.4385572688673,273.5653240726226,13.534195323598226,16.065340540179704
333.4210850488642,274.4198326418414,13.441094516774342,16.037929069586937
333.62770655079294,274.212009632106,13.656863666803474,16.073615056069627
332.8141728503088,274.93152600857024,13.351155826334036,15.971893093362723
331.51207742708266,274.30471118491215,13.54340179571875,16.163206435802238
330.6737252409194,275.07335085112885,13.414007173077493,16.113925189494637
331.0,275.0,14.0,17.0
331.1008048625686,275.96606399459586,13.644236039895304,16.606123346159393
330.1233103625459,276.7862745596966,13.470499252240188,16.329774388676014
329.862144234016,276.6706020606997,13.837954861685034,16.34143637798104
328.51103048904787,277.3310387993797,13.750337519989444,16.217042597688533
327.4036601212708,276.6285559676897,13.698534628923255,16.555215601466614
327.6483624035154,277.6899382977191,13.77062873658133,16.363053306295114
326.0,276.0,14.0,17.0
324.99811974791646,276.8626172695474,13.73488124840469,16.57802274472374
323.9315801204219,277.75373589209084,13.690648456337385,16.602553903164335
323.0486958930408,278.48556402547354,13.517649312760966,16.57628760032378
323.2206576944209,278.142481927222,13.918542279286953,16.633386301490418
322.28141109712806,278.86813128342874,13.616445373940337,16.55263696171687
321.1407052962106,278.17441157635085,13.76708098812469,16.65776161190172
320.0,277.0,14.0,17.0
319.0365483425412,277.9167036112641,14.106419603950599,16.649470056047335
319.0354297651479,279.1221824836829,14.310371733194074,16.342391579617924
318.0048114878523,278.2966048233384,13.922584410840614,16.74611198126513
316.9360721042623,279.2627594219804,13.748412409271339,16.50641658381784
315.98216487816126,280.00739331478405,13.576043373938944,16.454599536972978
314.65377930687544,279.27218335826626,13.888888477538728,16.750603361268645
315.0,278.0,14.0,17.0
314.3151831049285,279.1072927463291,13.815456383339495,16.645856433774327
313.2315924166798,280.03309902855017,13.59792238611277,16.518104059142217
312.26138299121016,280.85303782325764,13.379352843417564,16.350788522970333
310.9501888948358,279.9776608061504,13.57027634192724,16.69387474426202
311.04046818443,281.2376336555948,13.970466241321901,16.394467857705195
309.927666260015,280.32120763985563,13.752698925409163,16.77334997943501
309.0,280.0,15.0,17.0
308.4619724277727,282.17208634360225,13.490010851419356,16.239173316578103
307.2297329548235,281.25162340960867,13.668707095033938,16.715088059589334
307.27540300216845,282.55748049704334,14.164993483467583,16.36218116578243
306.31185675840544,281.66132058553376,13.747138344078223,16.809817039857364
305.3043905551831,282.7369332349503,13.561124029913117,16.590540096626682
304.22218873736546,283.5799767404438,13.54869085811282,16.412787989608944
303.0,282.0,15.0,17.0
303.5109819813341,283.3676613098362,13.947275166004772,16.53021709062807
302.54115252884117,284.1588394234908,13.55086736496446,16.26463315632776
301.46529563670606,283.24622202803823,13.579159290368352,16.70697492562107
300.44560536040046,284.24191435029275,13.494104824506167,16.487616636635664
299.54350585586326,285.03873244097497,13.316757979651129,16.31479047366213
299.59334473559323,284.42058234982665,13.988508168004387,16.67144644267637
296.0,284.0,16.0,18.0
295.88298838450464,285.217239011284,14.473410110017994,16.72897027370817
294.8284367560705,286.006439657464,14.366648143705504,17.205984830262366
293.66463979996814,286.9400569528883,14.496444295129834,16.822379795711015
293.76427354440546,286.3864345034948,14.741984659199431,17.194443766526774
292.7044743859457,287.1999507034581,14.528258695051022,17.062409841048634
291.6509363612108,287.88719118805534,14.528790812081525,16.988889273217353
291.0,286.0,16.0,17.0
290.9819308718743,286.9386228370895,14.299558948604101,16.97691519813725
290.92688381856624,287.95062680694804,14.809611401887537,16.77207432123663
289.9372511395467,287.0901181476577,14.29917432082658,17.134529310172866
289.00689083183755,287.99643542712454,14.107388641077875,17.00339363673129
287.978796552082,288.66824671465565,14.062880879402428,16.871077654756732
286.9193293420092,287.91068036997535,14.134403102319993,17.00361504045418
287.0,288.0,16.0,18.0
287.132337441279,290.5584276608233,14.941382797398205,16.72156003063003
285.75955084778525,289.6580618486897,14.811524159279202,17.395889328348744
284.68675147782653,290.52750830014975,14.456312518242953,17.437894850566636
283.7864787169753,291.26347757066526,14.146116916365145,17.408779753043746
283.7093335063985,290.7784753070064,14.85158305553648,17.644790549138634
282.6560790591303,291.56086535529556,14.452279603713578,17.357283407156785
280.0,289.0,16.0,19.0
279.71158087797306,290.2707582873586,14.610453351325475,17.797680112213584
278.6145807636717,291.2904671730414,14.60007480458222,18.051120900440935
278.5893824204652,291.14046514666677,15.269231836126949,17.811571561228448
277.3294651121823,291.9742900974541,14.998647958427739,17.873952811953245
276.3790246692231,292.7524038602546,14.75934318165207,17.778341680670167
274.83249012139777,291.92559439164415,15.194598814498704,18.146255685555843
274.0,291.0,17.0,19.0
274.90014907192995,292.601694407954,15.684624976405644,18.15777782541386
273.4001363997304,293.4470071751698,15.71642601098847,18.019616488794327
272.26560019166965,294.0932243849061,15.288024094835293,17.95335022524364
271.07099777845764,293.1214916903855,15.318070786541682,18.442555767049384
269.84003681352567,294.0653034424736,15.226951077370245,18.50836527775874
269.72748934662013,293.76118519506554,16.059419057587093,18.497458433512293
269.0,293.0,17.0,19.0
268.8393009518902,294.4865101699883,16.140950916387112,18.729185617044777
266.97567599471336,295.40147811725933,16.682193922998522,18.46732517793521
265.9492797558942,296.0510220836543,16.030894063960034,18.579190204453766
265.8821457939372,295.3651840671223,16.736252296871214,19.073724736721147
264.5238190520079,296.23262444686,16.562397184557938,18.754071665186984
263.54574788859804,296.85261536201295,15.96191828656157,18.88917742787322
260.0,296.0,18.0,19.0
259.6688660856695,296.4441695537116,16.111811933987667,19.079980516846263
259.7149400499472,297.70425530169496,16.61508936046164,19.087312885488927
258.5931545322283,298.38481359855797,16.2939516956489,19.02678835644423
257.28090132935176,297.5749603191879,16.35360382917878,19.27650976397706
256.1730227726945,298.61433190116486,16.243187071536454,19.286882787741945
254.8710678938089,299.37899693045654,16.364130558417855,19.29509980110265
255.0,298.0,18.0,20.0
254.85777379062569,298.8321085503628,16.092219777064145,19.662214486051198
253.54447104912225,300.0444264056166,16.04232393986547,19.78939933773404
252.5206523137325,301.04765912446777,15.844222076150345,19.40784168589545
251.44845328354216,301.8001021830763,15.729187651257405,19.3028676100987
251.4777831353872,301.1155575630646,16.53542380235342,19.622393911998188
250.26743778185806,302.0028662898269,16.125159472343455,19.37620212825186
249.0,301.0,18.0,20.0
248.67123832193352,303.46387722558916,17.042490031692637,19.150777381607668
247.27874277380647,304.01126432577746,16.5297385755116,19.263151778264046
247.21296683592243,303.2854641864382,16.963611734886342,19.778126025636027
246.38531407419373,304.07105781285713,15.983121694739452,19.62555047149334
245.11549604812615,304.85571629269026,15.914613302957378,19.479220929692303
244.4600440111082,304.48686551727457,16.959121559212406,19.7285993822166
241.0,304.0,19.0,19.0
242.08885809103054,304.3883866736757,17.082827972235293,19.54616364778758
241.07399143781907,305.38995072781864,16.34880047206002,19.445562868442778
239.8494399350722,306.1427105031702,16.189337307074936,19.394131149244913
238.6779140426462,306.8126480011156,16.131128823993123,19.2768430292449
237.52171238932067,307.4093860774881,16.000362286939378,19.255504073216798
237.58668517462786,306.84375228354963,16.5915448006225,19.479507520873085
236.0,306.0,18.0,21.0
236.20014895249187,308.85697383084334,16.879194248631393,19.393846802540793
234.49112554076902,309.3301911337012,16.7314701275547,19.751258436512217
233.22303371523162,309.98113976873356,16.240938689881546,19.765726412549384
233.08443221223843,309.1736791306642,16.89782292158253,20.33082406076113
232.03346514174353,310.03206694823257,16.206796380340336,20.06433453282193
230.6150407585185,310.73358235863134,16.1766691902466,20.032635650630937
229.0,308.0,18.0,21.0
228.67172332760236,309.5701676391337,17.08940474838002,20.263039577924644
228.51992940280473,310.8957292749261,17.256329678353666,19.854162794896524
227.01332005514422,309.85887781650354,16.947971762164826,20.33898245514547
225.70039831534592,310.98768216326096,16.632143383071423,20.379790214242803
224.37352488222598,311.9137412582804,16.565331786070203,20.180253702587834
223.04596380405746,312.7263825858005,16.457313662098045,20.057360823522004
223.0,312.0,17.0,21.0
222.01827606629251,314.2533164118338,15.913637489200426,20.150817397467904
220.7082517186376,314.99661780408894,16.000666576293924,20.14766088217823
219.15435357283837,315.792920120301,16.211494716499487,19.961708914276187
217.9258740948826,316.5629494051849,15.978984653277877,19.904769020218964
217.7547106192303,315.82072823748945,16.882051057097442,20.38072377706135
216.28368027230232,316.72551631357,16.605922999794956,20.067145458187383
214.0,315.0,18.0,21.0
213.7017632149002,316.72585483694616,17.254194664938325,20.146117588314837
211.63498872977948,317.5954431783057,17.43819869750979,20.378661505380933
211.5195404355536,317.33558951428654,17.68822417687994,20.380871220771837
210.27095915479202,318.0699951512119,17.014569579932044,20.602825913894208
208.5235922881344,318.84803432235117,17.162713351998008,20.55139236407325
207.23489603605904,319.6268826339363,16.771018109372676,20.547136716841294
205.0,318.0,19.0,22.0
205.6158422311663,319.32055431470076,17.453805466002564,20.93787528688722
204.04244112229281,320.23561515642905,17.31850336292416,21.2037534140581
202.41378474900674,321.228872711294,17.35045230983266,20.865018988235477
200.75190626881485,322.06224633887064,17.40872549613323,20.83582468288597
199.34431035180035,322.86789673358726,17.25036032176905,20.799789892407716
199.2841562766145,322.15680741237986,18.182426334019397,21.2275812786487
198.0,320.0,19.0,22.0
196.86333564264353,321.1774841658215,17.41610210979033,21.337919300627846
195.35365828537311,322.57174448845365,17.508363320538706,21.536048625027092
193.87572350597998,323.64214764511354,17.440715091802247,21.353213085511243
193.96221770420294,323.0999981992245,18.161752284478553,21.490204244744746
192.23401188680785,324.06076635192915,18.106947228849094,21.503656402234128
190.62683440949726,324.99533668118875,17.957730357993086,21.35898310995981
189.0,323.0,19.0,23.0
187.68504016049278,326.1325367056492,17.562779638615723,21.267816280737463
187.74738738103565,325.33290688412,18.307213495459905,21.88804181073226
186.1367482362184,326.3473419399062,18.138042105836945,21.7091173192602
184.68554093220575,327.2419013526004,17.9192809647283,21.72018008042744
182.87929206062603,328.1491526893908,18.130733709403273,21.560834514405315
181.24911267918384,329.01367050596946,17.92018703702496,21.392002777815833
183.0,327.0,18.0,22.0
181.8020686100736,329.78720493757055,18.051711391676434,20.931141244174796
179.91054987954385,330.3583921721549,17.903176091180512,21.01398589071738
178.15592813107008,331.0119621178999,17.79259708406181,21.06241719667264
176.27181248645613,331.71053303780855,17.905593711410006,21.08453830389203
176.38798292917744,331.0209539643329,17.927379588859083,21.676493501433924
174.71407235891508,332.03356977037765,17.878485654580913,21.410344191738204
171.0,330.0,19.0,23.0
169.7237934841978,333.12704025453456,17.806148617903546,21.225064250167293
167.99092629123345,333.8299145610721,17.88095920405229,21.45232668097401
168.04604077353548,333.05250644479906,18.27114352063944,21.876523849424984
166.3559869276016,333.9854261214512,18.08509761778359,21.77149757038171
164.3600197845084,334.829657865969,18.26265208831896,21.730726042302194
162.62602493139718,335.6929269786491,18.11351286407009,21.648995316281173
163.0,334.0,18.0,22.0
162.9353260124892,335.1168032804229,18.07459472893993,21.72195121915894
161.35932042833548,336.1967752120256,17.99133900259386,21.524200442935012
159.54513130315163,337.1386450118893,18.04348159654802,21.296672702578974
157.85961447171363,337.92172585494745,18.0057069196354,21.222462876868917
156.08821004961692,338.75516646811866,17.968532799177524,21.105966299442116
156.2348088798965,337.93328713324206,17.852156584745217,21.694365580436283
153.0,337.0,18.0,23.0
151.17738868174177,339.86509257052825,17.713712579289563,21.464922243318824
149.30175931654279,340.64673057124935,17.78916789232605,21.61405633721631
147.3993759898598,341.5031574499908,17.856879136273932,21.533045403008714
147.5268051959938,340.7867863060783,17.793154162166502,21.89360064016728
145.56686919346188,341.79419565832603,17.86516282764927,21.70775124916662
143.56352503708337,342.74990331856475,17.867092335449968,21.55834511253738
141.0,342.0,19.0,23.0
139.228268733616,344.7108506060249,18.112584117602267,21.61204952834987
139.4498933902662,345.8846015187055,18.342671931471216,21.27644436065384
137.37124415596963,344.6923116670307,18.468781418498338,22.035453669979233
135.37692908317234,345.9777950627272,18.43554220029381,22.209506748139347
133.3127586802844,346.9887909926582,18.60773448860965,21.97422676517141
131.24395894983917,347.8363987263999,18.63413027027667,21.959451640417967
129.0,346.0,20.0,24.0
127.6734687133507,348.352915399632,18.30717558453773,22.895182157552426
125.3102084214712,349.52355317914885,18.968457127536027,22.965866006875558
123.0221233940403,350.5767449451724,19.37972784429769,22.61015287823136
120.73015101396004,351.35507147278827,19.508625145657305,22.644918332532143
120.65116034152697,350.6961022712494,19.657761492963573,23.10014646139564
118.38518793932019,351.59682508711694,19.76849182159998,23.16584458919806
114.0,349.0,23.0,25.0
113.03454473350726,351.9192170371206,19.320438401343807,23.526483444405244
112.82435004302764,353.42185169192726,20.134012159782856,22.963885215584696
110.35140186782613,351.8122111959236,20.763672167217152,23.967428060018392
108.0309022112503,352.910785871846,20.863651106818537,24.32103681100557
105.45884735033437,353.9118250528709,21.37852686813433,24.246810638528018
102.86871025005902,354.71503393669093,21.714246592564436,24.427588581594136
104.0,352.0,21.0,25.0
102.02103573223735,354.7129466776096,19.905976563696143,24.007685499418358
99.52525261067329,355.4298859168307,20.542540674300824,24.179821833191
97.03207091362772,356.2335341719521,20.880293547707055,24.30770135049221
94.3335382174499,357.06559598960257,21.2219597528904,24.199138304527423
94.22868396336219,356.2768430869694,21.226907230057222,24.761446209858832
91.63173949236216,357.37179012199675,21.45227366310506,24.67681414039106
93.0,357.0,19.0,25.0
90.23389982295066,360.05207020268267,19.484701088626593,23.60039653930812
87.95171909809359,360.96377157911036,19.60964453967526,23.92876681185669
88.0369385437329,360.0811563522143,19.531496761434823,24.604427242955808
85.67698180087858,361.70431592765993,19.659924911938518,23.735516044130293
83.29124424919192,362.9587349261026,19.627724026397203,23.408674412327855
80.84003744580242,364.1060992431873,19.633517335222237,23.168726172477534
78.0,361.0,18.0,25.0
77.580661467721,362.5119097246609,18.46139669740657,24.01574653098413
75.50234841277688,364.1454503407647,18.526489080209103,23.231294732810966
73.25610457485308,365.51424128294383,18.510261994797787,22.866422624960308
70.90617134063338,366.88413927063436,18.45631370029035,22.487725011933605
66.90345202520643,367.5868559274802,18.4205272222202,22.397561460985457
67.37028554618288,366.44506588623284,18.228740262265603,22.796031398010484
65.0,366.0,18.0,26.0
62.198787960422464,370.01770811487734,18.257381696279367,22.95802749719894
60.10899426282335,371.61463385171606,18.103284814697425,22.69677532891268
56.15536879977691,372.70149637216264,18.243581031579325,22.373637419717966
56.60829348505253,374.2124700069036,18.297309250434765,22.05084315567376
54.59616987309987,375.17142845473427,18.300109470855503,21.685714303494706
50.74768604611819,375.65976135269864,18.20791826543706,21.931249169088346
48.0,370.0,18.0,27.0
45.659816734732786,375.38550055588064,17.84542039152997,21.843031987262975
45.91543969553863,377.0878394479696,17.783429437725253,21.511168479109188
41.990511888249195,377.8844335463794,17.84571386491219,21.401297727958706
40.08328689733074,379.1071989922666,17.682101564013607,21.363744463906187
36.18078266997484,379.9887843182324,17.675454533040508,21.230497569185047
34.29360668151837,381.19537670305164,17.529020185993964,21.225802701481314
34.0,376.0,19.0,27.0
32.343506937950224,381.7317686299456,17.62261303010564,21.194574711734276
28.361303746058525,382.6956993079787,17.74243530983621,21.035561728657
26.46609009728364,386.50515603965266,17.654451837039133,20.844011009637256
22.558355676719373,384.6614867472648,17.534558209348972,20.995135438292095
22.90946880607205,386.3508120319724,17.67016504768555,20.879759030732487
19.059518837340363,387.18718896778,17.614816575036386,20.77879372459597
17.0,384.0,18.0,27.0
14.63716025623006,392.31213255535033,17.559943082590593,20.57201571340488
10.686901876977455,392.88455622530034,17.717138680460877,20.943316268184162
11.163551079210777,394.325652830377,17.542558022239916,20.66938126943029
7.298501734685011,394.86022289170666,17.64609488988295,20.770185061366533
3.79830539220751,393.2424355916954,17.102184776058667,20.503736735123653
1.837255086797752,396.8753258719738,17.423200025275285,21.137166084701164
