663.0,450.0,128.0,132.0
662.9149181842804,458.0966260670737,128.04836201667786,130.0097048264633
663.5487406793159,457.4839194885408,127.75588872119306,133.73049639996543
663.6010167401412,458.77556960221045,128.18963354828566,132.2458316800512
663.4311778637756,458.63592161511383,128.31849727877193,132.89423731774502
663.4776091120415,459.06269696700315,128.07591932646721,132.7189030685986
663.4543258078686,460.2863585887518,128.19324359379175,132.2712720463494
663.0,451.0,123.0,135.0
662.7571702696445,460.0497410063601,125.45712069482192,134.12545060027713
662.5581276021196,459.7525350103913,126.38775985126222,140.27224893933317
663.6830467042114,461.89177262661906,125.41801508977801,136.84100915013278
663.8599039120209,462.4210482235644,125.73832920662562,139.55459447763178
664.9561419047895,463.887276411288,124.78447299075015,137.74865561421052
663.4845738197419,464.7411916322849,126.7732026355286,141.1064440248964
665.0,463.0,126.0,136.0
664.999514296055,472.150840807436,127.786621215124,134.6137010549752
665.0853260253159,471.5791515647934,127.88655306108978,140.70519183064505
665.7845150997158,473.81110809865095,127.39049781512256,137.15222426086075
665.7485317173105,474.3531115842675,127.74923046698564,138.081190611515
666.2092279533633,475.2975242660914,127.43833039650804,140.88970798707658
666.4290680866825,477.4177936109736,127.53667594496255,137.22434482417975
663.0,472.0,126.0,136.0
662.7576844483781,480.4202842781623,128.86061429012193,136.0380508489228
663.1332314619018,480.0526504548093,128.56532082384592,138.27224595556322
663.201842858067,480.8095108484067,128.73418712990076,138.44746048260322
663.8283798672385,481.72225731788603,128.0612127364942,137.83522112081346
663.9539677851776,482.3115526685531,128.19000706448617,137.06258446885215
664.2095761727136,482.27416056930383,127.86995401626825,137.4838776073882
662.0,475.0,129.0,137.0
662.7158918794894,483.9868869003992,129.6258754013204,137.02498199925685
663.1917166088581,485.54257421872126,129.93416873020067,133.90757707642615
663.2735354095589,483.955085412028,130.05070704506647,138.34624845787494
663.3258633889968,484.15863098760747,130.06057088731256,139.04600078049964
663.6611781561044,484.45829664932444,129.589696439489,139.25805868043994
664.6476020231448,484.8398005560107,128.30060679817393,139.37072212970065
658.0,477.0,136.0,137.0
658.531776387472,484.67668069926293,134.52043356457693,138.02707393919565
659.288905112445,484.3094328683146,133.17627335030068,140.0155888117365
659.0542942076847,484.6077817334924,133.66979300740763,140.9379539734407
658.9572883644139,485.4815651809208,133.9486309756992,140.85323475789016
659.2698855452977,486.10392433599486,133.65022173542968,140.9805074471558
660.1251214339807,486.54817806235405,132.97998332599252,141.33253350236282
656.0,480.0,138.0,136.0
658.2841411852585,487.0925238240897,135.52019513668097,140.54658142117734
658.1389661096582,487.5584677011457,135.81422349844615,138.86083712699246
658.3982518750784,487.4238217898371,135.64650362195027,140.21454357252424
658.7839319854612,487.2161391373438,135.77130204507569,142.62943037660943
659.2582319572182,487.7136326474242,135.63830955805997,143.3836476396641
656.4850014256558,488.72981884934325,137.93516738189544,136.1982390178282
658.0,482.0,140.0,138.0
657.979894529914,490.1498666773638,140.09622757176976,139.77500670563677
659.7745381266953,490.1449994116897,136.86197767140425,139.95560791229912
660.1833616481925,489.21239575306663,136.70517379572073,143.64415046557906
660.1934976773614,489.44566348321723,136.8700033592787,144.7989387492746
660.0869386841804,490.60630466945304,137.11010768871245,143.8949184649091
660.1015131939464,491.8707873592425,137.21616343943367,142.87954220211986
655.0,488.0,142.0,138.0
656.4018487966173,496.1966551392244,140.3362521357136,140.23141767249865
657.285585694227,495.71278537720536,138.04484853740553,141.43429680702047
657.0867609742365,496.60350532722646,138.04932381852143,142.99242717670268
656.9981466600501,496.3537356648767,137.9324391628213,145.64349520134328
657.1567203101907,497.71723087602504,137.73700662452381,145.2483203413575
657.5500137822905,499.4493543694075,137.36057802980054,143.4340463315482
654.0,494.0,146.0,140.0
654.2990395446293,502.23704303882135,144.49528425527365,141.75176427666537
655.622825579042,501.87786606918837,145.14010621475734,142.8787385263231
658.053594667567,501.3674383440564,140.25755215205004,145.42903049730228
658.1076183645812,501.452327708279,140.71364917295728,147.59802837138795
658.4468588649675,502.15824422961737,141.48151845358836,148.386904309707
659.2709205466575,503.232384346426,141.02319360859497,148.14516527231694
653.0,500.0,150.0,140.0
655.4584711274397,506.9208697545417,146.07870454004217,145.08253766129604
655.8887981767253,507.5804567546513,148.94981221903993,144.54412404158825
657.7446827439175,509.3776078473877,144.29655949311848,143.14935108524264
657.9420479606038,509.2741043062276,145.79785063119152,145.85936138375337
657.6244185277449,509.7131672466421,146.37985174489336,147.9980818758488
651.3860504274874,509.3803852269523,150.96067973504682,143.24090089831577
656.0,504.0,154.0,139.0
657.6532887834755,511.33250182106167,150.48386185139793,144.16242304458706
651.8324872202961,508.8783550877313,154.7750297804987,144.21070097402128
658.3364905278245,513.0850422871497,151.3326305576595,142.70332021779564
660.0665618589495,513.7815224798596,151.47801421428278,144.61115559859172
653.9853481144605,511.17805788806686,154.58778210822447,145.2888737858824
659.9168789546318,514.1155754812879,152.26511928590048,144.4503892096742
657.0,507.0,158.0,141.0
655.2947921690438,513.665608936742,160.19268142478734,148.00973043723275
654.7399468654116,510.76816069223173,157.54227334472876,148.93473299173866
660.2178173004829,514.9378472432745,155.916470764417,145.72013105374754
662.1151048803727,516.3666178229298,156.09938400250485,146.9023006125542
656.6963507034434,513.1382507836211,158.64179657066632,146.1903871626805
662.1512148248198,515.7086977327162,156.4093624870352,148.29781911288273
658.0,510.0,163.0,140.0
658.1063493828624,517.9841618805024,163.39975561826577,141.84926456199378
660.8029434647415,517.2456224014911,161.10230264331562,147.9645129711614
657.0889471683181,513.7509204035703,161.75166691819754,146.021593024749
662.7516454147033,517.147278424665,158.62889872356823,147.6154451616478
663.4779405751938,518.5044868995465,161.74679677395716,149.09973594519033
658.8322153615354,514.9689376712545,163.04790950130962,147.07369360742632
660.0,512.0,164.0,141.0
659.5597330895507,520.3520007467046,163.3808409838639,143.2236069122473
664.109341337732,519.368122631553,161.27949022391124,149.44310561129896
659.5365451731177,515.4562104836946,161.5038988284772,149.05711010552682
663.9127316497255,519.016822583606,161.01927999817315,149.32137434904507
664.3672902311941,520.3878901440385,162.99035873536604,150.87345710953923
661.0189329485684,516.8132333919966,163.36935411443574,148.74743463831942
663.0,514.0,167.0,141.0
662.4146041449367,522.5599435085901,167.82077671425031,142.68471858690964
662.3837296263418,514.3578132161451,162.8098444961189,151.05426431858132
667.0324673752294,519.6758916997142,162.26072440653695,149.52156843355624
661.9383329140082,515.3472886330769,165.5367942326916,149.06890014961402
669.4428987997649,519.436558668392,160.1088279214141,151.17537662038046
662.8271951476572,515.8105446343889,166.3551238859361,149.1593492177867
665.0,514.0,169.0,143.0
663.9810134789004,522.5817443916026,170.60589533363782,144.55144607121883
669.2991407363905,520.7670272163889,165.65860945611382,152.4563020528392
664.5430935116483,516.8336568836116,167.7407911809928,151.51414786692987
670.1702789174263,519.8999187250704,164.35367979067826,152.62073838829178
669.6162023501397,521.1532083149993,168.62372172111236,154.42797649355293
666.6715822719189,517.3544313546845,168.20481331375368,151.9427262432447
668.0,515.0,173.0,144.0
667.4395642485979,524.2251854079796,174.81793773231402,145.29348054002958
672.6564349618765,521.5278761192465,169.50391514017053,155.54534359161948
669.141027483372,517.3596090211349,169.70480633780357,154.176952724869
673.9290855634488,520.6648833686404,167.9598593236949,154.79812231589403
668.2180515227365,516.0877417451043,172.12554073528042,154.14481972034855
676.1743568187785,520.6597001225982,165.21324632926098,154.27294002286908
671.0,511.0,174.0,147.0
669.8407154772103,519.2916033160295,176.04983444261052,149.3044036023325
676.2293383348363,517.4401645556936,169.87975871430558,157.35564238518418
671.8035347515834,513.6209198412632,171.00942144690657,155.75449002801258
677.425182010302,516.1600123357423,167.12902802906592,157.19511722954462
670.4186740408277,512.3332847452048,174.55227949548885,155.00268507220903
678.5785444868832,515.6604027065594,166.92825684050672,157.88214283678212
673.0,512.0,182.0,146.0
673.8265564462654,520.1631592825943,180.18547295215603,149.47079383144774
672.4434843995568,511.7820540652474,176.56927503916847,156.6910583658887
680.0616451714575,516.5800958809726,169.8471179089106,156.87116118143842
678.4816947281045,517.1481117168832,176.5823492541217,161.27487907116392
676.6053307850507,512.475770669196,176.9136847187765,159.4497898462539
682.8963886341083,516.007425908556,171.05821698033503,160.33467350785543
675.0,513.0,187.0,147.0
675.8495238257401,521.3743325730265,185.00022052012991,150.51493414051765
681.6573923376245,518.2401988805727,177.52073040624123,162.9464233814506
676.5006215585777,513.7586149696867,181.73797416475475,160.6285712686365
683.6478558714961,517.591979811329,175.2723223667541,161.22919616622096
678.4965168217814,511.8662883868151,180.61656641888362,162.71502004386207
686.6195128957015,517.0795897278667,173.8714506942988,161.2972078526027
682.0,511.0,187.0,148.0
682.2251174331977,518.2433815563563,185.7710130835476,153.1607746927807
681.2360534628447,508.90713627896184,182.03710662512776,161.68978549278052
689.7431477872428,514.9126050721468,174.6479270548782,160.56574656526777
684.1667849984542,508.8067411109223,180.98934439729965,163.0630641944026
691.895018970294,514.3239199109591,174.52230881002026,161.63241601272148
685.1345466177718,508.97272786444387,182.57707641758316,162.21357355757823
684.0,509.0,193.0,149.0
684.4984174971587,517.2353591293111,191.64403297332,153.43096100382286
690.1387447865304,513.0505973043163,183.23713322481808,168.74876453275522
686.6554469986977,509.3258488636443,183.45409655126537,163.7833619258446
690.392626424948,512.309724975108,181.6218706653667,166.966818097717
686.6807034044682,506.93545949928966,184.24124060580357,166.1058927222756
691.0822245709005,510.60523114324513,181.52213139162814,168.88344618482455
684.0,507.0,195.0,151.0
684.1966684059594,514.284887002727,193.5556547620813,156.63826248439807
683.1686267558357,503.6788379178754,188.7053886987834,167.07808178143603
690.0733525697508,508.1411769050484,182.39777357401022,169.76439511697038
684.6724450307233,503.2824100301559,187.81430048860443,167.09361613662918
686.9695641529354,505.29141537964176,186.57373395697277,174.3715984603574
682.6386660556695,502.4399420081654,190.75480951075951,163.29033695511453
680.0,497.0,200.0,154.0
681.8891811854264,502.5642470909279,194.80808334000903,163.0430753993387
679.6398147488408,493.1000916736698,192.24580115470553,170.18766637230158
683.7458375174534,496.32281223080304,189.08269333814644,173.5891048221754
679.2058697569068,491.1940156048604,192.73278907629958,171.2805624920819
684.5426242754802,494.3693031104365,188.3737004263494,175.11176016748936
679.8823753318495,489.6398856832607,190.37333044931984,171.54594148135607
676.0,490.0,207.0,151.0
678.3212917054643,494.7284440413291,199.08740712142207,163.2848933885748
684.5674537996066,491.2722105367217,191.00505733559396,178.04912645837396
680.0765996507876,487.4339386083975,193.18391831610893,168.8081093064759
683.8668738445939,488.9116434265864,189.90223616411265,176.40733775595544
679.1855461653204,484.18573417574726,193.1195556780542,171.63953201215793
684.737636378643,488.02841706286154,188.9941337006976,175.75697545328285
674.0,486.0,207.0,150.0
676.0825622099528,490.43618168725607,200.42090130038787,163.51337567440623
683.9601726491285,487.24411600695424,187.22847854093436,180.1311944911733
675.6534189163503,485.3796240924398,198.4018224944357,163.3522194553109
684.914504109401,486.36898706721945,188.1182468219796,172.90440330901015
678.8432565001067,479.9081137329115,192.93525546979686,169.65149055821155
683.7095102007906,486.0613975311711,189.51108714533802,170.40551705218184
671.0,480.0,212.0,152.0
676.0822659456207,486.29564147309543,201.42660893927314,162.94113675632252
683.4206921253635,483.34693739960903,189.40338686811901,178.3832830043591
677.0367351673922,479.5906849584553,198.01250893395627,169.26961714576123
684.7249853724579,484.00421294803834,190.63229747133755,173.61031350754286
677.8705804720448,477.366866477093,194.83562275886015,173.7592892270536
683.6067275107517,484.46183732809726,191.80653981693183,172.98594027587768
666.0,477.0,220.0,152.0
674.1066891302553,482.3880918970781,204.0469690421378,165.42022065712717
680.6795051515671,479.94439377492563,193.76536458445594,180.80971843251064
674.097200435981,475.8634205044857,200.2178038559457,172.16304282695296
680.1412036443263,481.83140256777136,196.0301632783927,176.7998037850935
675.8330585856943,475.2662490966584,198.60201204782948,173.45063612917056
680.3340683362776,482.0058116292849,196.62089244115418,174.8724619803648
662.0,479.0,221.0,151.0
668.3623416574083,483.91840585551984,208.23610661857515,165.9287072848207
677.1524057601871,482.3334556383356,196.08817755954192,178.50262068034505
670.2977154727214,476.10871254592575,203.50410210531072,176.26319925514974
675.6881357082302,483.52890085330364,197.52027881514732,176.07328908424734
670.0016513474884,475.6800422791275,202.28547706020663,176.0909279624575
673.3320936114005,484.7490001204253,199.9321259086355,175.36693266008774
661.0,482.0,230.0,149.0
671.3151248458053,484.96260292105353,209.77476194888186,167.8561873962417
685.6085972928197,486.5515008747683,191.8136253379605,178.65453768980376
679.7692054312104,480.14315513827046,200.354701341995,173.11061184474693
689.1831644071538,486.4297657393706,189.91770503426756,178.38359015164679
684.0608763515907,479.7141683239481,195.86942366226572,173.65733704895501
686.8449133817927,487.6480127081338,194.79094881457092,175.28279693016793
662.0,484.0,229.0,149.0
673.9846491104636,487.1330174230993,205.7391064032936,166.46371545121258
687.1085564021299,489.13275149438186,189.91233989318505,175.91729196600772
682.0651605864755,482.20832711935554,198.94077266609497,173.3441854411169
686.8813958602796,489.14476393440884,193.25106959833852,175.03613961728774
684.4124270546968,481.17514330479025,195.528304443553,175.33048953771458
685.113421577993,489.7130351521479,196.0333958694864,174.00481222856422
657.0,489.0,240.0,147.0
676.03489203662,492.3131352490532,205.4706036068444,165.53052868925397
688.5728418333664,494.75936263318727,189.56336825033952,176.14361059145722
684.4164641747077,488.58132764107904,196.84259125230687,170.57586261901793
684.1828496279113,495.04727490386085,198.26122842461223,172.91338962490124
680.5956421531737,486.9100456073636,201.22631490021013,172.4850321670449
681.3532076861957,494.4792393384741,201.345018427608,172.34674609649272
654.0,490.0,243.0,149.0
674.0822198603851,493.48540143435025,206.79181404987276,166.5171726853805
685.2779190124643,495.922501540196,192.58061891437842,176.64590015668637
678.3240961979554,489.33214071000566,203.41571832810405,172.28370425003823
684.3548227263167,495.6423100400898,196.66417295607437,174.41128615375055
677.6608510653623,487.559674492928,205.12316345456475,174.31991608135684
683.343580404884,495.5398321358495,197.3270025067177,173.95062003449453
656.0,491.0,242.0,149.0
673.2620238445343,494.4385380107767,209.2108516238277,167.1062380626331
685.8446277259009,496.83406206911735,192.24727111871084,176.37919652367356
680.5055160856159,489.06954271833774,202.77818763843788,173.92930942160774
686.3870400319433,496.6930312442827,195.56554691609517,174.94232448878768
682.1441205311858,488.1357851817538,201.31167028399068,174.7447509467047
684.1847673286625,496.50365350459947,198.62593340111334,174.8015732927795
648.0,491.0,247.0,149.0
670.091295824298,493.8929052788633,207.01269605142988,168.41912377037056
679.2041261517697,496.55927313340226,196.3646469241521,177.47634974474886
675.6556750447951,488.6079631472886,202.94943467041958,174.55349588398747
679.2962943591729,495.07370377184566,198.05097136422773,177.43102689491593
673.4422550039417,486.6656913033262,205.6541086782545,175.6847728545822
675.271303931527,496.01298684644826,203.28149270374797,174.97509692093786
642.0,494.0,257.0,150.0
669.0331699773178,496.8274869943708,208.68206196863503,169.43932098755204
700.3753303116082,504.97317362261595,183.7006095878005,179.1534113029944
665.5678532985066,493.8816703261332,208.02221682602703,168.43100285777928
670.6342779834208,496.97236135379876,201.47394988782276,177.31678942609165
666.7389205102672,488.16739081125706,207.76950202800003,178.77048148581525
669.7231522755728,496.92316908625884,204.29689639184835,178.27791591269073
636.0,494.0,257.0,151.0
661.4306763430695,497.2615384054327,211.3194495199873,170.53383979312002
692.3597796160511,505.7143396332782,187.0708607378258,179.0859142481429
658.0171524064481,494.4140309305775,209.75094308707867,168.7929029479161
693.1185671501808,504.0572055960656,182.31271096831915,178.69252333097393
658.6400013904731,493.45736513981547,206.4481516681335,168.6206054638874
691.2704624634072,504.6465401534384,183.89584333661162,175.9012241279005
634.0,495.0,256.0,150.0
660.302317485739,499.4311139696971,206.74834250757158,167.09325488767558
690.8589950561122,507.16519028822086,185.78251790418074,175.60662538516908
658.1307170152827,496.1174367439312,206.17199697205933,166.5561600695819
689.0373862653646,506.20193109161255,186.74070140317338,174.30205629334841
659.1672392510718,494.6815798796756,202.59119005216758,167.3433881384817
691.1841925232601,505.70506377192214,182.68512593323692,174.73615387140308
626.0,496.0,270.0,151.0
687.0195789748532,502.1778306254305,187.98815334922347,172.8495144231456
656.492173806284,491.89180474358113,201.50768933285144,168.83188544669474
686.9388899331794,504.9285679019076,189.22530448829127,172.38552645303116
656.0310581498948,493.2727112422044,204.12183697603336,169.69111773392387
688.1985372640431,505.4750948709989,186.280348519477,174.3171091450231
657.2762203231364,493.88854568123134,203.14724437394034,170.30925248212588
620.0,498.0,268.0,147.0
651.4190738674433,500.0844952894595,205.75152920195933,168.81741836985293
687.2770501911197,508.00694967807885,179.0808226788721,174.54847765646832
651.9110178803403,496.71517588884194,203.59894273707573,167.90709164315786
682.5650427279525,509.1951384575351,186.62539745858248,170.11207342139903
650.6885264590483,495.9856833899705,203.15234432854072,168.0226052939206
679.1177827340707,508.8731129448047,189.31832708589639,169.51587543864662
615.0,499.0,274.0,147.0
650.145698028693,501.6984341164389,205.19183309108848,167.69421450043956
683.1934425652726,508.42050332577776,182.35445661426843,173.7708526027801
648.0555156788778,497.72236948739817,204.51368952603957,166.65510873483413
678.0049952821155,509.3871033394048,189.38870720758018,169.2607367770388
646.5116204235337,496.3706870169891,205.08711223154955,168.43118273486118
677.3938083051698,508.5601831198296,189.1334728913107,170.5166764411706
612.0,498.0,278.0,149.0
650.2790647410152,500.43752516603786,203.82267967937537,170.0884026292697
681.663407019007,508.54841150391917,184.16952057825551,174.3487239632143
648.7745866310152,495.708437504956,203.23302031820185,170.57477120832345
677.725414540915,509.16102055190504,191.61785434897342,170.70594940344108
649.6166462238998,494.8200790984133,201.56932035914542,171.17659308455018
676.306616683893,509.1583294300127,193.74347599567818,169.11414231084382
607.0,497.0,278.0,146.0
672.9139153403373,500.7723170821238,191.34283323759996,173.28865607381874
644.9125166056538,490.1840195557511,198.05453990323713,170.6140843576668
674.094859099562,504.7013607066975,190.01240135862463,171.2895974635461
645.3494975865706,492.4668512306032,200.4979644633977,168.7884223467454
675.347896714097,506.19535163006196,188.83593941093022,170.73410864256232
674.3925858100347,494.8519709242553,188.2177003894799,173.0972333800038
603.0,495.0,282.0,146.0
674.6176950554946,500.4845852044343,187.08380395914264,171.43268314703982
647.5967175071828,489.43436365489606,195.2758020386682,168.8628157398739
702.2868487969715,507.72704728516055,163.76528500041172,170.97545542629143
692.6613015139565,499.1762331815503,174.9802226256512,167.96819566411523
688.6298596617694,505.62514514910197,178.3686458897298,168.9891263264144
686.5302708876467,496.7506187805567,178.11103521816904,167.17966718858304
599.0,494.0,284.0,147.0
671.4829905327049,502.6703782663301,185.5200468114242,165.49811079032747
704.1238776453615,511.12286561164956,159.93623342352294,170.86903923193222
694.8981939939529,503.923875890168,171.72806026620606,164.17840380348218
644.0615373396811,488.15737959295006,188.60026588290748,162.62669368772094
690.9298227666714,507.16981097238863,173.93431343124212,163.56474872584943
687.1127499717159,498.6312094582564,177.84718693825903,163.85139317579558
593.0,493.0,292.0,141.0
668.0337651203786,499.07744639417524,184.2341934950664,163.0815997002993
693.4921257728546,507.8047081752916,171.70830002028583,163.64441030950934
691.0714640352377,498.7002227625343,172.64913167722762,161.57989910233107
690.0068878913443,504.5784786960867,172.73124004713657,161.02041970849223
686.7934913296549,495.1187997501286,175.25251259843344,162.37713767144555
687.6778636993902,501.67493723822173,174.31120161574177,161.3861535212887
591.0,493.0,293.0,140.0
691.3074134951955,503.71776889078956,172.05481388323392,160.67432899344976
632.055952846902,481.07288327722927,162.21710787750612,158.0526551213452
643.9870205523935,494.29868135512515,180.51692986301077,160.15748261359158
688.2669477345926,507.8045305574974,173.13964308334153,161.89881626602687
687.4669614285838,499.55775564860915,174.68299589325318,158.37707198342287
688.968368214043,505.019766843115,171.53545342631742,157.74129225686636
588.0,497.0,291.0,137.0
688.3073404704423,506.91174962140394,171.76535190628863,158.8661667237759
685.1575195577188,498.61952830923497,175.52585646836633,159.17331316611057
685.5418182522671,506.18313539265097,174.6396564336502,156.70303435934778
643.5900168342796,488.80752569842866,177.16929160714244,158.76224660412765
685.7792461149875,506.98260473810547,174.4199698274315,158.04251030951627
684.2968166001606,498.35798583509893,176.61313796673426,158.9901184298419
583.0,494.0,293.0,146.0
683.6043555136657,507.2762834625562,176.21709273710212,161.13404771008584
682.6919706196459,499.2980717480664,178.13626924205528,162.77975991882613
686.7941808852246,505.9783812795607,171.02383431175474,163.43973139069408
683.3622720674202,498.9912706088371,176.31126492517978,162.8532963769817
686.4776280004099,505.53783601453586,169.99243258196122,163.4346448700661
682.048469229976,498.20836576997783,177.6270914523193,163.99494012283446
579.0,494.0,300.0,141.0
683.7699311402821,505.1661285450698,175.08067148353575,160.65707293517926
681.2463258279597,496.9010539551732,178.03302930002076,161.06770031163
684.6667780617848,502.79066817075585,172.12064306510956,163.24174995277832
679.9493376815799,495.85529133320495,179.71467436108833,161.3259030626715
684.0145910622606,503.20624224446686,172.84458916004508,162.06195106171748
679.6811916152174,495.658394568301,179.49398279567504,161.4983334185788
576.0,495.0,299.0,139.0
681.1238778100258,504.94172909432746,173.55054766092053,160.4607577470913
677.7172023984215,496.60730201302067,179.62772065741592,161.4074983846599
680.2115710062826,504.44177797959185,175.48860319598293,158.25583880942156
636.8517091568983,487.00845186319566,176.4665195970215,161.26443501637368
678.1806327003287,506.10493599581594,176.9397695212392,159.32192442368375
675.8119461726092,497.6574010297096,181.1991325034378,160.41460355441802
572.0,498.0,303.0,134.0
677.287156030754,504.79338627113725,177.07454882983438,159.2573442587393
674.6794888979637,495.98905594807627,182.18341566695312,161.52604230203383
676.3363862203348,507.46098212494235,179.96875795982328,154.3684018389622
675.7524826442032,496.31273531203715,179.96670758028472,160.9789657793558
677.5295624177024,507.4395066523107,177.32912738523441,154.22502179301546
675.5894121320246,496.64082576375904,179.70835656476652,159.77927398551742
573.0,497.0,292.0,132.0
677.4923602124754,502.9464788641071,170.4498177062244,159.02175829816395
674.3699955223562,493.7679509263569,176.92025795967106,158.92827764852814
676.793523019136,504.8246387470581,174.69844950073366,153.42227522005123
633.877520577422,485.93436494702587,175.49146195195078,159.6614603766343
675.6569969696448,504.46488953551864,173.61589189450797,157.7522308541645
674.355912726211,495.13337959706996,175.6641717580569,157.3307607415967
564.0,497.0,298.0,129.0
668.0020297629592,501.25025758339336,178.62947942357096,158.33251230299481
628.5380264112969,484.8132027643321,173.18964858517916,158.90500592121703
667.6764435628143,502.37773685680907,178.60921186059022,158.9508403749129
665.6577552594288,492.4123663466139,181.7654772437768,159.35243770366424
667.6228403584125,503.26352347690704,181.05321617684922,153.78927258934232
612.3166391190862,483.012778418213,166.36929806987837,155.81302739641023
563.0,497.0,300.0,131.0
668.5832370611697,503.7124998231599,178.1858924664034,156.00332252206806
668.2058072864211,493.6956170452404,180.40632148496343,157.40434974651942
669.7606894327037,503.4188205246155,179.9051038747109,152.66822465268933
613.9103893564394,482.96151773543716,160.63531103069624,156.202270821012
664.9142444141064,503.4852461659432,182.2417021746844,155.50062340407362
652.8556184619702,489.5558267100796,166.85812861883244,156.78033421736654
560.0,498.0,302.0,128.0
650.7840046182063,498.877389212485,165.6802740538643,155.2791998237426
613.2894718970414,484.4379711579884,157.98532327702685,153.81687455775022
610.6149950592626,496.07120251535343,164.09382980066312,148.29930588469279
611.0568224959088,485.7143629510899,159.6147855696579,152.03113416290762
648.7875473783986,501.8952639285545,161.7407536540593,151.2274966934757
611.2326625852847,488.6149662667775,161.57636877423465,147.49317417317616
563.0,496.0,317.0,132.0
676.9285557866169,505.67349387569084,172.85257032718073,148.60308382695166
646.4889287090526,489.39806153566747,157.64755864507413,151.64208595882144
707.5976487185601,509.32328379147293,146.64585054258873,148.85236314350095
701.7766570828165,500.90671510419384,156.05409435878016,146.4380768410822
704.1551519949728,504.26438094914926,153.41093541454677,150.4947879869407
651.4003668849259,488.87431661561004,147.6456783454446,146.20066616755366
568.0,498.0,309.0,124.0
625.0734532434917,493.43899491873253,156.44183716042278,142.30586795835825
623.7627655998558,497.1915485318743,157.5250132629394,144.29138393598583
624.8491461934088,488.8099835167468,155.18899710266487,146.6060712407682
622.2052878601344,495.6211618819382,158.14868032097706,143.17704367172678
665.7578292383696,503.6059358297373,144.69117471689344,144.48110715310145
646.4022949507547,492.80363824224844,141.29285420495887,142.88038922095063
568.0,498.0,317.0,127.0
628.6608032957756,495.65309398163043,157.0880750125457,140.50646479142785
628.8984640475965,498.10454614989965,156.37135665128199,144.6819858093005
628.0408415125257,491.21163826733937,156.635383964599,143.98044728825005
626.8678259533881,497.7516114889096,156.25296762584003,141.72468703002733
648.3901798792713,499.2216727718717,143.81130351338243,149.3637523802654
643.4654151456889,495.12269362151676,146.0792562921663,141.18354307623656
574.0,501.0,313.0,127.0
705.9945584483266,515.6521636131276,160.12247312516047,137.61377796926524
705.1778106403424,507.23517904314474,162.58173753646565,137.92166011501934
663.2391026685164,489.48862382638026,136.19820596504997,140.68830689142249
635.5309347038942,498.42533923185863,156.65668413612138,138.96379444974662
635.6262332159333,503.42175731584297,157.37716015766387,140.9925568795332
639.0453698538295,495.80681973480387,149.95482164751752,140.82226887449656
576.0,499.0,304.0,121.0
633.5419051728616,497.1001818577215,157.08720202527593,136.4394776533195
635.870167381833,499.4423621249626,154.13591083184497,140.6094701131306
638.3941523157828,493.134493711543,149.64678849738038,140.22390434143267
637.8728174914932,499.2300684673181,151.10504716048854,138.74489029027689
638.9926288338092,492.3538018152226,148.05483745914444,140.806565049798
696.5003126946876,509.1336961197128,138.4780996140977,139.71067387988114
583.0,500.0,316.0,116.0
717.8022897436654,509.30908702866145,155.56417823753964,134.97156063055627
716.9100242574141,500.36553664867074,157.44426114176235,135.31380327366935
716.8071196493411,504.9432233732546,158.9046213052584,136.03585652383532
671.6601441693482,487.5733944279742,137.78669581750626,139.07031331401413
643.7872833732317,496.23421305597697,158.67272809918677,132.54832595797177
686.3900470158706,507.06463972249617,146.0848021190211,133.63587205895988
581.0,499.0,308.0,113.0
642.2845226963557,496.92259582660915,154.69711733452777,131.1434526646276
700.5590764370445,509.85102903000666,140.19045294675198,132.52874749242096
663.5487057692103,494.90834792643454,142.3557528811109,129.99176843464284
685.0099332984896,504.9214701959231,132.2124210094579,128.2270052445399
665.0782694309913,492.93138214175497,134.42033518469486,132.90653689925455
685.5272341879315,504.1124188454264,126.1591087395584,127.02731145657026
584.0,500.0,324.0,111.0
685.4658233452288,503.0454974658953,125.93155991811284,123.53598415314104
690.1006253236135,501.68495240365905,120.77857990329699,129.9340614623145
665.5584320346752,494.8401424137801,135.44487732165817,128.01204967178364
665.3461686660571,498.0596208130809,135.90027764694582,128.30145563433285
688.4867326573707,505.86559218651433,124.83789994854817,125.13457969974803
688.6986077122909,499.061284227206,123.2359478214945,127.43797052833588
587.0,501.0,312.0,111.0
658.7865094872523,499.5061343937426,139.69988651859558,122.49137979662294
684.9870927081602,505.7114076403125,124.48333437859901,123.59373159458914
685.2605905557293,498.9234960160229,126.61813388791961,126.07443767518794
688.7725113482384,504.87517320342425,124.1762317582793,122.26237562516934
656.8172089249606,493.7874117644824,125.60615424063292,123.21172313752868
691.0749238922231,508.09115804831936,123.11138180811054,120.24004181776968
588.0,498.0,327.0,106.0
655.2361703808449,493.1039480335653,128.72118749038464,123.02734002119632
658.7728730281772,497.147738431717,121.83250610683297,129.5995791074946
663.8895236886119,497.0397420092622,137.74591387755527,124.11429140519556
702.1837880103524,505.80800429993553,118.45636249409563,123.94194429615459
661.7469055879774,491.71373335567966,131.90572385353425,122.69188050438152
659.2899042648623,497.1041508273353,131.2460253773371,125.03945248156197
593.0,501.0,322.0,101.0
698.9654829842657,502.38543351249325,119.90807311867741,119.43639767586171
660.0690213942837,494.9647614834357,130.187316046844,131.68642264854145
663.5261913262575,499.3824056057442,121.86882735982908,130.09494076875296
668.9440429248925,500.53580866075936,138.62777668974923,120.2756548414527
659.7075939296702,496.87762720567343,125.36019018716786,130.74760972140166
668.7287876306314,498.9444010661996,134.55117686673248,120.0588751234568
600.0,499.0,317.0,102.0
672.9272840514132,497.0779045521813,141.8616860921809,120.4384119192805
712.4439201362879,506.79458281067673,120.8538165283303,121.3154749492478
714.2333633721667,500.2993597886193,113.86656261272674,119.95019970195926
755.8239297257662,511.71086545205037,129.05756823698516,123.67021170175224
778.5754522149762,506.99562292186073,119.45351551281317,121.07632684364518
782.4075696057866,502.53095999400466,117.68861648745735,115.4125080130816
607.0,500.0,319.0,102.0
721.4312272338328,505.60033768872745,115.01222975802455,113.06493631465491
721.3935216663954,496.31294048106065,115.11173235085846,117.30916659295076
720.9905190949313,504.62046410812763,117.01680134031824,111.6012446632667
677.8789913669684,491.7339773345375,113.6851297886601,110.93137994321478
722.0134861678794,506.7429792019602,115.69101107522124,110.77825032368821
724.475825870843,501.0843063070398,115.06432043427696,109.71166042893742
615.0,499.0,318.0,99.0
689.2263557363249,496.8475716286841,113.45172403065135,111.63092309342034
730.1905132283229,510.17228036294364,111.17959525879212,111.27354226537955
731.0639915912908,503.34506266119024,112.34010385871284,110.92227366500879
689.1132124349419,492.58868253753917,110.13989284052559,105.09036442595516
733.5156987699502,506.96773782377,110.5465745193651,104.13880620320697
735.7195370907577,501.1262738720336,110.25901115402655,103.37539421392478
624.0,496.0,320.0,99.0
744.5861875433808,503.4567894839331,104.55135620487715,101.32969965244365
701.2497812247091,490.86286768037246,105.74036824187738,103.04562200043961
684.9135473228155,494.3330231580612,111.02611678712549,104.15101753335466
698.7715894563971,499.5351008051701,108.45200989045725,109.41972144480593
687.3672788350331,494.74585535250276,105.25197766954398,102.37023403483101
699.1525495969614,499.29692893436027,108.2728506919542,109.34203045769164
630.0,495.0,321.0,98.0
750.0714814440119,502.7495554349346,105.2461490810731,99.21047569583999
767.6005804507424,497.6410076126558,97.78196749919346,101.42392889948553
752.2382105656862,488.77532610388766,102.98719721696818,107.93180541705556
751.829446775321,499.6961554050581,102.08515101695912,98.63794661165457
751.4676808704522,491.1112164064507,105.15129689966955,107.25408944517164
770.9025540452155,501.28497055980523,94.00760297326883,99.49759246919854
634.0,496.0,316.0,94.0
754.5041750904022,503.92054473848896,99.74289793214598,94.1592631883833
751.131035710212,499.28301872794964,105.46873951318616,93.91069800804496
754.1474777521566,499.56628193740687,102.25212654259803,98.54680663424426
753.782941365665,492.82047488506316,103.85104271938417,100.68252424383263
756.5329217055462,501.11008773061985,101.76744270289646,93.37040111174429
773.0697267307082,492.9791485626736,93.43747525862227,103.23981978103348
638.0,490.0,319.0,99.0
758.9488481082178,496.32010278612347,102.26482162900925,100.98142098810968
775.4925001572312,491.9312693450722,93.49170304700806,105.11119127542042
758.4749731018651,487.68751191630736,103.54820806309954,102.80516808902257
759.4824213231618,493.5825495439778,103.00457792296243,100.56317798833885
762.1634501217635,494.0005860223464,100.397896679008,101.67976108422204
759.7406194225264,489.4989925732066,105.0758184496849,104.00847529362045
644.0,494.0,314.0,98.0
712.0742550912926,491.555810192383,101.72420472966724,100.59481588835115
725.3096872925333,499.7437083283128,98.35623146798628,102.02242231425714
707.7450895285365,495.2369565186866,105.32660828202188,100.27231341160723
721.4835552348663,499.41272880082556,103.95106383209759,99.5654257818943
708.1165005561775,494.150015227126,103.73057293908528,100.03794296825481
710.980247075554,496.01992980991304,98.91212733305042,100.61593359470749
647.0,487.0,318.0,96.0
766.8942065158399,492.96017575367523,105.4294904332047,97.53371382037608
768.2470576055812,487.03521624861844,103.1415498658373,100.04064252243813
769.0304730019724,490.1646319536268,103.32277953255164,98.32199268493866
770.0539575209011,484.90379151599825,102.77817493379575,103.2874221913994
770.333522932485,489.5846585674932,103.64407818403208,98.56617228055131
771.336714353556,484.2908541291573,103.32956724601843,103.70532284752437
657.0,485.0,314.0,97.0
775.1840540130767,491.5209577742371,101.02426176280198,97.72998947014116
774.398412549369,487.0005589349839,102.6903910410216,98.41985887821693
775.6781694850037,489.70459884221157,102.00822129591813,98.09168239832582
776.1537884429526,483.1495754254812,101.56032434371991,103.55395734516776
776.8374275355673,488.4276354241611,102.32894110642519,98.1511455097936
777.4507920813771,482.45400411744765,101.43346152090248,103.53060538175794
665.0,482.0,305.0,96.0
728.5859554445951,478.9297262314702,104.67617834095506,100.90962027815556
726.136646706768,483.7577462669916,106.2907086252394,101.76017477894698
724.6573318154367,485.00349501898745,104.90161828271926,108.67005119908481
736.7533951965555,486.4228622871742,104.55409416684722,98.50159702702513
736.8701744556056,482.53138859555816,102.24228672537629,100.2279824953107
736.2937624089086,482.4325300055333,102.6739569008339,106.03746032266451
661.0,484.0,303.0,93.0
736.0285499334723,484.0940191269415,102.00571622846041,100.74137006698811
719.0209856152233,484.2683821485599,105.17225726402523,109.28133329372099
733.3119624816527,487.688201244986,103.82471610075208,110.64144980372475
733.7879913893701,487.84456964346634,103.16207446310409,98.43780944827142
774.6084575640762,489.4519183909606,99.75446588025147,97.9879553710332
774.4134115366193,486.0016704501513,99.84141031805791,95.15643669960036
663.0,479.0,295.0,95.0
736.673586864022,478.47026732358904,98.15018285117196,99.31392302705376
735.6964472895545,481.7157443509776,100.07342779215435,100.43277686170973
736.8929148673062,481.459723414544,100.1317770303217,106.69049794487364
736.2589752305062,482.44108767545686,100.14646522959038,98.84989202254519
735.9184621685329,479.9262915583886,100.78794697136482,97.78648898764732
736.3033134669386,480.4286027625832,100.26723867641158,105.38932413504801
670.0,477.0,297.0,98.0
744.1013650493477,477.6128602086893,99.26701514479771,103.53569212831098
742.9991509466536,482.57170977038504,99.36577212745306,100.64724595694588
743.0706589646632,480.33224103022894,100.76189067270764,108.58591462673155
742.5741846471107,481.624892050618,102.40861625017692,99.92891978729449
783.7937235665163,485.1541485446378,97.48535051935085,96.24248715130807
744.955348020505,475.5509492405781,101.25664726854234,98.6247678821021
674.0,476.0,290.0,93.0
746.3813313792849,476.8074401696725,98.62288985075577,99.97059469513073
747.7278730881028,479.9267880437542,97.35808240935285,102.3153750386814
746.6661194813569,479.68004053431616,98.66373324080632,97.47649714837735
749.223366830244,479.39037821527006,95.4309431148182,106.46496858010198
748.0805004215687,479.93778734398165,98.607356300829,98.85171516440232
749.7462458406175,477.81428140059484,97.62335655301456,106.5465798196227
684.0,472.0,284.0,94.0
752.9034361007546,472.5758210975574,96.39787811458086,100.36541864984008
751.7102920932441,474.74171241112276,95.7349245813109,105.01978456749691
750.6005256422382,475.19253257265586,98.0879703315236,97.73823355257991
752.4446406277996,475.5160740143905,95.90243361911257,103.966060335429
751.2075447805612,475.24098127340153,98.19752588361735,97.87732542650792
753.5662460079179,475.28810371564214,95.77209069181254,104.65042471325489
692.0,469.0,269.0,87.0
755.3430847152695,467.86843194407084,95.08001298188265,98.8524717868222
753.4953284176456,469.5490749621423,97.33142677426554,103.16940973644944
753.1662718037933,469.5001981247567,97.96308041754446,96.33634226814365
753.7621070648528,469.93166326833216,96.40627736772024,106.13098710326403
752.5430050447806,470.51601360874463,99.74662701781472,93.67908068088639
754.2157677984335,469.87071085684283,96.4398552167853,105.25997709700596
686.0,466.0,273.0,96.0
752.992956831268,466.5441575515449,95.16875643669823,105.55249350539725
759.6203971591485,472.26652322287055,104.07622253177237,104.56886924262358
750.9772194644763,469.8900603867619,97.19281013683712,98.93491711508
759.0035159754061,471.9765058271464,101.513066011501,104.98951257515307
745.1463050756283,468.8745282027162,103.65715267488804,101.19802748993993
746.9586401208318,470.21967452449553,101.338375619477,104.25827275699419
694.0,465.0,262.0,87.0
761.040480418179,466.23059592815764,107.38343770134338,100.30277158912259
753.7639945917142,465.82477121142676,96.66826354075954,105.63928161242768
755.0757599071728,469.3510706012021,95.38786144938308,103.05512078708762
753.3995601400733,466.9475827158916,98.20750868887455,96.55593555033113
754.8072251786763,467.2793089850046,94.75865155661324,104.10883709795155
752.639214273884,466.2661871570849,97.81444017154513,94.43249368225395
685.0,460.0,264.0,98.0
757.2261197250309,463.41920520232657,95.22114460795797,105.05108951658553
756.7108532782967,465.80361347066105,94.72350816702885,104.19213423649671
762.1345304668969,466.7419906869047,107.76091254691164,100.07334089022572
755.616063649139,464.6957873951782,94.00280992400167,102.20351217833866
754.6628561151966,465.7317310479424,94.49396577647747,102.3094131896114
759.7825821037568,465.7585305430837,108.40318972845853,99.25584419965787
691.0,461.0,254.0,87.0
756.090426480975,462.05194438697595,100.96840627506515,101.13123428564495
755.9324143964168,464.0156344678812,100.97478401051694,103.93826285152159
756.2239469607905,466.6832698885588,101.44288544531537,101.41365230669135
754.6829800554576,463.0406842108599,104.99173048049238,100.65425248595727
754.8900119950345,464.2683230536787,103.46729511684543,102.4926738442474
753.8931302916285,460.7837519415991,105.35409077513282,100.92184934053057
690.0,455.0,249.0,94.0
751.5535864587571,457.2552016492594,103.0889923824559,105.35501180102818
750.4150523924336,459.72819412899446,103.90172613810353,104.95317179915548
735.5390245712865,455.82215856735,107.11230607099492,101.6115430649993
749.2487534601581,459.9878363430921,103.66737420305344,104.92194013718517
748.6601472621219,456.762510865555,105.20006410338056,104.50274569923351
747.6602522655983,458.6355280852265,104.53524000842094,103.95117961706205
686.0,453.0,242.0,90.0
744.5118008495556,454.1364028506973,102.80391361082411,103.0603709372499
744.306358521013,455.33270675493645,103.65338484939298,107.24614426590483
744.2144172457952,453.0846310060656,104.81708149012547,103.80909584992992
743.2843279989419,454.5247623418975,106.58398710642552,106.22497977689704
743.7275001584185,456.49716005073526,103.62171692438528,105.04382197887116
742.9566179722143,452.45381779113495,105.06688898899108,104.27031200445981
680.0,449.0,235.0,90.0
743.5231955305662,451.6342428011304,106.61958151690055,106.04545130632823
734.6798821247583,451.59064502692195,101.4761915082504,105.37134207603515
735.620955432705,453.26376214262564,102.12771545439762,105.19139766586886
734.0293013653904,449.88476712005763,105.23467091965222,104.39999813264228
735.1767906400298,451.25170090252914,103.23340614060214,105.21134813924596
742.8304517097708,449.89499580359416,110.04767854455588,105.28050209575372
676.0,446.0,234.0,95.0
739.2574375857948,449.41461900365937,103.27548966662835,104.51619800227832
737.5569373070862,450.47592822525644,104.69638383136521,105.61585349403163
720.3530461473674,445.94347386584343,113.52210933469632,103.98615034451029
720.5584960422634,449.9920727740698,113.23657330549281,102.41343350768898
720.5347552968685,445.72510106466734,113.34229226151865,104.70134483165248
722.0180046397286,449.5302848697063,108.51852510897425,103.8907782149879
676.0,445.0,225.0,92.0
720.7082716623759,447.703112712548,110.19760195622302,100.25278378074961
723.007569046209,450.3424614720717,104.07971391640694,103.20063068248317
733.2297468454512,448.2952349563965,107.52317467734201,103.35819133762095
733.6793494667901,444.50992563817,106.32278831265614,104.84757823857251
720.8107496108389,447.60691176804175,104.65728592350854,102.63362351496835
732.8632474904955,445.4964060196187,107.11086034845084,105.17555101274593
670.0,442.0,225.0,93.0
713.9535703753645,445.91719491089816,113.35112476084032,97.42338369903587
715.4156264561307,447.82559771460507,107.38538950050975,101.44576153364227
736.6193648126286,446.3626019910853,113.4892000123923,100.44241633194724
710.8524282998983,438.08857711148926,113.16512840810265,102.50789330193118
711.0785614517747,445.2228474384008,112.89062728708473,99.26285896845468
713.4995217412161,444.92587769374586,106.11068619686534,105.31061259503144
667.0,442.0,219.0,87.0
710.4671564712958,442.90428071977703,111.56750751217214,99.23091085907174
712.3075437701361,446.10844843587154,105.06587204474727,101.17259945735725
722.6642758560511,443.1946230084195,109.13219733260291,100.25700773666699
712.241869935789,443.74407699941264,102.85521354406285,102.03577847436065
731.5590666484859,443.2450376254201,112.38741117509926,99.73571509311705
729.7934370157436,438.1582949023592,113.85017685791695,99.45188341526693
665.0,437.0,213.0,91.0
705.1707794335566,439.7971462374908,111.82768813629878,97.95392043071433
707.2277684496564,442.26223859636593,104.2863356286839,101.18933332647885
703.489875282753,438.72174174084273,112.57956153392115,98.62660486623929
706.2583615411586,441.354425012599,104.53866835285055,101.47657123412978
702.9569289612664,438.31218467688257,111.62671904365288,97.46708266742564
705.3293074565112,440.31435032840074,104.28980265445603,101.2345070006225
663.0,433.0,204.0,89.0
700.7858461810852,434.6758175321593,110.76488632279825,98.84845753298578
701.8376157108269,437.78890633425215,106.55902802747005,100.20336167960363
715.9253989941782,434.87037400861936,105.41556426951786,98.39887528006057
703.1681308845114,434.05865743394315,104.03932560803764,102.00242833853417
723.2535844115191,434.4552863268332,114.54129436048788,98.49763624023421
723.5124925022978,429.5477736032657,113.87746615162087,98.55484434758284
664.0,428.0,198.0,90.0
699.5649383197422,430.3232362372162,107.44032024234434,97.23872845630694
699.0964012134691,433.50350714403606,105.3747635960732,99.14781676242973
720.1794972989642,431.1829655884367,113.60050238043436,99.78666889702367
697.5755800438048,423.18052019335846,108.06096062234565,101.23951829933253
698.7408453139831,430.33655779082187,106.33466857404756,99.01860965917012
698.5745676169479,425.94185303569225,106.56181855732768,101.04651871230612
662.0,426.0,196.0,89.0
695.1226502242075,428.345892194714,109.12123597814798,96.47643793099542
695.2608993409242,430.8597375096424,107.65922724087989,99.04422028394401
708.930170657367,428.42717998507715,106.10892291380674,94.98882333727443
695.9636286809186,427.9986757245979,105.61319530348635,99.19605734029847
696.4486846338057,424.42030833946137,105.839739981006,99.86056772031725
695.9534531007441,428.606982993085,103.54850484229655,98.61112211052978
657.0,422.0,192.0,91.0
689.8212249990568,425.22139986001275,108.20394761193825,95.59582729122712
689.4905370773113,427.02888524064815,109.10947439238225,98.90152257237901
689.9983621440451,423.2980809909965,108.58691978798834,98.99058984311671
690.0098110144627,425.4640444660794,108.62027438562018,100.87512332718529
689.2377566396437,422.31283153709364,110.91834140594415,99.16200048944393
689.8049252053961,423.94496109321165,107.45138811503432,101.75476408694806
658.0,419.0,182.0,92.0
684.029417159581,422.6954898465241,112.0387867980462,96.47436061281837
686.0499938945682,424.43534216621606,110.58916391276762,100.61001189276362
685.8158071558896,420.60310341488787,112.02261006253025,100.61241163739112
687.7192664054361,423.356739704177,105.76207661006788,101.80560344961123
684.913076316034,420.1570937733866,111.39626042849022,100.62010254163897
687.3003404620908,422.6377317493999,104.70154503251229,102.1089905040269
655.0,419.0,177.0,88.0
676.7757149127865,422.5664903023862,114.99875244194118,93.39825530572853
681.6362287839302,423.80365852716875,109.79472210697622,99.4663098742916
681.4634050741095,420.2095709160267,110.22359423536989,96.2458025247231
682.8687454157814,423.2643745012241,105.92640321722365,99.05092954893814
680.2850661705565,419.6361850719559,111.06903102207525,95.99188959486355
681.7864066881507,422.59686796897364,104.97912864339423,98.69722110084234
652.0,415.0,174.0,89.0
672.7088014117908,418.7809525745465,113.18190409219824,93.26615299786829
677.5131489183359,420.1046712532682,106.51914743183897,98.5795386807174
678.3401438455096,415.95132432629396,107.41096010731826,98.44646988095121
679.9217957023116,419.2833860297838,102.38612099409556,99.16560319455442
677.2618138959042,415.6618391696652,106.34736864848219,96.95304686670283
678.6393020329381,418.2278203196259,100.62645680290234,98.8052796975714
650.0,412.0,167.0,89.0
669.8915395167371,415.2335908607811,108.27399444374555,93.2225339496099
673.2704928273038,417.20394163612593,103.2964324816594,97.03751837335551
674.0724553246027,413.332270794479,104.92428079825822,97.46014475820061
673.6021134651719,409.67508681589186,106.28646400859634,98.14303590586815
675.6574694726946,415.61741117232816,98.55805371709357,95.69760867720447
673.1997168748277,411.72221796613303,103.74107834646168,96.50575025103251
643.0,411.0,168.0,86.0
673.9897963479052,414.664042511973,105.95401430059667,92.70410448482528
674.5136438044594,409.4450392259563,103.6898130631314,96.6189069497787
673.578721629302,414.9272895481049,100.05943879854738,94.58504443843037
671.1685964706287,410.5935078383907,101.97258720290392,95.95256935268469
671.6792653761959,414.86178521278,96.01653009729444,95.10578840826565
668.5126316425637,411.44197177122953,101.51042113315566,94.51182218532102
643.0,409.0,160.0,85.0
662.5205049929476,412.25259645618416,102.38076388788465,89.775617920071
667.2066463496917,414.1826301257769,97.01996745813358,93.21358974899647
667.1651559608532,410.6184247531314,98.43791018332706,93.1941961238237
666.8314549418714,407.08497870855126,100.62639263019253,94.20678681987431
668.7827702279565,413.31297380208434,94.49637542398386,91.20835006546758
667.5369958969135,409.465762138901,97.31139794482522,92.79379841095061
639.0,408.0,153.0,85.0
665.8788052540676,412.11762587895794,100.87888426081281,90.33681810196879
665.9924272090116,408.4387651467,100.72035286083008,92.77597372121659
666.7993512091748,411.60084356319464,99.11121108579664,92.48997452738115
665.1635208168677,408.69692225708127,100.88224445917876,92.46678453876518
665.9667090977559,411.37130835736036,99.01193467442226,92.8786962669426
664.4670047685527,408.6137779465563,101.02693986204349,92.66394256937576
639.0,405.0,150.0,87.0
663.303076221342,409.2687638373992,103.77087630607548,91.54773237629126
663.4226286685216,405.0246555600572,103.72382220151667,94.84997561606042
654.1538814439427,408.75484354178343,99.24203860951275,92.24389519426882
662.859466017489,406.75773562784116,106.17723304964875,94.15716440108645
662.5785203857051,402.9429213375456,107.49925682110666,96.06476317392952
653.1730274608257,407.89351879268975,99.87674825002182,92.0117926285352
632.0,406.0,150.0,83.0
656.1602472368777,409.57991235242616,105.1471115990098,90.83300054952292
656.463213983714,404.30649939141404,106.21299651447634,94.6009210225975
656.6274854495277,408.2138309253049,104.61846302615231,94.43342511297311
656.0110641890012,404.3845566714035,107.30457785733051,93.95639955660613
646.6899680465125,407.6821103776995,101.22789580614233,92.4562511662009
645.6690861519482,402.5483699574195,105.48219849021507,95.6059266032313
629.0,408.0,144.0,80.0
650.1889357586892,410.39702306824427,105.37621725396616,90.871884909904
650.9740330865664,404.89127401957546,106.45849702623923,93.6292959741408
651.9658575049241,409.17633545455624,103.48990470907665,93.37414123149188
650.961770972679,404.7722215523743,107.71875812311191,92.93151223075483
640.1927456484088,397.8491366728749,106.42509504725058,96.4712675831413
638.8556269208143,407.96709588335307,110.50194959224427,88.82044035217768
623.0,409.0,135.0,79.0
638.8434414030328,410.2650820045892,106.21258710464758,89.96991155077558
638.0168696943126,404.304648250388,109.23271660709202,93.68797137431943
639.4686015194311,410.03137140215983,104.50336647304357,91.99257748136824
638.8718859417331,404.9805462052525,106.97103066648924,93.10183162354656
627.3664500718564,396.91819951705565,106.28682361346932,97.9489531016643
625.665872902177,408.6105270248361,112.03757459031749,88.50525167771525
616.0,404.0,138.0,81.0
631.884789043389,406.76242150684095,107.87827327488867,90.76582157226358
631.651659563149,400.67742707554623,109.91431478147274,94.58108761100868
633.5009439328473,404.9696195476192,105.03378706800231,94.49737226487508
633.0494332135077,400.6683014028572,108.39349128776712,93.75037725585105
621.4888238101346,393.05781067863563,108.5842229424236,99.67828865432864
619.2248425502094,404.4027547820863,114.18614963865639,89.73259823512751
613.0,402.0,125.0,82.0
620.9879344594137,404.81203424493856,108.87346835041353,91.33022570327012
620.4584377479296,398.39820652920184,110.80431760376632,95.88605712353399
621.3456929542444,393.4328518205915,109.51506833825988,99.25959062848068
620.2778045013683,403.0171666299343,108.1910939549266,91.52917163160419
620.9697269607459,395.96912778690194,106.91940699633778,98.25538359370182
621.3634768912598,402.8094235351782,102.2019154369791,94.0976081768415
602.0,400.0,126.0,80.0
610.2216960992005,402.42925641468105,109.58475355943256,90.74128039969378
609.5156567121944,395.65016196730335,111.2357550211027,96.03530507139465
610.9497950635982,390.85531345410436,108.8633647507504,98.92392804498922
608.888497110067,400.16900294458287,109.90339846018742,91.66580786237421
610.3277598765751,392.8006437007914,105.69040035402531,99.17014686849814
608.0121339823272,401.81521173836245,106.48693569642455,92.03262743414712
598.0,401.0,122.0,82.0
604.1075522715128,403.53629296296276,110.26565155710159,90.46869746013544
603.0124153065385,396.8346365447903,111.1245395753856,97.01212261224526
603.1274062025732,391.5448813670712,111.38126472409931,100.84839816248905
601.6804230209286,401.88450394669496,109.77802250480124,91.76531540797862
599.8570438294969,394.7940862671968,111.6403953705003,98.70764118044377
599.1157456958535,402.83879144639593,108.87150624151332,92.86687817349559
593.0,403.0,116.0,79.0
595.5955548427187,403.802844976856,109.66599051066237,90.67686808579424
593.3501462507438,396.5293830310659,114.49434794908302,95.422764527308
594.7520087922303,404.1108232793307,106.64413781509188,90.93873758819484
591.2836026762725,397.3091952969471,114.31547236722145,94.60516857958032
592.2782951959543,390.80746681089124,113.18672664627411,99.9327446496311
591.7669636874534,401.80151903084607,107.95234651834528,91.59596871340227
591.0,401.0,107.0,79.0
591.1141491806047,402.7015674025388,104.64913715833677,90.36991101721378
590.7763456347657,395.7941132381401,108.1596829696673,94.05853861098592
590.4175460695546,403.19691898416283,103.19214457867679,89.36572220696723
590.3051035386145,396.3707190973946,106.32581883719672,93.09103710290253
589.7888783402391,403.59321853507186,101.76246592561552,88.51879789465943
589.6635122925102,397.2121474281778,104.69011496434337,92.02562049891884
586.0,401.0,108.0,82.0
587.6118981834748,405.02238038870405,102.57279492754037,88.073051653113
586.467135668194,399.29356057733185,106.32565116459159,93.32368484219546
587.2276277625826,402.06268048279014,101.08106656137625,93.65417839316922
585.1088852147259,398.92061550429025,106.59651697518962,93.79654157987216
585.818360945967,402.43107526684275,100.76625197080921,93.2544341112091
584.8902078553979,399.0696481814939,105.07832884511208,93.80411957790193
580.0,402.0,106.0,79.0
580.8108964825119,405.2294760197151,101.61201720447275,86.95099995740247
581.2366013898735,398.59309312735115,103.51569963311579,93.28006061271299
580.2872835358025,404.8302408621348,99.93396657069582,89.09517944026447
580.5606498255966,399.6933723816842,102.74710111970217,91.85991725327261
579.875733404222,393.9162110586641,104.3989254805706,96.35601444135813
578.4709869443659,404.2723421127257,101.58009592672158,86.48771476268394
575.0,400.0,109.0,80.0
577.8002731510132,403.94353872403644,101.3979663046166,86.29135016954206
575.4376916397105,397.21986828225283,106.191717607805,92.59391396670361
576.5719810819355,392.2940431743539,104.28650068289426,96.91728568569931
574.344486596558,402.6600422051938,103.81073404743142,86.59300404898659
573.6532962019323,395.02684914315705,105.96006382932592,94.71441015887478
572.7069262181358,403.7255503030797,103.44900128813185,87.1076391063666
572.0,402.0,105.0,79.0
572.7937474217088,405.12673308860667,100.94989028365399,85.70235481027999
572.4255030474985,398.1372638222874,103.24391507719906,92.75195575441433
571.6367820534488,405.41982154970765,99.65443043500636,87.14845878804454
572.9263347664054,399.7621526864866,100.59536509906081,91.08567858484503
571.902766543318,394.53259831198284,100.84342793366636,94.87857262908256
569.4942197527471,404.65131608719787,100.30969303174311,84.91049562178262
567.0,403.0,103.0,78.0
568.0760073355168,406.7162085847741,98.67957723345796,84.28257385849258
566.892514700111,400.35091626604844,101.16285764229087,90.44076297972197
566.2062762283404,404.92622606716395,97.39985797367535,88.18783518839564
566.1000901624889,400.5921370829567,99.38442218815771,90.03275367444246
564.5466267463053,404.4623194210926,96.77160790597918,88.65349181164311
564.1059799272953,400.5856751775964,98.95927864023906,89.77604876282783
567.0,403.0,95.0,75.0
566.5557502072829,405.3302738018733,94.3568072158995,82.78084079723749
566.5607571160931,399.1442165353959,92.42438781258397,89.18703278130437
565.1578064881069,406.70179903967824,91.83083373346972,82.58754698067719
564.6057720755143,401.7227450853352,91.45908796457866,86.23969176333344
563.0300869543862,397.43916662610536,93.27668153673221,89.62839463316618
561.1622384277575,407.1764649350887,93.20410766249836,79.76932888756824
562.0,404.0,90.0,75.0
561.1550699517229,408.0279961373004,89.81356983044861,79.05614604897085
561.9477646304821,402.91003850047673,87.02073042918767,84.5759568854561
560.425267029465,405.7896381425412,87.3526040649715,83.72254880609034
559.4070892528002,403.79497993486257,87.41311402656424,83.26231783622438
559.1466449863535,406.45818428642156,85.50935921186078,82.79770305770853
557.7093314349534,404.48526319115444,86.60191768224195,82.2881904257091
552.0,403.0,93.0,79.0
552.7071392157477,406.6680423952546,90.17918168445453,81.77032897265644
551.0789952481155,407.39264302717095,88.86503293652254,82.93235858590253
548.4755859834977,405.57136204816675,94.73129799778053,82.198725166749
548.6690340884488,407.15537369235017,89.77382832709043,83.05191158370644
547.6338429324367,404.8177281775172,93.3600309234771,83.28580460900105
546.8213980597559,406.9092546041684,90.20589099496806,83.42083333877554
546.0,405.0,92.0,78.0
545.383481441344,407.81788840512695,91.3101393414023,82.28491020051592
544.1620092915018,404.62373649032725,93.85176676112565,84.3456129860744
543.9444148075481,407.8222092740714,90.370500578578,83.34508401372909
543.3256971326869,405.13680987233465,93.21163944474938,83.98958954514785
542.6118323194141,407.9086019436072,90.08802053665954,83.63342215640523
542.2690341529365,405.24908942304137,92.6465505118581,84.12284206144409
542.0,405.0,89.0,80.0
540.5740839989107,409.14945951899074,90.723653692075,82.35749692018555
542.2280579794813,409.19445236849117,85.6036761687501,84.66732574040554
541.1219697707256,407.4850099019495,88.31018468829734,83.46014351098665
541.2761542134073,408.9730129528573,85.54682200680088,83.5170704123866
540.5647429329181,406.66075281138774,86.88112315700039,84.72423448407073
540.2884027236246,409.41167703231037,85.13223498403272,82.74255470425345
540.0,404.0,86.0,79.0
540.0813330154992,407.63927907595337,86.22576513380295,81.55038348515745
540.3185464270082,408.07428954413047,83.85369609931377,82.79055536982867
539.9589667750671,407.0128717868147,83.57582769145495,82.15037088172323
539.0250660980146,407.8160680285695,83.48314461926475,82.42043305354798
