780.0,310.0,90.0,91.0
775.4105318337679,319.55403858423233,87.83962815999985,92.8355408012867
769.7625616913488,326.0864717652004,88.76970327375602,90.64042817683986
765.637607433654,331.0550828356463,87.39757723597904,85.97918312239835
762.129338107671,331.09443281690346,85.80936277526803,87.90686145756126
756.0865507714852,329.13021825703527,86.11896153000862,88.92969388831239
753.484958018724,331.0855327262336,83.46698338668898,87.08473761681671
746.0,324.0,81.0,84.0
740.0879059867425,327.50569306143893,82.37106069147103,82.85586907689435
738.580965877725,324.9904539967397,79.94373326120535,86.44381956988695
731.9284678266058,324.05160631451554,78.62944603711048,80.2335965776025
730.0790657136749,321.10028082426106,76.88921738426416,85.65572722707657
725.7031331095986,322.1410820279243,78.86290603302587,80.31599877590452
717.9069838513287,319.4830752630014,81.48011880959257,80.17899676569982
719.0,315.0,73.0,76.0
713.7130909709072,316.68883426648904,73.2579772359793,77.15754382689215
710.3536595056714,315.0478514333563,74.57499865633895,75.95329148371229
703.3785076127579,311.9888048311791,74.14387883922643,74.50544337004749
704.9106621481819,311.1478119035329,68.48460986341661,77.25989119311453
700.9683045646257,311.63764548666836,70.96542795756659,72.01565517926616
695.6940302483126,308.6547813113218,68.56290969064321,70.90707215284863
695.0,305.0,66.0,72.0
690.1801891662144,307.52920517278216,67.80523955556555,70.53984047965315
688.1452721143127,305.9794549430819,67.48751487710217,72.78957589258209
685.3824404080273,306.12783352294787,67.49534000029928,69.42177890761633
680.4243600862173,303.77263450444,65.28291498954445,69.35146102144995
678.367131206124,302.9356217893678,65.15083896911688,70.31393579233804
675.9208719834043,303.21213674137607,65.13143990239894,66.84154523615734
675.0,297.0,62.0,67.0
673.2101772474864,298.81963948047996,63.18038422802624,68.45967937151181
668.1034473441523,297.51541879359365,62.09256105904842,67.21494034003229
667.8935086289387,297.35552825962327,60.03900120236153,66.69269657692269
665.4381909942887,297.4406668086149,60.568525244595435,65.5225739746852
663.5619295416066,297.3797493446116,59.85960616373518,62.42393679734835
658.2200824665847,294.86569543287624,61.29721086211066,63.94265458157611
656.0,291.0,57.0,64.0
651.7357748945078,292.13088002345285,58.82162661512882,63.61377073445658
650.7024690475685,292.0319932135508,57.40325041337178,64.08137672228668
648.7058569300611,292.24400241657986,57.38076676316723,63.586131487107195
645.9769822862945,292.7058879924989,58.2333072516376,61.870789997681186
641.1428002058296,291.08450855086255,57.927314558305284,61.09562887009815
640.4476504342722,290.8553610165927,56.21720278074531,60.93571167317805
638.0,285.0,56.0,61.0
633.8132629993647,286.21475674474095,59.61546366554876,60.8441260169393
634.0275937745971,286.0974778791958,55.405205278006406,61.20330138806196
630.8632778955919,286.39967926354984,56.96171629755804,59.95007327886378
629.3788092067261,286.33546447630033,55.569721721115,59.43558835044428
627.2477351551131,286.23681438835774,55.427923686723034,58.92120900637747
625.3877283370498,285.8577070658622,55.058358369207326,58.63646613408548
626.0,282.0,52.0,58.0
621.4926742271782,282.7535245461371,54.44655957723353,57.99293931762554
623.9015785983158,282.71309945094663,49.39222774074301,58.39312878490091
620.8522722408904,283.0602945427454,51.98767073522845,57.736816406861635
619.2753077307013,283.62437228642784,51.876041801328256,56.12839281005597
617.845308352462,283.55493642306465,51.41342717178793,55.67215856028906
616.0663827225271,281.6685097786451,51.46976212204572,56.46857436691528
615.0,276.0,48.0,55.0
610.3023201378735,277.5381381112484,51.61514725608754,55.038740659329505
613.4140794438158,277.6000375904223,46.00304138755928,55.06477636420141
610.2028749420232,278.1796406591611,49.51743990289799,53.378057222460484
608.624393830014,277.93363983827703,49.31875795557062,53.051303130799056
607.3621690645095,276.73028636550225,48.83054492323845,53.74822804264204
605.9675675938147,276.63038167193963,48.572925645783016,52.87278111454134
605.0,272.0,47.0,55.0
599.8995045482238,274.7243983497651,52.367084767075085,54.22162677960057
601.6949776845308,275.02673413394905,47.18165715708665,52.77607974732064
600.4689240431469,273.83662030428445,47.2329833605379,53.46622350624352
599.1684142811852,273.2534225595889,47.235297129199694,53.09913310762022
597.8907418915423,273.18699333768063,47.09627774359706,52.137442373981344
596.8539106986885,272.18840626850533,46.588010779711226,52.53444522669474
595.0,269.0,45.0,50.0
591.5332259759109,270.2520708967286,47.13159964362774,50.57735366007546
593.1990004220056,270.44224050633215,43.29548191426966,50.518466113707404
590.9480366531889,270.95135083369314,45.30965390885558,49.151465239886875
589.8578081260611,271.0232364488354,44.90545922677677,48.67816145925747
588.5643023262044,270.4645736252884,44.680966747941284,48.90289820830344
587.4026765407693,269.0340990344507,44.24558851138636,49.78964985701782
586.0,266.0,44.0,50.0
582.2105653104716,267.75538879192254,48.24317948563271,50.13239892522677
583.3088454965682,268.6682489388595,44.25655779940371,48.09611259750284
581.9943362925378,267.2067190079505,44.12493579864986,49.500538278502404
580.6959450462614,266.99235349702803,43.994334896172404,48.76085102819343
579.5911343416285,265.8937656561079,43.60240941326788,49.25902681152411
578.264272336567,265.85118948483773,43.57568118002291,48.242579198937165
577.0,262.0,42.0,47.0
574.4855767712174,263.2451748781259,43.176791699737805,47.033184096055265
573.6560791194263,263.50468713068494,42.39151326978913,46.86918034932819
572.3185227264,263.87700785138804,42.44518151821808,46.40258531622612
571.5911335519555,264.30025569090526,41.783632121957794,45.39781330075823
570.587397092381,264.37510189429577,41.491436878988,45.00642067862054
569.3013191354804,263.6154272216619,41.374736485864446,45.5359745969663
570.0,260.0,41.0,48.0
565.8610302911216,262.9909292315681,45.231078881728536,46.52665483614754
567.5398627425898,265.05796430405337,42.1431806100577,43.847755611989214
566.4449463500137,262.2116072763497,41.479558820362854,47.05221048285921
564.8196170612327,261.9671287073545,41.90262411014555,46.17484166716963
564.1334572452221,264.0555501608035,41.14057993727272,43.35711139765749
562.978249354031,261.251999598132,40.7587049308745,46.47359318828876
561.0,258.0,39.0,45.0
558.5904427650339,259.8316398746997,40.732253822632856,44.02094421025481
558.0173598907645,260.0559498460234,39.73037365057962,44.03564497901243
557.1131304194162,260.5217929863802,39.40778632972774,43.484233176045336
556.1326845413865,260.95726360223216,39.50702686805323,42.51643711726388
555.2838667510973,260.9172625940846,39.24842941116958,42.352016974379694
554.2872077588297,261.01362276389955,39.32405262454017,41.964759952615395
554.0,258.0,37.0,43.0
551.5936504287081,260.26848563270755,38.831680932758786,41.7038103333864
551.8765475177921,260.3821406171246,37.10412977771364,42.75545936251092
551.421037326975,261.7630878606642,36.695718571093266,40.819237130773445
550.0262105916831,260.39532625042307,37.671481201845836,42.25955904016632
549.0022352745336,260.87890264509235,37.92562485311464,40.877130849895366
548.887672203143,262.5958996363314,36.57983621021299,38.91473189866758
548.0,257.0,38.0,43.0
547.6743250194615,260.4698388513334,38.32676161469021,41.83768305305955
546.3990882567182,259.6802478751704,38.44452022040741,41.839558818207706
546.09652987653,261.8054374864387,37.354692794546736,39.097460872813144
544.984187723478,259.75703534903363,38.10461702152338,41.55758038949131
544.6988635831027,261.9633911349745,37.93131781942236,38.691251101989565
543.9664958251064,259.8748681513141,37.46248707398195,41.264656883226735
542.0,258.0,39.0,42.0
540.6097952829371,259.9933980369833,39.98255105885164,41.7334742905673
540.2652878177851,260.94192367837604,39.89540452505162,40.974866982087406
539.9528287431788,261.83576542872515,38.730404485286044,40.0085361021695
538.8034409491859,261.20423865826854,39.71392458822038,40.5975894271819
538.3123737840097,261.40128976410165,38.94593987674216,40.00118764401623
537.4863847135616,261.6479076832479,39.906582796122166,40.10203896579242
537.0,258.0,37.0,40.0
535.700315562993,259.39909484274096,37.56896025433616,39.80808467871418
535.6616151628981,260.08806658145204,37.4274702321801,40.69719265893923
535.0994748793828,260.6836496208307,36.8554633666663,39.46549832995356
534.3413480767131,260.8199492042895,36.75420844491873,39.154838596541595
533.7466482589441,261.16817648275037,37.154614296291584,39.05683161306729
533.3534630671935,261.37141413364634,36.389705906171116,38.59021628722735
535.0,259.0,36.0,39.0
534.4519871886723,260.99894108356057,36.36559694797552,38.90468662220201
533.6585472999868,261.5528168305657,35.735166903604295,38.5136399510925
532.8824283149837,262.02267843653135,36.29903775095897,38.27601174094934
532.4652692107177,262.4631411263322,35.73540335464281,38.04794783014768
531.9400649167204,262.6363937639326,35.960649697595386,37.620184257461915
531.7645884809112,262.98198216863284,35.53768838548058,37.65014966323827
530.0,262.0,36.0,37.0
529.9916044088668,264.23840438487036,35.46387104531732,37.226267938644355
529.2605813105644,264.69703818869675,35.28353091342103,37.12330093058313
528.4485907761759,265.2687664234437,36.09871008967184,36.90093698233113
528.1854347016102,265.7504365439021,34.70010788849493,36.81979286380101
527.3258060842212,266.51312700714516,34.96734782841702,36.438176796889366
526.5391513190145,267.06189889775465,35.91630348941294,36.36721073890885
526.0,265.0,35.0,37.0
524.5173875902256,267.3420200834271,36.8020411907637,36.15915034596924
525.054013811631,267.7214382046252,35.59495794283339,38.252043828880915
524.507521662033,268.92238797497544,34.37596050336333,36.63539116932816
523.7169195760871,269.530383508848,35.5451874610219,36.341004195793175
523.558979183327,270.010358753693,35.02082262520025,36.27912052583986
523.1672018924381,270.5962025091628,34.0082599953181,36.06903483382155
522.0,268.0,35.0,36.0
520.6709897691817,270.143352301656,36.40642843970181,35.79197978441755
520.7092791655382,271.2356443828012,35.82697408470585,36.936632198182
520.6003116042148,271.95155614101577,35.43360072524888,36.24355504298114
520.353499549956,272.3413064534061,34.27166241284772,36.17261527337496
519.4142962602774,272.86798532306057,35.508802181827605,35.95631704123434
519.2080503076338,273.6568521485332,34.16249035384567,35.56593569145616
519.0,273.0,32.0,36.0
517.4154398245882,274.8573022042873,33.14284435474474,36.94874842681662
518.3846148078774,275.84917416591793,31.289536607362606,35.757328409152706
517.4685797733929,276.33204064216443,32.17966853881251,36.17874357741641
517.6212682119185,277.2967267623617,32.140187734722986,35.02863529496244
516.7679299364329,277.748586227626,32.39331275843756,35.229995608609556
517.3015455869072,278.54430429449053,32.357414402410996,34.38396761916488
517.0,277.0,33.0,35.0
516.1959908264621,279.03201028191506,34.65704979125121,34.01002266137607
517.3553085423757,279.46413548206874,33.0810447846319,35.10070806535896
517.3312784783964,280.1981475106122,33.438493739352225,34.26927418799414
517.480831101175,280.247559210688,33.66983956249214,34.216666029074986
517.998188824208,280.59519094700954,33.01355195725739,34.202325929918516
517.6187166821146,280.66093543140323,33.60851182064607,34.11456543089116
519.0,279.0,32.0,34.0
519.4201682400526,280.7382373153441,31.92446121598914,34.23620509443481
519.1039715004888,281.2395398115193,32.83421325209417,33.92408524234747
519.0428384135599,281.3802888135749,33.3013020234697,33.767281494642134
519.4052721077446,281.43966883148823,33.10763254951269,33.761019645831425
519.5296269483409,281.5363405252442,32.48671668965869,33.68918348447028
519.9124603626178,281.86151898711364,32.244269590232534,33.67651535989182
520.0,280.0,31.0,33.0
519.1680394543898,281.39182287924746,31.430906727787374,33.117762101264134
519.8758213747778,282.15611790594255,31.339037076311,32.90076968560993
519.9149127824519,282.60377309020055,31.084487482476334,32.88075038542843
519.8113008013758,283.1171965893087,30.851476347990342,32.650700916632786
519.4073449617557,283.2203160276222,31.79064075127394,32.53890714895897
520.0375611694907,283.75744442408904,31.14326621963562,32.29994587710826
520.0,282.0,31.0,33.0
520.3023221646208,284.2615960702491,30.940665746567902,33.62846291038579
519.1087548041232,284.82687654690653,32.5179966210826,32.5380135356304
519.7217007988786,285.366074507785,31.655306994966054,32.32890035339142
519.505346660233,285.7939218915109,31.7027856987188,32.22302686325543
519.2252226298612,285.68208173810353,32.276376691848895,32.493737138011056
519.6366345880087,286.2053534313429,31.306507253611926,32.30949998599044
519.0,284.0,31.0,32.0
518.0490841103533,285.81215953086553,32.599405012524585,31.56296237196466
518.5307574140967,286.5757938429283,31.90087643096865,31.582733399534163
518.4320086517993,286.84184061201995,31.881986819103304,31.93679796892411
518.4158369971469,287.28033001489666,31.755457294598045,31.92515042581374
518.2469088645071,287.6435312052781,31.80541248888983,31.96415878401308
518.2232438304192,288.0965795691727,31.709621430364223,31.910027533831
521.0,286.0,28.0,31.0
519.1492010474376,287.06326363580524,30.017665368319285,31.99838549112974
520.4356966109053,288.5898738567023,28.857643662831833,30.770952696290124
520.33101795538,288.8171474978185,28.202936419916114,31.176099055403483
520.5273150843814,289.5196308504828,28.20047140317456,30.7041092000145
520.0652692495842,289.3920863382624,28.389877627921578,30.84084389727309
519.9177285744954,290.230614504307,28.889940328372177,30.162078483386495
519.0,289.0,30.0,31.0
518.736003224757,291.3594064139363,30.807875475693436,30.004250079396115
518.883479237538,291.630157762256,30.453610293589236,30.3787194853262
518.9425619115214,292.01916863147835,30.22118002959371,30.37423088821015
518.8309546501412,292.44977049108286,30.256629728612097,30.296518059600317
519.1050673259998,292.89883721192996,29.983418973079665,30.2544038225235
519.1372092886544,292.7211670887674,30.25362848849386,30.577874759032966
519.0,291.0,29.0,31.0
518.3510541345845,292.483116171471,30.713349140168248,31.504650552750945
520.0036263016391,293.46893854845985,29.03685180923526,30.537783674721823
520.5659000262493,293.9982857196044,29.185161948461655,30.425435291912663
521.2325512541535,294.518264105673,29.066265665555306,30.27983901988739
521.9137142870286,295.0408943656048,29.043601131299056,30.088855767828136
522.6755269061514,295.6370226283316,28.920013351373882,29.81602476235207
524.0,292.0,29.0,31.0
524.799378858308,295.29210920296373,30.134606864522766,29.624917018643373
526.1069796382285,295.7181378306557,29.004760781844197,29.717517414160056
527.0531143834604,296.3312616917939,28.80397110573415,29.484560119450407
528.0248108690356,297.00791946174354,28.733518129843446,29.218799530618185
528.9961588304504,297.6925579207078,28.793421855922702,28.989952098122217
530.0135347861551,296.8459077291759,30.14427983454607,30.13831385951039
533.0,296.0,27.0,30.0
534.3149300768093,298.2815299918793,27.386309016445693,29.51505603402211
535.2738970246696,299.0421666401206,28.225469045962427,29.085132466899267
538.1949811140853,300.0106083473602,27.70792579635554,29.16445256111001
539.5223201819297,299.78940380925746,28.251739549786066,29.290671612936876
540.7387713357375,300.6832735107936,29.195900336170325,28.81146886909187
544.3148703765896,301.60450554625095,27.440980553430563,28.952278280594896
545.0,300.0,27.0,29.0
546.5927726878535,302.29054682105743,27.77756911944516,28.61161828835884
549.6056636643946,303.4526362617771,27.19596163108895,28.541596626215323
550.4819461286743,304.19830086313357,28.147213096569658,28.145366719361164
553.755262251228,305.1222611144135,26.922138077750333,28.271970689155523
554.9029289246455,304.5790956397882,26.98988868851586,28.869346359074484
555.8081752491414,305.8024735102299,28.40854863882737,27.906667665429268
560.0,305.0,35.0,28.0
564.6341369642728,307.5450870286222,29.73386957246248,27.798522260309255
564.3832421184081,307.98851005810434,30.388199821343505,28.080370827168053
565.9386772797341,308.55018207303715,27.931478095825923,28.260058432047686
566.4722056971864,309.2993708581613,27.81774451485626,28.11816401153351
568.658278382012,310.53122356934864,30.561604754507243,27.979355754333028
568.7496441162459,309.7139652914684,30.94726049252472,28.861341360823644
567.0,310.0,29.0,27.0
568.4151356223451,310.5902546152556,28.854065095893247,29.286967614403693
569.5709380211492,312.8132640458508,27.765775705745,27.234844446660986
570.70154191183,313.75743879338364,27.346223575768136,27.282963444779682
571.3365707393488,312.8866002218065,28.38516519575876,28.546336093930904
572.4267227131018,315.1960328412889,28.397290638532922,26.99052303097494
573.5626719551587,314.15914365134427,28.188294589930592,28.488331248871305
576.0,315.0,26.0,27.0
576.6197617308343,317.6668425053914,26.41949380027711,27.149892110972246
577.0040912457059,318.15912772498814,26.46298895599739,27.46624900075767
577.8539705207518,319.0115506498787,25.974243598356907,27.143164520903838
577.8872315431845,319.6218772406228,26.4373862221305,27.144503498595668
578.51689415462,320.47800375848306,26.115008247704623,26.86254346437113
579.4364529857257,321.60633101737983,25.630866117931873,26.4489220825169
580.0,320.0,25.0,27.0
580.6184356979478,322.4470108601753,25.183704833470188,26.67182173730123
580.6964546455185,323.16582559038363,25.743743797742127,26.621126421024996
581.1248413207395,323.83756590048176,25.647133960653036,26.489580568652286
581.5098770859312,324.5611530042206,25.522544832374365,27.07771026408045
581.8756004725103,325.44068119695476,25.45209702562454,26.39737498242448
581.9484884007173,326.08080865086004,25.267351953347656,26.278381132445702
583.0,325.0,24.0,27.0
581.6967272781974,327.06662750006944,26.24580905474204,26.712608355902375
583.0255349639592,327.7525402877732,24.607295336765674,27.52722586400796
583.1712847836768,328.7716848208861,23.939292315423017,26.31447119176528
583.09933529866,329.3128112401009,23.98873398637511,26.11298693200024
583.17658971941,329.88611908854296,23.9589452533246,25.88109163899992
583.1186500015308,330.44342061652287,23.740605412657487,25.805641517729327
583.0,328.0,24.0,27.0
582.2583802310348,330.4606894963988,25.19730623590135,26.402890553276052
582.4745902469094,331.17131095343814,24.829021731398484,26.848638788256494
582.4089780823215,332.22889390211776,24.347890803992414,25.66530806224023
582.3044547680352,332.77753200161055,25.030312053543753,25.716352142147343
582.4624907165554,333.13025399487924,24.25945334150981,26.829050142530377
582.3851443126421,334.249738111894,24.84438803783246,25.625412960931726
582.0,333.0,23.0,26.0
581.057866779408,335.2530640349843,24.06291264047195,25.28953594621214
582.0047142598521,335.732614918027,22.958546774218803,26.32968155926949
581.9574976921322,336.79149209223067,22.981682021929828,25.20797487959703
581.9963539912343,337.4117263647695,22.81081671909817,24.95480155500536
581.8609514706155,337.98560143982195,22.864088172271863,24.684285082569204
581.5401562732139,337.4619798723967,23.17671388414658,25.33032553770545
582.0,336.0,23.0,25.0
581.5750716517489,337.1182986662873,24.03774515624923,25.511233371384833
581.8516336747896,338.1494469728359,23.525981621682604,24.539528827304366
581.7678519457013,338.70976411503295,23.060342373606545,24.32812131453636
581.6900900466054,338.2295174040887,23.65431513131216,24.98118064519872
581.799233847127,339.052362317463,23.258594186577966,24.248512839228624
581.6108600104617,338.7700046850226,23.0210415899719,24.667206877017406
581.0,339.0,23.0,25.0
580.5856756303078,340.7064839931005,24.007786618814862,24.133586295485316
580.8660775920257,341.0320977705869,23.448422319749966,24.776106746583537
580.9201925596644,341.7119719527868,22.995993140192695,24.183554469599585
580.2927123295505,341.26752808233607,24.233784262197673,24.82251336012962
580.75784629535,341.97219999678964,23.44381386638929,24.223590259317803
580.3371466952578,341.684780942319,23.42993425078339,24.696528671603232
581.0,338.0,23.0,26.0
580.6541786219182,339.3228812534379,23.40223020463918,25.621732659761733
580.7436628030256,340.3872132006229,23.851008234946335,25.550462430795278
580.5772523464075,339.9486076537054,23.511808857278083,25.65922616421028
580.6908875309464,341.16736381395503,23.69840910113237,24.503046354433536
580.7243231323137,339.935441845214,23.15377971441194,25.912622639098572
580.6078948309005,341.4015163954134,23.690143714338774,24.172229012997377
581.0,340.0,22.0,24.0
580.5405467361616,340.9190363134794,22.68965583677823,24.487032572481553
581.1551012667542,341.72917280189586,22.009563076179802,23.917199236980423
580.9060593030163,341.2818021870048,21.982408490835496,24.413504508925143
580.8664089983658,341.2865689314084,22.09817735372326,24.235401973510307
580.7601759511153,341.31960003394784,22.040625075219168,24.09092343395514
580.6593796243493,341.1796643752085,22.101810343383136,24.14845834886603
580.0,339.0,23.0,24.0
580.7980383848662,340.1135702795618,22.45852959136755,24.72356211301303
580.2090561902769,340.1756462486219,23.096233170283085,24.232397233731717
579.9889132869563,340.0143636093492,23.530772507122265,24.23846932014237
580.0476938642298,339.926238568985,23.07582926216014,24.201742557361513
580.0408603414302,339.81883733876964,23.269032091574786,24.21796496245338
580.1740194937058,339.74637815777453,22.694735343301318,24.184648549767985
579.0,338.0,22.0,24.0
578.3759188879058,338.6105948120371,22.793549340898153,24.75059687996918
578.6816311504948,339.93641702771856,22.550983179999662,23.283685358561343
578.774898053608,339.22566983787306,22.154921731964805,24.316592070213687
578.8235660593601,340.4911403502547,22.140988902297863,22.948218521261197
578.7472932948988,339.32463522802965,21.78347211394498,24.431481098651545
578.6326391362024,340.8003708716619,21.51750970411581,22.660803805439627
579.0,339.0,22.0,24.0
578.203731595887,340.02958017593585,23.193534358905595,24.160869965864435
578.7344132840717,341.2195817138579,22.422497895226343,23.466363241366253
578.5806477773913,340.650130262419,21.976014109661264,24.136708896229038
578.6098260698412,341.88679988968886,21.979325080088188,22.824651355020364
578.2514403780824,340.9622927968247,21.84817506786021,24.085281055558653
577.8534957196189,341.03466179593465,22.07799075568073,23.723094688193328
578.0,340.0,22.0,24.0
577.2953322190851,340.88714952884516,22.382168324066583,24.194479404199456
577.2752884094217,342.0582680645555,21.69816393176859,23.35106721866441
576.7039454378864,341.16075288811885,21.851365246419846,24.223531311213378
576.1890368482418,341.0859285536161,21.97096768891788,23.919811793784447
575.7490144546341,340.88040046934805,21.920023920906715,23.87367456271113
575.3808561636038,340.6933258701313,21.849770879327934,23.796561276590182
575.0,339.0,21.0,23.0
574.2157585231969,339.46765996907004,21.692234661117254,23.803163235561556
574.2487600651936,339.725200928502,21.136863966487795,23.286638026335254
574.0808663271666,339.5773573790714,20.983268186829946,23.390453686171668
573.8590957271208,339.3757766693882,20.86436807350765,23.408710904664076
573.4818935304911,339.12252349172854,20.913180743872545,23.258594611807666
573.1963850835255,338.9904697357574,20.795195908295682,23.16934185527134
573.0,337.0,22.0,23.0
572.4531839408344,337.48254938696704,22.564090564035723,23.59867330922674
572.6431890098227,338.74898925973116,22.27007682053022,22.21971603011525
572.5866267866531,337.5396817961721,21.571390610959043,23.362145195436142
572.0555170087969,337.32589986155165,21.90797682065522,23.372133385419716
571.8246562843649,337.19165661905345,21.82575302398959,23.31494951329819
571.5368772890408,336.91440206649304,21.834932270820673,23.454877505043896
570.0,335.0,21.0,23.0
569.4186853624324,335.48009786680643,21.519164854938936,23.51284033291074
569.6178997854008,336.7036052111797,20.7846083269028,22.22943425716153
569.5165088394901,335.333712922077,20.69652957993003,23.727941968814548
569.1650867758799,335.10067905630706,20.858498857983705,23.467767858362322
569.1675411132601,336.5630856597254,20.545256868318575,21.794598488860288
568.8925100544584,335.07528686338856,20.495108375733253,23.37734966889502
564.0,334.0,27.0,22.0
564.9215696977574,334.5483957278951,23.378060780831788,22.318011025439773
564.9554041943484,335.50300002324457,24.56860113374387,21.7869489442719
565.1390863338802,334.41089740917175,24.961504872220758,23.195411849216157
565.8078666014474,334.062456120045,23.71245288497812,23.517485674670183
565.9571296487218,333.83535605709767,23.388680594584002,23.70304560245222
566.0591092510931,335.2124319121216,23.284955636086124,22.54247108472339
566.0,335.0,23.0,21.0
565.6253373604861,334.75145413652297,23.34527834267442,22.647544844125264
566.4525778710758,336.1172144821451,22.305159201778224,21.938873186728188
566.6022353324912,335.5663143315737,21.687641541993685,22.051804162605322
566.6677856182367,335.15685682616845,21.50158632423711,22.757321901117393
566.7233690745438,335.14590731483963,20.86922584382637,22.665666519914566
566.2787086837308,335.19056848783987,21.597164005420495,22.507294440252053
567.0,334.0,19.0,23.0
566.2490728657117,334.88589547978336,19.624593957812976,23.250098623098893
566.498637762897,336.044606387738,19.32771168227964,21.97476013335745
566.5366709973116,335.3253899203637,19.232835606063645,22.810611574490395
566.5334069464938,335.1430601150964,19.17619509725739,22.640213860363076
566.2953554921842,334.9722372574214,19.358420876616947,22.451321087525344
566.4039958094188,336.1851304194465,19.0939858824197,21.12437662329478
566.0,333.0,19.0,22.0
565.6212012975063,333.74285128600445,19.36803426231336,21.962011297419167
566.0194411028225,334.90576734293757,18.720523386831587,21.099386212607783
565.8553516622704,334.0777569724143,18.88586356847111,21.970632841630902
565.4578339772662,334.0613970699057,19.189805494153802,21.58217003356384
565.2374641440738,335.2697522251874,19.40137272126549,20.69588534687773
565.1181602650379,334.1223994646682,19.32049091703857,21.807244790375762
566.0,333.0,19.0,21.0
565.5064322438288,333.6657885295852,19.82502584562849,21.58561376418635
566.0729248137213,334.7999907757004,19.82911030177638,20.861093118607528
566.3210297989119,334.0917693242862,19.75425042536972,21.542037475585687
566.54910272129,334.2132564575811,19.591127247906797,21.083197726864455
566.8919461956694,334.28266586037466,19.407874634472478,20.6933273164002
567.4875339538821,335.16918151779896,18.915396229157523,20.099769548189443
567.0,333.0,20.0,21.0
566.6517964013233,333.9021129476016,21.04939739016436,21.328026744032513
567.3065223010786,335.074669143631,20.648443509477715,20.215055015862276
567.6356843645649,334.29975460458115,20.727490617140234,21.340774942842586
568.1862565253766,335.4502302935366,20.596115847620695,20.234846700950243
568.5266949281627,334.68128146851984,20.559187601741087,21.36190002366095
568.7810654312498,334.64434787431844,20.43156756444978,21.280362289316713
568.0,335.0,23.0,21.0
568.6584840011492,335.79141653975216,22.699790965059947,21.577116445648016
569.1148345983497,336.7256929106078,22.75106083446758,20.870420403205458
569.3925659714077,336.19606154138876,22.57252423071077,21.735618441486167
569.62212086828,336.1377868790005,22.630846231420946,21.852668950414227
570.0650614997511,336.1023631503317,22.5162383460588,22.01458554787837
570.39965460645,336.0735971260465,22.4414193308412,22.10718170931102
573.0,335.0,21.0,21.0
573.6612920953266,336.2733028484581,20.96839350290975,21.197565801803194
573.6342963155831,335.95501759210674,21.33571946462598,21.97985089974827
573.9917120854574,336.02942170164624,21.219854218473756,21.948028643779253
574.1603869436897,336.09332419321186,21.32734196748106,21.95641473583123
574.7339299204561,336.1763795518449,21.142051339038517,21.902363204545964
575.0743018139125,336.25762157473446,21.180800999118333,21.866114732020606
574.0,336.0,20.0,21.0
573.6227001579077,336.6382636109514,21.127086913926632,21.77502316276764
574.4466220472611,337.50544386670845,20.66946079741183,21.256192132764568
574.7964045722474,337.24498028196456,20.8824135490388,21.747039643723724
575.2087491722716,337.23918562616495,20.90135933744409,21.71013650018608
575.6372082336122,337.30751986689836,20.870054856477736,21.65776514478125
576.0510182026674,337.3531973927711,20.754480787069042,21.612513437623875
577.0,335.0,20.0,20.0
576.6344423206901,335.4634331895252,21.61258401548548,20.96867076486734
577.5450379764294,335.2835413836857,20.66098404458387,21.445354463003127
578.2039942961674,335.354115581345,20.438173302052746,21.38879331337762
578.559771161328,335.41571522907293,20.61345600380605,21.335947691387673
579.3890053692955,336.3802685276614,20.136368087170354,20.71161580406374
579.6659245751932,336.2293411097735,20.570236713833992,20.432000763591248
582.0,337.0,18.0,19.0
581.5411224532311,337.66637820066455,19.398537453556855,19.562199640566234
582.3878280919882,338.33272430873694,18.977054626227982,19.833552848223007
583.0578701387421,338.3100054000156,18.801696708090503,19.323637435185333
583.687488959248,338.0853708614627,18.768517804313433,19.934852282451516
584.1064440972573,338.2299653218847,18.823685594471385,19.821780016741286
584.6277052241421,338.34699731467856,18.778817265943417,19.75495149165056
585.0,338.0,18.0,19.0
585.1676968068491,338.77677170384504,18.564883949341606,19.65426976208346
585.9886935367995,339.63223776832274,18.411383701705745,19.19839790840433
586.6814449801263,339.5126635999086,18.198489859121764,19.216197282626467
587.2066440029403,339.57348577794687,18.157487011012563,19.28162093569472
587.7050032752886,339.71066927870015,18.190766059829002,19.123959710675535
588.0297034877628,339.8254382763489,18.345725402764742,19.116699499410288
589.0,339.0,19.0,19.0
590.0246588708997,340.02130705649176,18.483292744745995,19.540112644755254
590.0330771958156,340.1693229384837,19.109704432209014,19.307061670551775
590.4000003123922,340.1880694779568,19.144773122025754,19.34731581176777
590.9500340771046,340.18385660751755,19.04193797817743,19.36353145799876
591.5821277954237,340.2171731723263,19.009889342981296,19.29704617397647
592.164642975009,340.2407407017263,18.93748598742104,19.25141053527159
592.0,340.0,19.0,19.0
592.2494362254781,340.61506744028884,19.697375210237396,19.444177256238618
593.0966106663335,341.28872222934297,19.03002044203413,19.209036566593568
593.7475828640072,341.0887753083814,18.92769139305824,19.53291461946958
594.1925716582961,341.13224708437906,18.977013080007737,19.527097788019773
594.6931192947417,341.1824243403337,18.964798358693315,19.51564291621503
595.0372597618081,341.29700907098777,19.077709042213087,19.467778737310255
595.0,339.0,19.0,18.0
595.0973117262407,339.50827854415706,19.949929858252176,18.92320339605226
595.9393111927452,340.29838271919175,19.21872540892946,18.746971573669498
596.3286795690258,339.9762314533798,19.309619824495485,18.93561925371199
596.6346102835338,339.80068916247546,19.388963557606417,19.236301739882038
597.2027845213917,340.70446561560027,19.307880721089532,18.77255991950824
597.7269670187933,340.4222300415033,19.51160621215581,18.75643490925171
599.0,341.0,18.0,18.0
598.9425036085846,341.79284722790203,18.689965048956537,18.56060629119702
599.4529845106135,341.58693155072024,18.58157749098666,19.148331292010425
600.3929391089059,342.7222842155393,18.039976093814403,18.35611157454605
600.794879472915,342.4563939545917,18.275695905955217,18.780639492039995
601.333853319758,342.4697654426552,18.229182807045163,18.840931991298703
601.8534725133738,342.56924121518955,18.216862615750756,18.814782313431806
603.0,342.0,18.0,18.0
603.3412707355881,342.8185116952926,18.415320036064827,18.06063923052602
604.0194277188866,343.5075908744502,18.29075830356146,18.095318245494127
604.4627990535474,343.31320243195216,18.37936715374201,18.543494373669432
604.9994498452717,343.3172164797717,18.34687376551301,18.593499680654304
605.4870221546493,343.3507348267176,18.406817319819197,18.607194327973616
605.8933629523601,343.4407846129643,18.442045199604195,18.599760083311594
606.0,344.0,18.0,17.0
606.1971160836704,344.59707879554844,18.512768804713573,17.63182996077387
607.1831035083073,345.3098016782682,17.787665456263085,17.726124676749464
607.5659722716977,345.1176653351956,17.923486970864587,17.543808061116977
608.1003978204657,344.8906103632347,17.825458090337293,18.18576264011972
608.5343761734729,345.0147611196753,17.92757970093237,18.147656870050923
609.0649037902189,345.1328938507795,17.932251039935522,18.110444132151315
611.0,344.0,17.0,18.0
610.9236264344277,344.6330582499088,18.001781803828862,18.532846373556595
611.8439020203941,345.42163535526925,17.448114988603265,18.09956982051517
612.4395780827439,345.08651672491123,17.4698571679196,18.48681754599022
612.9012042017714,345.1030992296005,17.565854945069646,18.41153954234187
613.440201157674,345.13819697105646,17.42449059615501,18.360169979386228
613.8206486248091,345.1462271147344,17.391641501992126,18.357825957343607
613.0,344.0,17.0,18.0
613.0866418884096,344.94826539159055,17.598879585065674,18.126884057846837
613.0708514967696,344.9019768048894,17.628892753868058,18.314845673402033
613.0767934242629,344.86230527978375,17.64283835030392,18.3960892345234
613.1211996744842,344.8953134411322,17.837872953519764,18.369423520896703
613.308149568914,344.87587374371674,17.725370456065434,18.432016809721745
613.3887602345981,344.832771589844,17.640508781617882,18.489642566046314
615.0,344.0,17.0,18.0
614.544490142755,344.84649454442217,17.9054702885378,18.150257372903752
615.030847308208,344.8980476428836,17.403798598474737,18.256244619360473
615.3213859609889,344.93351542870676,17.228712990986878,18.266814455286408
615.4254804618129,344.97466186729525,17.145962623576906,18.206389671301395
615.4953726581307,344.94328953062995,17.17670299125075,18.09379305739708
615.5670785668926,344.90545599478753,17.12505749781758,18.053604018919373
616.0,343.0,16.0,18.0
615.688748832236,343.66278518149824,16.69727450994776,18.13092899014964
615.7736390885397,343.8971061460934,16.852870589517238,17.73356899061389
615.969831951621,343.9136571414863,16.66640038755213,17.682328115798327
616.0827864632843,343.9125893019889,16.706039543485986,17.621947172050795
616.1936762746789,343.98541412221687,16.577456217444478,17.457435358172916
616.3466262443023,343.8964616804476,16.48438466624816,17.49127114877558
617.0,344.0,16.0,17.0
616.8368545502236,344.82026306917714,16.520693678209682,17.292194210717753
617.061898603894,344.90793873390794,16.513685688049463,17.27998548611299
617.2421988807992,345.00993064813395,16.36868882714498,17.21666502652397
617.4637138491785,345.0815684046074,16.359898109721826,17.163660686958792
617.7275134257608,345.16607093504433,16.320397326918624,17.133792097602736
617.8426441899192,345.1712807556519,16.339680012975805,17.144221165522822
617.0,344.0,17.0,17.0
617.3257186093588,344.8293076716185,17.181344385114016,17.218523603223446
617.4238934680093,344.7576633252445,17.268544016440615,17.36854983132025
617.4832634901286,344.76681384905373,17.288535428414548,17.412976972644856
617.6893869224831,344.78895340434974,17.19784068919489,17.413045413250074
617.912683098304,344.8261006703008,17.190045114746113,17.418835503497235
618.1741016298015,344.6906906009085,17.027388449977025,17.610957398028177
618.0,344.0,16.0,16.0
618.0441988221623,344.28717123729996,16.34901519573259,16.751287436812788
618.1723584760327,344.241745452597,16.270992872224497,16.821743392295616
618.3618834253563,344.26114791321334,16.358195755477595,16.70338055941363
618.5832468407596,344.2459088697775,16.312946104419893,16.65138302771652
618.7254651998733,344.14823361202616,16.42405039166465,16.552022800538282
619.0121849610891,344.01730401840825,16.44556146037428,16.62975824905743
621.0,344.0,15.0,17.0
621.1074126960355,344.583442698911,15.382949277306807,17.489356087504405
621.2128312565837,344.83496432677293,15.583751669063076,17.038736094540127
621.3955484919866,344.74232668550826,15.568900237812159,17.13843020232798
621.6164310381902,344.70503960784254,15.743791950569971,17.11092922584328
621.8774085667134,344.7512641687981,15.840063405213414,17.00668810122238
622.1535186142587,344.6718895217509,15.69629939127708,17.07961032527328
622.0,343.0,16.0,17.0
622.0952529396666,343.7208918578208,16.21654739250289,17.05244334618476
622.4109305277412,344.58243931865184,16.36119501906876,16.531646811024075
622.7186860255408,343.8619088199738,16.1738960600901,17.3995499275494
622.8439114798749,343.85029535860394,16.274529044400765,17.213216777086018
623.0392385168429,343.8840508946548,16.356677346167544,17.073355174466087
623.3128908128477,343.9084293829429,16.217470671588217,17.00873833355172
624.0,344.0,16.0,17.0
623.7566942339583,344.84059955110735,16.72348516359193,17.074475886698224
624.0616192060999,344.94684067043454,16.616210388152695,17.063871265923808
624.3797282947198,344.92714240417195,16.48482148770927,17.191595019861552
624.620287686236,344.8848861242093,16.553041988822088,17.27715098961562
624.8245028186377,344.8911621594532,16.422189660541562,17.292756206483887
625.0152032889976,344.9042676867425,16.352620052745124,17.275477490871253
624.0,344.0,17.0,16.0
623.934451727165,344.4651027616345,17.344472055129813,16.602509777599835
624.2492317477177,344.3772321192082,17.083626477729013,16.94246235169703
624.5096754137248,344.4425351194195,17.005411597393504,16.914465411301762
624.8418953210946,344.4907535072373,16.868726672170624,16.886138246775204
625.0811976939926,344.53870315327595,16.82809881524554,16.837938463551154
625.1835574256445,344.5852879286481,16.92089622410549,16.812180340119767
626.0,344.0,16.0,16.0
625.5654987363159,344.59018283973774,16.945475331958733,16.639066446957656
626.1096339442754,344.52640854024264,16.52480020925975,16.72399348638089
626.4070695032531,344.56095682007003,16.487167579645984,16.707787178690523
626.8135352659823,344.6018989474999,16.246136755583734,16.484699059378897
626.9813053598396,344.59974479625,16.307590008497982,16.246352841106273
627.1978029156994,344.548067047254,16.19866657152386,16.169734656889432
627.0,344.0,16.0,15.0
626.8324491149747,344.316204378507,16.55424367387195,15.790349587523053
627.3051575974278,344.2282670614717,16.217034807004893,15.908042498955695
627.5039018855479,344.24462628787296,16.224050512677877,15.828364839710048
627.8472452176288,344.22757760690195,16.1117170201627,15.75009483438123
627.979482284577,344.19134357882206,16.243570716848353,15.70579256586484
628.2205012349136,344.1489384157859,16.084831762785825,15.648469946536295
629.0,344.0,15.0,15.0
629.0040796061331,344.3805406639764,15.358436269446315,15.753911831900268
629.2383034282187,344.40474365985233,15.319624209320068,15.820420066187694
629.4625033251425,344.46734704178255,15.297042271501823,15.702625019416587
629.6794216828916,344.41862230863717,15.303378130120564,15.723765085365926
629.9292283756185,344.377073739681,15.223546289314982,15.747533906496187
630.0840575358718,344.3289901161944,15.267362322433428,15.774340099460005
630.0,343.0,16.0,16.0
630.337259784854,343.49131611274356,16.04993409148733,16.300355868636984
630.5693504887477,344.15744301270763,16.113334738858384,16.259761428938532
630.7881381783641,343.6065161675516,16.05678904468209,16.68011321009942
630.921966792826,343.5676711283534,16.18125350218179,16.54512102192365
631.2502145556916,343.4759865587139,15.983591780906977,16.593997453034945
631.4254348029426,343.4663431546587,16.119537257969796,16.541791389058744
633.0,342.0,16.0,16.0
632.7818510585681,342.56634959415055,16.649366223207494,16.30506965614518
633.1770547027702,342.670072170098,16.514719448338155,16.23881279781415
633.4809803465549,342.67492941538444,16.485840749341264,16.241472739000642
633.8151032703164,342.6535883571207,16.4267783304075,16.219041524570343
633.9910147771632,342.6411505863242,16.51271308122523,16.128114515992934
634.2242625829426,342.6162480349151,16.500369360389186,16.12547425398236
633.0,342.0,16.0,15.0
633.2418358125885,342.43908357804867,16.356695858826924,15.678475350548979
633.5664126041947,342.304054361937,16.18272815442674,15.869445202736415
633.8619885168846,342.2767231911748,16.130291196430335,15.884635271208708
634.129929641664,342.3043425461542,16.181294200643492,15.744291891170235
634.4633479786057,342.3079908959671,16.137346242089166,15.703183833941921
634.7761702986631,342.3313979779721,16.12614230614463,15.60088956821312
636.0,342.0,16.0,16.0
636.309959789324,342.6230898176584,16.224118772536485,16.11239955407541
636.5563828449472,343.08419264996564,16.222400219604424,16.28865365100728
636.8032325870239,342.8004119759074,16.40200213039452,16.24310776122411
637.0567709195144,342.9115297981393,16.53598688911609,16.061396532314575
637.4404042328679,342.94883887154606,16.542787159707473,16.04197049587151
637.7347311456715,342.9110139776701,16.638704389485724,16.139134816460682
639.0,341.0,16.0,16.0
639.0738708988292,341.5140888947141,16.55922851365085,16.631051337775546
639.8205580835977,341.6724601918254,16.501495403248214,16.454874262202793
640.3134420578924,341.58844929395946,16.46522758867036,16.609989247058365
640.7070572863212,341.6230961065344,16.46619464140656,16.57333901445611
641.0986195275691,341.5953902016008,16.517874515348353,16.60499245311985
641.6141225218959,341.6054949410118,16.46152939449246,16.57988803482226
639.0,342.0,23.0,17.0
642.4886185692881,342.6824086410552,17.95350623318018,17.44440310185678
642.8460572706938,342.8441529982333,18.326357673537586,17.0563847681683
643.2243912160184,342.80492649461553,18.60814654023602,17.141332999748784
643.6903389285605,342.75214892482325,18.630577734105145,17.269051794219195
643.9886819391231,342.68143385377834,18.90925033735357,17.455463022984077
644.3587433462853,342.56793520636927,19.070253616245964,17.617796622341757
643.0,341.0,23.0,20.0
645.2077308298269,341.70666499424306,19.751767255408367,19.77944826262501
645.4239060198079,341.8705063882471,20.490266436704587,19.09297144115476
645.875062771458,342.229242670237,20.34540302221194,19.74446085119598
646.2579862489602,341.74481307008546,20.570587198993053,19.916568361627924
646.5592892405184,342.2367506547416,20.492057981138714,20.064559033739442
646.9528946802368,341.65297765524036,20.675852099383064,20.408361971863485
646.0,342.0,22.0,18.0
647.8973959961941,342.6418172227295,20.431010087370396,19.194083912772385
647.8182845061592,342.4757186501838,21.18053385554458,19.250937847053137
648.203633721485,342.60054306288896,21.15454604473416,20.17849237361122
648.6722801904991,342.6650621387362,21.43711633615908,19.369885849571745
649.2395385389755,342.6890235044352,21.718375353513693,20.83306546435324
650.1257221706671,342.68676951038697,21.706483517879406,19.797935738269814
652.0,341.0,20.0,17.0
652.3053521713246,341.37981684022634,20.386258167448432,18.531181292740712
653.1404444802215,340.838668593924,19.956839521182815,19.252113835370608
653.8548681505392,341.5953355026613,19.725268019496184,19.43296626389838
654.6942896332287,341.60010416174555,19.808653708712086,18.59308226445569
655.522400318262,341.32881016498754,19.95350362522845,18.42522443869524
656.335504581723,340.9824480164233,20.101333331972455,18.63820017192637
656.0,342.0,22.0,17.0
657.0093465323303,342.1049104867893,21.019074388776517,18.715932234624972
657.6541241169263,342.6892259487439,21.001374695266463,19.221724261787585
658.4276435213891,342.5085898519844,21.071506643771386,18.7613329172392
659.0826767182284,342.24486933136313,21.269231554174667,18.930495214715734
660.012967108396,342.64755316373896,20.70831545423607,19.60430894202773
660.8919149711836,342.59458831380834,20.835753436147684,18.580131547166275
661.0,342.0,23.0,16.0
662.1215918036694,341.6558448205328,20.964700519951975,18.6856707141593
662.4411310827745,342.2664390667337,21.52641700663844,19.408540441859714
663.055600784156,342.2208990867123,21.79746974756381,18.440117450054004
666.0711315012645,342.2400477421684,20.529449370037582,18.20943195590843
666.474214823797,341.88125835568826,20.650808656606387,18.312445506368817
666.6769335809331,342.35793362871254,21.048268780712533,19.258961786566942
661.0,341.0,28.0,18.0
666.7218192861121,341.55513388274176,21.238670892715163,20.224474377810566
666.7297764771786,341.36791354462014,22.056885245722697,19.856513918719372
667.259310618103,341.02526949449543,22.17643736798891,20.174143790844255
668.0367462691875,341.6667113797321,21.89068131614249,20.4273743387007
668.3923759481465,341.35241541427376,22.459006544137765,20.200886891365144
669.3515977822021,340.9411630229529,22.050040647930018,20.64191390358451
670.0,340.0,34.0,16.0
674.6277996745716,339.0298752514324,23.2111078259436,19.720966798473
675.7231137710642,339.5339375072782,22.269360283747346,20.89389569973389
676.0057717358231,339.4233638333444,23.194319425169624,19.740324718251998
678.5252212439191,339.5287774836079,23.559093782964737,19.581137002441324
678.5989305800204,339.1731611166474,23.932267255922625,19.577262092772685
679.6374643780209,339.79249428065054,23.234120295635876,20.356574882690893
675.0,341.0,36.0,16.0
680.6486231331271,339.8929602613666,23.996680229394542,19.384025504161627
681.2523993689847,340.5846228997434,23.68272194119072,20.238592247476845
683.9528953627323,340.5877386719767,24.335994810085822,19.17430998020609
684.3563744761996,339.88994477595884,24.150152209667795,19.70828138608107
684.7438957031045,340.72723164930267,23.956922102490353,20.301014788697103
687.4464688830831,340.7338721817048,24.386163482777192,19.22558167374882
688.0,341.0,32.0,17.0
693.6360230028531,340.63335567587274,23.519508214310463,19.34010121513711
694.366853463036,339.95666042257653,22.335894277130365,19.999628382868195
693.7767223253991,341.1707732234588,23.863687206207715,19.849270814266674
697.0422883106621,341.0797808491254,22.84478419793686,19.10280320188008
697.5967626771803,340.3850322027797,22.11525588251868,19.632485665194224
696.9083114242358,341.3123873606468,23.89472981376821,19.833452138472296
695.0,341.0,33.0,17.0
701.7628723378266,340.7583413521411,22.767008125363418,18.727081621922025
702.5608613615824,339.95774391058694,21.59854727401114,19.735494389856967
701.7378484834285,340.81804682564086,23.598321245098987,20.002519606053397
705.1861311871844,341.14646675165613,22.265904280831364,18.606279293219927
707.891464599621,340.9295525623256,21.85631552377572,18.753567737101548
708.4711667803817,340.4354161748306,21.24239404999173,19.00024463825207
702.0,341.0,34.0,17.0
707.3055472532551,340.4225632957823,22.987580773788068,19.13013049212168
711.1248722020781,340.46199054623685,21.0778292596882,19.265573874092752
713.7710058885341,340.7739622756726,20.790912808764347,18.689411782188017
714.0374113898388,340.4194819671775,20.847713237403696,18.815697964087917
710.9856448580467,340.4555819042198,22.87517005330301,19.682624714498616
714.6524742601532,340.9828142562503,21.05831419382139,18.645806401551
705.0,341.0,39.0,17.0
713.201112937566,340.66629026354303,21.507415237902023,18.493830068340117
705.8880816157616,339.68676267892215,22.183573324720783,20.444944094725088
703.5033024554891,340.4025612322118,22.735910392285405,20.548924370065777
704.2335753000607,340.82545515993183,22.228974241755168,18.79514139347191
701.8922413695675,340.0397397673869,21.596545833784035,19.018682290840104
693.8215115744342,340.08316141432,23.157080233665283,19.447146037475136
684.0,341.0,41.0,17.0
689.8568040197097,340.4448001520068,22.946389338422705,18.0812763298145
684.6555104247577,340.14885582545185,23.63222021183401,19.33996202751723
680.0689385619385,340.18487936454005,23.403495489675606,20.029530529100953
680.6810447980533,340.2952921616634,21.9032483213291,18.95300801997604
672.1911972621087,339.7825709203506,23.880047099926287,19.787025799789262
667.396948375299,340.04275596194503,23.868917281882204,20.05773997955629
660.0,341.0,38.0,16.0
664.2469312248058,339.4199657348395,22.80161140236146,18.535991183293845
660.1230292041158,339.7983995836721,21.480334862003815,19.194002384475198
654.6263693825053,338.5174406070271,22.567375327863033,19.403258772543495
652.8659487799852,340.06469796111537,20.527631356499,18.83240362926756
647.2220968087004,338.85334573903356,21.838753122858634,18.70586820753914
639.1058664045668,338.85661505231667,23.437290980540638,18.813828090961238
627.0,341.0,41.0,16.0
630.393192694999,339.4708853173802,23.37474826053949,18.28125935164428
626.1289061294392,339.5737669361781,22.99466096472497,19.02757260931753
623.6913440694498,340.26697672148293,23.391401976406087,19.221742177360284
619.311014606559,338.86527082808595,23.091619429404318,19.723254867286414
616.7824314327663,340.10633527612845,23.588103316225897,19.197023741799057
614.9154824785287,338.86330249372907,22.656508652569983,20.191869337177877
611.0,340.0,37.0,15.0
619.0509655728098,334.64329145784745,20.576347243239297,22.267691694587597
616.2267214295092,337.2621810982105,21.46647712317656,19.553923628122902
613.9772392699529,338.574616522269,21.57805430619419,19.052288200053226
614.8469846128843,336.2076911983922,20.34563012436604,21.724015455398614
611.9850718626233,338.7649438417992,21.525844950348073,18.845136549987274
612.8974994025125,336.43732557840667,20.328744055392235,21.54951377310681
604.0,342.0,36.0,14.0
610.4714414838644,336.23796388652966,21.524179335643225,21.668371424921702
610.7952355216667,339.07332843151016,21.80719802558997,19.103494572009367
611.5483915549594,336.7291181435503,21.151514875708926,21.76729573441554
611.4778917578556,339.70446540326566,21.34204244119644,19.124704028854467
612.069452191389,338.11010575967316,20.893124661389265,20.548236807638887
611.7993972974691,340.49083599008327,21.915439227132083,18.913747286661646
605.0,342.0,38.0,15.0
612.981970377617,339.9974325293647,21.575266082262942,18.9470289877695
616.173200627715,338.8855660517793,20.764423345320438,20.4868474396244
616.0059972693198,341.087884235616,21.728200116171934,18.744589113202892
616.3559903134847,340.23443615190604,21.830924762721224,18.940916371113417
616.9423322323853,339.0309439792801,21.233029619757986,19.81843380560059
619.8407381576944,341.4068871347631,20.609137815283702,18.588761110212545
612.0,342.0,41.0,14.0
623.3673628821334,340.66373107422,20.766294890873723,18.009951127090744
623.4264152822027,339.66481484002543,21.25448817608003,18.63390205959604
624.4011212150201,337.687669229779,20.41369893500996,20.631448138790176
623.949057915976,340.5205935203296,21.88967012454941,17.966054410044535
627.8180881235896,338.8145630494329,19.897802274839478,20.15874312792596
627.2702036933663,341.183452347488,21.114699332525333,18.05302473140489
618.0,343.0,39.0,14.0
626.9047726152103,341.3097416116657,21.541171970230153,17.826738887228657
630.3773104509885,340.22178359363966,19.879362298571095,19.421028620686002
630.4557639457057,342.1698360239702,20.124325316462773,18.02603698691064
630.2787753520533,341.4779414647429,21.177031516615443,18.043410879041517
630.7908900437335,340.529096089438,20.995001260770096,18.83444151214428
631.2007483310845,342.38766943233077,21.077908462956657,17.759992974674788
624.0,343.0,39.0,15.0
633.0093212678594,341.9907757591495,21.300439711551462,17.729679107604852
636.3210267927725,341.18334407556426,19.66958596305585,19.176492429980613
636.5905443323616,340.9034114802762,19.82063069712808,19.062612459418915
636.6076937321563,342.6352430945999,19.976765087299782,17.92787936181776
636.8150128165362,341.877564647446,20.31059946573805,18.4108863655174
637.5306108347067,341.3247435212056,20.028454889397835,18.654132911677777
629.0,343.0,38.0,15.0
639.7458385921395,342.3880369370295,20.29136651106512,17.816361173028554
640.3201366770957,341.75451560928377,20.10869870822603,18.064184888856516
640.9490122720234,341.1837571603098,20.16254636805286,18.45631193479221
641.7263687963923,340.72486730392586,19.98425991701515,18.84607211247811
641.5651460014951,342.57469074200094,20.863709831960932,17.735619765505817
642.353531390519,341.92779693887314,20.53654665129534,17.979759986194495
633.0,343.0,41.0,14.0
643.1456006683738,341.5919033695086,20.79477492162323,17.28633548199855
646.999147335838,340.1521174812732,18.43632425435476,19.403554258166764
647.4733421950837,339.3059070287043,18.322555258965167,19.82607421728551
647.1739164748315,341.83223401690327,19.03047498401702,17.42752451167007
648.0344505099301,340.98641050340996,18.221959966504073,18.23960692888528
648.8651992322309,340.3349431967471,17.931990716760765,18.734202419154087
638.0,343.0,39.0,15.0
649.8308672738085,342.6428294893067,19.2917683333867,17.30166932072666
650.6304505552198,342.1190230880204,19.042851135554884,17.557365278869042
651.289872986171,341.6813299886544,19.104108695249465,17.98054264579673
651.4074313208368,343.04014291370913,19.722414284052093,17.370777636784624
651.9269851105387,342.578434122422,19.781043552867914,17.36642006373046
652.7268247502934,342.1069412016494,19.51186396470348,17.923995409493614
644.0,342.0,39.0,15.0
655.7745934720333,342.2354716908044,19.279638675718047,16.915424923476166
656.3999460498185,341.61268113706956,18.76857679927889,17.53159940387252
656.8115947912156,342.4792295615673,19.148842071273975,17.484871486925158
657.9000230621757,342.21620469650054,18.37174598171373,17.032661166847276
659.988019322634,343.20755561410215,19.01531316834371,17.40784215243957
660.3125111093968,343.0204281505339,18.795259035425715,16.594265892164913
651.0,343.0,37.0,16.0
662.0680635832739,343.83217622903794,18.943880689073694,16.648946045162347
663.1469926096423,343.53875126459934,18.070453821139267,17.091833786071447
664.9834121485296,344.50239382383916,19.207682205637866,17.488482120561457
665.4514569759185,344.436750602459,18.943959284323455,16.566458665516677
666.1128019044003,344.0328254302294,18.517823317740408,16.882235263135044
668.5135166716846,344.82830604428835,18.866873215346914,17.953207453099765
658.0,343.0,37.0,16.0
669.8056740175939,343.91519196587836,18.55865819552946,16.846164910644518
670.3869322799901,343.6326090520289,18.641487339514242,16.716827092192375
672.8171578161136,344.3422783065338,19.052178195637453,17.97394295408219
673.0982446347953,344.2809401832043,19.227289176335034,16.824317620298586
673.6200783395911,343.9609169122075,19.13602111266846,16.734668895685445
676.2799604652785,344.61104804647437,19.115998964559935,18.509758955874304
666.0,345.0,36.0,16.0
677.917977100739,345.66651512838735,18.04372228271211,16.95386252632602
678.5938989170095,345.4830602192694,18.08155789384307,17.067426437199742
679.4046501995048,345.4096972754453,18.130792942315225,17.1726339689082
682.0686356206788,345.70919833423795,17.491132014591585,17.32269412446061
682.7053394292634,345.44128569080294,17.107139926541095,17.362578830579423
683.1441671474782,345.44322093484186,17.547055419236585,17.23174090541187
672.0,346.0,39.0,15.0
685.5077308286554,345.8142270284014,17.297965212538884,17.58139520332685
686.0591076372021,345.6793058207729,17.18444598005192,17.372485862067265
686.565436168189,346.2901449770991,17.42715938485219,17.736255439473894
679.669415719605,344.4430177001369,19.01008833981996,17.825930269406513
680.1785243110348,345.5109232436318,18.662020200276288,18.0219247258255
681.1263275555415,345.125320212378,18.06096091637903,18.024855023959276
681.0,347.0,37.0,14.0
684.8560967630356,344.9829928632762,19.611356896077723,17.558259590151692
685.8654552342776,346.10002268464854,18.963621308268216,17.623539873381958
687.7816542206183,345.6087149925738,19.500321181178947,17.968145062952203
690.0554823965431,345.6492597584139,18.98774686294621,17.791370852091973
692.0609866055279,345.7457905249968,18.96744366202688,17.72358254192477
692.9047123246288,345.49600801015845,18.852282138633086,17.602897941502363
691.0,347.0,40.0,15.0
704.1214141182761,346.58216236451995,18.869596499713225,17.95180278006626
697.283701163351,344.6825713128684,19.426732988513322,18.387460621005744
700.0921594192359,346.15601889281334,18.910080729029573,18.54973407605064
700.501213046231,345.4908416299818,18.706508740589015,18.740392142901783
708.6512575509587,347.75461835469616,18.147358663478826,18.69349365600374
711.09801315293,347.0649306831146,18.81183077117646,18.815653503843293
701.0,348.0,38.0,14.0
706.0911842626709,345.2813190877896,18.90720167685288,18.57091817622768
708.2651036183133,346.92653759776675,19.66134680403877,18.607141645473973
708.8698741661666,346.2030628345275,19.62130548363632,18.694659966960273
710.902062819523,346.19253009630347,20.094108637572162,18.688119270760808
711.1466238210794,347.4662625526612,20.529472452499704,18.696497729586667
714.0580754308448,346.833581941226,19.838353954822878,19.193171995645855
712.0,348.0,37.0,14.0
717.8899906193301,345.87592641900835,19.495344280828704,19.04616207730959
718.4943487436424,346.01402552643947,18.99042820776549,17.800723765672444
721.196742950305,347.26111839144863,18.854603308793685,18.807840576399485
721.4951062804022,346.51232551866633,19.11996008214544,18.88498716886977
723.9767475912893,348.07093193214183,19.446464847146103,19.070539630757537
719.9303770662855,345.1816676593935,18.10449314768357,17.39010316704389
723.0,349.0,35.0,15.0
726.9002452839925,347.0308853490433,19.492185736404963,18.734617403595905
729.4982908282518,348.86894241194125,19.39155719397695,18.243242969156995
729.9901952971776,347.8928343836822,19.301169186739116,18.903041894281955
726.5716965062514,345.9913784685483,17.760086924279335,18.751475046337987
729.455119013097,346.68389565942357,16.76515678104522,17.302726928906964
729.7562897907183,346.4606494982828,16.9064550096964,17.216718725859266
733.0,349.0,36.0,15.0
739.206059081811,347.9149496839185,19.001231548040778,17.891820980491843
733.704633518583,345.68914654342615,17.469861752461156,18.301155665510294
734.229000106573,346.69691291991944,17.50747056007185,18.457185493687803
736.9248049383584,346.88652578308233,17.23329784798841,17.604144374644193
739.2521388680905,346.776520856517,17.216116151191045,17.547028599740315
745.5776218055698,349.3752898447724,18.667989551797746,18.07547150520486
742.0,350.0,35.0,13.0
751.1170209119695,349.1435176206869,17.74712349391359,16.94316734169297
753.131064282134,348.9831673700868,18.686611368941385,17.48513134787777
753.9291338327232,348.781725124888,17.743875607431846,17.39791989414971
751.5805067549654,348.08606364361685,18.626929160359623,17.613325544303393
754.5500328534381,349.8495670085722,17.919213227096407,17.120514812513193
754.8345956843041,349.3005120590965,18.253907092464033,16.95992504878086
752.0,351.0,32.0,13.0
756.6004410139412,349.6320233850565,18.501845840707347,16.889080380238397
757.3865076921152,350.3732847616948,17.79431340880342,17.803782666768484
759.4300066414212,350.67005961506936,18.68642359272428,16.733495648716712
759.5988594790238,350.08986409006434,18.79954555902964,17.084732175500903
766.8342914360269,350.8049828032581,18.668603253659512,16.601283359166246
767.5788768020507,350.4113355339796,18.422580416024175,16.390151458690525
762.0,352.0,31.0,13.0
770.1668896506551,351.82724211372647,19.18948399968167,15.825154019632578
770.6087945519798,351.24356957693226,19.172066781584363,16.59968235028782
770.9300853163909,350.96632925044673,19.374695679538945,16.7972828609918
773.5881993200092,352.2871778364626,19.331750946417742,16.788688402711784
774.2179247061258,351.7715439439023,19.22461471694328,16.280396523040963
774.6270659672537,351.28595334430884,19.429165343876093,16.91097081466711
769.0,353.0,29.0,14.0
775.7873634496893,352.709829666318,19.857598838133754,16.306515492164635
773.9412846221569,352.8529294322718,20.06928232887094,17.227698959000122
774.5404647021624,352.88571850996755,20.047219115640473,16.373355781036025
775.0587067933811,352.3610801684474,20.15852541674394,17.092091487415473
773.0619740175616,352.97179799167,20.547614929223982,17.276467540759086
773.8459683744327,352.80031781159937,20.27968013767395,17.0421090808033
770.0,352.0,26.0,14.0
772.7934842992149,351.80108591873363,20.966046976354846,16.51241172693858
771.0773350015893,350.8776560553183,20.84394165078038,17.470322230174133
771.1920519491214,352.3898030251428,21.330595160793564,17.0313120332346
769.2858428235068,351.57396851486465,21.465599350763114,17.120827510685785
769.6990097287153,352.5357820677704,21.355237569218843,17.576533877092913
767.5741911372252,351.8481701009432,21.850426373243863,17.070033095848657
768.0,353.0,22.0,15.0
767.4221008467512,352.7508938123117,21.604203576361215,17.184484989110274
766.0982164426728,352.9849066688921,21.09596049459833,17.937405866717654
766.1819776104826,352.6785977489699,20.624842454138275,17.868915813719468
764.2158039566043,353.0816895745089,21.179248155907317,18.09416642657868
764.4010369967109,352.90348454357627,20.382937054365584,17.528906130574455
762.3618908938702,352.0753283644499,21.033554831468564,18.18053011363986
762.0,355.0,20.0,14.0
761.191854565157,353.8594360207062,20.046685742447153,17.631176610017064
759.628493922578,354.72033869281813,20.273917209254478,17.518096293066947
759.5389735564463,354.22573999184146,19.726094201133378,17.9188059479568
757.8269059227378,353.4625230986567,20.12341479479346,18.317820136355294
757.7314100651533,355.1766678484978,20.006764308473066,17.35087206430535
756.8676946061514,353.9875909462021,19.400757579786614,18.13590894324625
757.0,353.0,18.0,16.0
756.2510326379222,352.94411422724966,18.44026968095727,17.966505481861873
755.1994973221681,353.43148199276675,18.466444547525043,18.146821511339112
755.4374044128633,353.49312112935445,17.958690633325432,17.809419954978353
754.3221445453964,353.1230119574989,17.85052538740092,17.843391136798573
753.1917605953831,353.5626821197137,17.93552080724055,18.0170895566813
753.1458328715926,353.66250204766766,17.71146778277057,17.552548653811755
752.0,353.0,17.0,17.0
751.3244497961937,353.5383369043293,17.269908412223685,17.742837713303743
749.8393788787926,353.34858506526234,17.257430321508195,17.55846871439371
748.5072921259987,353.5118378692998,17.34980447109467,17.94766691470022
747.1260719215104,353.49252940639474,17.169206877079887,17.43222200527441
745.1965101187025,353.5674088269691,17.52545866383639,17.928788471702433
743.5429867989081,353.5537627447252,17.39237400584841,17.38845323700616
742.0,353.0,16.0,19.0
740.274061190775,353.9530891345452,16.718149968843363,18.639105050480282
738.2988683551864,354.33850852602336,16.552570290980384,18.32724129880262
736.730959133849,354.1126068193664,16.25637029037898,17.952956782262618
734.6832190415239,354.2663162473873,16.4807710381408,18.319427244758117
732.6022616261632,354.3725549353112,16.314397986543327,17.52324440486518
730.5526701346034,354.37788104994365,16.445761377929557,18.171285785560258
729.0,354.0,15.0,17.0
726.6634659557872,354.30618375250106,15.908280493935194,17.36996643879303
725.320817815536,354.4721030843598,15.505590991968347,17.673431145578434
722.8089426662837,354.72871053137806,15.91398118955567,17.5949370401014
721.0697275080711,354.9546612236236,15.518405956931929,16.712031087470677
718.9737704349391,354.8824541612819,15.710289447899413,17.417231393353745
717.1448566132754,355.03695324791227,15.723917863163024,16.611264482443175
714.0,354.0,16.0,17.0
711.6818217185457,354.43014169072455,16.463464287427314,17.119019763058816
709.7343775019084,354.7044871635379,16.49400891017524,17.24138338488484
707.8294832188942,354.9230776862048,16.38016213684068,17.266893995760825
705.8164098538837,354.93356273565064,16.587213198667428,16.700932633926186
703.9656953505004,354.9798953597724,16.414611862917923,17.256309846250474
700.9959083699364,354.9624452674111,16.436260564551958,17.25505715158124
700.0,354.0,16.0,17.0
698.0695237906139,354.54003673301486,16.539230222467154,16.850086024714983
696.2971625492487,354.71895182294793,16.668666687409086,17.304010965515317
694.5514927484555,354.9578976041655,16.722954090396684,17.34986246340327
692.086311723052,354.98667634353774,16.926319879970833,16.826568868787376
690.1263797080992,355.02989313158696,16.885402154083295,17.365632249343207
688.3394870201673,355.1028302852567,16.834588885786616,16.826968242500243
685.0,355.0,17.0,18.0
683.301984440379,355.55142459860974,17.146211380717546,17.91902962440264
680.9279356400573,355.9051190894295,17.24033233970249,18.10057741302296
678.9934317103094,356.22932364745157,17.354248616791438,18.084343086847525
677.7090189343642,356.0587304161228,17.006605762150457,17.63184405232937
676.1932898940488,356.22035826893546,17.249225349104336,18.299472525918645
674.7282895071778,356.5716711880839,17.193157887302732,18.168095362547092
673.0,356.0,18.0,19.0
672.0324435223197,356.9774141545444,18.28989695896007,18.236023476136154
670.4774181554292,357.1808974774558,18.580830981171175,18.71109732812647
669.3360526667602,357.0983661496698,18.508416580407356,18.10999112339664
668.3362888126428,357.0930941931647,18.389128628114804,19.162312757723612
666.8206732470767,357.4970345880083,18.753066361315405,19.134214746071848
666.1076309736745,357.11866127319786,18.140987035647413,18.86050508973881
665.0,357.0,18.0,18.0
664.2638766500841,357.50237367464797,18.563028765111767,18.768549141087192
663.1176623684937,357.6058889967917,18.214104329346128,18.98843919231865
661.7613068439655,357.8324473706309,18.34922066559386,18.982918023868706
660.7842165327129,357.8693448429276,17.90005934578994,18.212522367621204
659.4008673731128,357.8100284018351,18.244109709613213,18.933012940854724
658.1055694167385,358.0232539802296,18.331213033703193,18.935377164482247
657.0,358.0,16.0,19.0
654.5697181319028,358.6396478529457,17.065969249230307,18.946381614447432
653.2219429450588,358.7756470776317,16.987546317954752,19.49458047167525
651.8215361708083,359.1650426944491,16.78639609922311,18.08382604098074
650.4278799086396,358.98919723754625,16.98785494400704,19.30018262851104
649.1457332589989,358.9410722258401,17.06283585273013,18.328946399581355
649.0589166961948,359.22526645608923,17.000037377123704,19.645297559332107
649.0,358.0,17.0,18.0
648.5088678303132,358.6762970251592,17.32609217825143,18.380819445378165
648.0931390719388,359.1052993332705,17.82021541477502,17.718743074019585
647.9200946538863,359.17631303124085,17.85288887592833,17.725656723695238
647.5683119912273,359.2530885807937,18.11312961549902,18.688159997793264
647.4315215732495,359.1669942732392,18.053849053001613,18.40938290495751
647.2947647005058,359.40011733805215,18.0050370822255,17.918133435289405
647.0,359.0,16.0,18.0
646.6927198106528,359.6580396801191,17.066434690972528,18.32400443914605
646.6138492155765,360.10667886691135,17.2095755653163,18.60243923250391
646.5437607518547,360.4801754739419,17.22387639450335,17.685322093534523
646.3037137001811,360.5212901494318,17.326703730319423,17.526313851727707
646.189747512652,360.536666739079,17.2281126019152,17.462455176507092
646.2405420873598,360.63028288117494,17.091269439197617,18.388013819048865
646.0,362.0,17.0,17.0
645.6594118716407,362.64924386530447,17.365004645526597,17.60957742388672
645.8099048089446,362.9111753682082,17.667140850534224,18.284892262574658
645.549933471932,363.28786385589365,17.91000190912189,17.124066924181307
645.5723686872782,363.2497980972056,17.81729564223872,17.133127600712044
645.381758502383,363.24874382447865,17.90637829568709,17.184989334832665
645.4376616003024,363.2839199085397,17.964990977974708,18.479722946663628
647.0,360.0,16.0,19.0
646.5736059140115,360.8979131978656,16.716924112710103,18.823347598326052
646.1340747479508,361.52823493493906,17.444285841237615,17.59601696402683
645.2530895294567,361.3602931039859,17.08153438544514,18.503767467882312
644.9868057704869,361.84219461192674,17.66321298371372,17.616300880522203
644.2105731041852,361.5162437210273,16.948008374844562,17.599854457066613
643.960191228954,361.71589728901677,17.555942049542978,18.78710550067592
642.0,360.0,17.0,21.0
640.8324581051274,361.0063604382965,18.01848789818905,19.79988783927911
639.571466743129,361.7377606834143,17.738953280482633,19.442928407018485
638.247427769084,361.3464377722341,17.531597283213955,18.879947049335044
637.5736923451932,361.88496067707274,18.469452107981283,20.138172411259347
636.4301570124937,361.67967032257707,17.77505969266292,19.1389909870843
635.281921937562,361.8594838291963,17.829769339982704,20.452164457073764
634.0,360.0,18.0,21.0
633.4095918313956,361.44438148340305,18.513142544121592,19.758137741226165
632.8686211561956,362.07310186230325,18.9802520731414,19.930937623573357
631.818009425541,361.5832246838312,18.418985822787135,19.625942253625794
631.2989089770415,361.96008753008164,18.75917480808016,20.683057195089418
630.8958674549663,362.51108050924154,18.848903516138762,19.367608550316504
630.5293401473691,362.78882550960407,18.983606320386116,20.281917005623654
631.0,363.0,18.0,21.0
630.428234370552,364.0578377662634,18.61680097044018,20.153338191835076
630.3708441267877,364.73515444504915,19.06915142848311,20.64266199516527
629.9435221317158,364.74593555134527,19.53743384012114,20.080589352399443
630.0247073682724,365.2029318402149,19.393002413062163,20.83916743937789
629.8081252446045,365.14390865610653,19.587101560100564,20.386942832370664
629.6414199702713,365.6359833262859,19.81429412434727,20.998788999827013
629.0,364.0,19.0,21.0
628.7175646390383,364.85585049709334,19.197795367907588,20.481055876018672
628.5101598774181,365.45000072836547,19.972170403546443,21.097464882389318
628.2763679188581,366.07269300115377,20.14427928784812,19.830731478660937
628.1714947345379,366.2512644782382,20.196722653769825,21.037120405316728
628.0204050030175,366.738445211354,20.283404185341396,19.964167503545127
627.85873517246,366.90279219993863,20.41196638553174,21.064073932914425
629.0,366.0,18.0,20.0
628.8456774547763,366.6638637535822,18.731953256729184,20.58019016804792
628.4203812748725,367.1440790474335,19.429290619096605,20.822636448356207
628.2377326347744,367.58259808925607,19.473636286611054,19.84044558855544
628.1998648653423,367.7459197294718,19.501860321900267,20.700398913953677
628.1273854447397,368.0980915621003,19.513025761633116,19.884936433288658
627.9117343566959,368.1378994617862,19.560081110873398,19.758405682359808
626.0,366.0,23.0,21.0
626.6963065999179,366.88007166959244,21.092855324904235,20.524469338955214
626.2871066696534,367.41133571249475,22.46660912805328,20.897267784700603
626.3706306688473,367.7062338146476,22.327631249549995,20.310172484637405
626.2536062497211,367.77755542344835,22.53453151696874,21.362495425808106
626.1678879860265,368.0441992878216,22.535021149363274,20.744128760663898
626.0117033744068,367.9409265576246,22.497089051832177,20.955740993748805
625.0,366.0,22.0,25.0
625.2936585897787,367.58213941430586,20.943068859416144,22.92648890658893
624.416583750618,368.3845426889261,22.578584992705714,23.200411645738086
624.2331892820202,368.0863763124453,22.0260782902551,22.624254357707287
623.5490725338423,368.47760135014096,22.9663191932093,23.920306211325737
622.7067908894787,367.8271008752551,21.969576655635592,23.15976578296528
622.4107216633497,368.2200776800555,22.72500635620554,24.930612790969917
619.0,365.0,25.0,27.0
618.9306689914355,366.8677212710344,24.398142064100853,24.383276356749207
618.2825868889904,367.3152300438269,25.362988661919758,25.782149392634892
617.9396999407049,367.39426408205384,25.136594302751973,24.69388979439975
617.2609813367344,367.587200722106,25.648280500976853,26.055938132732763
616.7306513247677,367.6510622001552,25.585852972481007,25.1966738342814
616.4958375484705,367.81914063557974,25.481252997596584,26.64020564737126
617.0,367.0,25.0,25.0
616.3523227128575,367.8686703073562,25.227488864526435,25.53879225497292
615.5602850323207,368.3506200089405,26.26802204898638,25.904134096377675
615.3701589927587,368.643456289255,26.299165324376986,26.22655373213263
614.5238079876754,369.1780283663379,26.80496948604332,25.093705796486233
614.056062236125,368.9101682723949,26.705724705264743,26.445702379238355
613.4795983266827,369.4289622363058,27.003080618265358,25.416289917788845
613.0,368.0,25.0,26.0
612.5612419198176,369.3834567936134,25.696870039242413,25.763919171519774
612.4437424641776,369.25756983797646,26.028647370883732,26.888968718766364
611.9848899811855,369.7940349260507,26.46230713218256,25.852780905791178
611.9094197469376,369.6271924586408,26.603113602908934,27.111082544004375
611.5716634042014,370.12434980002104,26.884655738143465,26.056823540668574
611.7666710946187,369.8817938273769,26.845579727011682,27.46166638485056
612.0,369.0,29.0,27.0
611.7955547283567,370.1270805634647,27.953475917425408,27.613830346001578
611.4240582546217,370.45120410647814,29.512911676405338,27.995941840865726
611.210160749958,370.90570461075276,29.87830304217141,26.991846843402527
611.2770010971894,370.54467620150126,29.972496422952872,28.687822263005955
611.496611570743,370.82701961184284,29.978217009111177,28.946759556504276
612.3495137570267,371.07343924619204,28.960453584394372,29.226579402622406
607.0,369.0,34.0,28.0
607.0247862379765,369.8442449925566,31.915589262167487,28.742848508481757
606.7584395535332,370.1445401256542,33.06377668514324,29.949886627431738
606.6492768389489,370.3346222595874,33.846976877871384,30.321421809819185
607.1011968123976,370.4710074203631,33.608471511606695,30.772707605649884
608.1896636892747,370.61772957828316,32.5372997617427,31.21354541751498
608.5257248007329,370.39996773791654,32.28552518560855,30.682484094773486
609.0,371.0,33.0,29.0
609.8690994134179,372.877586495219,32.532207018869485,30.428552171220417
609.0468846135554,372.70422118431793,33.11970694113302,30.013116072308264
608.9583521406685,372.19752132352005,33.109671512379464,32.168395977347245
608.7424608531319,372.5697111396371,33.342802184225775,30.63354762195138
609.0756800088805,372.3970405590013,32.8812851244835,32.44482519239068
608.6465326444309,372.5527190946541,33.50095866713366,31.182952896068286
612.0,372.0,30.0,28.0
611.5610498655433,373.15400627770396,31.563717399142888,31.54123879826807
611.4477233120197,373.0420276585577,31.153882262115076,30.492339160121332
611.5964487354488,372.92718514737305,31.135206328133563,31.95583354609937
611.2529468209168,373.0268313485634,31.14473526864549,30.750648205590892
611.8037594168155,373.66485606648166,30.70105350496749,31.18360701459096
610.9178017817637,372.9777159222698,31.60895712937429,31.574345122724367
611.0,376.0,27.0,27.0
610.1733775765142,376.9829197230274,30.477879870022207,31.144312504468417
609.4312600857777,377.191189945047,30.82531258219001,29.763250033891723
609.4313272046667,377.5381643414494,30.16629770396355,31.126350438034933
609.5996336546546,377.95450532620725,29.59567654718694,29.07913508946632
609.4884998746088,377.4296602305585,29.77149831690076,29.190734884291203
609.4902826923395,378.21757989027935,29.38824244108389,29.685374953419227
611.0,379.0,27.0,26.0
610.1731550462187,380.3896495991348,30.04510748528287,29.104868156087832
610.1121649446754,379.9567985256326,29.553567709109757,28.8290913794026
610.1046578252863,380.9005767276085,29.190276154884486,28.934777974191093
609.9844644127833,380.4999294237641,29.05585777530939,28.62094469086793
609.7237548886374,380.6010034630999,29.164397489178555,29.697906069304736
609.5289433906557,380.96162582257557,29.455728805259582,30.02867174921198
610.0,380.0,29.0,28.0
609.6623183370875,381.03357938627425,29.15484915828688,29.04512544481554
609.4521785603636,381.49187537011767,29.77913212923727,29.60704226870132
609.1255941590098,381.6863670924754,30.282972272114876,30.275426202216863
608.7134269381133,382.1346380218322,30.805727760089326,30.53054359044154
608.7293921039663,382.3503876163868,30.13330049186152,29.06344677443508
608.3879113864705,382.24065408238766,30.36667997339714,30.625516347718076
608.0,381.0,27.0,28.0
607.065083309456,381.6062645822643,28.016155534251652,28.913112832932256
607.1550050721928,381.5985365890084,28.269041773089157,30.049647213130584
607.2304280621638,381.89371040904723,28.262824359669594,28.929345988894397
606.8414824864016,381.72515168033215,28.590341106652545,30.227803133815314
606.8335286525977,381.9622488932364,28.349950784406133,28.858334496151656
606.6208493132615,381.70117088669247,28.47708632872809,28.852099888483053
607.0,381.0,28.0,27.0
606.5772388855221,381.1926162935422,28.16216515522615,28.197207160158428
606.1407545700156,382.15914585292865,29.213757032303874,28.039664696645104
605.8324675179215,381.73567351103065,29.193232686448482,27.95202797685033
605.3589243165561,381.28814198462555,29.586398706282694,28.233910556196633
605.3007613437537,381.2122049286336,29.47823140717651,29.293406941091234
605.0623509384795,381.36018724756946,29.47914820113624,27.913353927480046
606.0,379.0,28.0,28.0
605.477949944091,380.31492083294006,29.731210821698824,28.379137962940888
605.3246171854221,379.9434080050703,29.28563022555909,28.45996726708904
604.871756096044,379.54583210977046,29.569181112788897,28.350627051241645
604.9135205471058,379.0888195620655,29.297073503531692,28.56566539475523
604.4597853857774,378.7262372055776,29.583941150074224,28.574682722281523
604.3518001905427,378.3722176745023,29.45547826489951,28.6454335571907
604.0,378.0,31.0,28.0
603.9406982124704,378.469005198603,29.668708868310887,28.493008891643967
603.2360617629649,378.2893616288784,31.58573310658653,29.787184415043157
603.1425125090391,378.38448016957784,31.522889988147654,28.75537973860105
602.9430216551991,377.90532133375837,31.661641485951577,28.97168148753144
602.7945430792875,377.4683024928768,31.695301224265563,29.282254291281788
602.5542803423402,377.03245334062444,31.922630687262995,29.37509942142151
602.0,373.0,31.0,29.0
601.727387215559,373.3906374854728,30.83326065059282,29.718880219933908
601.2470826195577,373.23801234438884,31.952464743669225,30.92719083101656
600.9316479900906,373.30399146977834,32.19792979299473,30.091859097369706
600.5748598149833,372.80558601536256,32.38149517888223,30.34833260399921
600.3287690236534,372.3785992862171,32.52535372794091,30.49201562971291
600.1213734188059,371.9341328438335,32.64486265192795,30.707518960495577
601.0,371.0,31.0,30.0
600.6096091485019,371.4869827441894,30.798980800558184,30.481930883381665
600.165755042015,371.2861417997931,32.041389410862166,31.729090366486048
599.9689563348697,371.17263246911807,32.109978533231356,30.779736971461148
599.7769385807494,370.64127969538504,32.23155275019951,31.00150501523558
599.3597644273814,370.09111880240516,32.452256915409976,31.09027361208291
599.2864536702918,369.56322503037325,32.39648428244834,31.065015002509995
599.0,368.0,32.0,31.0
598.7573941253975,368.5429855857137,31.89283582051553,30.9661399621325
598.3129830097612,368.34120053773586,32.91767129260472,30.9973353844415
597.9026435919181,368.1252008909255,33.299267521213096,30.79169235159958
597.5162551417336,367.68204852692406,33.2580215453313,30.79407109159547
597.032547961895,366.41965110035346,33.716281030421214,31.249846142473075
596.7322705728207,366.0308452193159,33.37695274931832,31.205355918291843
596.0,362.0,35.0,33.0
596.2575953960097,362.2961413988268,33.116709596985174,33.42146314607891
594.9524502224299,362.8184773283067,35.79542944573154,33.39474196287131
594.7538055134241,361.4385298974556,35.07600260709091,34.1769427077993
594.1996387174422,361.6144543211117,35.96556052374444,33.22288596108751
593.6893546956126,361.1011930798461,36.212360069657734,33.49820197601025
593.2021976764318,360.5802445164295,36.20293909761517,33.75708010087283
594.0,358.0,33.0,33.0
593.7259779933438,359.2352977196099,34.454960936648604,33.531226308830924
594.0535345247127,358.83009733524193,34.018292886162385,33.33422185873394
594.1344325280961,358.32824322931447,34.106632055887985,33.27754298941437
594.0973949138206,357.8725122473294,34.296297364642214,33.24379800431501
594.1271465921805,357.4479402012835,34.31563488558197,33.2154611744682
594.247483071601,355.79168296566934,34.11599304684114,34.24256699491366
595.0,355.0,32.0,31.0
594.3793098686565,354.85938960475414,35.11596005839101,33.47852059259026
594.7335239170388,354.5978669900694,33.57740868123733,33.19000196918876
594.6783724210036,354.34150944259693,33.20686369295254,32.85996484964784
594.6106257378856,353.8284545265574,33.43252116850272,32.49719658669278
594.4662203845464,353.32768874880776,33.233682243399016,32.48069561905595
594.0801369373723,352.7829491109959,33.391342610355764,32.495302003170536
593.0,349.0,34.0,34.0
592.7051190425182,350.1144932832606,32.9767936131243,33.24620033438475
591.5073647493571,350.0622330990593,34.937620837845316,32.98932450944051
590.9902855966523,349.45155059430135,35.35119297949905,33.507788309703756
590.40921248718,348.6041513046823,35.65548107538507,34.171130074480516
589.8654849673753,348.14849336895895,35.87407939262471,34.20681299071339
589.1975928019697,347.1718892325837,35.96522146112636,34.93226365528926
589.0,346.0,35.0,35.0
588.4249682721486,347.3351629480603,35.012145503345664,34.35112170595676
587.36766823216,347.10682647314616,36.72542804341083,35.74854199709125
586.8487531932578,346.3431314334737,36.36380969820641,35.732624902544785
586.3970018693417,346.4313993928922,36.07056458589523,34.90440569303473
586.2837680742107,345.2646372763204,35.82233943230597,35.87249240299343
586.0544782093784,345.35028450686457,35.83235198757393,35.07813790791033
586.0,342.0,37.0,36.0
585.9068500335084,343.57048895931985,38.0956087148536,36.511972714545664
585.2104905008819,343.3707364639981,38.09100056016632,35.872305647096255
585.0083285162241,342.1604115028058,38.0067541542021,36.65631419478814
584.6468619126279,342.1096432436616,37.99933083365363,36.03577167706021
584.4951625936965,341.6906028473045,38.06371584128328,36.04835271067827
584.1794035137341,341.03675494628544,38.158899074923056,36.385399555841104
583.0,337.0,36.0,35.0
582.5087819197042,337.14267083036907,35.80750213646206,36.252899114875845
581.638555083814,337.02442913792265,37.50127721245167,37.73436601069125
581.3426294017756,337.2637989406967,37.41495069604002,36.253904957565624
580.9737013270023,336.79469147628606,37.45503649198281,36.21475648251135
580.6286340371516,336.3239414725376,37.35841965890813,36.336195933050476
580.1219731213193,335.92233843928125,37.59066549451279,36.24736271438451
581.0,333.0,38.0,37.0
580.9000348858631,334.91053721781964,38.22194164418306,36.63932054999805
580.0227491957596,334.4524037445567,38.74836223390025,36.763240539755316
579.86701682951,333.94826645202807,38.671942744909074,36.93917052884785
579.1966591669816,332.6021111954374,39.104649331158726,37.93120953388507
578.7266021024968,332.48033134441584,39.017086459761686,37.38471188756739
578.1648722259406,332.00946636174194,39.132451089041524,37.521501691874164
577.0,329.0,39.0,39.0
576.5802644226917,330.4076056747574,37.932307773324965,37.77528320658212
575.2260482410127,330.25407670718914,40.28215351274298,39.58370880673061
574.595076410008,330.41262044757286,40.27856769317282,38.46827225085053
574.0551347899552,329.99249447084003,40.47362090554327,38.594893361084814
573.6918169655605,329.51611841113754,40.49589431690515,38.84820297119222
573.5099679589207,329.3606097313441,41.16491523959735,40.27100311369054
576.0,326.0,38.0,41.0
575.956949410258,328.1440237148199,39.67808398533634,41.28845987858699
576.6904461221993,328.1972697456846,39.08504306759778,40.11772909111278
577.1319112793798,328.1070146494603,39.03731634533972,39.64750878841551
577.7638344557138,327.92966717946274,39.639920524915624,41.158919995409406
578.6049281089357,326.6599030267505,38.93075627084613,41.56854832436795
578.9163316941142,327.2678814409537,40.18609291542475,41.57134563296927
579.0,324.0,39.0,40.0
579.119588905153,325.8602999737868,40.07518450747966,40.1964756690993
580.2391222386455,325.624874243564,39.398947880464334,40.0065877538118
580.9220380198067,325.30291578284573,39.72556154757308,39.97569941133577
581.6296815568894,324.9504091639242,39.97467662147187,39.9825078720487
582.421834016247,324.5835362522854,40.148790602427425,40.023796921354915
583.2211838971048,324.23577927082806,40.22498711041305,39.972784041221075
584.0,320.0,41.0,45.0
584.4270857535084,324.18231968797363,42.27832132249205,41.830118824289116
585.7474217066757,322.12500418195066,40.50663675009821,42.738421818361644
586.492187772455,321.2526968785491,41.19851408964951,42.53072659021467
586.5412211864168,321.59655166964944,42.492707433188116,43.39544761118049
587.4723726591126,320.48948744984955,41.44452055404872,43.364642694195936
588.0247444229865,320.17115929271426,41.801250401055995,42.59404002184283
587.0,317.0,45.0,44.0
588.466630432853,319.72346781006877,44.944698640548495,44.054482509904005
587.3637506951295,318.9778040951735,45.39996107537354,43.83870598949045
588.050254506039,319.13306149457003,46.019389204068375,42.9868397102432
588.2489314360073,318.6868514570251,46.486779139525424,43.351697373981324
589.1312448628041,318.1679421506051,46.54776095454963,45.55132853455871
589.2146658391778,317.7760009262556,46.59678484587516,44.98322858303891
591.0,313.0,48.0,48.0
590.9733919676819,316.1929245230724,49.38855506173286,47.45848769061382
592.1864881932452,315.82420556315594,48.65893131471239,46.78100701823405
592.3222000882313,315.8948829947367,49.93636245067387,48.20554593910663
593.6900682377837,314.90741202565573,49.010011798496976,48.35075705311351
594.7508186536111,315.1542849808284,49.88590035801781,49.32379543251773
596.3068580810866,314.9061828699895,49.79654394156546,48.56735442511422
598.0,312.0,49.0,50.0
599.8382080281153,314.42925906958726,49.54548474021669,50.791955228234656
601.0994241957969,315.20008031861266,50.78347839799039,50.22632140196174
602.6769284136396,314.9334042091473,50.67181429264906,49.57964756166575
604.4057640293066,314.68374638781506,51.28931649291201,51.172406240265786
606.6716122408961,315.20802004741836,51.28033955871251,51.11269907700125
608.1922196967571,314.3097788951229,51.341559507078955,51.13465780733077
609.0,310.0,54.0,53.0
609.6295294845404,312.6904189379443,55.95230521603821,53.95194116643529
612.4035560507086,313.69003725837683,54.21520048363482,52.823672382946825
614.288070084066,313.98715907686983,54.41993623628423,53.195704763174035
615.6268869181437,313.1163620102916,54.93694512952095,53.42513435818546
617.0930423787495,313.02878113989755,55.585307753141024,55.088063581008896
617.1758753765968,313.7255575668455,57.37484687361723,54.74055601146574
616.0,309.0,58.0,56.0
616.5300193231778,311.64301937398795,58.2856241676717,57.54403138967291
617.4066428149761,312.6425066764068,58.96172537515349,56.41001943093897
616.8630906117378,312.7724907037132,60.489961730095274,56.74824558330636
617.6556485860212,311.3583049949632,59.85693210536192,57.623522675900176
617.9038093057438,311.3453233288012,60.23041173292677,58.6781750180254
618.5657664427009,311.5128849276043,60.80340911361861,58.92951081981187
618.0,309.0,63.0,58.0
618.6015472378385,310.81457973106217,62.32933613481862,59.8747143658527
618.8338586087696,311.04044720033266,63.83027852139526,60.09565976566478
618.2044960985759,310.92320019964336,65.30482709352555,60.72867993655336
618.918422532231,310.69975291253286,65.0933594385856,61.57857282757868
618.5063473228201,310.6134672070675,65.86286950506474,62.13368111029558
619.4460003155696,310.66526403389094,65.57915545096944,62.6881536094146
617.0,309.0,68.0,62.0
618.2944152206665,312.69021330215446,66.8953133417624,63.543477158895485
617.5377158914025,312.2098872883762,69.06596533074026,64.86511906934265
618.7767503092873,311.8607895602413,68.62612596688996,65.91044951176264
620.2192705507869,311.70337421135537,68.80366928290027,66.64340605538814
621.303314199581,311.84699191202617,69.49899805915891,67.0377500088955
621.3818874278461,311.825566123322,70.96200827478128,67.72097529229939
626.0,309.0,68.0,64.0
627.9330253191024,312.6401301592093,68.07273346895443,67.04939123727922
628.745865482831,312.36620857557864,68.59349122530784,67.95491433731104
629.7265696912889,312.32000981481224,69.08580988816539,68.34385484176914
630.1462915802151,313.26134764819744,70.33540138753563,68.44336397226698
631.4846253848286,315.1632793302897,71.31737968978973,69.4549433861589
631.9941842347648,314.8838464985538,72.15626180082882,70.6409129365095
633.0,314.0,72.0,72.0
634.2062143848548,319.27731693354576,72.15873821424225,71.923959442806
634.886334374253,319.67018906884323,73.4214433114505,74.54847944204084
635.9308546706438,321.1517855099246,74.2322238797783,75.56518367532681
636.1598822852495,322.34402926119765,75.35908724752085,76.57125420432845
636.369193218281,323.9248385612234,76.39339957631455,77.28626606653006
636.9511243867906,325.34262971002204,77.19837702821962,78.25693759441879
637.0,323.0,77.0,78.0
637.7728276996461,329.05095245026973,77.59435623031004,79.84100793292941
638.4425414215111,330.4779553581377,78.90198654800406,81.07101309953896
638.6516739411676,331.92838604072654,77.95407018675996,82.21881170236077
638.1826144985218,334.19969008119097,80.92614322252496,82.25971487006319
638.5650849404469,335.64621299644705,81.33837399143567,83.49969355626115
638.8708625616287,338.3636717916668,81.9920486208066,84.03941920140858
639.0,332.0,83.0,86.0
640.088693028817,339.06293744289724,83.17820943896777,85.18647630088253
639.7372657653423,340.21681581521534,84.83238564298358,87.06108653283798
639.7223527865094,342.6551435293345,86.17560420157997,87.4798271300765
639.8496557581694,345.26618745982296,87.16845420482582,88.20999006850877
640.0612033406578,346.66436159274645,88.56192238899575,89.70309013369399
640.3218353857901,348.07636323214047,89.26997194651904,91.22916361173714
643.0,345.0,85.0,91.0
643.7633395645414,351.9970768064063,86.80408503849299,90.54124955256657
643.4247112589348,354.1517622451456,89.37140390625302,92.39555968872565
644.1152655243486,356.55734880192995,89.76476059876404,93.42878902488428
645.1152958415872,357.65854009082227,90.11714346344093,95.05298713898037
646.2252575859582,359.32127197923637,90.76133832237633,95.99294861233005
647.3404300477227,361.4569914099591,92.14269248998426,96.42460139672693
653.0,359.0,87.0,96.0
653.8465163853816,366.01840712019475,89.72918660228038,96.74023140514993
654.1723610449071,367.941206648926,91.95478284074534,97.98753305228774
655.4760761031173,370.2088458919036,92.6274887026641,98.04156456638782
656.4436884341585,372.7224691770772,93.86200607073079,97.78956994272005
658.1832880437619,375.20401159176254,95.98165651397403,97.84623159524386
658.5938808598527,377.50934496015645,98.21576351399301,98.3446668234605
664.0,367.0,88.0,109.0
663.0121299295422,374.90722072484095,93.98660311167794,108.1103212529099
664.181748608263,380.2145112466794,95.99653926445524,104.98637661141868
664.498569310812,384.2500241351074,97.1012291686435,105.10299173475914
663.7105906002155,386.88531678626305,100.61225420862024,105.51655916588481
663.7786191877572,388.5362275758346,102.18068358199878,107.43714831897421
663.3709225459552,390.1910825370994,103.9172953042339,109.55051760700252
668.0,376.0,94.0,121.0
665.9491220833818,387.06345343436215,98.79473181314984,115.02957787015293
664.8968217612739,391.8645353129946,101.60753235115635,114.8971900070535
663.3632003310651,396.35742961113203,103.11240484208281,113.55556813683705
662.1210456539523,398.829262867338,104.22663454069686,115.59787903603365
661.5179157243906,401.40488842028685,105.04760761290163,117.23259200349935
660.1825084305765,404.57850014143514,104.8390483160855,118.0971167777634
658.0,390.0,103.0,138.0
655.9074519366618,405.95925576707873,108.33871222643097,122.44984051226265
654.0655972253156,409.79304534636935,109.98436630507524,125.07746127556152
652.0816225272849,413.2601966059801,111.14930822962401,127.22954535406484
649.8295516751714,416.9031076739848,113.38621709567735,129.13811032149715
649.5898624188281,421.74461403191253,114.0189686941701,128.8340928889653
651.5746703386087,426.2009130498359,111.08422590754321,130.68546221232054
648.0,400.0,110.0,161.0
645.0953653598872,422.23056973113864,117.39192168725185,128.71956238104474
642.7414982549847,426.72694808867027,123.30804231874004,129.898846054538
642.611450018205,430.5710492051892,123.47221818555249,130.7872400000033
642.2050587850774,434.2525533454559,124.56125748140289,131.29638751710252
641.9171266799021,437.1548088266459,125.144116463204,133.13277915911135
