629.0,441.0,95.0,82.0
629.3860134864226,445.2575357415956,94.3088739621453,82.66890101999707
629.8653359311029,445.06236068528756,94.54503809484982,83.9235113238675
630.2601954803525,445.3879745995598,94.64305676686763,84.08381958199504
630.4711775123013,445.6161725562324,94.72780470824603,84.38735430329314
630.8041830825459,445.9522998109119,94.68986809078399,84.50305834049982
631.178108707672,446.3418430096758,94.73153530950367,84.58920464209973
626.0,442.0,101.0,77.0
626.4120009490337,446.15946460409003,100.62119046000987,80.06361635738273
628.2286178127135,445.6336814688111,97.92626869516084,83.45832972598419
627.4587813933341,445.528209491702,98.36046380004655,80.24146409914465
628.3209127817702,447.0218993232435,97.76065517208826,81.0415669507114
627.2620746808539,445.6159190814467,98.83602530270741,80.51635476688796
628.1116755088875,447.43903211796265,98.36172086862564,80.78624487431097
626.0,443.0,101.0,79.0
626.5214030432612,447.3503925610224,100.41794072925825,82.26235357779018
627.080073953901,446.50705366376997,98.24776112143309,81.8531321738435
627.9627857475903,447.5844074630252,97.20409881691239,82.42286204063839
627.9745785108839,446.68353459973287,97.94174578054958,85.65948310739202
626.9252073410462,447.4895977205647,98.37482426020142,81.9002407570506
627.6586480491335,447.47356910404335,98.41302107079025,84.12435747014194
626.0,444.0,101.0,81.0
626.5079689688087,449.0497789292582,101.17929081192506,83.4941126479954
627.2363707638062,448.7845505839589,98.77474078243449,82.41066885633711
628.007173319677,447.5526125437782,97.98318482740854,85.98246230503139
628.1585367244388,447.8082282737196,98.32779941407841,86.61436016030189
627.153382173201,448.7027023677042,98.75136027029953,82.96812182238898
627.7448871730469,447.99139583466786,98.97405500854086,85.92014201515485
625.0,446.0,104.0,80.0
626.750470346673,450.8201405328226,100.86173683081097,82.7397544953086
626.7566553631245,449.278429323399,99.82157714754658,83.58467406029627
627.1858311136685,450.0989291654548,101.49455196333759,84.50733230463402
627.1821932481118,449.26302964442584,101.34021814919129,87.90583490953577
626.6677314034973,450.12643012408466,100.10375046770355,83.59422877394263
626.7766096110972,449.99358606444434,102.6095217179818,86.40132578308817
623.0,446.0,108.0,80.0
624.9069402227228,450.2387017247885,104.2591323196616,83.63134576956816
624.7593510993834,448.6243335710351,106.23364487621029,89.32359861534292
623.998953376697,449.444003110774,104.8674375473812,83.6883939360755
624.9463387652155,449.82764548562704,105.5942671339061,86.77114705122528
624.1294141929811,449.20362910551876,104.47113357995681,84.15494260652349
624.6319262903266,449.9486267858937,105.8735960132658,86.65473224097013
622.0,447.0,109.0,79.0
623.5672808052368,450.27316554392246,105.66348099228708,84.45966408125196
624.1439337616222,450.8997941221751,105.54361850504358,87.94107486459643
621.9520854926266,450.13087437031186,105.97273974452537,84.12536528990677
622.9871525301718,451.08368028460916,106.91906999024343,87.06852498769456
621.1329878245001,449.82525867548816,106.20597435733293,84.51645954067726
622.257279311247,451.18335425474174,106.95955610674514,86.84010654586041
618.0,447.0,113.0,84.0
620.8040156081938,451.67072701847314,107.51373694153119,87.49812886483323
619.596986693258,450.249298412446,110.46625384576032,92.29061882903761
618.8873583550903,451.1203872288879,108.16786385792193,87.16925237451392
619.471330909084,451.3933250095886,109.41145379587988,89.8646389515684
618.055381277888,450.5562419183566,108.44038949591413,88.29870524537398
618.5354420741669,451.94552187680733,109.44647885317636,89.60857128910959
615.0,448.0,111.0,84.0
616.275358407107,452.02567410139534,108.95971601022484,88.13651415346601
617.602310328504,451.82999651487535,106.15234335414618,92.64069380087176
615.9161075729953,452.51702229904276,107.13316425266612,86.96772118382626
616.7333737353288,452.2453140417862,106.16320447114276,91.53452890437188
614.8357578867849,452.27854782181885,107.39023923189461,87.43139494662137
615.636199156849,452.98551506946,107.29714861001116,90.39508016746936
611.0,450.0,115.0,84.0
613.8879997311997,454.0111341561945,109.66785581110207,88.56663043334748
613.0336882528281,452.74538143183236,110.81800139585789,94.40619023571026
611.6638589876657,453.97975338745164,110.45976782091316,87.32830347993513
612.4106154479873,454.62377318522954,111.76918335715754,91.3367836098189
610.7673990698609,454.1255415853675,110.58811274713173,87.51582873518169
611.027072353267,454.8065685430798,112.93658390419353,91.47611286481873
608.0,449.0,120.0,84.0
611.1059932620713,452.6772302129483,114.19380115816068,89.75161018652773
610.8336966115367,452.95805951417503,114.99397022591779,94.44306629482696
608.7733533794853,452.90021238624036,115.94353876490197,88.99532743151667
608.9849227134991,453.1478255627717,116.30344773416255,93.79605741430623
607.4218146180456,452.334747037278,115.67742520485797,89.94728315009331
607.3130725089425,453.0970163646414,116.83800905029523,94.11223484897414
602.0,450.0,123.0,87.0
605.4080313606646,454.1427855484643,116.19822931690669,91.93765533197177
604.1082102063742,453.59425764775494,118.60189855037379,97.45338011326442
602.4597275365934,453.43959854305876,117.70832526834454,91.3198847562503
602.2625481008142,454.07538809422067,119.41828238134076,96.02662664805894
600.8113361910719,452.6626666489092,118.17303212030674,92.15226316807173
600.9133074292258,453.93478213001936,119.77876663260986,96.16561764530547
597.0,451.0,124.0,84.0
599.6842531961458,454.8699266809699,117.70714727963104,91.1496180138729
599.0126013077908,453.79980847142326,117.66525497104897,99.77512051506426
596.6057151851217,454.3232468891488,119.47315591376673,91.58462109470759
596.8125094892869,453.70390113617646,118.52704630238588,99.59277358246129
594.6179663063949,453.96690517046045,119.75644056002818,92.09686437002244
594.7215419312209,453.6012803049651,119.2713662161517,99.8875527948415
591.0,451.0,127.0,85.0
594.5040525189634,455.88116673253114,119.64457973224967,90.65750493834173
593.9610985392628,454.3161460112875,118.42695182690932,101.0902995224726
591.0804823622816,455.0864678020289,121.93538282008478,91.19549251940884
591.3538813028701,454.0450168734753,120.0228771020918,100.73164550411462
588.9251090726791,454.34288387807874,121.6243192108949,92.46127532875948
588.9689658879729,453.6452264135836,120.18187589180707,101.3166760571163
584.0,450.0,126.0,85.0
587.5762757263185,453.91847668951834,118.56060428025228,93.35176191955748
586.5830351915436,452.69355126011567,117.5116259604398,102.97348394381527
583.9932838387417,453.65009147421733,120.82956004014136,92.33593063360786
584.4326227122136,452.52744311573315,118.15394371107095,102.48370536257232
582.2821648196249,453.1891569103834,120.38866872159394,93.01742791987806
582.9683910621579,452.6787170813594,118.02553277740344,102.35967059424604
577.0,450.0,131.0,85.0
580.7442410293102,454.4999667042903,123.66819658017175,91.57038902924728
581.2438016994081,452.9660205854424,119.96143067487196,102.09731888367583
577.7226772669428,453.48258779034177,124.46051403829506,92.32717846429159
578.5486773628033,452.40914786489134,120.9410069123511,102.38399742618458
575.1899111772309,452.765301832761,125.55355411698065,93.75836666850739
576.0237860872521,452.3849456545395,122.56045548641214,102.6982336623505
567.0,451.0,136.0,85.0
573.4409202514466,455.203226507258,124.47414942434284,93.36895000843128
573.7778043700987,454.21817457616635,120.94292154015761,103.5924208099675
570.2009326923717,455.0448039057285,126.30888700129617,92.72880692815431
571.3644921674191,454.0892446023838,121.76992356570884,103.42238701553197
567.9874015136415,454.6732764485728,126.78057898584211,93.49278127384889
569.2558897377897,454.1688460923045,122.50620421083647,103.58878720131025
562.0,450.0,137.0,88.0
567.0079761124402,455.477735908461,128.72396336914733,93.15437228033977
568.4047210111812,454.2785225474856,123.55053617473402,104.07632106215902
565.0800970813689,454.42815530755297,128.86276677234127,95.10728126816343
566.1751336733723,453.6099064269657,124.41451497596779,105.0909464880242
562.9336160016046,453.8623663629919,129.23545680576376,96.12810671359966
564.321077384486,453.5646118305233,124.80864483137611,105.34440690476674
556.0,450.0,141.0,87.0
563.586908684525,454.20050275837275,128.4663402784921,95.69710580306491
564.6080495819169,453.6097976249875,123.91242651216191,105.76347115464824
560.4722211981643,453.7863254932902,130.73988262187413,96.10724753230897
562.3703874183375,453.5030864799388,125.34222371422402,106.05626409726449
558.6988725783608,453.5029660538057,131.15855749201933,97.1220837577539
560.4290411425027,453.4396661691874,126.39216645060606,106.85356176221057
553.0,452.0,136.0,83.0
557.1890285198658,453.968285989195,126.80677505517713,98.01261478193555
557.0067599632948,454.54093907665157,126.55042079508053,106.76410219678968
554.4642572557932,454.20944034868455,129.90875357548794,97.6945582107486
556.294304655971,454.8034094867676,126.91166528168196,106.83529878386616
554.1598698124371,454.3397685019954,130.3995671245441,98.16613039233744
555.9988580758243,454.75229441586794,127.04298191638009,107.42402356737693
550.0,453.0,143.0,85.0
556.5274201682553,455.77381806934613,132.46315830238564,98.20967398677931
558.1703882204469,455.7052450478152,128.6113274430228,107.90941998678807
555.5883058702366,455.36543841251546,133.0834207005662,98.38463354682847
557.2726514794783,455.39230056283554,129.81000902950655,108.11438308778042
554.8719887226573,455.16315397180824,134.43080305164244,99.32459862851033
556.6314542685586,455.4961117869534,131.0504271364971,108.64128519757287
548.0,453.0,145.0,86.0
555.1525414721857,455.3338066518587,133.96909381943237,99.9794700749527
556.6414030730825,455.3839861643544,130.1747005477364,109.52853102722236
553.5789366269735,455.1039087005811,135.9949694816696,99.69319170087203
555.6104708093608,455.4307326400358,132.2140406647577,109.40632553046566
553.4363388511692,454.6775757844123,136.90943345088,101.266235303254
555.6245718675348,455.77965932235594,133.40140271095902,109.97170786261864
550.0,455.0,152.0,84.0
559.4235418312705,455.35038395094386,135.5969948307137,102.91668138611033
560.3991113167826,457.3350341824399,133.71799930878058,109.66348539051228
558.8817898084526,455.57766683070076,137.1121353754461,103.78353673902825
561.2183101909168,457.1770016294299,133.08958645089888,110.85105380823086
558.9880567142804,455.44992741411,137.75723713286982,104.40821511407489
561.127458334344,457.1902253556358,134.0208622556696,111.14994273295508
553.0,454.0,150.0,88.0
560.1923682971747,455.7464342803256,139.15594619686317,103.59121060047585
561.9353539206709,456.4219471289183,135.1146209382532,112.35544906799112
558.9995512529599,455.82519525059706,141.10753970853239,103.78478152937441
561.4457583039078,456.49110595228564,136.60776924073411,112.74859931569489
558.9297318695526,455.80352589723793,141.2273517683616,105.0997670745262
561.2062756106291,456.49903824355823,136.71316858552962,113.68289285141879
552.0,453.0,150.0,90.0
558.606349687306,455.60374422974417,138.02983416231746,105.16436247452191
558.89641786015,455.5945643761602,136.3425100103965,114.71927383881177
556.3480750779459,454.79409073342197,139.41684617392275,105.22334589676109
556.924850492876,455.3069655292561,136.6784996124461,114.42932241712208
554.2146944251995,454.57062709449815,140.0998555936486,105.23982656907265
554.9684992749834,454.6742150461889,137.2673088655432,115.22572920296454
550.0,454.0,148.0,89.0
555.4050566929327,455.57499073166105,136.48316915919406,106.18411361383085
554.6785785842592,455.6763675403317,136.40007609325198,115.26658057308333
551.6110061469697,454.8519576940919,141.57516370114172,104.76042459763164
553.2301308925787,455.1321055275986,137.47305816052562,114.75292898713462
550.7698030131287,454.4197520811281,141.30144662204202,105.46634944425648
552.5322502877307,455.2380592268802,137.5344655241298,114.66332297222402
547.0,455.0,152.0,89.0
553.4755779562659,455.9153863048484,141.5522257564504,108.35938987621944
554.2374797595135,457.5110713499785,139.6436565143389,115.01746189375211
551.1190466638441,455.35042305617185,144.96233522821626,108.24502025482366
553.4816779423327,456.74751874037804,140.4050628602895,115.65941272984605
550.2699088955324,454.906270637576,146.1009589372943,109.12309068580771
552.5225338179616,456.16680265795185,142.16427464847584,116.91448049623432
544.0,453.0,159.0,88.0
553.0082571481335,452.16249619845803,141.6911314893431,110.94136152295505
552.4123438579786,453.8298825651964,142.94803229919307,117.53940259776527
549.9491760266101,451.43063078700675,146.8858594263802,111.54606295932695
551.5036513329109,452.5434862970342,144.43993974784996,118.94778370873473
549.4232198426828,450.5184787523658,147.54830316400728,112.64295634465668
551.1843467952039,451.6076142520358,144.30657197404605,119.83703050741815
547.0,451.0,159.0,89.0
552.182293702921,449.6063827288999,149.73641854297625,113.38024215261248
553.2712808150416,450.72626329764205,148.1405546079509,120.36612958132514
551.2032429888445,448.12866853722926,150.99606473578945,114.82435891669593
552.7102515396219,449.48989027595803,148.91797090377747,121.54711576003501
550.6896368238672,447.02628471733806,152.64079999088335,115.84689078468864
552.303881279865,448.6171585792541,150.4258497699999,122.15811853950049
546.0,446.0,162.0,94.0
550.7120151540735,445.50086585764836,154.53088344936077,116.47603494711075
551.1633471916937,445.75882592900825,153.69690227862202,124.68956196797228
550.2205096826906,443.4854084897952,153.64437544442922,118.72176161794539
550.5165897581456,444.5377082915229,153.1373576250803,125.18406238629268
548.5443709252036,442.45851482323576,154.97272433520197,119.69208445287006
549.2900805422584,443.42868987222937,153.4544094553837,126.40661259084027
544.0,444.0,162.0,93.0
547.9005784263682,441.58915322299185,154.50238768352074,121.46954400632285
547.2622164687327,442.88109481610115,155.94853543277952,127.7462179411259
545.7512713046262,440.04621026883524,156.09971629391237,122.52414783128006
545.9131486443254,441.5384662807743,156.33412470625672,128.23175887044306
543.9608459084593,438.49576812590976,157.09482314271497,123.75219787963579
544.1417288894628,440.1701887994374,157.0378052847168,129.33605473662777
539.0,445.0,166.0,90.0
543.468201948956,441.31158454417846,159.1337640633626,122.62354906796475
543.8692187036163,442.35594639912136,159.24211323216105,132.42714598180925
543.1002143260512,440.3650414732506,158.36314619380641,123.61338805389005
543.0479419917599,441.471392594618,160.23689649918083,133.65125454573467
541.9273316913745,439.5508880606119,160.45033020150186,124.38595553215146
542.2219491019737,440.64710958602984,159.65893375759663,133.80244087064386
538.0,442.0,162.0,90.0
541.2784761161747,435.84874460795163,157.56726602103663,125.85022756046612
541.5874487259184,439.5823261824775,156.302255403574,132.04373337532303
540.9680748041555,436.04005508118405,155.8267424907856,125.23472892191182
541.1127882015228,439.3197288391446,156.33685679201244,132.35582830407378
540.5956939740136,436.4714344607095,155.3278768086974,123.9989195444889
540.7353592695445,438.45866031440426,156.34692703763903,133.0990278490467
534.0,438.0,165.0,89.0
537.75520131976,431.05231252357873,159.66684021257436,125.9666990899733
538.5545333684399,434.9524502306655,160.28381860513764,130.63188798513931
537.1643794049253,429.33126240571414,160.34308379472236,127.60786523278193
537.336898625018,433.90066430298697,161.141528147773,130.7578048253327
535.8470005627842,428.56591400157913,161.97943634198282,127.90477341532892
537.2269475790231,433.1027868026063,161.30472779592606,131.14279061029055
532.0,434.0,167.0,92.0
535.8169487000418,427.4706620134725,160.64314346297,127.43875881380609
535.9820316729089,431.18016105618665,162.08785689256104,132.84826539595622
535.0390687567851,426.3943340239514,161.1900625606329,127.73051321807498
535.7717817009407,430.9403600765367,162.4297952430461,131.8627324359582
534.7803082592369,425.5233644006631,162.48987599489487,128.55558805444662
535.8143155877137,429.7251847016749,162.0339408102069,132.86412425688667
529.0,430.0,169.0,93.0
532.2103245163971,424.4930900980544,164.96376733595332,127.370281045414
532.8153583739223,426.8433111817494,165.0855609720271,133.84006502717398
532.2176974791164,423.3953407900376,163.23573806894967,127.61106662028328
532.1325742204072,425.94951502629874,165.27537397522792,133.53676410368962
531.3855973030936,422.2018641199177,163.57186248990774,128.1993149675949
531.1517193412512,425.40264883974,166.49213400441363,132.651138255202
525.0,429.0,178.0,92.0
531.0542049171027,421.4018318266013,170.78561306652296,128.53886523108156
532.0659578357509,425.0279776896544,170.64319679693926,132.53093024137678
531.7919195182119,419.75040488392415,169.7827387096978,130.04855507820946
531.7506780764793,424.40561021615486,170.9806935190636,132.37896115491685
531.3645214475923,418.98081185254455,169.21583558319435,130.04972989033604
530.996677805143,423.7875875947748,171.05872476176046,132.1014125292039
525.0,425.0,173.0,92.0
529.1301142348728,417.9688146674754,168.36167727469137,129.53819593290928
529.3550124600919,420.7584311272693,169.72892531127275,133.37165157726645
529.9681205927991,414.99538713352626,164.23618072452427,130.56200038832628
527.5972983858435,419.3587299744836,170.10307211965414,132.08720248284976
528.2713049973313,413.08679928048,166.33801108044509,131.79837873015424
527.5878523098321,419.0599371273645,168.877980706019,132.19266365717772
522.0,424.0,176.0,91.0
526.2986311621025,415.8527445414038,171.51988983260162,129.81700918684282
527.512045845931,419.49959051720884,170.82361755122383,132.60489634745954
528.8775514226913,413.66940168245014,164.21258841292865,129.96294158659123
525.7354582548367,418.6989321950543,170.87836575926235,131.36697153061465
526.9889684905147,412.52238013011265,167.393754317206,130.86909359749382
525.5550936012451,418.18519661223576,169.9048157526354,131.6530365048174
519.0,422.0,180.0,90.0
524.6751933567248,413.13931971372904,172.74682931941288,130.4524059022998
526.5127142932771,416.55214823146525,171.61617916864031,132.7395107413904
528.0959131355703,409.60142696886317,165.52202470620796,131.52891978811124
525.7638246722388,414.64758182780054,171.2424616893536,132.0742209229786
526.9720640805986,407.92533405041945,168.15025581036025,131.89109615855045
526.1117781783058,413.82155783918165,169.96538013746374,132.2479852962283
514.0,422.0,178.0,89.0
519.7941223105644,414.0396067798856,170.9566118221295,127.56689218043721
520.8332583789414,416.7118330210957,170.44871336899712,132.42544921906745
521.8299058992698,411.74890570347986,164.70163041597027,128.19744115601634
519.9963317177721,415.9611405995438,169.98860432471156,131.06794809448525
520.936544861058,410.5349949638305,167.74738894450536,128.99415674595298
520.2458833976634,415.063876436609,169.43807948315225,130.8513052557123
509.0,423.0,186.0,88.0
517.8296147398096,416.14914783479014,173.52277497737668,125.36459215712568
521.861673129155,418.5534020086007,167.76621158827948,132.97037647450173
520.9588383443938,414.69260257731685,170.23034875581084,126.8291177313763
524.0826628135956,417.77001496216224,166.43162209273203,132.54352063943827
524.2349225358635,413.73406401007696,165.60886992105964,125.69206528076234
526.3201118061952,417.2026405864906,163.9890240046061,131.14749655085484
508.0,419.0,187.0,89.0
518.2143250922209,412.10454841092405,170.47264854476225,124.77975639375654
519.4204410756151,414.2552336847964,170.28496829091318,130.65307366406364
520.2652120554144,408.40219315036074,169.36351901392686,127.1809934023986
520.850229558393,413.40493377575626,169.06740517619028,129.5224897507503
521.0717704783867,406.7509491504752,169.45800520599641,127.92281185642332
521.147408156824,412.09509167884687,168.38055497998994,129.49160380443357
509.0,415.0,182.0,90.0
516.4847608355474,408.05255902800855,171.53649590037503,125.09136248421419
518.3795557789895,409.72786439958094,169.3906599906561,131.48453961319905
518.9120585737753,404.3221647934099,168.87934243774043,128.72238226659192
518.4725861765796,408.66815407166166,170.49492621928493,130.41888367153172
519.8121128549692,402.26969228258463,168.74570201994175,129.9549131487396
520.2446827368951,407.8506937824361,168.36574494814158,130.0653931976966
509.0,411.0,186.0,91.0
518.5297113098454,403.3170257595373,172.08906628650925,126.6753842976583
519.7223381486372,404.54719435124116,171.1373307171027,131.87637761186625
518.8514323571426,398.9852266486546,171.88308474504015,130.4952635736213
519.9643109879094,403.7372265898449,170.45722050702807,130.87257907666242
519.0315652338136,397.7858831537362,171.9805275799406,130.1222859473321
519.6548068012551,403.2291466964898,170.4828038480615,130.3792710178668
508.0,410.0,188.0,92.0
516.0171836358859,403.68671090994917,174.4836105123468,126.79463146293767
519.5952838532558,404.838421715036,169.23780281499126,133.72290830236852
518.7721720721402,399.68629153512074,172.47564701329907,130.65373931754755
519.7532639394635,405.33533950446935,171.67399809365997,131.75267048091933
518.7367249698318,399.14996003776787,175.07196202389468,130.15395321434744
522.083299582715,404.26502127705567,169.465841577221,131.72167247238895
509.0,409.0,189.0,88.0
520.1558761458205,398.7428419264172,171.38855462015954,129.33788493246539
523.0624654331896,403.4724524182002,166.8701988241537,132.29773455553027
520.5855452661212,397.1495220940445,172.55497300725438,130.28123706227154
524.1080190988755,403.06122180206785,165.5531997754215,131.91725303477767
522.1225342448599,396.81892734010535,169.55967061316915,129.18098105558556
524.3797831454722,401.4895557686534,165.308096517967,133.22444639854484
511.0,407.0,192.0,84.0
524.9018070113513,395.55460538137527,166.7407296577171,127.79523556582399
525.7141480565338,398.79828905242897,165.0494472522804,132.99107894742355
524.1232712891967,393.9536319460394,168.8679621798176,129.98737662633448
526.2651889629415,398.53869872516566,165.27142430706965,132.25260204795654
525.1423121938403,393.1551825844624,169.37840158902645,130.65547647196456
527.2520670946526,398.2891028801779,165.5702583330841,132.1389776401162
513.0,408.0,197.0,86.0
530.6230997293442,397.4543147840782,163.38662602870227,131.02522171677845
530.9449300499995,402.34657647597123,161.0219137287727,132.06166047229635
529.4989086912939,396.87501230395424,163.26057209625867,129.89213892688906
530.3619821890275,402.92736118288883,160.98276027977818,130.7545371532982
529.9640704559563,397.5162859351949,161.4549692849837,129.31634534362092
531.0660177658172,400.9910868403741,158.98986935049254,132.6395969317599
514.0,407.0,196.0,83.0
532.5755597509797,395.7724208794657,162.44203298903312,130.02555967424644
533.3918619658921,398.4347145768689,159.89553999557904,133.03920617475018
531.3943613483472,393.7687462040483,163.60264191860142,130.46616319062332
532.873135451985,399.4280296129936,160.42691337188216,131.68868111699481
530.9866954571116,394.3265745158469,163.318518208539,128.53021562485378
532.3867501789855,399.16774502175394,160.56461367588327,131.50593123666476
517.0,407.0,195.0,84.0
534.9089565760555,396.99074968253444,160.30844958130785,129.97950215313665
535.8732742826116,399.6277130416402,156.43742571095459,132.78394608432
535.2334003077613,404.5763437147839,156.22044300376376,130.36057288665847
533.2190027054811,400.3923641130368,158.30859946613634,124.84733406439818
534.8620391728107,401.9852078267795,154.30660610606424,129.39271434403759
532.0263710335448,398.35200811389427,158.28269570793293,125.13852364525508
518.0,406.0,199.0,82.0
543.0456527803906,404.6289377093449,151.4565366020081,128.78117263840386
538.325483405742,400.7849034493787,157.7632429462883,123.28238860842191
540.2428909330597,402.75000180938065,152.47283813122488,127.6615578128015
535.8912588978874,399.4034921679736,156.86257137472876,121.3146352757733
537.5864494411816,400.2128752944371,152.02820796187814,127.94108782985455
533.6308636801975,397.7890459244268,156.03671230043085,120.81658830156573
521.0,405.0,199.0,78.0
549.1799801659265,404.3283823901247,146.98653486125374,124.49916882511616
543.4276793976819,400.2098666277052,154.68003743152212,119.10165363525539
546.0959874241664,402.2050449893801,149.29268200944182,124.57254516077217
542.1025051548615,398.8460181601839,154.4284484812872,117.59662897555324
544.906095460814,399.63504163355145,147.7349158430734,125.69106232383405
541.4319932632684,396.5543638659867,151.27146707921258,119.45001342695787
523.0,403.0,197.0,75.0
550.2364186205496,402.00197313233116,145.1899749274113,122.05352640539945
547.8371390805991,396.93842312160336,148.60071032722658,118.44037768621479
549.7113213012167,400.2000523738993,144.51469376286764,122.4655946234933
546.9817770787729,395.15782383734063,147.2126239017066,119.59850828720869
547.3312320360435,399.10871381112435,145.38047793772068,121.804990645528
544.7323850109065,394.73186497431607,147.75605089204032,118.3798025059657
524.0,407.0,204.0,74.0
554.0548237161981,406.76299198342986,146.12605691721114,120.43976993908063
537.9909705247286,402.4104457877338,141.48168351154402,112.89870756624452
553.5023879673017,408.37988129518106,144.6466223038044,118.10811777023224
539.1767871498355,402.64270834457477,137.65562695675726,112.75705309805869
554.2712798260916,408.32661572622465,142.08308993104072,117.58095546005961
539.5855852913187,402.2348897415877,135.82388209752537,112.43963379681452
525.0,405.0,208.0,74.0
546.4321667446495,405.13908124399586,133.71308147148784,114.8736828273976
542.2494543759794,402.69246340332506,139.69097077457172,109.29855217986392
545.79253067902,406.3369361634584,131.52791383438534,114.1409832492609
544.4179585456409,402.7792197949042,132.5456742347277,109.95061823390267
545.860958722177,407.0664473662955,129.6099156303012,112.10124614980907
544.4272980520925,402.7854124333236,130.86362661287046,108.54020835422784
530.0,398.0,206.0,77.0
552.4062665294034,400.4788598181872,129.5535957802358,112.00981800597174
548.5845872044407,397.5438478961754,134.3968392554599,106.77434691133749
551.1027546024295,400.9616172881864,127.96671186767094,111.5260572223176
548.8706408634791,397.8081375026984,129.91142687256206,107.19853238767689
550.646991343175,401.29462950196205,126.26660912542036,111.02321789254472
549.5847801829862,397.42618229939444,127.00246686225626,108.2350661892159
536.0,399.0,201.0,74.0
590.1252657742709,420.90249051183514,128.1786455271565,106.9789790599508
574.8622667037271,414.25266988381895,127.02112457371732,104.39001338544335
590.5075723584583,421.17556303698154,126.74974089696661,107.87553754232056
590.0060496589836,417.2577313623457,126.99656359716346,103.66439357043407
590.9206104290722,420.8847207659834,125.0142681636205,108.72403219211594
606.6328759897464,418.8108219808534,123.99025262713724,103.89264110773235
539.0,395.0,205.0,75.0
597.057407587371,430.4243441772989,124.23177883703534,104.89616461870952
597.4430326874163,436.5967844511505,123.54742382806478,105.04444007782865
597.8458134272481,429.9125181636688,123.0796793871092,104.47327659540815
613.4735544505362,422.5472192998107,122.09529407024922,107.89522160246139
597.6398886976984,429.0606754150939,122.88255151608575,103.4659756741022
612.9338907032102,421.57945066116594,122.24210011725347,107.29672577953119
540.0,396.0,202.0,72.0
596.9245997104276,417.02120250554117,121.97678315086091,103.87005484433007
612.5046771304691,438.1828924986581,121.05730728878405,104.00993565700031
612.5530860356431,432.1515062696376,120.72685010960106,102.6107775269312
581.8670280447845,409.22657385738535,121.24017181560771,101.93236779112408
582.3940488607162,414.2178882283878,120.52260852803681,104.6200143616727
582.0796797010767,411.24767862230294,121.06543943703957,99.53553411461871
537.0,392.0,205.0,72.0
597.2065599060352,426.0461975331964,118.93416363859296,101.95220482055447
612.6386593216748,434.4620557867822,118.21803605718821,101.30145131635123
597.55743747277,426.3932037507668,118.64442633476312,100.14343341826702
612.2942391357504,419.68302508248166,118.53782806425909,103.03022827262794
612.730650224395,427.01956781315187,117.82363664375953,100.5532234017877
582.9968263201804,405.15041799205903,118.51053151411202,99.43366849569304
542.0,390.0,200.0,72.0
614.1104045162422,413.58168992340643,117.68826117317883,99.70563625213003
614.1727153973769,408.708644312641,117.38487499003816,97.58600230050536
614.7527674401206,427.26294634393867,116.32548940908657,98.21459123992759
614.7829242911945,408.65554452746574,116.37601810561762,97.75898860961979
615.3389692451393,427.73543120197314,115.46902625958842,97.59157854812929
615.4613694594132,408.57524177346744,115.3386357734446,97.882242961759
545.0,386.0,200.0,73.0
618.2890629707326,410.6080485637631,114.90064855094477,96.96016221345553
618.8665697255259,428.5648636312172,113.87100610091272,97.88359289952751
604.4569387241658,421.25396979026516,114.22240855806149,96.05879747427537
619.1863216098343,429.09001257276975,113.3422995030528,96.19312896390977
604.9839804878866,421.2566452730886,113.40059271393216,95.73900067801918
619.3039821738137,429.02035880157166,112.99537148824663,95.83615862276702
550.0,386.0,200.0,72.0
623.2270629005775,409.71485584836984,112.4418946317893,95.4776427222767
609.575772302311,425.4146036399302,111.90540973289887,96.17252683117408
609.7892357811614,429.78044504014906,111.76713744902463,97.58277782079949
609.8362593822881,424.8223285350085,111.83453468044286,95.19115182056476
610.1724359249015,428.97877609889474,111.43570909898403,97.17565903257673
610.151779592344,423.9945841106555,111.52512288902983,94.8042952441225
545.0,387.0,203.0,69.0
592.5185092398341,417.7640313778137,110.79012990609624,94.68209649407424
620.7326237492186,427.83900251282495,110.51249916344773,93.65904327104187
593.0084806042369,418.2660858977076,110.57933205274833,93.57577216877166
621.1942076962149,427.97580342941893,109.78407009877617,93.17798883422535
621.6045117814926,421.88358959577175,109.33277543245003,92.94485633318737
607.8143195268167,402.62350342159255,109.41823268639382,92.58743927596936
546.0,384.0,203.0,70.0
595.1249993716191,415.22870642557166,108.6284726901838,93.23547978007247
608.7755230374095,423.4602290949729,108.7247461324556,91.7755596906294
622.7887691554457,429.168452983851,108.12361306109005,93.98879395845165
622.9701721719746,424.3568517565511,107.94150840637508,91.90567027234033
609.2882877909296,415.97193516875086,108.11963589868765,92.36259142001074
609.5021496530211,422.48548035245335,107.70413991602743,91.13334341812458
546.0,384.0,199.0,70.0
620.9191790461769,417.2741914153403,106.96936705534108,93.39768915084653
607.4015572131169,422.38418930798093,107.23741093578508,91.57477606818884
594.4599293010626,414.29990889960965,106.57477611330683,91.77829185422104
607.7410230368905,422.17645393775626,106.86262405645107,90.5359088316169
581.1636335793378,412.73075336272774,106.68391764171326,90.69377781905274
581.7120250024493,418.5479665833286,106.08755845406893,89.93594036738568
542.0,385.0,204.0,68.0
619.0821003994896,417.24790660143447,105.7808133897978,92.28539015563103
619.2204448365087,424.215041892463,105.73935085706523,89.9559216877085
593.0782414713109,414.6124188268865,105.28508749590515,90.20180868577734
606.3413670189472,422.3225845808554,105.31296091164677,89.01095974586701
620.0762158467014,415.94853385215066,104.57503766204434,91.97734396158666
620.015980356493,423.67081946345434,104.9259206610484,88.30279540324295
541.0,384.0,205.0,70.0
619.4658692140026,417.3755618994985,104.13505406254592,91.42053802439614
606.4011638637476,422.36360448188447,104.29209715607533,89.29767418753187
619.7024890047121,428.3165345599004,104.12974131647366,90.54250955017352
619.8829554695315,423.7738771497265,104.01961866957151,88.32192983606211
593.8886615058561,414.1493579333501,103.90763460471226,88.91699663045489
607.157242192369,421.7056802180736,103.65847855789298,87.8080697931415
544.0,383.0,203.0,70.0
608.3967157457479,414.55972495471156,103.49353704950852,90.48176496387157
608.6493006932051,422.12104417376025,103.1811101884432,86.66155871265613
608.7279831953356,413.9895942505523,103.07434731492253,90.33254197834015
608.8876256648167,421.6045008918546,103.00047280162278,86.4090144592497
596.3945245270895,411.93085601252847,102.467558597324,90.09393414511055
596.2471791908305,418.36668393752785,102.81811630932737,87.61206084098791
543.0,383.0,210.0,69.0
610.9461947064437,413.87524584884306,102.67034253788654,90.29307106756471
611.032854496748,421.6869072626696,102.6297634063011,86.09398758820504
598.8663223662917,411.86373957502457,101.73255771515448,90.02698047441532
598.5899333274873,418.4179299698718,102.45201655598987,87.26703491268364
624.6877188880894,427.167433822835,101.90407358275763,86.82959940874076
612.0122998953273,420.84322786499035,101.78209516026709,85.57848935636753
540.0,387.0,214.0,67.0
636.3719996149242,420.9072695116208,100.68041135065732,88.32881581723609
598.2163701175656,409.3987739736897,101.09210460398742,89.2585560041041
598.3064677785777,413.9773565463086,101.24177668016637,89.43868481006558
624.0444114920081,423.9868272559609,101.1716643134971,86.52648465851001
637.1577117321547,418.53846604377884,100.47451879517666,88.27168373089603
624.2352355195159,423.09764862973526,101.14993839771807,86.42025839387367
543.0,387.0,211.0,72.0
612.2575582750032,419.592983638887,101.1708089405904,87.78030238718816
574.6184947272072,408.37380988695656,101.05344898045792,89.34948389572753
587.5451082777557,415.15670077336785,101.13848575661234,89.22878271496296
625.9133833344453,426.59338843345455,101.24712440885241,86.44924833928025
651.5830235575424,423.7933184403389,100.92427778067315,87.1140984814453
613.47034498568,412.0118466087072,101.20475915757504,88.71806026585693
532.0,386.0,217.0,71.0
592.634890858541,415.84386681758815,100.93459929685446,89.69701527985592
605.2734462612768,425.0410331905959,101.3117471076041,85.4211285065914
592.9958834129983,415.0576247338299,100.83143254593904,89.59881117328985
580.7248981585287,420.44920811605346,100.57438197658519,85.94004333583052
606.0311377807178,429.68086262526174,100.78838743337417,84.81775168511001
606.2996843618184,424.0173369960203,100.45493314018097,85.2008024943741
535.0,387.0,213.0,72.0
593.5773487138024,417.6576842559573,100.03502118279812,89.08284953933764
606.0342301292653,426.9699417023506,100.49370046221304,84.76387207620866
581.2785216282205,415.4715314585352,100.09960739582755,89.09642253673587
606.7005994625329,394.6862834772792,100.28569500898595,82.65976467564178
594.8969953176457,416.4399670488124,99.33091440040687,88.53139260268443
607.3487011514342,393.90299210968624,100.1080966218907,82.60979948264821
531.0,390.0,219.0,72.0
593.0660472031066,420.8604768148694,99.06655649574782,87.91992303209707
630.5070067190118,432.98595227465023,99.39335874774565,84.22776509844698
605.7609625433354,424.8117382870748,99.25141598135792,84.09001803262817
593.7351583292547,428.993764085419,98.78106927668784,83.40405888298244
594.1726227407144,420.8293414607897,98.36560290121633,87.57375911272652
581.9041312111915,426.2238285770703,98.55035715074212,84.07137472224667
524.0,394.0,224.0,71.0
576.6994076179114,422.13412397512275,98.2680184212968,87.63609863458794
601.4752514481361,432.5585861501386,98.64427310466556,83.81102390549586
589.4586917017963,423.2131068424744,98.34688104430586,87.18342582436503
589.472857695404,430.18264204242524,98.63205335249813,83.77110759106716
589.9210328989521,422.687251847147,98.16300691896924,87.2059529625704
627.0549729622144,433.01511151739925,98.4218780027768,85.58203882440233
520.0,394.0,228.0,71.0
587.1737935926593,423.93832003527683,98.32037440579552,88.16294869786174
599.4148128272105,432.3984923418071,98.81329312767002,84.83958185038887
587.4509613891249,423.2712256426747,98.45584116835016,88.1723796838877
575.1015881170863,426.0353998789883,98.73317583060089,88.35571232222799
587.5408378972933,435.3355507889469,99.23950508678661,83.87225615352213
588.1007715610031,426.69696759134035,98.60538543081293,88.65793451272373
513.0,397.0,232.0,72.0
581.9013875943455,427.4619289827966,99.05197100723785,88.96659018013963
594.1406529280996,415.96215797067237,99.52643410966357,83.88879894427299
606.8212559143961,430.4574445242255,99.42264270409112,88.46159028235536
594.4798099117036,437.34959720495857,99.46314457245694,83.31020619019961
582.6716133793819,427.40732630164985,98.71677920807099,88.27750558012656
570.0851662177282,429.62954850611277,99.33254429760223,89.15197527207783
