811.0,368.0,75.0,43.0
813.4501976557076,370.6019422970712,75.32624686136842,43.01446490967646
814.4010100493479,371.0372342569575,75.65416196389378,43.20406500901936
816.0364290903726,371.5808305727369,76.99828250567043,43.20186773219916
817.327184622222,371.1652214324372,74.30953326143583,42.8900241602239
817.8253562492293,371.5733565194196,76.4565715494249,43.302725433982005
819.4612080646399,372.0466980267938,76.56863128885936,43.36482261434264
816.0,372.0,87.0,40.0
818.6233126823845,374.2115727618251,85.20477268587456,41.767236466372765
822.0001698213978,372.7311656599911,82.19796598005564,43.09204317249919
823.7650958355285,374.42653109142566,82.72586126498538,42.36332275286213
825.4172048451237,373.04013142413794,82.90228507835013,43.34270055075109
827.2300507925886,374.79570986772205,83.35524545913836,42.67776745619949
828.9258263968256,373.3679067791454,83.46709255493829,43.63372965976242
829.0,372.0,88.0,42.0
830.8301698721816,374.04535812155257,86.99565863449197,43.73885136991112
835.3612223995868,372.59452091423805,82.41362773863568,45.114639966308914
832.9079954686467,374.35639534589666,86.99929294996218,43.96095241386536
836.9023270142713,372.81959070601556,83.05749514857894,45.38045086405009
838.2282654382743,374.86016615744575,84.79183982477753,44.250283340980786
840.5683109567269,373.4083938395786,83.0873813697907,45.3829757726927
837.0,374.0,91.0,42.0
839.6413949055077,376.1559141389296,89.12283257765921,44.419890621620084
843.6535776362805,374.6247480941181,85.73979033984074,45.53531916685762
845.5647647488086,376.5048377027929,86.46673996135632,44.791002123409726
846.3591872336037,375.043291636679,87.34165246405882,45.70600748662707
845.1263738100824,376.82401297705155,88.55781441727595,44.97689767821191
848.3784860678169,375.285807558662,86.93372489184924,45.72908596036257
847.0,376.0,93.0,43.0
850.7401648978766,378.1004909424264,90.02342117413218,44.927642087268396
854.3549002224377,376.11485338215346,87.1333587185668,47.09828843663968
852.0517841484655,378.2640591662637,89.89133769651596,45.56379868843919
855.2371986655577,376.5358838198945,88.10862239052346,46.875336765612474
857.1361106755212,378.6608080752272,88.9297228948808,45.73880023642681
859.2912850985738,376.8973251696941,88.32166107887542,47.23211804574191
859.0,377.0,91.0,43.0
859.7316960151827,378.4140527556765,88.76368761294407,45.914579411796694
862.1771305570098,376.8195804172407,88.74105560130738,46.85208985551009
864.3121519931617,378.92864522585097,89.10156231340875,46.06919517816044
866.4237049417442,377.2894310170601,88.48974983990922,47.009236960423095
868.2396855662415,379.3860520364019,89.10641936467789,46.16920436910732
867.8157459606009,377.9091622271728,87.4349120348071,46.715362989996265
867.0,379.0,93.0,42.0
872.0403201265397,380.57488088153076,89.09346146940698,46.032572102236884
873.654951986276,378.8822892143761,89.19939687648593,46.84854695834923
875.4825942232928,380.9663938906535,89.41226467236447,46.01706966954902
873.8906013751111,379.37233824574105,89.24671733827199,46.63177530284861
876.7409920622326,381.24396982282974,89.47150386977637,46.14856558244469
878.9300191645433,379.57313130127807,89.57297943766264,46.8983282633385
877.0,378.0,95.0,45.0
881.230650810342,380.3940082026511,92.43337728029928,47.01276736542661
879.9108139571069,378.93736312783994,91.93185438354499,47.848798632435546
883.0577031736423,380.60732834745147,91.3580087294115,47.45484622763081
885.1367174983152,379.00314246599123,91.46692952243211,48.51610540554725
887.6004683769492,381.017046481123,91.96925885658277,47.66201817793046
889.1868189423336,379.41637183346006,92.36875172510634,48.599741652408966
888.0,380.0,95.0,44.0
893.2353571549588,381.80755818012193,91.41099534744535,47.793725376040186
894.4502600877926,380.14039667245845,92.10364062025121,48.43773355636284
896.712794324322,382.14996817492647,92.38371725347065,47.80213227387867
898.6941336815682,380.44855414834115,92.35710783987975,48.60798389961252
899.0233306099467,382.37937042274586,91.1527766614945,47.9022938962587
900.5182422604537,380.7404574144888,92.55984329668331,48.524579405803706
904.0,382.0,92.0,44.0
908.4154187001146,383.4123013536927,88.02721882799608,47.675151669192985
909.2371996663366,381.76690156399127,90.53546380398882,48.44886740137167
910.7503054524324,383.850563981091,87.99633085716357,47.52446503717124
911.6141093707288,382.34325098959584,90.54148280587606,48.12201545270574
913.583105031603,384.39460331193425,91.41820170043707,47.44023714807031
916.0726382412428,382.7884366620018,90.4922551809658,48.210566809261195
914.0,383.0,95.0,45.0
915.3072431684704,384.87549074713405,91.41929654988758,47.64520760468082
917.5513191012619,383.32950496637,92.29479210321324,48.686756911128555
919.9287120737135,385.2134381744247,92.87393391132355,48.029951148250234
922.1926695150923,383.6549010101668,92.95932559759285,48.78627518140223
924.4948770509084,385.6404035048067,93.34400911297394,48.1643794271572
923.9859725594049,384.14864742222517,92.2085786554137,48.621991087394576
925.0,385.0,96.0,44.0
929.611742518078,386.6208380093867,93.35360143046796,47.4956263766785
931.4822766440127,384.6080599974666,93.47351226228056,48.92555241241644
933.7090116552675,387.11439369459083,93.93705324500081,47.80551948719119
933.7318266158538,385.26621273318483,92.01242871478348,48.821022277601855
935.8662651941597,387.42424586668426,93.63468058344256,48.00116883896476
937.9464091776154,385.585332669998,93.89788794873789,49.01794642282397
943.0,386.0,91.0,45.0
946.5406588754848,387.80392811885577,89.45277566609604,48.33651580300784
947.3666494604948,386.43135470093716,87.39245214763343,48.558589573466975
947.9136408669442,388.1604868733898,91.57205213863199,47.98983410836831
950.2121427537411,386.66477629865494,91.67726738497208,48.49580362575921
952.453532208976,388.4574754760224,91.9586981044813,47.99654079815991
954.8926812543962,386.86889689047075,91.69544575156897,48.66717193748411
951.0,387.0,96.0,45.0
955.5356819668624,388.84854538925197,93.95449658611767,47.84321945684155
957.6109314694324,387.0408237835636,93.46945215858887,49.140492039023854
959.9054552381305,389.21003419684735,93.89967991568267,48.18770370060702
961.9684815621678,387.48351896356303,94.07381203002922,49.18637988997051
961.8398330174498,389.43899759851155,94.81436312563028,48.338201529522564
964.2227552299042,387.71707293756344,94.50227825864465,49.22136235317555
967.0,387.0,96.0,46.0
971.5604279031993,388.99005968438223,93.4367690084539,48.884629485502614
973.3602648533417,387.41400651863455,94.15283413200427,49.53590747458986
973.8568033819715,389.0744886517418,92.74238238461476,49.03598614673939
975.5514079953186,387.5161132568427,94.09358674314626,49.733478316196
977.9024576924749,389.39388073196085,94.86323696963882,49.14910041247879
980.376740620577,387.7618900617276,94.52990182376197,49.970264230288706
981.0,389.0,97.0,45.0
982.1443815682437,390.4242578351193,94.42322260611991,48.84430757319956
984.6981603509291,388.64978090730074,94.91963334164097,49.524189404357344
986.9402340462802,387.00063569875624,93.5474218973468,50.19603866043866
988.507309839783,389.37669726265176,94.6288665833066,48.8743641723604
990.1750591589573,387.67638630340366,93.2603128663568,49.1825342081097
990.627624674895,385.89339482679486,90.52411603492726,50.48594588054954
988.0,385.0,100.0,47.0
990.3409642402967,386.46219323815603,98.03953001585478,49.93013343611369
993.6345733595172,384.9769310584471,95.66846253767108,49.88387580297626
995.6790610326096,383.21606936847525,94.43152490956402,51.30437887051119
993.2937349993558,385.44795138249685,98.39611494619976,49.81090746326049
996.4152697794453,383.6559081760639,96.35112737239058,50.32558300972232
998.2502248638432,381.93077588968936,94.95909218695283,51.522876970904804
997.0,382.0,102.0,48.0
1000.2816689960409,383.54784757228106,98.91914635760986,50.40382773587726
999.4499549821126,381.796044283833,99.35427809669659,51.343803780338476
1002.8419712170631,382.77448306555834,97.17780430149958,51.27643952546259
1004.6853818102809,381.2894939372619,97.0943260131844,50.941985574315254
1006.8499810859946,379.3949077798029,95.54615525370696,52.175043923654414
1007.3531947092094,380.83871595796836,97.81839272849288,51.244155134058474
1002.0,379.0,103.0,47.0
1005.08554844944,377.2639650978872,97.62301480776,52.15859032281537
1007.2410619546354,379.36085473167975,98.85541522801032,51.08699380470523
1008.797251507495,377.6124243648608,99.7469737763879,50.98147500648895
1009.88572709549,375.6952685789287,100.07756957515403,51.939140440770245
1009.195221074975,377.7561150449227,100.91471910579662,51.141463033287096
1011.3687084212725,375.7836788416412,100.47363883288926,51.502801881882306
1009.0,374.0,108.0,49.0
1012.5354962933484,375.14256484137144,104.46004655824618,51.77854712285608
1015.3733906139396,373.1576312932889,102.53112598786356,52.21547579071
1014.0152258595838,373.93644620418445,104.74447365845094,52.66051130443361
1016.7161344594368,372.1710695921388,102.93799404856861,52.42959269463688
1018.3458916066379,370.0727720473392,103.3250736440732,53.22009205469686
1019.9622895508696,368.31940482704283,103.56980490500382,53.56922097143541
1018.0,367.0,107.0,49.0
1019.650927367024,368.3481336861293,102.55974794832082,52.83910456362133
1021.6064052518432,366.361373366415,103.4844282179838,52.92186874609763
1023.1032666401316,364.3090487888229,104.03021699236888,53.65869463247691
1024.7049277446138,362.53360230421276,104.47523472513171,54.04210831616092
1026.4490734578187,360.83850844363496,104.72156903149903,54.27650718553889
1027.448350736464,362.6855268683932,104.25864690900198,53.79386002077143
1026.0,360.0,111.0,50.0
1027.7618844680756,357.9510891530881,109.3709438297492,54.66177928657635
1031.1605980485997,356.03451213083827,106.58809854942092,55.37321515718304
1032.8557298673122,354.3624386481521,107.00570468223896,55.6401844898474
1033.6357965010031,356.7471007593517,107.92672930407775,54.59604216337584
1035.3634077594575,354.7123899847355,107.85461312422694,54.19867875700709
1036.9347878314748,352.30650298924843,107.98458719330665,55.301535145546154
1040.0,351.0,105.0,47.0
1043.2162318164303,346.86534244200993,101.68285047829727,55.5419873580347
1044.2623536534068,349.4579653507913,102.37568066619997,54.445061801386544
1045.094817080804,347.9277463698536,103.64132557763992,51.4632872210384
1046.5552746869103,344.47784130529726,104.01187836039617,54.00363579440716
1048.241188752693,342.27629465561586,104.02533196503896,54.321256799687376
1050.1487054938275,340.1452852919572,104.22192639934156,54.617663886935475
1049.0,342.0,105.0,48.0
1052.4239238786847,338.35297782643386,101.68327470685904,54.97691838259868
1052.9060424545248,336.7491365004025,104.80860920629243,54.8835231469028
1054.9487268887638,334.9455267152415,104.81728476099624,54.97305513338972
1056.7322866827205,333.1190837666868,104.68627743703814,55.11950401126387
1059.141333737151,335.4344029035856,101.82455674081439,54.206823030769556
1059.5788807144147,334.08011807612456,103.69881023870494,51.71269820782709
1061.0,331.0,105.0,48.0
1064.6413157540946,328.04888691391886,102.74963009434668,54.680627654856664
1065.7191500665579,326.3788809606276,104.34669857719632,54.69794808475672
1067.9623202390296,328.6431588505086,101.57737619301201,53.94177692706978
1068.18009006182,327.24540299940736,103.57105161989602,51.87141135748732
1070.0496586126974,324.33539223483467,103.97433286051637,53.77547169858224
1071.8708683986247,322.19589444615485,104.14455976152794,54.491153654584764
1072.0,321.0,107.0,49.0
1073.3884791716127,322.29231999767296,103.49288908089852,54.071490799611865
1075.2134898739353,320.65893580899433,104.54991087904887,52.8927809125251
1077.3547185168977,318.0682903690532,104.59313182715641,54.39035971766668
1079.1842322465995,316.2792803791183,104.90727329098218,54.67723164716347
1081.1240805258244,314.61007735798694,105.28406130271514,54.86608338539679
1082.6611214808954,316.6168801395771,105.09854101087058,54.693384378254564
1082.0,315.0,111.0,50.0
1086.3324321316518,315.4561715037846,107.58668834526861,54.42445251177901
1088.4071135627014,313.8406572250376,107.39479002599728,53.22836381483711
1090.411607742778,311.15238865549327,107.3899749865609,54.89288190723346
1090.2212721615879,312.72448607813476,108.6204832305857,54.80833950310762
1092.2753289535194,311.09281824469974,108.2669578275545,53.58198076775807
1094.1552641818307,308.25729735521463,108.13017590175514,55.52185973468727
1091.0,307.0,114.0,51.0
1094.5508910669014,307.5443753406304,111.21485971601214,55.23686630210216
1092.582767769436,305.37759907545524,113.7661091443224,56.34069164774917
1096.2839952716458,303.4104528395487,110.24002206076693,56.940544079502615
1097.9693125008164,301.59924383737393,110.5853372164795,57.25820827813055
1099.468011956762,299.7936782961217,111.03273154756971,57.549834852341405
1100.933091505587,298.0521696247906,111.34433396154782,57.8656241611269
1100.0,300.0,116.0,51.0
1103.5077585113122,296.2855693604124,111.94264885120538,58.004350168733936
1107.6156373923175,298.579878874501,109.85359047508086,57.12491427306486
1105.2280623632382,296.9172491973218,115.1840558491649,55.233738065843454
1108.651559657282,293.56511692004165,112.1673978274132,57.588677201700705
1108.34344012575,295.5511023826487,113.56495196150536,57.289670985458145
1109.6635788792669,293.659918003547,113.53232669187628,55.88344601688533
1111.0,292.0,114.0,52.0
1115.1888589761168,288.3051478884556,107.1664822429409,58.73462808832193
1116.855816902288,290.94943449995117,109.88006910908462,57.098144797217174
1115.3429785858248,288.7153534088185,110.22654909792186,57.70118775407343
1116.3217633773431,286.74920696037157,112.21294843153987,58.11829908635957
1117.9832467489578,284.80211691856016,112.3052560753058,58.5637222107419
1119.494086169666,282.92525506261177,112.16474423150885,58.93709351522057
1119.0,284.0,117.0,52.0
1121.4414700788939,285.6150732642126,111.66561609865903,56.69118598204966
1122.7744163873067,283.44920698482383,113.09876374121814,56.23154446517219
1124.9290297443742,280.5582936893595,112.72897591301148,58.11528681244624
1126.2174357269987,278.55526019206513,113.25390247569976,58.637391666768394
1127.4640709693776,276.6821501938489,113.51062259782339,58.9486752244668
1126.7030877069265,279.9898182046719,114.65021088497451,56.96901812058752
1126.0,276.0,117.0,53.0
1129.4492599983614,273.31168222505676,113.39659926425884,59.2142497630104
1130.7572902983538,271.55859906305307,114.06676489381243,59.43857903050173
1134.2724966207752,273.60246490884884,112.33363566915068,58.75696314439489
1132.01601537448,271.35876172928647,113.14459140923282,59.247308320673596
1133.6386673073314,269.42108654430217,114.4557070783128,59.54425038849189
1135.259336292257,267.5622422469389,114.73835420043997,59.76949630808895
1138.0,268.0,116.0,53.0
1143.1517264131908,268.06522920655664,111.85091147256298,58.73158851347398
1141.4885365932355,265.6715825000292,110.95991642544664,59.53526408424733
1142.2498951894581,263.7736373383159,113.60781420576632,59.62646572252925
1144.1492742696862,261.94353504662115,113.39729020009304,59.73411394410061
1147.5935405390326,264.09500324663003,111.84489282168329,58.857772417405556
1147.1484414482547,262.6072823038503,113.82012955336904,56.64343281665833
1144.0,261.0,116.0,53.0
1147.8043487453633,258.08179282577584,111.6857737029386,59.46769787134275
1147.953022493762,256.37478698666064,113.73658704912168,59.60013278496217
1149.0791866301342,254.61867247581085,113.51211588405022,59.83496997349016
1151.8666936041461,256.9010960260723,112.35436921579435,58.79344499794229
1150.0111942570938,254.5307432692175,112.80408385208943,59.443636852000736
1150.935557976205,252.59583583914525,114.75019322464141,59.71225957449849
1150.0,252.0,114.0,52.0
1152.884753008053,248.13147083804824,110.52163715241682,59.667794793791245
1152.8576949906856,246.47477531725303,112.8699899107537,59.63675300817266
1154.9309834751714,249.6978328202081,110.45330217772857,58.39517734843034
1155.1223635053066,247.4484462704986,110.73265325211082,57.94408869763856
1155.7054525823564,244.84055450200208,111.78169850145923,59.1054874996363
1156.5479896072043,243.05458366186951,112.3427521083454,59.12053102312359
1159.0,243.0,113.0,54.0
1160.900530525416,244.77345922660723,109.34982003780078,58.066265578065924
1161.3121872314841,242.91930196469065,111.17694979013322,57.512870662789965
1162.3229529519967,240.56969872269838,110.84734559463959,58.556095708827684
1162.8576335036537,238.6989323137775,112.69393855375347,58.908819685477624
1165.046712767139,240.7811759280067,109.3735737044176,58.19642889780016
1164.9743120971134,239.33009378828183,110.21822853961112,56.55335784550414
1161.0,237.0,112.0,53.0
1165.7515867376965,237.88371388187642,106.93082736400743,57.57713866541229
1165.1214076395813,236.62569861994086,109.05096868413534,55.36650341880801
1165.2759657484182,233.9299232118251,108.42137486307115,57.771769022810815
1165.3118254784595,232.46342139590138,111.2241805668209,57.686542036046774
1166.5607902236911,230.86037817690965,110.84235830791386,57.85876325242094
1167.5355082569604,229.17792153219943,110.7845092850348,58.15522529091396
1167.0,226.0,108.0,55.0
1169.8281702081786,228.64116901154867,105.21151420368506,57.92538571023786
1169.7923320824134,227.14887216535226,105.88187781929537,56.97291011461698
1170.565172293669,225.3886030521261,105.70732894080948,56.90501156622378
1171.455894973054,223.78755050146628,105.6847442935732,56.86048731661913
1172.3636325242333,222.28604672606446,104.94892506225597,56.620233559686426
1172.237529223065,220.1621211430022,105.32671095153614,58.60002196480036
1175.0,219.0,104.0,52.0
1178.1247834743265,219.55515015912027,101.27475309691772,57.016199686022276
1177.8468172735359,218.39659490231952,102.36221098287683,54.33222494287975
1179.243172681135,216.1326670346969,101.02705668223302,55.29288199240375
1180.1868562637078,216.59647413129392,100.16312515959635,56.421173996759876
1180.1530255734444,215.61552088409292,100.7461529059101,54.06224170890113
1181.0942584192487,213.79011012912588,100.84449379424291,54.33340202903497
1182.0,211.0,97.0,53.0
1184.4950200476517,211.68269078282617,95.71692619440068,56.945405829085075
1183.1658583751316,212.0135695705136,97.81489495490882,54.420259009801725
1183.3868963896464,211.2958442284314,97.2725385588949,53.75905583686796
1183.9191550293299,210.23989336716113,96.61418725163458,53.39776747356956
1184.4554386253278,209.0713147057986,96.07308031219145,53.019882194615434
1184.9091384755955,207.69283156310576,95.71329002644416,52.88695907120757
1184.0,203.0,97.0,54.0
1185.741198960894,204.61485549164172,95.35600654958148,55.313833944728685
1185.6745857631756,203.96079808076104,95.5323669082859,53.57632383258402
1185.8158198622032,202.78853797008793,95.44506102343053,53.5288124175143
1186.125478371513,201.49762157988152,95.17137739307736,53.52577588321765
1185.9873598915483,200.7790186474142,95.32005874636775,53.42823253473398
1186.1906873784642,200.06650779316726,95.04451023154775,53.2561977361911
1185.0,197.0,95.0,55.0
1186.2220939361137,199.42183828598058,94.71404966608907,54.938977939093775
1185.4884474353814,199.62794919078738,95.03405958048347,53.01278032579455
1185.7754292817754,199.54462224766257,94.00866515156122,54.457566256105565
1185.5339361788535,198.13303539961225,94.14144845126816,53.92159385640241
1184.8868068301713,197.71608724855628,94.65809028514377,52.909480893578746
1184.6624260914741,196.77306399899163,94.54869169507788,52.86474536593721
1184.0,192.0,97.0,54.0
1185.7589283277857,195.3425200273141,94.7141672419366,53.987370937311425
1185.068135820295,195.17037896674952,94.89309629268928,52.51048857385746
1184.584322214413,194.19719458580414,94.83373712758794,52.494792339682704
1183.8249733906646,193.33382047751735,95.00776441441599,52.338533098154244
1183.3243273712637,192.39509580243998,94.9605652182795,52.37421480290317
1183.357228079328,192.21790815178724,94.64789369005621,53.81244320438179
1181.0,186.0,99.0,56.0
1180.0009000602404,188.78623549269105,99.60955196841837,55.20007248655929
1181.2789000411863,187.92289470602958,96.26322112586149,54.195409256862206
1179.0976020256094,187.2867929058043,97.87073835225328,53.51127264315028
1179.905682950839,187.30565464639108,96.49999121363385,54.780511478614415
1179.3612006226888,185.66262036520857,96.76352218473312,54.734099097910075
1178.671080077408,185.1345337371028,96.98057413724041,53.771557258769576
1176.0,180.0,103.0,54.0
1175.572128966236,181.23536433661798,101.42594086842064,55.40294864640805
1176.058374336368,181.62653071578558,100.57559993810287,55.60806496701417
1173.1352836247715,181.5977465154828,102.19575183449979,53.39514082807142
1172.7224681086227,180.32635039616548,101.01975838805811,53.536310789345805
1170.3600898037912,179.21075908165318,101.68624117171112,53.52537802887886
1168.275576949668,178.09895260317353,101.76483756723451,53.5849559111889
1166.0,175.0,110.0,56.0
1169.305523112229,177.0078863796523,102.18873060083843,56.4899938680644
1165.094458063948,176.7774533945576,104.47413773403196,55.155897814485
1161.5850564866923,175.492983881364,106.34871369765733,55.32386577610157
1159.1779296234017,174.12852425695473,108.60796191731947,55.67671254973587
1160.1428158823674,173.1472878056337,108.49823888251649,56.06743579136423
1157.7294708926856,172.3203966687987,107.13384847930934,56.19248867081836
1151.0,166.0,119.0,54.0
1157.2831071038681,167.0062212486846,104.6890922714731,57.428975139104296
1154.4316080446915,166.02787930952638,105.71852497503755,56.047283356216724
1149.5109116710373,163.99262860322216,114.216434023278,57.756481385088705
1149.7098142879095,162.48003167145248,109.84198755974694,58.23791559118831
1147.568304452508,160.94333162749814,109.19226290190772,58.803209916489266
1144.154441234301,159.52840676088908,111.60614052675328,58.98928165163534
1141.0,160.0,122.0,56.0
1145.0580492654608,163.0431971693829,114.45819790250926,57.14409951026528
1143.3880721758123,161.28312349536077,113.67741129098704,57.6717992452227
1141.4303623278925,159.64154746291672,113.6983258029079,58.12557521680762
1140.004710045483,157.99362443202847,112.18610836831272,58.58282318820994
1137.5210015179268,156.40514657719285,113.08007171032477,58.94147080712045
1134.070521127287,158.14764044728713,118.95055598056206,58.358781185844464
1131.0,155.0,122.0,55.0
1135.7398731737321,156.26451062257826,111.33994145022598,58.87466420917491
1131.5687715460972,154.90145499449864,113.52622999145069,57.14498475147411
1128.093212674954,152.5598951954551,117.11058078559108,58.512976144351626
1126.6494263257564,154.0707190458837,119.67687405988363,58.57262794613874
1125.546072815724,152.24265651639394,117.58792652430543,57.540783546065484
1123.6521410015885,149.52920131580322,118.94766504717654,59.51918473199112
1118.0,147.0,124.0,55.0
1122.377718350907,147.74801867622546,113.82479127493411,59.669210665950686
1116.7812116095156,145.74138490037433,122.7893619365932,60.20306072205736
1116.2520205160854,143.51900171212827,119.7237374524093,61.13752093930313
1113.190003488311,145.4482095033403,122.2411524043273,60.418561569329654
1111.1134914830564,143.21045262590417,122.65655079273529,60.007143605040596
1109.3885152783605,140.38826551138283,122.57591418167476,61.79109115510897
1108.0,141.0,128.0,57.0
1110.7015399987322,142.06450975343978,119.49308836879163,61.38103245918228
1106.44356430054,139.95591426141993,122.25349954378635,60.94869008274972
1103.112214187675,137.35445631944458,126.5276206350527,62.401192536911026
1102.27618187991,135.12563600547583,124.78520250531574,63.22648739138458
1101.030218754986,138.0600720301685,127.3315037344446,61.776520554086915
1099.5156918788798,135.0135203468535,125.96822878456214,63.300954638684345
1096.0,134.0,130.0,56.0
1098.4354188604752,133.88548882247386,121.96877128386632,63.16274377382405
1093.7725880039452,131.5249402171296,126.31205190546689,62.368835432053345
1093.9747781348678,128.77582005186002,126.9932110105915,64.15979276509262
1091.5655734437887,131.6812840308445,127.45253519012363,62.84958513837944
1089.9491156133436,128.68772916831773,127.71530266530681,63.17502275842787
1088.9238930909487,125.94534041983297,126.53811672923439,64.6116478803824
1089.0,129.0,128.0,56.0
1088.4284659179839,131.17061202921968,126.78974424424041,60.86738869157671
1088.2648547946837,127.4441824764449,125.6609605221447,62.54128429068862
1087.6183906361184,124.434167206805,123.85314490163637,64.40161439176728
1086.882677273219,122.30007550254939,121.5950483842903,64.69654271377303
1081.9339590056788,126.47047846476448,126.87946988651447,61.5496878897261
1084.6474972842104,122.92899580443839,123.6455213170641,64.07411582743288
1078.0,122.0,130.0,57.0
1079.3232348896727,122.18806682670595,123.62542094584978,63.837674241737204
1075.1986568886387,119.73680622634666,126.973588982421,63.30194084261694
1073.639171555289,116.99034633345457,127.18691373924958,64.63358382045644
1073.6318091431922,119.63279421065249,128.12665439848843,63.70267470988267
1071.6939358922177,116.67645303794058,126.80431984807797,64.58707938563239
1070.5343547511275,114.29227183963076,126.84298855274233,65.18653390254812
1069.0,116.0,128.0,57.0
1068.1568302577944,116.0651319432551,125.56472113418931,64.39448063759133
1068.8465487653993,113.46877340447293,125.5699177509996,65.14775289374583
1066.6856653967257,111.38834486671826,124.28523022434274,65.39696405606762
1063.7648628460124,114.3115555921556,126.5486151012442,63.89225178094813
1062.3610455756452,111.5985939098361,125.97614013489215,63.289000532371205
1060.9083477987688,108.63692729597844,125.03387027647182,65.08268023485243
1062.0,111.0,127.0,56.0
1060.5450699201483,110.94995069116862,125.16564463711757,63.633419784622276
1059.8797282174405,108.34134303727205,123.26270096000508,62.69210827262509
1058.758373299177,105.27028085563975,121.89498305855523,64.70453886783295
1054.5294962012936,108.31138044747865,124.61754048800094,63.09432814500411
1056.7998718463496,105.4380916825375,122.3150374757588,64.14122074663112
1055.0657445777906,103.26161934395304,121.3858700752196,64.47042747742478
1049.0,104.0,129.0,57.0
1051.9401012021117,100.55128189112673,120.7956256303587,64.84098767329772
1046.6264580475545,103.18830548526336,124.11881311202887,63.541561507659225
1047.1262720320883,100.66340400322747,125.19592475831996,64.44232174169295
1045.5807392576571,98.54955980412268,123.43643330996429,64.75325665280437
1041.1532722097782,101.169788327949,127.22358896108881,63.61465083823106
1040.839158291561,98.27926047414968,126.1021246569453,64.11498283003735
1038.0,98.0,128.0,58.0
1037.7006826961979,99.25444502156057,127.1097572252404,63.546937952045255
1036.501926922269,96.33107980443623,125.90235072564656,64.8743901979409
1035.018887935379,94.14186581979811,124.88120913861212,65.20019774930887
1031.6445718881732,96.43264183179133,127.30311728818197,64.47150748180849
1031.295337074349,93.64591513374467,125.89332077483277,64.70935949059327
1031.915412326429,95.25153152146433,125.60693461897154,64.94804393208958
1029.0,93.0,125.0,57.0
1026.9378922201822,92.66006441141793,125.2103677361606,64.68670970049745
1027.2418801742938,90.16834578851527,120.80226324055593,64.57884291384113
1024.7810526126618,87.93049538905666,121.74910891644367,65.21632562571966
1025.0196874522276,90.67922972483947,122.34259641948825,64.01033582318232
1022.1831988408239,88.18807003746701,122.07843045848472,64.48914878159843
1021.6068908236412,86.03334530502804,121.65126871143934,64.8139453452481
1018.0,88.0,126.0,56.0
1019.7682081556177,83.77225576837066,120.67130804265844,64.96334479549944
1016.3726418901558,88.82241755508005,124.46260452181923,61.0719620472733
1015.0185040189356,85.07302578431927,123.09583503831823,63.51666922176403
1013.5238932187203,82.73846890807727,122.981539188444,64.15116356528813
1010.248356080976,85.32331476262448,125.23554990208117,63.179048979779566
1010.6643486769872,82.61291032115633,122.95542900653754,62.97202706866031
1009.0,83.0,125.0,57.0
1007.8544505246491,83.22878021047563,123.19929346620165,63.36743605271977
1005.57348060802,80.69244983972783,122.61520635173429,64.01175884473739
1004.7218770939749,78.5163416021582,122.43976534558487,64.44194431763808
1000.961597581324,81.09233826126005,123.56937357410993,63.382569351931906
1002.9313347894033,78.65673718032028,122.73484783871868,64.18987277585614
1001.7765218187374,76.54532021919073,121.11533252761092,64.76612279592217
995.0,78.0,129.0,57.0
995.4759231213507,78.07230794615907,123.56530189875639,63.68948810447023
992.3107437498193,75.55442053610938,126.50612107300435,64.18941968782042
992.747636173392,77.39483733938383,126.6834246424969,64.19502898151686
990.9846460827587,74.89304488577693,124.12533335271542,64.34173502787812
988.6781599561903,72.52668313657887,125.9339712249116,64.96968400705117
986.0966209806356,75.1344179846555,126.14783579273353,64.02219160517876
985.0,73.0,128.0,57.0
985.152008182833,73.99307424060315,125.84818890665247,63.992907338468754
984.9992816889596,71.19786311747222,124.98851570327156,64.77862960089783
983.8189354833728,68.83665209532063,123.2226761765553,65.38346795736308
980.1899285042186,71.77378239412604,124.98838457556963,63.99590263471495
979.790710554098,68.95773580369826,124.00993435825285,64.9096093378605
979.6514413772529,70.90924777339885,124.67010618247514,64.7332519347149
975.0,69.0,131.0,57.0
975.3357819770567,69.22352543646389,124.83086903697267,64.80360562751
972.4883082740998,66.71441279158284,127.06965896731208,64.81781627614606
972.2714977531343,64.17949914988253,124.95858571119129,65.66719129219592
971.2017996593727,68.31582968284198,126.67126295836056,63.04945820199663
969.0414782974344,64.92909358670477,126.91895301665318,65.36800663727456
969.3855677067063,62.5658819696001,124.38241123384387,65.98292699635664
965.0,66.0,127.0,56.0
963.6488572302442,65.5238813704504,124.99923380644577,64.63639110880462
965.5130119787746,62.93960889271548,123.43228179349944,65.48711544025346
962.6984108392978,65.33660572584301,123.01500318252988,64.80124354914278
962.4485565196327,62.841785682549016,121.36582648265983,64.50654042124086
961.0241928992691,60.5432427600237,120.6314330670466,65.24449418771223
956.8061523214005,63.81724602012525,122.66697274862531,63.54082304843894
953.0,63.0,129.0,57.0
953.217533300246,63.29609855623366,123.66181352513604,63.67726138644986
951.1978375826795,60.65360404100994,125.72558376006077,64.74535107717514
951.375599955546,58.42946013462608,122.39176351800597,65.39875259084738
947.4802224071022,62.02602952400153,123.89851210577694,63.30346315066211
948.536478177565,59.23939587803807,125.15907908376926,64.83980645848885
945.6939571878559,61.333788566794055,123.76036226652741,64.5084133086192
943.0,59.0,128.0,56.0
943.6084392696871,58.68067247506505,123.01277263196016,64.68658389944952
941.486037516664,56.28652040971454,123.47867693161379,64.83569092324556
942.0973997020824,58.344413616864585,123.92783406917579,64.68910594948488
940.0994963588023,56.06809960488738,122.27076190145499,64.68558556776254
939.5996578856292,53.892224838615675,121.30631594679619,65.04771712469642
935.7477328667364,57.28098854568236,122.47860034369273,63.42469775093127
930.0,57.0,129.0,56.0
931.8924386363067,57.858844220808464,123.6157139879997,62.85180251382815
930.4551082891423,54.95555607766528,125.65233178197559,64.49019792748203
928.5097875196982,57.052104138525635,123.28751194023948,64.27277878399877
927.1786606852745,54.60179233003561,124.64109412686253,64.11089354118982
927.2009645154658,52.2202834407376,121.42678981374956,64.93526569832574
924.6264068124954,56.44251912214277,125.37957399607717,62.31277462828622
921.0,53.0,128.0,57.0
921.8737867340142,53.421692717212466,122.61172380529115,64.40240967065239
919.8540677683086,51.172062528860124,123.26292118885158,64.6244851369
919.6838192462671,49.076810296352164,121.0911058064446,65.03401015198455
917.2702097848182,53.16720432009478,124.44132328358137,62.55619131582071
916.8316565578134,50.18105886099036,121.91255739263579,64.52333029099884
914.4498905466926,52.299621511359504,121.24669389631413,64.23614158703535
911.0,51.0,128.0,56.0
911.5291519795289,51.24100055032045,122.3311900838064,64.05083647494848
912.1016887419194,49.06915104100517,123.99205088238364,64.35984340455917
909.8881663243155,51.10454882259563,121.6379908894844,64.2890254552488
907.4188962322287,48.81513799817577,123.46049221934481,63.79020251107028
907.3060019749437,46.38317720694366,121.79705463411528,64.62533286854709
903.531973851379,50.06762169086919,122.81489304182742,62.835045338742944
902.0,49.0,128.0,58.0
901.9983412208512,49.786131257865634,123.47856826084399,63.69198016873435
900.5216617361884,47.37143521684655,124.45156846382588,64.55075449849569
897.7282271847698,49.525515167239234,123.75244878891544,64.22525584151927
897.7555129244167,47.22558899961166,123.70948663004799,64.68184014121958
896.9533538523278,49.052395663805555,124.39092804354982,64.60249223301787
895.1034251280944,46.80424780504683,124.00051762992007,64.91341021488084
891.0,48.0,126.0,57.0
890.101556086775,48.411731901113285,123.7728694702497,63.84243822973065
892.3558282639633,45.791796555896354,122.39475297138426,65.05727413874067
888.6940285578917,48.14573104815997,122.7461461959499,64.49385686787343
889.6722589121689,45.80122219492915,121.20884024336362,64.9482712172207
889.1463753741581,43.925432031214285,120.18046837994416,65.44413538981279
885.552267510381,47.42043739701866,121.68809750959895,63.49207586888555
885.0,47.0,127.0,54.0
885.5227801776364,46.60370393880626,122.3007346538916,63.79604263832286
885.9405909000798,44.335108051561974,121.46028723254494,63.117264007046685
882.933671370165,46.35170967588601,121.65174075398124,63.49719464635018
883.5393078602905,44.10547437987225,121.54007221984637,62.44173508511233
881.2376238132197,45.841281374273876,124.1786739560032,63.28183390099184
882.0347100166825,43.35425946057336,121.80575397058556,63.378061293627695
876.0,45.0,129.0,56.0
877.5488283687837,45.25139024064032,122.27469753293576,63.50682106169978
875.7040568409457,42.89410333056446,125.23640619863534,64.12222675648172
874.2763191694175,44.909887503733444,126.8498892849675,64.0381053728511
875.3101586794141,42.464125730131144,124.12791089644031,64.5391028175765
875.4894853200814,40.36593519478629,121.70406994494112,65.15921912220801
871.3131708553801,44.80532977379653,123.68473567479873,62.23633017210631
869.0,43.0,127.0,56.0
870.1469799472575,43.99229007863076,123.83624326476684,62.61219439880128
871.141773457467,41.00918732465823,122.6335722054763,64.49105371052636
871.396295547087,39.10120311058836,119.41135453068046,65.05842696133044
866.3081266531747,42.9484131495567,122.7318703870518,62.744564499709895
867.2111369546462,40.085317747315514,122.42738071750841,64.33108064633834
865.268908648628,42.26887300171539,124.01974296076332,64.02322601437261
862.0,42.0,129.0,55.0
862.341691225929,41.93500358640182,123.4324059850602,64.00104669748782
861.7844109345967,39.54511450808468,124.72445286267214,63.75019824477445
862.2896431852945,37.2420794574721,121.45189719123277,64.81617430538695
858.274069715434,42.0685310332519,126.57065510194559,61.38255003428546
858.954944463354,38.44927090940848,124.4420765281393,64.34617745798991
859.5375583418352,36.44856988898573,120.15515464936345,64.88547113237814
854.0,39.0,125.0,57.0
853.1039807977136,39.72675369806757,123.49302068729094,63.16807496443835
855.2547111990418,36.99129069534797,121.41788442437746,64.7069485759805
850.9715157259034,39.35519605829859,122.63072817989314,64.19810453662649
851.830639292092,37.06584295571383,120.84677487293652,64.39892015339564
850.9096468914977,35.18094889156055,119.15914256480687,65.05041821353842
846.1468572973788,38.16674327625881,122.0593437361506,63.74683078517714
844.0,38.0,128.0,56.0
845.082458578931,38.40439780276833,122.49831511947923,62.86144836183408
842.664556049908,35.65455634398032,124.4020502849163,64.22620806226368
843.2987653068494,33.632981475198505,120.35068391608547,64.96874187260707
838.6961823416093,37.59245555089606,123.59513166218846,62.54338598231536
840.0397094589125,34.661623147590035,124.10171721983261,64.3347187353641
837.2792127645371,36.791629662886166,122.60909214559251,64.39059737828451
836.0,35.0,125.0,55.0
834.903680607016,35.33208537124068,122.7120055644018,62.540073708573175
835.212248648525,32.363797602007736,121.16218987324362,64.10249678743938
834.2690359290798,34.697038878571135,122.02063415586122,63.69501053169623
833.5255328702362,32.3029370311115,120.60978778965955,63.664165835758396
833.3845360327415,30.24108032392303,118.24615013017058,64.36118124110092
828.6763561160142,34.20806111423161,121.380270150064,61.94946890748275
828.0,33.0,122.0,56.0
830.6629646138911,34.89214963654382,117.26128652057514,60.850387679677794
827.7566577595671,31.82911120270319,118.55257984306047,63.2181640740564
827.7242199501597,30.01596437833743,117.23560199546034,63.61463110957365
823.3019027434618,32.90906724142769,119.70332568575805,62.43370773926108
824.1568307995635,30.585230653902613,117.65763396645093,63.09476878341937
823.4933217417095,32.75231462268948,117.7141224897639,62.78871013014327
818.0,31.0,123.0,54.0
818.2766100311601,31.014815052219774,119.38958167540295,62.25236670948709
817.0061247585447,28.75231860604913,118.94821624035467,62.418163757761306
817.1104076722268,26.679775309642253,117.24699655827169,63.007108836342994
814.6855807857773,30.899549046496304,119.62956205166427,60.38411257536086
813.7519754641826,27.920659250236554,119.41238871111182,62.30721682533695
814.2073028350994,25.886071494889762,117.38255087529546,62.87756666615505
810.0,29.0,121.0,54.0
808.9800660985134,29.274887229214585,118.6953271375337,62.27312207642717
810.148912539369,27.247862668293152,118.18142718954994,62.135131315243626
810.2883312874342,25.305710083071517,115.25687246578445,62.8867881634267
806.1324291671554,29.22493194555568,117.86420229437908,60.517514477584655
805.757652520663,26.563863799547676,117.3187581050397,62.00299758530758
805.6874756254219,24.733829771608328,114.7174876154354,62.57443691487072
801.0,29.0,120.0,53.0
800.5003708712238,29.311616179124115,117.87843612671838,61.32456215098583
800.7420343099091,26.96448159747183,115.15688157615114,61.49561359991216
800.3215633679234,25.05814640166409,113.8457362346661,62.13600167119546
795.6981526966786,29.729279606936473,116.83308293467962,58.8802514339211
796.9762285641373,26.59703569495059,116.97291005774241,61.09610826245199
793.9989545287553,28.80156009703586,116.3936768196005,61.03950585238289
793.0,27.0,117.0,55.0
791.6570721745616,27.727801966257744,116.81244881961561,61.16937498912381
792.9265417841088,25.807651268397734,112.51087266758259,61.55109754594332
791.6439778561584,28.060731254042423,114.51611485786327,61.08154564706538
789.6489716268488,26.29139594246888,113.95128766021094,61.066856858491505
790.6358670417162,24.491040753947587,111.52618438815125,61.654235895739845
785.475360584461,27.415718963803002,115.49026898302827,60.28685304454764
783.0,27.0,118.0,53.0
783.7553661158781,27.89620484963416,115.18293594374518,59.60561690721988
784.0182884313977,25.473576963758546,114.10751317900781,60.60023178518249
780.464656142155,27.70261814080593,115.15864586068096,60.43900097996853
780.3833893879936,25.523694806163604,114.08716344109052,60.42407224370976
780.4975244791815,23.681479414069486,111.73524795097183,61.02387780171156
778.1109877475928,27.550828551704285,114.8692395987656,58.63054818424419
775.0,26.0,119.0,54.0
774.572275765272,27.05232289972753,115.42986636837531,60.20427979080287
773.6547751465991,24.99806191793877,115.97748881596783,60.49167457839948
770.9482949339472,26.978087949361097,116.10062482170451,60.58304751565963
772.512227847867,24.99980074743746,116.2769655980469,60.65221907061523
773.1697441452816,23.174764428553658,111.77280615488962,61.399720121120595
768.2121197542738,26.549624841783043,115.75630900216424,59.66862555888747
763.0,25.0,123.0,55.0
763.9963357492052,26.194976814199137,116.52882216585044,60.6471235561156
764.3426515040464,24.207064191213732,118.75222132520321,60.94003946769507
761.8352504379491,26.14801901132642,117.47918037502563,61.146406084016114
760.0445287540181,24.112833826411787,120.93250280835628,61.33736449482859
758.8883861417157,25.863541107920128,118.24791262331564,61.81484807142226
757.8728698105779,23.77719199644423,119.52975282298075,61.89567281616348
763.0,24.0,115.0,53.0
765.056986930582,20.20099250869083,111.97884588889895,62.345467686445744
760.7071648033036,24.831224023504205,115.14514870506468,59.000411704909936
761.7578089367914,21.95864424847764,110.46997801302564,61.221914515462984
762.8675514361657,20.37311709663382,108.02012967684573,61.56035574982354
759.5245175409,24.615934811277356,111.54954723087576,58.51574757946631
758.7788297020212,22.08818477401701,110.38190296846608,60.140826234008955
749.0,23.0,121.0,54.0
750.6308203112969,24.25747932938748,114.64108030957505,59.838393869264564
747.5107804890868,22.286457027560516,119.24761865330947,59.92515115274314
746.6223757392518,23.959233238853216,120.85050759078058,60.560000576628426
746.8332845695963,21.72366234767958,117.83897294680457,60.835443386715696
745.084833735744,23.567766334528898,118.22496180747316,61.31075554462538
744.6960094016122,21.393684720777912,117.4697957304013,61.13907777946437
745.0,23.0,117.0,53.0
745.7939110880484,23.51973620282115,114.72893907134369,60.875021876711685
746.4144452519188,21.34788713405524,112.79581028582652,61.22673519719339
746.6242877985613,19.73659347932211,110.23235377959725,61.34574612657104
741.9830982446554,23.181949537048894,114.24499207494773,59.84684764455537
742.4444620424838,20.858654584879446,113.15984648560334,60.636343604733824
740.5818669452469,23.17015361589864,115.47621238905913,60.52034399688591
733.0,21.0,124.0,56.0
735.8706806244313,22.778700933415962,115.43053688503335,60.68521631261355
732.2146016460449,20.807853196767383,121.60811298344174,61.030826426032945
731.6299413331703,22.6240265457117,117.55478929418507,61.15974767824815
731.6876196603912,20.61507014929373,120.12530993986798,61.51843576365462
730.3765604148491,22.434083153895585,118.18731812229771,61.565937727575374
728.00444393828,20.3510037198796,120.97445516845983,61.96243960051606
729.0,21.0,121.0,53.0
728.3326664912115,21.13535290989364,117.62423966213987,61.92582698434603
729.5557900040317,18.999010144953672,117.39247717140267,61.90318706416096
727.3485373925282,21.317035883990812,117.80713540534646,62.13379311638643
727.2834801222967,19.211023703795206,117.34998043855705,61.45128720870707
728.3885411745662,17.123186828183293,113.9248436226436,62.075734445856
723.8621689735319,20.932084115400016,116.84955805201457,60.44252217042617
722.0,21.0,123.0,54.0
723.1839977518625,21.823848810657978,117.03535304533716,60.88183025676824
721.0156362772013,19.396344005479307,119.6375492681201,62.00851274706133
718.3900370406,21.709955487061322,120.95426634174964,61.65051807536959
718.7242362059224,19.22240966171313,119.25482722005268,62.281477510011555
717.5641455229625,21.4685740798586,121.22803470963618,61.99966386340165
717.9464662849077,18.949026482652698,118.68588585718362,62.59089895827037
716.0,19.0,119.0,53.0
715.9249518074134,19.565978297978788,117.16987254578248,61.165226554476206
716.4203382291469,16.96891758346362,114.1770613750424,62.34067967492793
717.6673682626405,15.262521657102525,114.25288981188442,62.129729729649085
713.9484798081867,19.95453849230438,115.94020970386714,59.44488079638805
713.0749186637511,16.974406489983068,115.56629390077569,61.65949968191221
714.2271069041847,15.305590358003201,111.67735446945107,61.70510433732181
702.0,18.0,124.0,55.0
703.1585378909294,19.139914607199557,121.8332322233473,60.30322629857221
703.9191745297867,16.570335893457212,119.00909986523766,61.82047497701811
701.2012783639702,18.872608608597886,118.52923300610883,61.33591247338535
700.0847891270973,16.698413861580093,121.49511881941862,61.78418765855167
698.945903661227,18.666855603974113,118.40429166655144,61.80193353272591
699.1000330195677,16.54518229390601,120.78097917345576,62.083512496605465
704.0,18.0,116.0,52.0
703.6932762597219,18.144031531463497,115.01911652467868,61.07133235228821
704.7830658479987,15.771255936314446,110.72901928401791,61.50142571257879
705.036461461945,14.085100483569335,108.74647652300132,61.6283257164324
702.0923131164626,18.455612905333695,111.59254223559901,59.21384447475886
701.5074407268013,15.7345590337045,111.70999874104507,60.52748882861121
702.6631639754023,14.112060847572266,108.12166092639404,60.52467208574335
692.0,15.0,119.0,54.0
694.2913844817931,16.17051320899381,112.81471573765259,59.49289020446551
693.9385705233497,14.180789874303969,115.35557713810363,59.952862181481294
692.9673151712275,16.24306362289765,113.19054152762465,60.03685975353265
690.7737657542459,14.393843949342426,114.75082285075416,60.03191235393837
691.3576607906373,12.504030093811195,113.94651401663214,60.64537690214863
688.8643821015589,15.370136248658362,113.71332872678352,59.65359245100479
689.0,16.0,118.0,53.0
690.1922945834899,17.51592555369089,112.76894143281879,58.30142023201651
688.3279348008809,14.856247630148857,112.96446157123614,60.19370250907929
686.4019222346371,17.06244932144044,115.99895942452406,59.56400308840226
686.062978154039,14.87970798755373,113.00887123220264,60.26264242487241
686.5209500294252,16.969724370657026,114.7410767560516,59.82020151915666
684.6764264913545,14.820103125755907,113.25796724299676,60.12770281975719
678.0,14.0,120.0,55.0
680.4275087699627,15.605347577764036,113.00402681230094,59.3899240782045
678.0092371166286,13.353887000107193,117.09188820339523,60.322944384723286
677.3865340079851,15.455533201764418,117.93305556617497,59.71639094865895
677.3649599824635,13.261707895135487,114.33719537478157,60.55844013121802
675.8289401758957,15.318765788872113,115.86942377525884,59.954368438879584
674.2653083317514,13.109604396260224,116.61860262226719,60.579869167057666
675.0,15.0,120.0,52.0
677.1073811043825,15.991203781128661,114.89802446577414,58.938090771569904
675.6355928859812,13.181646915124645,116.39448615221136,60.73631217988216
674.1862905953094,15.705721581637299,115.79353857221395,59.85023500291026
672.8295380177337,13.16664597427689,117.03210010767589,60.32653781339327
674.1815984788168,11.090160005770741,113.90117852487424,61.23513516455587
670.9418962017157,15.283164927275564,117.9908280599293,58.52995234251698
668.0,11.0,120.0,54.0
669.4968752759376,12.027297177356616,114.27819344199258,60.59884260423928
667.7300175404339,10.252385074190101,115.06806996649061,60.71133133994927
665.8539499545705,12.064470535008667,115.67210325079634,60.89625947595505
667.0169959197792,10.291380863858365,115.59979345301406,60.61798578826688
667.2662555742436,8.513902372785566,112.0843971307005,61.23374089263224
663.5554292395832,11.503854010270288,115.2242396631475,60.02683681888567
662.0,11.0,118.0,54.0
663.3137196272603,12.253379353385498,113.39179905841218,59.45475932085722
664.1959335583725,9.969340103402374,114.10360731188007,60.43595973611144
661.7950559722249,12.111099369615019,113.33690962337187,60.04515547063754
660.6097691868606,10.161662272305236,114.44403886780674,60.45606361783567
659.1069265810434,12.260991877233238,113.37364543512058,59.9245759341631
658.0230110604898,10.246250487132855,113.04154902207245,60.25806722866322
655.0,10.0,118.0,53.0
655.9897505129766,10.868830462443384,113.5552389365539,59.79388457191317
654.822712477031,9.036540338700917,112.62473624049494,60.06983986330445
652.5767222104416,10.903226215596447,114.1361664992055,60.206358963510894
651.527779990347,9.148958958775609,112.83676835868096,59.88229807178888
652.9408423823731,7.30836349639921,113.37402300971667,60.286874481053204
650.1491398569387,10.717778190079862,113.16684622629691,58.70474157977744
653.0,10.0,110.0,51.0
651.5965268880968,10.320871097491306,109.73063287117043,59.457288555195035
652.292249229934,8.503991398883272,106.59633894072476,59.02841609870754
653.6792959012851,6.721087737679852,105.03341495322638,59.41031845982134
648.9001745957446,10.474870278897697,109.36828640088265,57.151748826630254
650.016235766321,8.277753146218018,105.27099839029495,58.403105512796984
646.0722591283547,10.48784000925545,108.20894203566377,58.04157242608798
644.0,12.0,109.0,51.0
646.1664789271399,13.188309441849285,104.9492725496475,56.56748833174295
645.7359997169071,11.007461961513854,103.7195333473162,57.74137111395066
642.0599505413447,13.134671307323813,106.29886046952288,56.868933236726306
642.6459403961729,11.321352056151653,103.1512226317551,57.268170092259766
638.7977959767086,13.312747726798392,105.95896138482749,56.47804729719209
640.4211300414621,11.353351063552054,105.0329911023066,56.80942073094667
627.0,9.0,119.0,54.0
632.9983289774977,11.381443427238835,105.830483802034,56.30708887631509
630.555838363462,9.516179042689657,107.1162816297832,57.562729948545496
628.5432114220043,11.325747295966806,107.01392983372875,56.70154213719729
625.618478810783,9.478015798501843,114.10794330519548,57.21410246534893
626.470527713574,11.080626991059688,107.91620341786302,57.06686165096394
624.3651664137376,9.271940116300698,108.82502973826581,57.51623017782518
629.0,12.0,109.0,49.0
628.3140265031179,12.91714868640824,107.02186883622971,55.20084969453728
630.3729051552789,10.090760136888477,104.05535400233134,57.381884788315546
627.4317599987312,12.38212767451364,105.38820180303071,56.448684184583044
626.101127299708,10.462889474945896,104.60823728061416,56.93847849926068
627.840113462308,8.884732670392452,100.61642994574106,57.00683724185353
624.5734471910359,13.058311615913652,104.70562972312507,54.16963527715086
616.0,9.0,112.0,53.0
618.1889796339353,11.362836161507744,105.74546628523785,55.37447593023796
616.4966245051037,9.46467146834226,104.89553270016359,57.01567952089701
613.92809737366,11.460998163362476,106.49897695132472,55.764149245801846
614.1185735960611,9.562685092739343,109.15781869172736,56.46052930999389
612.5353186737148,11.229737190668395,106.69704238461645,56.14145171635706
611.443689909582,9.416630939986334,106.21547280748791,56.67512896204673
606.0,9.0,115.0,52.0
608.6465635976169,11.014734667955977,107.19870588580852,55.35894006466283
607.4168073648398,8.70959863763784,111.55336755155076,56.779875307962016
606.4840686465523,10.799383794474608,107.86300316282268,56.119338101628415
605.0377124241772,8.730816252823445,108.45540235112844,56.87051249640447
603.3071206114537,10.58072745094826,108.38458123126907,56.36321186828029
602.0178709416268,8.55275294407869,108.79771001732388,56.91924477478986
604.0,7.0,108.0,52.0
603.3564252646561,8.52487008933717,107.1361699388815,56.126009697241514
604.4904645961027,6.510606508470914,103.10810021874045,57.14913836242994
602.2614185727736,8.68608996171929,104.61536319222739,56.46592458898368
602.1061145199512,6.994832917854694,104.17055271493791,56.57543563544167
601.681170312173,8.666417329961476,105.18257214070945,56.420077196760516
599.9623169107272,7.143548223561453,104.79580520630702,56.424814544191
588.0,6.0,119.0,51.0
594.0485647234218,7.604444020883676,106.02403557522052,55.858916042356114
591.7987174287737,5.881106303929414,108.94899426877032,55.973938342208704
589.8977497263411,7.651695352718043,112.63658706800766,55.96802306117278
590.4333030702869,5.687004726313603,109.47255479559362,56.46108493819244
590.4841998761783,4.107902245938831,108.78514837293835,57.27438916116156
589.288476211432,6.90596124376448,106.80723570241128,56.094925775582524
570.0,7.0,132.0,51.0
581.6553941842967,8.165738835028044,113.55276966743895,56.44582858213874
582.6032687747622,6.088461709143985,110.99145173061765,57.185799309582805
583.6230976222143,4.572793664899393,108.20702445229858,57.670853364960166
582.0744857711234,7.634899624340932,106.74676594912853,56.553273643327486
579.4480604588007,5.684586608456698,111.82242318678891,57.10255333795914
578.5093526875262,7.506481741038414,113.04089047387606,57.01797491813116
575.0,7.0,118.0,50.0
579.6970620338197,7.767889117786439,107.53990900940471,56.71631513080007
577.1912491663493,5.750322592709438,111.38784318478929,57.26152876787151
