530.0,525.0,22.0,62.0
529.8062297981232,528.3761744428193,22.368627820163965,61.827160233748145
529.7074800107084,532.0544371678257,22.74382332840355,58.811648881772726
529.8797807261935,526.4541153405589,22.408338209352337,64.66767826324894
529.5917010553273,531.284642891962,22.899228630875086,61.1424691844918
529.6413192434311,526.3438832138489,22.63601551703755,65.66144757229074
529.2911469127157,531.3537608673876,23.126770233345383,62.04553886992085
528.0,528.0,20.0,59.0
526.802296803213,530.8608206025799,22.214668133753435,59.53213603675772
526.8613018708211,533.2416363438954,22.274135036110465,59.22218757496353
527.2243768480371,527.695599809819,21.73374356594286,64.88885983935074
526.830776151713,532.9832861148652,22.126237323927853,59.404178354131545
527.1038373490151,527.4480870954403,21.621838120992493,65.31902261381674
526.6738160047221,532.9026311258167,22.100712956419557,60.52363051044267
528.0,531.0,20.0,57.0
526.6610867077165,533.1626165383301,22.01497752487853,58.383404534965734
526.916714433298,535.6229619026117,21.961062675156427,58.04426156761474
527.2376759804081,530.1193645732477,21.430129068724,62.88198888405634
526.9763474406736,534.9848956952028,21.781407614050295,58.66361548606142
527.1788667685998,529.778691068097,21.32276982594408,63.847562795455815
526.813941918766,534.9498307187453,21.765404447358833,59.99810735616336
526.0,531.0,20.0,60.0
524.9465783692425,535.1111363064065,21.787597768448563,59.28379811542993
525.1393766697565,537.9791818442271,21.65505477877832,57.809909010812476
525.4917970557979,532.8685619886667,21.07018138291778,62.77227727190484
525.1679113481312,537.5797085181002,21.49773886033074,59.04915637649174
525.3512226525708,533.0944628375753,21.031548213174688,62.97195678241178
525.0222062072135,537.8344782919731,21.4234167100376,59.771136758446005
527.0,534.0,20.0,60.0
526.054210538563,538.0930508415125,21.276014864286708,59.36668652051446
526.1697712513236,541.3958996358647,21.408334050351527,56.99615017235078
526.515296665824,536.1925015818035,20.882210179297658,62.40836479988593
526.1886574934028,541.0749105816543,21.452467792836956,58.66590898274808
526.392996484501,536.7429178115457,20.90866015211941,62.494644329585185
526.0285376233994,541.5934794662312,21.400249989133613,59.02581101325222
525.0,537.0,20.0,58.0
524.1513309414397,540.9364180312486,21.493529426287296,57.106238618059024
524.3020604455523,543.2906590491285,21.3937234651587,56.70983729725333
524.6152333605932,538.5894490241001,20.741106152835187,61.12545344202931
524.2744897529956,543.1411311537233,21.15997479735597,57.18463271142832
524.4989628755532,538.6512362584947,20.63570509111696,61.45136055010698
524.1338376471804,543.2507209142495,21.059325160947992,58.16187485111004
524.0,539.0,22.0,60.0
523.8987607976507,543.2119191723496,21.44906670036778,58.58438289240212
524.0311075049906,546.4056706291622,21.590903749310883,56.377218028988864
524.398590998733,541.3238368779478,20.92020202008905,61.37990743042997
524.0351573860858,545.8165424146619,21.43776136499548,58.652052067553996
524.1181412854221,541.743975335623,21.08445831833933,61.855619864300024
523.7584794359916,546.3164256523028,21.60637310706204,58.90013874647116
524.0,542.0,21.0,58.0
523.5503922066688,545.9443906868192,21.411385243828818,57.14752591729814
523.748250094359,548.4385772494535,21.45705028531063,56.31421688718126
523.9413244516531,543.3366288100743,20.96447893370987,61.144142912395296
523.6928032877158,547.9885552706643,21.411264045878397,57.80439849537345
523.8115845841062,543.5356210721206,20.94818941093945,61.69921547480635
523.4692497653396,548.4054355351751,21.46966430338955,58.04696199914906
523.0,544.0,21.0,60.0
522.804282395685,548.2896782074101,21.200333962243576,58.82328161369537
522.8039943746006,551.6147713892036,21.389394224389775,56.39243781317475
523.133285882203,546.4941425138277,20.738643168735393,61.73798294199196
522.710563019119,551.1053650174865,21.24302861434421,58.61902333301589
522.7616996484142,547.1329640377676,20.838469421090622,61.79615005225105
522.3699493877714,551.7961681901743,21.306073126928368,58.26477639493578
522.0,546.0,21.0,59.0
521.8164820811343,549.5619381020945,21.29074060672076,57.95165208907724
522.1470639825129,545.2869307525342,20.935916639690276,60.91449516999853
522.1808597817649,542.3179716864533,20.83311125543878,61.95644181315447
522.1683183085381,539.8926333782913,20.768584741643963,62.03397581286117
521.6655014346097,544.7648037836407,21.605312076530936,56.52090648335434
521.8010488787447,539.4475234140774,21.226440166117982,59.041532565771035
522.0,529.0,21.0,60.0
521.7174618436798,526.3786452766233,21.02835222571548,60.66977607944523
522.0795180972887,523.2223743911023,20.987847579927347,61.632967482769914
522.1475494286132,520.5228364825953,21.110472583529827,60.20901050494376
522.0769357730434,517.0009699787248,21.213660119775682,60.0836858535107
522.0325646306685,513.4051598138801,21.421981974907794,57.724460497698146
521.9720123778413,508.7649368079308,21.540222200801736,56.40013668399877
522.0,497.0,21.0,59.0
521.8612623711723,493.7701501310328,21.088611247446238,58.736688364411066
522.116109589595,489.7906779132116,21.174589327637932,58.2889803044647
522.4138781144892,478.4021721686556,20.87676049400102,61.213691868948445
522.3036798192304,475.51640619642694,21.20419751163115,58.70821128523937
522.1879982803357,471.6166755288558,21.40371908472423,56.03696641448062
522.1307543557059,466.4252048534877,21.44276584095246,55.88525255233776
523.0,453.0,20.0,59.0
522.3982632190571,450.50673026082484,20.559354002271334,59.15388856520519
522.6665130364395,446.98401204244425,20.433960193043276,60.88950432742848
522.218503773729,451.7439858862929,21.398816515654744,55.755480064845415
522.3326434133724,446.2979490007978,20.9798584631435,58.47406863838904
522.3175900617493,442.26358723367736,20.82102526289509,60.09704409353884
521.942239800861,446.25050895838046,21.194616691152078,56.673541312212365
521.0,442.0,21.0,58.0
520.8577967553101,445.8981525482519,20.93737730531609,57.210835083387565
520.8005051667369,448.96669270638813,21.24191749928832,55.210158096058876
521.070360917304,443.77394682827753,20.652125867534664,60.34562467824162
520.7583133975968,448.35790291406647,21.117524346758273,56.60034404580222
520.8959724490933,443.83209720014537,20.622331763223883,60.80998303033374
520.5779069040607,448.5787882973251,21.086992410502035,57.00843088735053
521.0,444.0,20.0,57.0
520.3422642779842,447.5458890463474,20.688854660377615,56.534703860328364
520.5474861153414,450.44174924809613,20.881217410096042,55.07575113937105
520.7019619405106,445.4811445427001,20.51793761647332,59.985849950090824
520.4657302801534,450.2583210595931,20.974110523593936,56.38043717841265
520.5589113665142,446.0839780370047,20.535605782138646,60.02292479780817
520.2677985847167,450.7379981120589,20.928467133056756,56.2697983238902
519.0,446.0,21.0,58.0
518.7491119136939,450.6147782597912,20.886756088273614,56.32792336725237
518.8562813288395,453.33959110293017,21.136487539878317,54.950133010305535
519.1691531956103,448.16929697890146,20.529846090532374,59.96815186786557
518.8496523885137,452.75367256840065,21.045690630562603,56.70108752249405
518.9606618767248,448.37273477104685,20.50096571706308,60.314012040332784
518.6170170590583,453.0444611235092,21.043531291429304,57.06162372207115
518.0,449.0,20.0,57.0
517.6789189797657,452.87734172735986,20.75114508139677,56.22744412535985
517.6329759239961,455.5470778554897,20.896121301245785,55.13911520165237
517.8387046667522,450.9567589892298,20.272502159761643,59.35268136335708
517.5095259311884,455.3487186973954,20.692745947812,55.89892792935564
517.6338755235015,451.1940669403515,20.2005874006295,59.688863198007425
517.2604287239969,455.7182457281168,20.6204943170178,56.032504616338656
517.0,450.0,21.0,58.0
516.8960474066093,454.34625146814614,20.801847171688678,56.624326653394064
516.8927802951926,457.3457416013064,21.073058414585375,54.74451697288555
517.1947456279368,452.24430232703605,20.473146106315653,59.558820886526405
516.8559940206851,456.6631912476477,20.960622345530737,55.31852691190642
516.9824920599017,451.7658423448193,20.535198320424342,59.456837361698206
516.6025194196184,456.08656062715477,21.061129022467526,54.91194010603817
516.0,449.0,22.0,57.0
516.2303855294213,453.1345650539989,21.06984896431277,54.507439508674
516.7307608608744,447.9017340373866,20.490724671483008,59.52925398064184
516.4447313163837,452.54483162906865,21.124307115314878,55.29695305116263
516.5930658783218,447.7393326296209,20.743559413698677,58.43208770063791
516.2843403002416,451.72703995173106,21.25642703126755,54.793623722853226
516.4113722392565,446.7114129763471,20.849850681045496,58.13298865516424
516.0,443.0,22.0,59.0
516.2719691718062,448.2159795903999,21.086913543711034,55.61232671200287
516.2982575673609,450.7264577227674,21.47671267152191,54.67620475552479
516.5729590614221,445.2373881043078,20.908147782876995,59.302911348417524
516.3290373042782,449.2224992048062,21.345821231250284,56.192713104512166
516.3921175394221,444.2922252859438,20.96927789004394,60.400171777288506
516.091255013185,448.45106588484066,21.481131224237743,57.50029070893777
514.0,445.0,21.0,57.0
513.9252262170913,449.0550504959467,21.25155327725281,55.79017981239724
513.8843952883726,451.2021515827611,21.318131960924802,55.62764304162113
514.1738233918043,446.6738498548764,20.67102476882178,58.59743760235722
513.8590923740921,450.48225505017786,21.04307635109808,55.669856623355145
514.0201590657641,445.97962519450766,20.5430079148191,59.674096587108465
513.7127314343888,450.373304561557,21.02667493705303,55.973832714694026
513.0,445.0,22.0,58.0
513.2611088936013,448.7666194995685,21.28922792966216,55.915401869693596
513.7074227905046,444.3895413907097,20.70827323534502,59.886440068867614
513.3492670766996,448.7402238344242,21.303799694049076,55.437653407052835
513.5435881395774,443.8698788766216,20.77360603390389,58.870955398896854
513.1962326323094,447.6147903731178,21.353310981355094,55.37940062909115
513.3104201975025,442.65458444171657,20.874002060852604,58.583316876144636
513.0,439.0,21.0,58.0
512.8349333297823,443.1429515773018,21.106956490580046,55.491682782422345
513.1710238548081,438.28331580115224,20.519908865800517,60.08189006168021
512.8779663945261,442.6035708212249,21.060979414147596,56.401445833813625
513.02713193217,438.0952386077622,20.60103913974217,60.04845731669252
512.6655713003488,442.49536592285807,21.076200216494726,55.83878150132949
512.7181912597316,437.5413393568749,20.66119538431394,60.21860096456703
512.0,436.0,21.0,59.0
512.0307023084209,439.9444962972534,21.022263140692644,57.53310420315671
511.88485462815333,443.1553418830765,21.366347495945206,55.233331431923034
512.1655437071607,437.824009839445,20.658946021859038,59.1206243659434
511.8224403410867,441.6599451404774,21.16684503563704,55.67674828766843
512.0090779592973,436.5355200511084,20.61358656875916,60.142434976333675
511.62591728592633,440.78309356417697,21.122568958028296,56.05569527807768
512.0,434.0,20.0,59.0
511.3957011575539,438.46907374727493,20.806597574357568,56.88321379749482
511.8562347581035,434.2686854502649,20.152135462733668,60.11791615005359
511.51494310684814,438.44618382148036,20.78829589434008,57.60961764293893
511.6829148663584,434.1748109195733,20.373433134756738,60.711496683178495
511.2864856357636,438.8093948772621,20.929657680581386,56.084003301228904
511.4554268910341,433.8072556261037,20.444373311460254,59.84645414641267
511.0,431.0,21.0,59.0
510.85753615704175,435.41594346205414,20.9651604891734,56.303170725103485
511.26700980568734,430.74210392376864,20.52950604308313,60.63083965390905
510.9850041621105,435.44880335753896,21.133414902624963,56.02095616324368
511.1086980215325,430.4393931034599,20.731079992808077,60.11965598170468
510.7275987367518,434.9453714776909,21.37316371144709,55.29074808102183
510.9127522821997,429.66639766346634,20.771485787577262,58.79775471607934
510.0,425.0,20.0,58.0
509.56993452877816,428.830740776277,20.993765899395612,56.13400088086951
509.81038574840613,424.41761645165934,20.460978640360963,60.019409297305515
509.4837390880107,428.3987296637262,21.068113929064566,56.13268332577803
509.66026757743464,423.62138686178344,20.573278345757217,59.29378936605758
509.33709125947644,427.3682622740339,21.07109279675751,55.94047398600196
509.47041676700746,422.466057310325,20.64550473381894,58.92354946580372
510.0,420.0,20.0,58.0
509.5787685636022,423.4137548618294,20.748172745617637,56.27786558378432
509.9129926317257,418.9866142555328,20.231074828707563,60.20824471254468
509.61661433511256,423.43953927757906,20.829831911619863,55.869281317412685
509.8123627418141,418.56476465627054,20.346700114449845,59.35507317634631
509.4757916378021,422.64758364759035,20.884212299237333,55.430843955539956
509.6306369711283,417.6558817220715,20.372766710357837,58.43198084520748
509.0,415.0,21.0,57.0
509.1298169337479,418.8295630334304,20.942586971491608,55.13499231555636
509.4049289595223,413.77854424931047,20.436702412361,59.84724114563687
509.06315942826586,418.31966943736774,21.053028894539693,55.37087288011065
509.20720949048246,413.3345281871342,20.57076571237394,58.67541791589656
508.8773909976346,417.1304152305023,21.083962247282216,55.2453810474052
508.97170781222235,412.19705758954626,20.62982045394415,58.26273052832363
509.0,409.0,21.0,58.0
508.94075551543153,413.830713497605,20.908814867071555,54.861196082268805
509.19338173360296,408.4609423375316,20.502291400094748,59.93301523198875
508.9175672675833,412.8903338272402,21.133366043863134,55.434241324525885
509.0415324588904,407.8430412242841,20.68983742644366,59.1430881238615
508.7552068522948,411.96508456077936,21.207136707654286,55.22208192209405
508.81334050201406,406.7896049987954,20.73550504621153,58.65726980753254
508.0,404.0,21.0,58.0
507.99812883878167,408.20253522342847,20.90602514600448,55.42861114613953
508.40263809203253,403.3501393700783,20.435467553271508,59.99687014531605
508.042271914549,407.9195798371891,21.121133104705905,55.503521437735344
508.1719138866756,402.95706427951814,20.686893942285224,59.36364335340102
507.8285173219008,407.2086298715343,21.172124578196872,55.20572940909176
507.90641429268,402.04900691508317,20.68614012006526,58.930586776566656
508.0,400.0,21.0,57.0
507.8646756189992,403.85362529171607,20.90141542721949,55.09415206276526
508.14438780246945,399.1220938972775,20.627933758690062,59.53266198754079
507.91337496557026,403.72885047464604,21.204239152846412,55.79274093488709
507.9599349182953,399.38320594704487,20.95850820875455,59.05208474430077
507.74394977671227,403.62605871562147,21.326159016866768,55.17244143469674
507.8325375228346,398.89347049439533,20.97213605372349,58.935486528440094
507.0,397.0,21.0,58.0
506.80949070032557,400.7031004531964,20.918421506104096,56.91176163151522
506.8242480685716,403.459103865505,21.38002388020061,55.28902416147679
506.9960030351982,398.42942852708677,20.9178050961458,59.47210527964728
506.795804131536,402.4981310423103,21.280800424884774,55.943163457242235
506.8301652040167,397.8464670322619,20.90690719665497,60.26468573298439
506.5718357046012,402.2114494465703,21.35219624973479,56.89368046327229
506.0,398.0,21.0,58.0
505.91609038118963,401.85085417830294,20.845635211215722,57.099660252894466
505.838567631866,404.9031697315695,21.369199640992747,55.16992514494359
506.08912057725615,399.6495585056265,20.83033867432664,60.080268488618344
505.8438484889939,404.25194404166746,21.240250089474785,55.66469887455696
505.9301751949122,399.3345482733755,20.834182546414922,60.46311079776615
505.6873645416622,404.0942405844288,21.255293196827097,56.09783060335303
504.0,398.0,22.0,57.0
504.1371527765234,401.46170388930216,21.123280543831697,56.23988095109587
504.2452937723064,403.7290994191663,21.39626730056756,55.66302194379847
504.54592223672415,398.6475977742984,20.77495576418238,60.24755295597464
504.2764908818417,403.18944414816804,21.258284732472703,56.535151554728714
504.3999206507349,398.4905305407514,20.753245665903023,60.62295660924639
504.1052580820924,402.9502205566357,21.285615307797116,57.682431182116204
504.0,400.0,22.0,56.0
504.25086204667997,403.4495169936375,21.091643167540212,55.61791663961691
504.3224316810259,405.56939207184655,21.538715134637243,55.5035464477653
504.5300209022189,400.6701444731947,21.0720680316781,59.49549935051789
504.31422951049,405.0036609781485,21.444571627845562,56.22121735755917
504.3771340751372,400.21508541083836,21.06264823941615,60.51497275700831
504.0840720006139,404.827569455094,21.493332883573657,57.380966255128385
503.0,403.0,21.0,55.0
502.88870778431874,406.03845433070825,21.088849453895932,55.681006343153456
503.2316097855406,400.76315704645344,20.450457334225916,61.0326250295351
502.9223450723274,405.80387599037414,21.00240678309615,57.663458194029715
503.017472389535,401.50307091518687,20.536562555541536,61.22507942331879
502.66549080622053,406.53977723504573,21.02060339252853,57.50042017313126
502.72436071305265,402.09850967680956,20.630630845142605,61.206446745178425
502.0,405.0,21.0,57.0
501.9646876557719,408.50376154124484,21.00986772212792,56.65339250994583
501.9318623870822,411.3283288273358,21.26583375501957,55.43721346651171
502.1453219917099,406.2967832610377,20.623888724875428,59.81521916171164
501.83638159690327,410.77450785505937,21.084183759819325,55.853169221157714
501.9942757490644,405.93173814895994,20.527432862407295,60.38495855438697
501.6677732821372,410.64434424426963,20.961479523080015,56.32644255935247
501.0,405.0,20.0,58.0
500.5477478200668,409.20912089403396,20.837180549162326,56.88438069132428
500.46907873458144,412.01442255188175,21.038097492835504,55.63952254471957
500.60533750839295,407.1379810146333,20.453465707866826,59.627335769598915
500.2040632089529,411.1797770954876,20.86901622830578,56.68213022636638
500.2178934130818,406.9395658724483,20.443899087051932,60.22202159757745
499.91525420078665,411.3922527018467,20.938248593334606,57.03857417750612
500.0,407.0,21.0,57.0
500.1078063999169,410.8984445678656,20.900581761606475,56.008250982928814
499.9691089366405,413.51096035049056,21.167156935820685,55.17387468662548
500.14897998388915,408.4211254168816,20.495271136256633,59.66226940016804
499.8123267574588,412.87611312153126,21.00617590579077,56.118382059481746
499.8969940819918,408.25726188095604,20.49447661877116,60.13329273840856
499.55030630186684,412.75342442590227,20.974844506034515,56.979715876616865
499.0,409.0,21.0,57.0
498.87452396168663,412.3174873321914,20.883900978238273,56.73216746695289
498.839529997078,415.17437148110344,21.197013547036022,55.18889459016134
499.10178018905754,410.00106017102775,20.52994253302586,59.74067892048407
498.7928949851673,414.3881805478929,21.041023872608434,55.877580543938905
498.8471781940274,409.5818262529892,20.539292730508805,60.35208137541446
498.48782767879584,414.24637334982975,21.070106946449414,56.31310207055736
498.0,410.0,21.0,57.0
498.14875349704437,413.89480465077963,20.833065865446883,55.60107727708123
497.99825417188185,416.3709572783082,21.066456775112556,54.8503278626049
498.14013606143544,411.4054805721039,20.45776052633846,58.828510869153035
497.7962502609512,415.58406380709994,20.87338279431947,55.44605967469215
497.8160706225933,410.9407404209833,20.463368127688796,59.68433123032628
497.45386574267116,415.5373765623248,20.953525839502163,55.669815210587274
497.0,409.0,22.0,58.0
497.34694538624996,412.91389523652765,20.88989419966896,56.73318111207101
497.2418757861103,415.7753365005183,21.405447594478687,54.96726532375669
497.38265156505975,410.51332961150365,20.891377841929284,59.69501939268537
497.12009493527034,414.587942606056,21.312757691891647,56.33565588052852
497.14448771627076,409.92460811891914,20.91538774676735,60.26747345095379
496.85649623993095,414.16233220243157,21.374875062649153,57.36698768912174
495.0,411.0,21.0,57.0
494.7842944664686,414.65007875481024,21.19738692567512,56.14536299359759
494.76568084264363,417.01174415770515,21.306002863376648,55.663719147248685
495.0055450157224,412.451272639319,20.64196662799577,59.048358508475474
494.68441891650525,416.3950582161676,20.97390284823325,56.04562376320712
494.7547033552855,411.9235194051303,20.545596233821925,59.939635284181975
494.44842394091813,416.31844657268283,21.01351601187241,56.30922678473752
494.0,411.0,21.0,59.0
493.9545218326167,414.89923629590135,21.078102181085,57.78095748315377
493.8926944094419,418.1524829231126,21.18052366789925,55.50260498792892
494.02608977588716,413.0717642273588,20.604814283474298,60.09424102567766
493.7350901130694,417.20424945037996,21.014962516162086,56.873412951404134
493.76158019491095,412.8930497847473,20.606456483174043,60.35907215061934
493.3912168426548,417.0126499636639,21.05617499329628,57.248176248384425
493.0,412.0,21.0,57.0
492.9973671118099,415.4799658462299,21.15170184454246,56.234211303911934
492.9205468040269,417.88438845292984,21.36289588638749,55.660928969566555
493.10153196009276,413.1543662007498,20.754496963214706,58.886602961242716
492.8285271323757,417.0038858362642,21.139511888202264,55.74905134498863
492.88304843423,412.3019830852562,20.666130266646064,59.708432146866244
492.58735751494976,416.601989735645,21.106827373794772,55.81979667590224
493.0,410.0,21.0,59.0
492.8622915159299,413.90979019613667,20.81983100015441,57.62329772277269
492.8850676359504,416.9348941365165,21.259184324938303,55.56225371117466
493.1429146958526,411.74260853506996,20.647641743265012,59.74188609849574
492.8008342045973,415.78785885034904,21.177106624678345,56.18525201394823
492.94819105375245,410.7742432621776,20.638606617512778,60.39881020854273
492.5847667721994,415.0948892190126,21.23363396767536,56.35055057291112
492.0,409.0,21.0,58.0
491.9363490616554,412.8058699266767,20.85133455465052,56.46711074277846
492.35157576700055,408.2587383014848,20.255094208666947,60.248155334236515
491.98484064424133,412.5488413579918,20.947745035953176,57.704447590279074
492.07291169933075,408.47315797665465,20.533128691989702,60.6059041333624
491.7322153830801,412.71884410495625,21.110045197647196,57.00073110766789
491.7681452656748,408.19170258380933,20.666106321755706,60.50707728561957
491.0,407.0,21.0,59.0
490.85725961311556,410.90351752130664,21.00683831616135,57.424641611332845
490.8832392898425,413.5834570571819,21.34586218912358,55.88200919251557
491.14738668664904,408.44135147638195,20.693557483717257,59.58978950312871
490.7782060861214,412.17600777326703,21.256486482571745,56.318455275789404
490.8360844286552,407.2249850667383,20.764277977911547,60.53304874904393
490.4902650472519,411.29546428483945,21.23836148045882,56.70605344702153
490.0,405.0,21.0,58.0
489.79639633611987,408.55272024249234,20.98597881469118,56.77919186674217
490.1404279020958,404.12838148685483,20.404749689307096,60.491545048039995
489.8349330973101,408.37524672020646,20.993350812860626,57.86432935718864
489.9245827519758,404.33164670337976,20.623688798704052,60.77885870127341
489.598569224263,408.69116472262004,21.123397456903945,56.679710071602074
489.7254831722998,404.01356386960924,20.669045534278155,60.599978931492274
490.0,401.0,20.0,59.0
489.7139299753454,404.99512870467987,20.751958219077437,57.350229590397646
489.8864368507657,400.91642252462555,20.328890380285884,60.663943106725014
489.58833741710987,404.77847772972785,21.007522314939138,58.48565468456536
489.5325559758826,400.8895816413366,20.702598869406074,61.125286844361995
489.1942797366289,405.0266601303165,21.24019571438089,57.13224502391415
489.2486395514196,400.30067733125,20.785013942555565,60.71301545096236
488.0,400.0,22.0,58.0
488.296747305154,403.4940727420942,21.32008075830163,56.69387321860313
488.55792357594055,398.66628510907344,20.87813381701835,61.06621752355045
488.21051865421714,403.2090455972488,21.534645027012516,56.79587912515984
488.27046221732235,398.33834627240685,21.086987291987725,60.531767727579734
487.96946255204523,402.45689920248606,21.64091879178261,56.59734703420554
488.0738742420235,397.4458703077844,21.069585998459274,60.35168385902358
488.0,395.0,21.0,59.0
487.88985042460047,398.61691173288875,21.17615693865673,57.37850688802507
488.1273453632905,394.31484430252783,20.748081742382283,60.97342164040151
487.7787693904272,398.47086983477635,21.439957735470614,57.68076924597045
487.81914649857094,393.92043384572537,21.07086393411032,61.06259811564837
487.4336719177736,397.8965535875355,21.674834880932394,57.25841493675517
487.4277014971649,393.09023076382186,21.239978496691947,60.011129552486864
487.0,391.0,21.0,58.0
486.82909959994686,394.6390324351764,21.277657231996727,56.95702663570631
487.06151503541776,390.08350458522057,20.94196855677444,60.69648815425933
486.7679039947625,394.1807003454009,21.6069638428408,56.857454057475536
486.7326051765732,389.516819538763,21.168883622946623,59.55885307637766
486.3993818604249,392.99233162660744,21.676131554952917,56.92225449609725
486.3910897424106,388.2609596342614,21.212589750508926,59.2801256653741
485.0,386.0,22.0,57.0
485.2971468644116,388.8324635269287,21.265202437894686,56.32224198714039
485.4776132605381,383.8621701908312,20.9781212182736,60.6882004794777
485.171473381798,388.3791518378549,21.61018258258332,56.409461024966845
485.28285929921367,383.4929337371653,21.119479523124937,59.404181589679695
485.0042751788734,387.1951827402439,21.66905304849263,56.414575001455546
485.0853767020217,382.1920117021035,21.187755452602232,59.33927593309443
484.0,380.0,21.0,56.0
483.89090626333723,382.51885953390536,21.305576570691755,56.80523630855589
484.09129360251376,377.9866097850736,20.786457917059465,60.176769616643014
483.8118359901273,382.2773290054916,21.384529379202434,56.295103269074446
483.92067073883425,377.74566097129104,20.855924029442917,58.792075952493406
483.89774334724507,374.29832909882305,20.610637177217086,60.86434125077517
483.50433776752516,378.9963050009834,21.308907696403594,56.414885725839326
484.0,374.0,21.0,57.0
483.9639349199365,377.2245320815406,20.909075274234397,56.42050107377145
484.24106072629974,372.9301193309178,20.59325430742132,59.76071701206888
483.99991848230366,376.9595325934649,21.310393286238252,56.02505614534266
484.10512970063905,372.26319591434026,20.801064934936562,58.81843906526552
483.83591463446953,375.76770838884636,21.373410775979096,56.162909165820565
483.9236895250899,371.06815659658713,20.873511646309453,58.68903350266777
483.0,368.0,22.0,57.0
483.5623254300883,371.09290030747025,21.04073364268936,56.154573668173384
483.66011910583734,366.9436305124688,20.84952538958339,59.29250239871459
483.26181694974935,370.71071954899304,21.326976250064604,56.16511452301137
482.12143564935695,364.9988203795973,20.50828054664447,58.102998020010205
481.62531619773426,368.4213096882162,21.28962119855487,56.11926526560751
479.9423503985739,362.92728712968426,20.590840685164665,58.26033012406373
478.0,362.0,21.0,59.0
477.1716845121971,366.06723209109384,21.045544383444735,57.3658592962629
475.55887729462484,360.9903159093478,20.158537364295057,60.02111609029407
473.8609140098325,363.7001166373718,20.524361086357715,57.89987586574017
472.1656554716521,359.11450984941257,19.958835015430452,59.606014799511286
470.3243042760753,361.80724022101055,20.446176598198917,58.07265753155713
467.25387926339044,364.0751732079857,21.01399838603203,56.22418606987276
462.0,359.0,23.0,58.0
459.9607476633764,362.0642948104064,21.28283466868868,56.83291218287576
455.1785719080242,362.50844351958824,21.373019197961185,56.55277191179209
451.5445870828073,362.3028692586546,20.78578330239793,56.72003344047425
448.6270377131075,364.011352940096,21.27900897853044,56.837880010053595
444.6638093866542,364.2640764672358,21.038280854559957,55.74778100911726
441.8516740928951,365.61368716759716,21.173197706156202,55.6281574028219
436.0,361.0,23.0,58.0
433.4651299107984,364.40474869757895,21.520674715578934,56.34831657220917
429.88747421570497,364.3685103031356,20.782506632641343,56.332397200137734
426.95213741789917,366.27449875092253,21.332813411515588,56.335040059195705
422.877224711026,366.5564597288601,21.156962220414812,55.28735175269571
416.1167325005413,365.261310018622,21.072350693252815,56.04985055696261
410.77405896764435,365.8297938462389,21.53889041908451,57.14920132329274
404.0,363.0,21.0,60.0
399.22907283075654,365.2910215953625,20.433275901554225,58.54204012491368
393.8259591908168,366.7009500915493,20.740972691507864,58.558419960018114
386.3574874520877,366.9193784681989,20.841045961867792,58.42066206784426
380.951357011004,368.2397425120937,20.90543264631401,58.804132402378684
375.515381159928,369.7326588495139,21.0075126504089,58.633839322216716
370.07430447965714,371.04257260966295,21.09724076718726,58.45920897438572
364.0,369.0,22.0,59.0
358.2624044022074,371.6970130900588,21.122255079463628,57.812868168426235
351.73266140988926,371.22337380573276,20.688649169483085,58.55306133378804
346.2101548324272,372.7564779216391,21.411930962067515,58.88807771547488
340.8080867004227,374.24231646823534,21.535985742001458,58.79021761903198
335.39704397884634,375.7569005915551,21.53782175094966,58.48058736193309
327.4888378071455,375.76219114639184,21.765741041158094,58.557512571487564
320.0,377.0,25.0,56.0
316.04044487249325,378.12471104735636,22.282869702169194,56.56501957230029
310.8251762837118,379.0620701860808,21.95493896778379,57.73152679447634
304.43397800600485,378.28551544828406,21.310485442427876,57.96418542385618
296.9998135902557,378.5113430968163,21.514748022166373,58.338063855986604
291.422789592159,380.5426090160101,21.965180184525025,58.541056258994104
285.98751490406937,382.61756679346945,22.01358688001835,58.22616761358063
278.0,383.0,26.0,58.0
274.1372243172654,384.22251076814183,22.02558923938085,58.19726769571179
266.3293490393078,383.72969799345947,22.252461391908867,59.517655597375324
260.88313185682364,385.81997026817044,22.31893206729177,59.46064862564981
254.34941686307434,385.2855940568047,21.566439973422575,59.76673426509433
248.64937411655688,386.9031224486466,22.399774158296566,60.6447243417
243.07885177513776,389.412893897619,22.583211470749916,59.59831043254718
233.0,389.0,23.0,61.0
227.6962382828823,390.7380699626089,22.073941687843387,61.09569981841395
222.01515679939865,392.3646974521551,22.210985293646957,61.208655087664454
215.21962394557022,391.86268952292767,21.671770202330435,61.50062889426658
209.48930825798357,393.6103824865935,22.23538597191782,61.941912523909764
201.2260860164721,394.27969880252397,22.368156588966286,61.916292415249416
194.4177467306991,394.0055187095667,21.793569222934906,62.841683935202866
188.0,398.0,27.0,61.0
183.71029228494336,399.0317452087017,22.84453116435023,61.15462855685365
177.91752828287247,400.7985376333724,23.208478779462098,61.55012504305836
169.43275084907947,401.3622309817255,23.428918599701177,61.68170755031247
162.48930651167964,400.72477577803295,22.392091001385495,62.63753592003434
156.34262638884252,403.0090466542408,23.358702884093418,63.54363477316906
149.41741005614483,402.837777281954,22.513394817649328,63.24593826935097
142.0,408.0,27.0,60.0
136.5545111229402,410.63217850475803,23.590067170292343,60.15843364768216
128.43724620029946,409.64554015783995,23.532785264228494,62.0043817525999
121.6518394410071,409.3406356998512,22.51858508116092,62.10118959030069
115.37978530262055,411.18986634147353,23.62825480872405,63.701066420168615
108.40735985205652,411.4168285327532,22.616269629502312,62.95509237997561
99.6537313408898,411.88587017506325,23.36472218644755,64.69034495830772
90.0,416.0,25.0,65.0
84.42628226003677,418.2759772439548,23.677161928547505,64.62703863540821
77.22888387472614,417.6283297454757,22.923752044088985,65.59107258260792
70.96072213879373,420.10985721493347,23.591855381654256,66.7557308888849
61.9798668490219,421.80874422711975,23.794490335401974,66.28263708532495
