423.0,250.0,43.0,68.0
422.722831342835,254.11347985453904,43.07304046628997,67.55382305709645
422.5213603309912,255.08147956442463,42.86561019092915,67.11558136104486
421.72167371074397,253.9941766690303,43.719705526003736,67.54072430202041
421.6973864987686,255.00235363218474,42.792616114076736,67.06684311640993
420.79090941159086,253.64719356758474,43.46066542437711,67.749093268597
420.52363110387034,254.56986343624953,42.577457209936824,67.30967539111111
418.0,248.0,44.0,67.0
419.17894555935015,252.26814188379723,42.381617318322924,67.26999141758984
417.49971741905756,250.86732582482944,44.3031976728812,68.12199662099988
416.7700565897661,252.06810213539404,43.978973192696685,67.13102054944522
416.82769581433195,253.03734262686453,43.16990930764604,67.09969513454735
416.27988262825613,251.8634661914498,43.809641681185326,67.99114791948341
415.3697807446273,250.68183586493797,44.36747711498003,68.58218595194785
415.0,251.0,44.0,64.0
415.1875622424659,254.26532038173752,43.31157408166928,65.19419549933309
414.48833237161193,251.883250782181,43.90596200789105,68.12852620843614
414.0520764898856,254.95316865066428,43.8034508694264,65.3689437689917
414.0219706532788,252.85761533156023,43.37611249905922,67.70233318268072
413.48941916844296,254.51091455490848,43.40309292463985,66.91968744896735
413.0980547033628,253.1067223430989,43.412281730543555,67.56810695477361
412.0,250.0,43.0,65.0
412.15966533438325,254.0598281033567,42.771313864684316,65.07005046846004
412.0046300490485,251.74464851183728,42.73924980360334,68.03436968400678
411.42353234860724,254.20040968515798,42.818645391095345,65.6668578760233
411.2782614287321,252.42590176489568,42.58796126280322,67.6674252116822
410.80753924124065,253.67591161036398,42.54766468644448,66.9715235217534
410.5158359215386,252.77771190496674,42.57987040763453,67.34095496838978
410.0,251.0,43.0,64.0
409.89452656697176,255.06399068847202,43.08345350210584,64.37795530562823
409.86290607529486,252.88840479750513,42.63537323589611,67.17921429148674
409.41479042974817,254.25604851990488,42.69680673780471,66.2638474905309
409.31743814617323,253.19696558320516,42.288726641193875,66.96376391821627
408.88476216593926,252.2234437406757,42.57195454216435,67.21020943285396
408.46153650476117,255.23561098613322,42.71179665435943,64.3933226147874
408.0,250.0,42.0,65.0
408.34384228055,254.03601712092475,41.70497614254373,65.53700181980324
408.1354696115667,252.84685347394708,41.87126081555448,66.51469671320149
407.7070180284826,253.52991026189193,41.88172670778738,66.32427264879925
407.5482418305378,252.75039118321507,41.94816624258783,66.43851912315006
407.2373297046613,253.7458020357954,41.76041470934382,65.89269056355249
407.27738495286087,252.76401019281275,41.68772260847379,66.38173073126688
405.0,252.0,41.0,63.0
405.47087851705646,255.74325101774758,41.42349438092697,63.13911964247961
405.91014616120196,255.22875238964662,40.82722723094162,65.59739558149477
406.48393057289405,253.8974853832956,40.737545370628254,66.15801899043845
406.3260914629832,255.13433738164576,40.99279642001488,64.96379262586515
407.0884504861166,253.71101608056665,40.591181696531976,65.96992076711695
406.93593802994064,255.4155528696689,40.91302190747416,64.1469575998758
409.0,251.0,41.0,63.0
410.0807607016196,255.3591468177367,41.46854774323191,62.11451903861416
411.47368169179174,253.12782683697395,40.32446654831949,64.7858637791208
411.7346476693146,254.19108648670442,40.556689106673275,64.0396809105506
412.92819689615186,253.0684987155986,40.27507863845102,64.50513158854449
414.2498130203219,253.73475581263074,39.55062800483404,64.24974026244854
415.9721617917148,253.03913953350263,39.88738409962974,64.0232542812713
415.0,249.0,41.0,63.0
416.52477370001725,252.52198625488109,41.49116258632671,62.55927991182034
418.5423738485831,252.63603616351702,39.496379896562416,63.520739012185004
419.5371062741606,251.60924938766118,40.817444071360114,63.83502563652519
421.13414467979,250.61124460223306,40.26253040365566,64.02312716534612
422.649631026977,251.4844364583255,39.2131507981195,63.43833737196297
423.4926075586095,250.54774107166975,39.53561815449336,63.586137701594225
424.0,248.0,40.0,62.0
424.83705584128325,252.13231650540703,39.791089541381325,61.276759520694924
425.7925780300269,250.41870827429034,39.27598385888581,63.0826659563013
426.0115277281245,249.7474912241329,39.646631367530915,63.0651984387282
425.91901549152,250.42353108366797,39.84089002185442,62.80455559556867
426.6008220925613,249.65538671990953,39.458239008416285,62.88579792744463
426.54673525365786,249.09201932990567,39.919296281926165,62.818023365551596
426.0,246.0,40.0,61.0
426.2580959222927,250.17985005937842,40.32580765353839,60.13410945108339
427.0687831264217,248.0645312336714,39.49227676499248,62.842513421548915
427.02484786619056,248.83152469477636,39.65871648862134,62.403303014295375
427.66248042559704,247.87511467809765,39.280143611460744,62.80165347742678
427.6093066052197,248.55754989934167,39.47623261702347,62.553864879871526
427.4634483733237,248.01165506782127,39.8632243052333,62.41202189642365
427.0,245.0,40.0,61.0
427.59321458665,249.2759407405255,40.43316584829057,60.21557920141319
428.0040673938296,247.52404679220854,39.9070600813547,62.40380128555444
428.2243292890186,248.0520547164358,39.60077670154732,62.678384978864074
428.5887468189451,247.35236951383746,39.54417448967263,62.534060738423875
428.7460880789642,246.54782351518327,39.67908218720345,62.67149183791298
428.77220405548604,247.3658596902618,39.73477103451245,62.399562396257124
429.0,244.0,40.0,60.0
429.4926988333259,247.86530794834368,40.085482153591556,59.95832981582282
430.1691603484429,245.66957011460147,39.43649790516167,62.662888396939536
430.4816075612073,246.96613028981153,39.283922906816656,61.852869514412475
430.73008195799315,246.0210480716163,39.36205711465249,62.00403155801246
431.4715261903055,245.02851313229212,39.01677827104578,62.36824390500965
431.475479000909,246.01836719116125,39.27304705093252,62.11705062946942
432.0,242.0,39.0,60.0
432.507442373347,246.28512201384493,39.36039866396095,59.16705490236504
433.3892733631551,244.2420611517956,38.56538044696845,61.764550670155586
433.7410501595985,243.45583302398393,38.62167276797288,61.83500814966828
433.75573974655254,244.31351180273765,38.82975865945332,61.56779915505598
434.57221632596344,243.54609648324993,38.31126153777382,61.49548301245886
434.78509992408215,242.6774426220536,38.59737873228693,61.68385038449287
435.0,241.0,38.0,59.0
435.48649855399196,244.6023648552869,38.13844918568759,58.956797068891944
436.0366423404644,242.92034588659624,37.80682427819238,60.87419398226882
436.3854932235979,242.23406745130342,37.7862452467175,60.823573728539486
436.85144226169785,241.54566507903132,37.692292168281995,60.772900887845026
436.70997574080246,242.2203950754424,38.023592325595814,60.70765505987936
437.14365732717505,241.7026501972179,37.78392373180401,60.330905023969876
436.0,239.0,38.0,58.0
436.5013915225145,242.49179025020717,38.31250917084617,58.05956599819106
437.50204239852155,240.56681849135583,37.583786383713345,60.22300564122406
437.7516392365214,239.59465251559686,38.035915227919986,60.466399177192216
437.8055896979306,240.7595548269366,38.091896978171235,59.754937267325886
438.9574804574197,239.99951055958581,37.38655262772198,58.56388748692382
439.4795750354093,238.47720851253916,37.568190674955304,59.982688625518676
440.0,236.0,37.0,58.0
440.6027452504927,238.23271629227617,37.88936386515138,59.2364647839957
441.77718126825675,237.2466126247519,37.0775821206916,59.653828762772775
442.79156954249663,236.51093983716066,36.79239002515857,59.458887087776475
443.6762925718761,235.7919608508123,36.73854183925994,59.25100731240627
444.5821083372384,235.0223881589339,36.636392767072834,59.0812262632781
445.40274128582394,234.30738126065137,36.58924292165983,58.82484887483588
446.0,230.0,37.0,56.0
447.3004731425417,229.75583033989568,37.43754948056721,59.46208159634051
448.1627989750756,231.7297197473738,36.57654871602978,57.687858770179446
448.76611697307465,230.97935476515926,36.81890102774895,56.045124147329545
449.54701166044435,228.82074662058818,36.440381506574795,58.61289834827335
449.99659939409247,227.84328226020625,36.57337045750688,58.74647899663523
450.7076879924756,226.82344160859338,36.64035877969911,58.80952639007501
451.0,226.0,37.0,57.0
451.7649486019011,228.67200026275765,37.008838348869745,57.57461822638811
452.52534206138944,227.59217863106107,36.600813213481956,58.227647072765876
453.0213014455548,226.90943381604484,36.53179144992532,58.1843323440911
453.7265236339289,226.13183875279367,36.47601829902476,58.17959083856056
453.8368768624569,227.135999075281,36.61412949366991,57.765411564330634
454.5999527162751,226.2168920791862,36.316119227841796,57.51174042079117
454.0,223.0,35.0,56.0
454.3838645987589,225.70351775027063,35.753854625867234,56.39694463118798
454.96962333541796,224.48405564434,35.652163049764454,55.78999684992476
455.50449157601105,222.9298756549265,35.41277232188321,56.925078774967346
455.6877062095415,222.05208244898284,35.62852235288557,56.45559655148901
455.9456694572337,221.03640550892328,35.574583143276584,56.144519742981856
456.5903314929356,219.7337894722562,35.2566890052168,56.17697743084727
457.0,215.0,35.0,55.0
457.6540230399902,216.5857318799192,35.81585389496672,56.993225808119746
457.6547300328,215.92756271177632,35.75162785171614,54.38567641488339
458.2470219617424,214.1883401564097,35.38377700955152,55.04633732413572
458.6348498885418,212.8464713334937,35.360331181459685,54.917158369796596
459.01289395011247,211.1110261923177,35.29134343544041,54.18360085649056
459.64174319705995,209.38900935315172,34.84526657515363,55.56855868194896
461.0,205.0,34.0,55.0
461.06100823028464,206.49436372626565,35.31290332057142,55.72553792623796
461.6387411674514,205.60775167585103,34.54228876795946,55.259365473989135
462.154563395148,203.4535361148832,34.467186087360346,54.43339126998728
462.66786588881746,202.20455486689343,34.161468737052246,55.234640393296104
463.10489047613794,200.97524335028515,34.175630123962094,54.711624512606306
463.4546714495423,199.68813256014602,34.124564112729786,54.824228339972194
464.0,194.0,33.0,55.0
464.44062757299935,196.33469697398084,33.84137869718529,54.56246473464137
464.99573924160234,195.14621551580774,33.595290782090956,55.11036707896636
465.5669874577768,194.55508392019965,33.48881946668007,54.76476682312773
466.0299685087356,193.8522661861807,33.4388867375676,54.633686780622156
466.420475934557,193.17426628900387,33.481736424096084,54.471483818320905
467.2799534387326,192.29018943828135,33.15702824644063,54.54738276753403
468.0,189.0,33.0,54.0
468.426009703231,191.58560894814917,33.843267498925115,53.528820974819666
469.0764911593596,190.69060045841616,33.36420196865225,53.94333802480833
469.5355373212315,190.03411336311876,33.3011544566678,53.85448923761862
470.05539900256235,189.2235272195528,33.21200372130534,53.90857824183769
470.65233887572913,188.51665096100385,33.14985533399016,53.75852599313987
471.1418416846951,187.7928000016588,33.18358681909359,53.691341912283974
471.0,184.0,33.0,54.0
471.0426376149262,186.488884247746,34.023088369758625,53.42184462707149
471.5570615885557,185.77613497010935,33.5332724722042,53.50875478333887
472.0232679466751,185.11100963256268,33.4076664956458,53.51224527555286
472.0139433724047,184.6901958303116,33.684582374452816,53.184186282935
471.9789549465405,183.92301482221774,33.328276308550244,53.42245507810776
471.57561551493177,183.23112868208347,33.31239410948979,53.42927313314249
471.0,179.0,32.0,54.0
470.3907328297778,181.08783495276163,34.03736463754808,54.39839896803369
469.60364051586043,180.9383293273379,33.84804175030422,53.32126632001655
468.8785132755055,180.20934045413827,33.70866905066271,53.41341868214187
468.59717316665774,180.80617236216676,32.87565089746931,53.266241062201516
467.9654078234307,178.8118554523213,32.79031768573623,54.21198762268125
467.0512583721206,178.4981748831019,33.07903538895289,53.390134833350885
467.0,174.0,32.0,53.0
466.26772116761094,176.58103405193856,33.973065659839676,53.13536786196755
465.862406290742,175.86159486757737,33.04101008999476,53.16274621315205
465.7828883361167,175.10061376675822,32.415140894199794,53.10370026446071
465.47568779482015,174.22019381054122,32.22983618481567,53.16700379021091
465.1216180080032,173.5858459634061,32.27398408846557,52.955321696289616
464.84643671411004,172.9012109753544,32.18094361457179,52.79775767846286
465.0,169.0,30.0,54.0
463.8924841883934,171.92805733250339,33.15204563833038,52.52401793022045
463.8975477953404,171.07140682581195,32.08709872672898,52.7619129961422
463.6147512637776,172.2454244799095,31.759915882205007,51.71183670979349
463.42825590838027,170.27241036967393,31.445051994818073,53.301822522655584
463.0696479865161,171.72913211417108,31.484575634683438,51.52011461068753
462.5375606454146,172.8081232064631,31.554640949334612,50.84434150672564
462.0,167.0,30.0,53.0
461.0861167282642,169.84849240422295,30.95394288469248,52.89466862665748
460.87490983255145,170.96254972491988,31.32026472304858,52.47040113792309
460.41430912592114,172.25769925093118,31.33287776885345,50.94484403999388
459.8575555820462,172.9032062582064,31.290056774084178,50.717605615636785
459.48994461855557,173.85895021652755,31.13444432019719,50.103298978426096
459.131497671817,175.1415636044528,31.036224874915547,49.28557293355334
459.0,169.0,30.0,53.0
458.77490396383655,172.0905652727874,30.45544489485019,52.46819359770137
458.32107475955945,173.56618254714124,30.783980986859206,52.61725298675927
457.8755185976097,174.98669854048023,31.164347740132143,51.622094024710975
457.77858544672875,176.26046651528907,31.038860159898434,50.43464494398222
457.8767750845726,177.02626795104192,30.962733792787162,50.36555652723422
457.97133563697673,178.0522371860127,30.906640467990428,49.6851769013208
459.0,175.0,30.0,52.0
458.6927999023469,178.6491668893575,32.19669313491295,51.79071995000703
459.23283151883544,179.6817869440381,30.997419035501707,51.319413186401675
459.2537060140011,180.72536953210442,31.022032000626893,50.592995614208576
459.52442572753193,181.42997281070484,30.986111998782917,50.60948372681878
459.64786807831706,181.91802498110542,30.928305161686126,51.63345155079901
459.70286312528697,183.01940433866787,30.901097956509602,50.93324614955583
460.0,180.0,30.0,52.0
459.8171441289601,184.37153368821237,31.625497580051842,51.79906963223465
459.9525908318917,185.24363913092282,31.075980319312748,52.34950440613028
460.02002670744247,187.43134393207487,30.800554895039852,52.197673750232525
459.8620446473192,188.55367479958454,31.015621129595672,52.31786179417696
459.77325738788426,190.02788196881068,30.833190069016098,52.42286911521029
459.56657375667515,191.48388373789453,30.898471393928446,52.33943617181035
460.0,190.0,29.0,53.0
459.1367194868726,195.76265958304583,31.92492779816712,51.079130833058855
459.3807296881854,196.90814284177986,30.765944300282285,52.66342138742175
459.1805514342441,198.60745412889833,30.64347689293004,52.74275663186387
459.005246454202,200.24156683322713,30.58943387204232,52.70793234834096
458.79815726167004,201.83033248820414,30.64177603492209,52.64255141782945
458.54609748499126,204.1641278763443,30.628145782052457,52.26197406099499
459.0,203.0,29.0,51.0
458.67078904500517,207.5470718681313,31.135565724237665,50.77685068398955
458.5204016543861,208.827827396011,30.79803531918867,51.35494782634936
458.42742898216807,210.79889050229127,30.4890556974741,51.40266789983201
458.183186552045,213.59948471277266,30.409721518814138,50.830084867685855
458.0881269137065,214.97247573416348,30.351181278950833,51.12103430225477
457.8702106319899,216.75988166450043,30.33869844308873,50.95472574031646
457.0,215.0,29.0,51.0
456.082121528553,219.97354709366283,32.137789882562515,50.18087467245715
455.83569185713327,222.34143578597747,31.239514495717344,50.62470189552636
455.8132817013769,223.45899141484915,30.68346179672244,51.0900778694122
455.29867706938506,224.61990229361982,30.848100580934386,50.353627483197954
455.0628196158831,225.44874685529606,30.59164567557889,49.98171016082193
454.7217354962129,226.1232741871454,30.517252776761552,49.94042828694569
454.0,223.0,29.0,51.0
453.2624013970036,226.23959038739883,29.874209359451413,51.20105677827519
452.9706757215419,227.5761676742302,30.17038981944239,51.32611141478901
452.684408114075,229.10516577232676,30.484993651117804,49.423874554891825
452.2953069596223,229.60867206180677,30.63647030564698,50.065211541197186
452.0140309117592,230.41746941768054,30.272993154243238,51.29778618774151
451.54128490115033,231.9193504980724,30.49642639491708,49.32987864660515
453.0,229.0,28.0,50.0
451.8361722451407,232.12704331271652,29.409077902896342,50.12395745286062
451.9840528462873,233.5242616720082,29.415618633109773,50.082525679674916
451.45120965569186,234.96403793502242,29.824312105532954,48.55657590040295
451.3034754482952,235.68909219789043,29.684400936937323,48.48022410357021
451.3040685377767,236.44328088934708,29.487107723124666,48.3135584327963
451.19548370682537,237.27778216820104,29.40893744752202,47.78607003190393
450.0,235.0,29.0,50.0
449.6644068550303,237.8216323161564,30.76320983729306,50.19794123701615
449.72996831604314,238.09282354856953,30.470108726927947,48.541450011045754
449.91165370043905,239.18446186343056,29.845726510380814,47.67433517589609
449.8708364150479,237.48166909825704,29.931995745055815,49.33214741887309
449.8391923811646,237.33377186065508,30.260013072688594,48.47986073239525
450.38772028625533,238.4813265567018,29.543204101670767,47.49356234221682
451.0,232.0,28.0,50.0
450.6442740447385,235.10333644910884,29.23778814400032,47.66495632179442
451.13706552202655,235.8753370286728,29.230526532588726,47.37176249840388
451.2888398748229,234.3029810969682,29.609047320838727,48.69350780236812
452.15266758462076,236.2505439131337,29.009448331016188,46.42470143468222
452.3395345509123,233.38868093663515,29.194969522087433,49.29453142534206
452.9739765223974,235.69608081282422,28.94567953411024,46.28250003469469
454.0,230.0,27.0,49.0
453.7088935899151,232.47187111901508,28.203544271344356,48.08776985211625
454.35580139671026,234.18425431823243,28.237595918023885,45.99611279206147
454.3810882394059,231.9959776493322,28.537481894920916,48.12917006092971
454.34859754057584,231.83246289499948,28.988697176238986,46.92275609811031
455.12827606745753,233.30802613763097,28.265586265526963,45.47394862378553
455.24392550067444,231.03262488934894,28.3248124727686,47.83595549384796
456.0,227.0,28.0,49.0
456.0926091658707,230.79882078998048,28.22544408319868,46.09290028867133
456.21201435937917,232.51320285919348,28.846737189202145,44.69762209167186
456.3447381038576,229.38428904202232,28.725974813230607,48.01523614158981
456.25034473760826,229.04032079494328,29.268828983760443,46.468545954598085
456.8207212729525,230.23160739741218,28.996192807733735,45.96951510859242
456.9409513725551,228.31028740311504,28.996486833210383,47.735908558577904
458.0,225.0,28.0,49.0
458.0692073446172,228.24791252358307,29.34630357271226,48.33839831821081
458.09528198192805,228.04212159946178,29.402275327360883,47.210983368867346
458.584427748431,229.8910336725071,28.8688017076837,45.46813757785458
458.68986442295864,227.29898155913654,28.773718673491203,48.15505475298991
458.90197512110916,229.80278209288053,28.817140390767293,45.22369144179805
458.90452364418195,227.0722346516139,28.67249454503019,48.05642489465626
460.0,224.0,27.0,49.0
459.54284634346675,227.5842791342858,29.919169321722165,47.86504887663273
459.97795577220114,226.8963666982882,28.859837669574006,47.53579738313988
460.22432768724946,228.89912560650345,28.39573344866301,45.51503722987411
460.24788977724745,226.327986464781,28.212994668378542,48.13369793459978
460.2399490348339,229.2071515519763,28.31934967818188,44.73666133069017
460.172327100527,226.04763851585105,27.92288694527656,48.004554288223886
460.0,222.0,28.0,49.0
459.65469630035716,226.0429599840861,29.93801479626194,47.222956845743056
459.81774462799905,224.88245844557696,29.124859574968468,47.6437041625054
460.1367385575486,227.22931245379107,28.6472760747846,45.18047437458233
459.95139209524075,224.35065036234937,28.598269233184055,48.06097861191779
459.91561625979557,227.24421431229035,28.646674704764337,44.67931874337154
459.6994756453971,223.99830928235303,28.527920796318085,47.96875605517488
459.0,221.0,28.0,48.0
458.9895192286692,223.76595068079854,27.75335798288097,47.17816261942045
458.9103923017968,226.03420380460489,28.52769382014685,44.6852759596444
458.9339243778833,223.29374578982987,28.393102135055415,47.59512815445356
458.84701166350874,226.22378142554578,28.59546974872262,44.19836080076266
458.6065313068925,222.9503486885983,28.45575596937124,47.60093593534975
458.602410001589,225.89408600485376,28.517979002063214,44.117459586725545
459.0,219.0,28.0,49.0
458.4879149705289,222.58156348698867,29.716293441672747,47.595405314529216
458.5948590744265,222.19405495379692,29.259771046146852,46.5466116760544
458.9038099472774,223.62750054571052,28.66256917951665,45.98723231757572
458.1686382825004,221.3158568944495,29.18696632346797,47.94191443593655
458.2785855067235,224.0094741568147,28.845541240616512,44.79990810357151
457.4811392353663,220.83401024768,29.26320598462098,48.03587331726385
457.0,218.0,28.0,48.0
456.34502734366924,221.04317150629248,30.169469829550735,47.77309339279367
455.97470572566226,220.7786546117976,29.884540912395835,47.15455824885328
455.6429722010804,220.40447069820414,29.827808900849277,46.891132073755045
455.9990811023363,221.45471888879587,28.715068756174787,46.102094204177774
455.510519922399,220.10572254477586,29.143968203011923,47.47047092951232
455.63233586909905,221.90872896231974,28.622101321124774,45.58610712579889
455.0,215.0,27.0,48.0
454.36905147213486,218.51271477435637,29.73005854658561,46.74506675354081
454.91918992984,220.03748218040403,28.252651393164058,45.4259293338128
454.7567719353375,217.99401985887243,28.217696468875033,47.50175544161755
454.9775157464028,220.15135407339176,28.06282072120524,44.98843527639258
454.9303082391338,217.98140938359745,28.02759946495297,47.295013650418355
455.4338028548859,220.21250294211478,27.91723990583165,44.63028088933146
455.0,215.0,28.0,49.0
455.153068101572,219.15005933717657,29.503821124661044,47.30688455597385
455.32684087818615,218.4367438212916,29.212073144122485,46.661583447121075
455.8855350026537,219.96237656462478,28.84314633221902,45.65337285307709
456.0205282784365,217.7550259717493,28.84510622769062,47.628771307018525
456.5968977416642,220.15712720848677,28.737756673369745,44.93358188914789
456.82888343181645,217.24524636850202,28.525318173050835,47.90611139048701
457.0,215.0,28.0,47.0
457.2444613095713,217.09987854831672,28.05725444147879,46.27940079779478
457.4449911542397,218.29158203902807,28.830661315410794,45.312278003443225
457.62404085366876,217.12034098620074,28.859893312995382,46.4547784778465
457.78262666061175,216.76957590013683,28.91435694517969,46.17215038418931
457.9779836343582,216.42873017392452,28.92038054112254,45.969703787881656
458.034433701767,216.06027654198869,29.019929540650935,45.86940416149412
459.0,212.0,27.0,47.0
458.6170748996698,215.3913580861938,29.575670214096363,45.4343979898149
458.72390275221426,214.60604844163407,28.7320310304558,46.06608592048741
458.83237936398785,214.13461122878124,28.488471637312784,46.06956776621814
458.8937199927077,213.693332517435,28.528752252590493,45.9334597892439
458.8738372274372,213.1739898872658,28.52718911329214,45.80181899183492
459.3064843506334,214.83599397698094,27.941465497952663,44.45917834813753
460.0,209.0,27.0,47.0
459.9000719192268,211.6696921780906,27.411376462527755,45.32897762683058
459.931932522783,212.81223764372908,28.08421369595328,44.54940952819925
459.9893040994896,211.4687424926833,28.037529671789684,45.81364847767327
459.88962471419654,211.11833394003838,28.303757174791087,45.33941576976963
460.28416829441835,212.71290904675482,27.829474664797544,43.972384369161546
460.230645690079,210.36252502340596,27.853994334804838,46.32335423802999
460.0,207.0,28.0,48.0
460.46932132028996,210.10967274118212,27.261232112382004,46.91937345424958
460.2708929625587,212.63043158716778,28.456689644109076,43.93199119858593
460.04506861979564,209.91514412705556,28.599073574892486,46.68357372348214
459.84990277802615,209.759853775824,29.04493815592417,45.07261837983242
460.4270396441303,210.50150411989637,28.312704523187904,45.96083139278312
460.2371072032028,209.10327437040314,28.644775143186735,46.70300854172456
460.0,206.0,28.0,47.0
459.8205036444783,209.0401247900749,29.784050270000364,46.30953737402763
459.9161098740472,208.8477657178471,29.17230108113,45.71070717375136
460.392232506734,209.78529707922257,28.416080971660904,45.20009051515922
460.4305315488715,208.6080617633961,28.53038397313054,46.295730447084225
460.22262427222597,208.3790944381368,28.83507666813307,45.80362839460685
460.6464471528336,209.6195792969972,28.304828941846154,44.885202216064954
460.0,206.0,27.0,46.0
460.15133022928455,208.29491392092496,27.33691051855658,45.0564018858131
459.9430994422253,209.30600045073106,27.938279597477447,44.56005319251426
459.93992220688676,208.2904808854155,27.931770804479356,45.489541114946405
459.814668030823,207.88228679981887,28.1116334909575,45.30811283657329
460.16237571146996,209.41892495834497,27.658534474878365,44.02688452743564
460.1738598449708,207.30922795536105,27.60856832944205,46.07667419727409
461.0,203.0,28.0,48.0
460.96061193544665,206.3608426590598,29.326627468260995,46.91382524785058
460.8609565230113,206.14593558869376,29.209619943345842,45.620173842707175
461.3040504142732,207.27040039861322,28.597420006703942,45.27072929078736
461.0848994193277,205.45959847131553,28.771658756208126,46.8750040391501
460.9860859855651,205.30798306578197,29.086004848599543,45.547980512517654
461.3617114322451,206.1761531107437,28.58647226796529,45.419015020162874
460.0,200.0,29.0,48.0
460.4495758655354,202.82040485814628,28.130259431066463,47.138783666856966
460.2759097650014,204.58200403885303,29.242263797162025,45.115883724498644
460.03731413863534,202.65543211477575,29.50692658004982,46.95474295129861
459.8554429802573,202.3848996475686,29.764472834440653,45.92007479873399
460.29277695501344,203.1064682542842,29.272890244616462,45.76113424771347
459.84620731156383,202.04487968533402,29.822976130052155,46.59326258171927
461.0,199.0,29.0,47.0
460.6714605901982,202.58261080176294,30.247695215988983,45.70989223730862
460.69247592893566,201.66140064664194,29.76121525273868,46.607058499745335
460.6128952066797,201.315175452188,29.811011226936728,46.44334670967487
461.02397637342835,202.14284894893478,29.113591954752906,46.04026727056373
460.8340028969351,201.23533588199626,29.377813512077466,46.84674503459917
460.5917511300107,200.90230980216438,29.622818002736494,46.61142189189832
460.0,199.0,28.0,47.0
460.036075172452,200.6815463784044,28.04073442272329,47.87858331891135
459.9189963159722,202.29611174995995,28.60165753595868,45.94770594746535
459.52290640168354,201.48192042721865,28.980983770776447,46.57580104003671
459.8759892474271,202.93083816041008,28.38798098601535,45.3921455531937
459.5903488728716,201.19094675368706,28.585372206138572,46.9804772367861
459.2591634073128,201.15264284870136,28.99450488491766,46.1249362411545
459.0,197.0,29.0,47.0
459.43026658039446,199.24078388488692,28.155875979967107,46.354806631214785
458.93018213857783,200.33149449697214,29.104894984241696,45.62736118191896
458.4265386384857,199.75400322277278,29.64991338310358,45.69468656743379
458.8555457948876,200.53638747818303,28.97533675303407,45.46513669236754
458.131058383922,199.65311566416432,29.68155098612732,46.198690714273084
457.93215417341275,199.3005541447401,29.676425160451004,45.93874214856288
458.0,196.0,29.0,47.0
458.16240365836825,198.27799868379788,28.22765538372346,46.16402070107932
457.79321714331024,199.1571310506675,29.251287116349317,45.80389640814269
457.8122857996738,200.10563223126587,29.09180468199554,45.33447893072207
456.93880962941694,198.70449153528693,29.91030273400611,46.63807801641042
456.5683944128208,198.43040616839176,30.072113290158995,46.10540073660718
457.09579275067415,199.09688578170136,29.220833911059913,45.9776497871502
457.0,195.0,29.0,47.0
457.1022793238013,197.13111672343,28.296784112784223,46.4076519006461
456.81528332227526,198.05385131674632,29.28333072865587,46.05719877829273
456.2388841690282,199.16576264669845,29.571499528841002,45.33915948334544
455.59034676563533,197.77376288324854,29.93025037592861,46.80088462255185
455.22713828276756,197.49708606489918,30.11432469551721,46.418946103435985
455.62367235411693,198.20709270120778,29.195331287506747,46.11805539005104
455.0,195.0,28.0,47.0
454.48219351913394,197.47261197398188,28.18873289847079,46.15306578515049
454.18025737365474,198.3407611257917,28.8285550086934,45.852052995982376
453.94942380013526,199.81285845548746,28.826761542999577,44.86564433518765
453.01329817374824,197.7714686040174,29.39348929167113,46.986342594510006
453.14669551856707,199.70465576740673,28.844669937640163,45.029569729982484
452.1005473872931,197.6456847089553,29.542592414229603,47.10204164126958
451.0,194.0,28.0,48.0
450.678811176228,196.4316789025703,28.210048842201104,47.97690811297795
450.0224178943263,198.29047562511278,28.993572937117733,45.842814764817376
449.73878210439995,199.80468995132753,28.808370351263136,44.8633943343184
448.6165700889478,197.27262280770003,29.41173616348715,47.39512564947677
448.5792938674216,199.1485795177523,28.893294150698807,45.31061075699881
447.7196431352377,197.65699911847963,29.545420537816426,46.49223004799268
450.0,196.0,28.0,47.0
449.6783216970034,198.3846892546544,27.69844295048938,47.40573065037893
448.8044152659381,200.11535754036822,29.027919956867606,45.92506589962068
447.9468253935589,200.97807232580612,29.436969796601716,45.49406474177118
447.8133574845499,202.1848777692516,28.97888456237638,44.8927314952586
446.5790325487966,200.7757485974501,29.98926061413141,46.425145221125604
446.72382267529497,201.99990782488186,28.974005564155505,45.45303028675818
446.0,198.0,27.0,47.0
445.26461106304214,200.23553292677798,27.473333193339272,47.18241639945518
445.08769189948833,201.73009228682486,28.022535947071617,45.66691885533487
444.7737635451512,202.6796968916433,27.99038814384363,44.97204215522379
443.5113694893962,201.6357083930531,29.272690139469887,45.89724658264407
443.3463652590922,202.8102811112077,28.493395917396583,44.83581430170568
442.4767386234478,201.37269119434382,28.993164301989395,46.25444381429827
442.0,198.0,27.0,47.0
441.45075287359055,200.97494978189224,27.317981418184445,45.21362871707703
441.0889006231139,201.9864595346495,27.76608645531269,44.587872232322184
439.52616440803945,200.4254683271422,29.268240185221543,46.01355393086385
439.6635731817832,202.01255394652725,28.136776762745114,44.373271438882796
438.55123774472395,199.97293533117653,28.88104464596495,46.38971380387062
438.29361440580305,201.87256260310392,28.388261259948422,44.26627338332469
439.0,197.0,26.0,48.0
438.0085672481582,199.68047119618933,26.719380394832797,47.11930862614696
437.5989157341576,201.12373108690224,27.398219650725878,46.90824552014078
436.90961955808524,203.6573876336089,28.10603814140012,43.97052563970635
435.49253119297737,201.27894975533263,29.307894819389503,46.13270793974368
435.26111968844066,202.20225832575306,28.620470951455218,46.88514520240017
434.23088076015665,203.96538878395245,29.287594562674713,45.474772528096196
430.0,200.0,29.0,48.0
429.33880086942645,202.79861638969385,29.280605409868258,47.31129044050493
428.5578644456309,203.95128974408743,29.564358222033093,47.91245546056632
427.9622046604061,205.94852672687375,29.62336566443048,45.48145456950692
426.71518593748806,204.94291175525586,30.47731055843417,45.736756664299264
426.17758415812887,205.08928228593618,30.003880408942223,47.32837873890139
425.426428999647,206.38779156563248,29.91836659454009,46.104231694125986
425.0,201.0,29.0,48.0
424.47813517611667,203.19596638543067,28.938638049453402,48.48145070426639
422.98990211932187,204.78026322621486,30.17135623785748,46.54542401277638
422.0079122450368,204.0248350493925,30.575018333282742,46.5912662029246
421.6307443252199,204.56399320221055,29.944010767726468,46.69573335290522
421.1436570013286,205.6723707398237,29.7833135357115,46.110801386568255
420.0326049514904,203.59429027948795,30.192562475086334,48.25968861803244
420.0,201.0,28.0,48.0
419.18157048802766,202.86268973330698,28.53054774029988,48.91330447623153
418.24470433735087,204.3567738367895,29.320056685276995,46.98316402393755
417.4710532775903,205.39364063846313,29.52831319574875,46.299569174018984
416.51375927134904,204.09866991189142,29.879603535251817,47.44163748363928
415.572821069125,205.35464458901492,29.95143716732855,46.347388416846115
414.52708652498313,204.41881574340516,30.341674489580328,46.89157777004448
415.0,201.0,27.0,49.0
414.05699587865547,203.7514568676587,27.821628720092008,48.847053853180114
413.0547422252996,205.4521964397477,28.89021823975645,46.87813799714104
411.76244101869133,207.4508686712586,29.860642838445983,45.24712671931729
410.5852066008862,203.8321361500382,28.264939480735904,48.37051347128704
410.37428840222253,205.1358802179525,28.20254443383476,48.62346649624186
409.5246613163822,207.87835667522563,28.922793779438507,45.20871875713692
409.0,202.0,28.0,48.0
408.0893250577069,204.39448569632316,28.0489710085061,48.37864590785722
406.8513740408598,205.9274942638947,29.365238883919005,46.63495081007409
405.87827921852454,206.79943194691475,29.690592661638448,46.04470245417406
405.02240618512747,207.58781619739136,29.80336206764605,45.86154920274765
403.8999742798974,206.37221998737027,30.264725782313008,46.8607609576469
402.95625036170577,206.41209891776322,28.270125057671066,46.48518844735969
402.0,205.0,28.0,48.0
401.2912571380393,207.42910524306046,28.092446697638934,48.01806765938687
400.1911340294247,208.73085564906734,29.26998537119391,47.59181474454317
399.78012766276515,210.76174804567108,29.12070160857286,45.3625102383441
399.0516050872923,208.91838015763477,29.44810327732432,47.305746039316716
398.9612475367305,210.5882018537959,28.973765616357696,45.59087992878631
399.12723673785524,209.05125392331297,28.989646108161082,47.10269702695376
400.0,206.0,28.0,48.0
400.736081473034,209.19246498541594,28.918560225579654,47.447271331192155
401.4784440961103,208.71874342832984,29.088677453536945,46.88323969714179
402.36950191316,210.10506871939288,28.701313004701888,45.802208020788385
403.0199140708359,208.30605065781907,28.880636526178364,47.51436203101673
403.79065213840295,210.51365877257683,28.55808472307899,45.12694947596344
404.6461366118474,207.85057520521934,28.662176350507877,47.95116157607697
405.0,204.0,27.0,47.0
406.35193553177885,207.16410861275017,27.948458054991193,45.87610246561144
407.8716886458669,206.15275798706529,28.369219073822933,46.37735505325537
411.3003101677301,206.3574282674108,28.120706895799344,46.31240629751562
415.0315657080421,205.57711006651638,27.76301855706106,47.09912957663326
421.0617309020138,205.72430508918822,28.681146040302792,45.63334307669436
426.40394375684536,204.42790842654068,27.89312210071273,45.71037402213631
433.0,200.0,29.0,47.0
441.60893362747447,204.65537493088834,28.957925629184047,45.29010447633368
449.6012841215657,203.16708037620666,28.784840236506227,46.01910118959134
461.26003509361783,203.04966861681572,28.77568911991534,45.85241374208434
469.8755528318941,201.68138821770344,28.60468287450169,46.03101220665641
478.417813448973,200.95273644515953,28.71425834724505,45.63580573183239
486.88001903548957,200.40112264069137,28.801085087683987,45.34107809985193
493.0,195.0,27.0,45.0
500.89740097905144,198.06541882543388,28.59214618866315,45.76996251926903
504.6047270707563,197.8434934780489,28.4219625235296,44.35235082724694
507.90381536293455,197.4318140295219,27.948277662998294,45.50397859281588
510.6349870544209,197.32374831390774,28.289881412672457,44.51184274343751
511.3117234979345,196.44265329047994,27.881834732466587,45.22548580997773
511.8423497101327,195.98678923578137,27.903562136609025,45.20579660122695
513.0,193.0,30.0,45.0
514.7476234090927,195.64595424207437,28.753596474338337,44.86503589572385
514.2781937655509,194.9573528563571,29.754932228535836,45.19374502290128
514.9440701035907,195.61134752111684,29.25677434411,45.06347237287849
515.5769967357776,194.7886981840163,29.384478260409992,45.48351419385858
516.0080654013749,194.1270686635844,29.554428594580827,45.68433013788672
516.7305209900685,195.01933884082644,29.298148620966913,45.24789473295141
517.0,192.0,29.0,44.0
518.59424525137,194.24786272290942,29.297363550145747,45.025320637735376
521.548392321878,194.1310661137689,28.752840092841325,45.49374223940788
522.8498155770058,193.93096932919093,29.332111771689142,43.9820940865269
525.9189010104822,193.3589520638909,28.680658878533904,45.61444762344763
527.0621862149969,193.09334278600994,29.340489837542464,44.89119927313823
528.6896351554296,192.27682532016053,29.34089081737511,45.561275632364584
532.0,192.0,31.0,44.0
534.5150871585693,194.4223908862062,30.145675714291883,44.37591343078208
537.7998692821584,193.9590526062173,29.380041333976123,45.576157072363515
538.6837901291381,193.5176290858676,29.936962287721144,45.06108328124219
540.3877671821915,192.72457997489562,29.58813186146972,45.57006269835881
543.4237553652338,192.80380344114883,30.188615665021302,45.8223090563755
544.6984454681199,192.40528157512665,30.054747612672372,45.016216732339075
545.0,190.0,31.0,42.0
547.3437766019736,191.38874255802125,30.183219072798238,46.18875856758109
548.6972612093496,191.101438040404,30.24625708602707,43.71249805476978
551.9324688985037,190.355697060053,29.975935958332002,44.34657606246026
552.7415552206794,189.3341626400034,30.591463889242732,43.9815326546055
554.4006002749414,190.13804164612975,29.9488752417368,45.34141127708676
555.9631787630383,189.5189915460801,29.810018915460432,43.46243529514456
558.0,188.0,31.0,41.0
560.5604894156777,189.0531261013081,30.471286515334782,45.12986588622195
562.1973059390566,188.4703367774548,30.036707621229652,43.3319232026094
565.3784993766224,187.65757105253527,29.59609238409655,43.8604727335852
565.9055145022173,186.6035087755788,30.632173783590588,43.48601330996547
567.511965818182,187.63615577235214,29.917907416098387,44.79279481917365
570.5593501233529,187.37743247575588,30.034499839131286,42.81066569903459
570.0,184.0,31.0,41.0
572.3476740830833,184.94058175569853,30.07916783390442,45.164995152636834
572.7473836410145,184.19540934125877,30.337734282805968,43.46449022257272
573.3779111622316,182.9027881951646,30.79979853702207,43.65766789816908
574.5107811293813,181.54212887826327,30.70300838649291,43.99898206967447
575.0252981033216,182.4794678614666,30.52482236279002,45.00269993315058
575.7369361330248,181.51601549332145,30.64287687531305,43.557803396317354
576.0,179.0,31.0,41.0
578.0550618586226,177.5237929969901,30.130076716181406,45.31918508824185
578.6540501967181,179.24200198495808,30.560018928405952,44.82627558294931
580.0102231176352,178.28983633543578,30.42995306503144,43.60172663787634
581.4197233444328,176.6804628933951,30.329698208634113,44.036111890302294
582.8398182982321,174.57080619783642,29.919441155306004,45.18486235869898
585.8844046302729,177.3198441771383,30.10114827997097,44.50460112237488
586.0,175.0,32.0,40.0
588.4646737820494,173.122292225401,31.264120554876172,44.89633684389068
589.1146477594903,175.2568563481183,31.26457100720654,44.18345160982338
590.5559695667853,173.90658879953702,30.768106286668626,43.729144481851336
592.0775303157913,171.82061273415513,30.000838354605435,44.57356283100529
595.2090534957838,170.91824276953935,31.347132881889138,45.048392449106416
596.5857278145797,169.1604765956484,30.375548410698002,45.40682898551404
597.0,171.0,34.0,38.0
600.5574623413531,167.85466528157593,31.84718061848116,45.15676600112414
604.502748199224,170.57668591031333,30.668500115345978,45.40778620593912
607.8827234567743,169.60851803223733,30.830750366056918,43.0357055558153
608.6279862135586,166.5720838603978,31.026323545193236,44.753830066048295
612.319546859972,165.12317947145885,31.540954814175848,45.54451297046279
613.6888835723865,168.17566582162573,30.603959868808147,44.34745780845077
615.0,167.0,35.0,38.0
622.5119580497276,163.61296534101626,30.999253850695595,45.28960978299929
622.8774674175111,166.14843638708433,31.410316953268193,44.677452384359555
626.4125168587088,165.47510919522279,31.850140960741555,42.66715145975411
630.8221977389235,162.92591739052295,30.50196382789852,45.032424412930936
630.6459485492915,160.95492460430455,31.63514602446594,45.10294736323712
634.8381684594372,164.21391807155817,31.239860780763706,44.44957732962496
635.0,164.0,36.0,36.0
639.5251117236057,163.67149163649378,31.256144113127903,43.71383223065254
642.7689164255689,162.68894614056995,32.61276387793805,42.37071178832559
647.3350110815093,160.54770633927933,31.324377588599532,43.564740717880625
651.4471156254867,158.4224420418401,30.898615001304506,44.91775731716939
652.1579594757268,160.81895472859424,30.444020689053104,43.96230842127579
655.7741112378599,159.76264294869907,31.385429431247985,42.65590326454003
653.0,158.0,37.0,35.0
658.811904052196,153.44533103840115,31.049544707253517,44.47359953320819
662.6339915556887,157.0559375982839,31.147957782198546,43.85493990274608
666.8007521276404,155.16257377388814,31.187973405447337,43.25072903366703
666.9437156908862,152.7072371616473,31.843234424172806,42.8121329565646
671.3284198266219,155.2537331145351,30.759089717544725,43.65981366842888
675.4344237994818,153.3547999979035,30.86602552786792,43.23116832557912
673.0,155.0,39.0,34.0
680.150971925381,153.8583754543711,30.335258985747373,43.289495843496326
683.762639040538,152.52646493058245,31.074115479458214,42.112357690900524
691.6049613849666,150.14711489037282,30.739831935272832,44.90483780681123
692.2241662441302,152.78441359144745,30.34920139209953,43.36251660423841
699.9724450623852,151.61131089806906,30.09200660591955,43.068360155647724
703.467320304957,150.41341885920883,30.947595546031152,41.90207363074387
704.0,152.0,41.0,32.0
719.3744292726587,146.95470361702064,29.738632823231455,44.72617931162108
719.6582864755735,150.0094255824165,29.75816078912601,43.122454788897926
730.868608507493,148.81741770476992,29.579633728707904,44.19480358335454
734.6906569793991,146.94174164028584,30.411885087663904,44.075799150947944
735.6084991391413,149.64976468966455,29.49299507810565,43.01459611880176
746.9043715559142,148.75312769284983,28.900590726529572,43.53414968963034
738.0,155.0,43.0,30.0
751.0349568967733,154.06494819516865,28.945695410361623,40.92849473763374
754.4770421898722,152.3613231760055,29.647782531169014,40.926763792345355
765.8688135529001,151.36347186409853,28.16431958679641,41.87737887882781
762.3015122274105,153.07036311710377,28.93955607764792,40.79217909804211
770.0618933763678,151.67748230957454,28.252252210588722,41.25647457029493
766.88009716392,154.0229526788745,28.422168375286105,39.7422820515053
760.0,156.0,44.0,28.0
770.1241671169654,153.77024123000177,28.05525403738943,40.38604048706185
773.6153455021367,152.6188523784358,28.575190378239768,39.611167160745026
774.5671206742863,154.75732588255556,27.492773018791468,39.71622682049173
784.9838963055124,153.8764648290532,27.71425811502695,40.22830988481405
781.6596941033868,155.01154408054663,27.66034702374384,39.893007463597314
783.1221423181312,157.2579835891638,25.726043238296143,39.31324020759621
779.0,160.0,43.0,27.0
789.3333573660473,158.34872739755212,27.154343551392685,38.005803328646834
793.2948254522187,160.70327714386048,26.71941397589876,38.35506437005273
796.4944642965893,159.40151243441682,27.293438552438374,37.723994645056734
800.1620467732359,158.18453980648405,27.047345148090017,37.29736358766587
800.9754423879193,161.14575441110424,26.290092407653106,36.78005704594864
804.4432430996785,163.2580094986672,26.309739722879044,37.352069616016024
800.0,165.0,44.0,27.0
810.7609636697365,164.41066176778077,26.097356937772247,35.695044746634494
820.6540201095199,163.82688244263477,26.206434363678454,36.707041121567045
817.7473383462884,164.5967151166318,25.958626338221052,36.97864235040572
827.4700544211715,165.1736252296663,26.307386556483152,36.063814807599215
822.9237827784998,166.99395518525716,24.281871360082732,34.800939590858036
826.6277435435259,170.2456045066141,23.77804657368688,34.56212724005468
822.0,172.0,44.0,23.0
833.618231600704,170.92889236402334,24.93481254780488,33.47227320882348
840.1289539902759,170.20634199545526,24.544121815212065,33.52068888317484
840.7889077070594,173.12417542194294,23.923944181291404,32.88386567934367
846.9143666429554,172.60098626400753,24.043109885326317,32.8300540170751
847.3448598781808,175.4181386093975,23.66662804890825,32.25490107027605
850.6348431489787,177.51244562666534,23.252361655371146,33.100799542880736
842.0,180.0,45.0,22.0
857.5620644383687,180.57647425259188,23.73824963848108,31.71166561531504
858.6744514150471,183.3219021862318,22.38858150378246,31.198233995407065
861.951445279302,185.19149600785138,22.021123162606386,32.316666963729375
862.8768787488002,186.59893366891563,21.294838308199814,32.590234625361546
865.6935433693906,188.86207693598772,21.561474465495394,32.241034802475895
868.5659504140986,190.92160550665528,21.47244971221346,32.066716623949844
859.0,194.0,45.0,21.0
874.9690428096474,193.5851597318894,22.36442594628079,30.388654252331264
873.392280389891,195.47345539159335,21.24535670418811,29.917846262113414
876.4059592122426,197.80675748393742,20.872384252088978,30.27107241448789
877.0124258859579,199.6634555959619,20.502710671465707,30.2350052159089
877.647106603431,200.993275680029,20.21784695205986,30.58087549163338
880.6034331129454,201.05161174039142,20.25666350662823,28.35142699118984
870.0,203.0,44.0,20.0
884.3039152134352,201.88784070910953,20.05395094188509,29.347687156218626
882.9555407973912,200.7776929726174,19.237990416249886,27.45815034471366
883.6172817171288,201.96395821323713,19.128785955965213,28.546682640205432
884.0775744239221,201.37965726653954,19.0918336537228,26.922759560015663
884.3560769932712,201.1295412548319,19.01147926453632,29.249853321244245
884.7687691934316,200.91238161523916,18.761270581044755,26.845745549481308
872.0,201.0,44.0,19.0
882.7381299972549,198.44400508642843,18.526746873571938,28.16431289819036
883.2727174474131,198.35499073044866,18.422736260942884,25.98593812846582
883.481259331048,197.32142467953395,18.344134060354918,25.757454660829126
882.0008158404023,195.87112025917304,17.942334553096998,25.271249078925848
882.1878030948656,194.82953030074714,17.90736749859525,25.048603783972794
880.740895471424,193.37608308253402,17.532521230260386,24.823270251868962
868.0,194.0,43.0,18.0
880.3364901001373,191.2070233447572,17.485383749803873,24.406430961850845
879.2240128162177,189.8513251240148,16.74449532902497,24.18667858517341
879.4334665240195,188.8816231003085,16.72576623930638,24.029222050512203
878.2806795139938,187.58213988861917,16.242452057617243,23.592415794614112
878.8924440262751,186.54846442874282,15.93009482164473,23.755427000321447
879.259145147161,185.67752644405198,15.84052139677317,23.489972370534247
866.0,186.0,43.0,18.0
880.8893683940446,183.8528549022384,16.529926895573567,24.452734809059848
879.7139772911282,182.73195179862978,15.865101346076017,23.30708935800061
880.3280635545948,181.80245761640168,15.608584204894896,22.90981668194945
881.0468909924298,180.72986961274546,15.320872117175327,22.81819322973206
881.6963623239767,179.82856759670113,15.148577933470278,22.540983325880433
882.3913548586495,178.88406174848967,15.03746168179623,22.25137784692231
871.0,180.0,41.0,18.0
884.6853951647286,177.64717058892987,15.129587775142227,22.320459194677
885.1743412945627,176.97940463610678,15.124548351843373,22.0135711228221
885.7304613682944,176.26365402879537,15.033251107882393,21.62607129252791
887.8410593010317,175.2008045349762,15.064491722129787,22.065137573442826
888.382735960306,174.18508001028488,14.850425239211063,21.637708443066344
888.8038567408693,173.7031678291687,14.895034260886064,20.732295740130553
878.0,173.0,40.0,17.0
891.3032133400425,171.64864604957188,14.877599036242941,21.058791844677216
893.4299123975575,171.4313553867171,14.746489509828962,20.560984077629485
893.8558628557621,170.26281063225417,14.76632122072806,20.756728607655532
896.0264951617469,169.21872320066632,14.630059661547534,21.249082806892602
896.3707614406421,167.85451215214425,14.716955417076747,21.355298330121286
898.4867676784652,167.06923649141626,14.655820137975297,21.32925802125561
889.0,167.0,39.0,17.0
904.9096288021674,165.4374830297091,14.504417683431825,21.82109349470332
903.8726209002114,164.78510056708677,13.82962312625682,20.139349640949945
905.9706918240436,164.4468570358914,13.966955822525733,19.729261315982512
907.7886113973645,163.45609879606212,14.2812131953076,19.845990701740504
908.5638830084159,161.17788302124063,13.739876458364165,20.85365980163442
908.7665708970104,160.32338229816548,14.163913119799531,19.76760288560456
899.0,158.0,39.0,17.0
911.9377813487845,156.88952250589094,13.915993375138896,19.735116384042016
912.6536178483177,156.29175339272717,13.66266966144076,19.117178808082144
914.6526172378291,155.0009094939869,13.70167869996419,19.78166946584497
915.2273290277072,153.96723330825034,13.610230000808315,19.304072721774332
917.1977812308962,153.282485016161,13.592670159051636,19.190471316237904
917.7070052548106,152.13382255705935,13.511793512965824,19.0986825759056
907.0,152.0,38.0,16.0
921.5898944770898,151.87067328181075,13.377107423527491,18.260838566269797
923.5361071132156,151.3557003471426,13.261504655789281,18.190748033754517
924.3717597938634,150.6406781196327,12.71880806058914,17.88267656807426
926.3935923292731,150.25533688847236,12.722795168027915,17.86684359993285
928.3219246918952,149.81918572489968,12.65201402206094,17.766448263600694
930.3601524337317,148.9691051373427,12.426398030158566,18.04962975439463
920.0,148.0,37.0,16.0
934.2140728799968,147.73158550852168,12.428080616405282,18.020191399524606
936.2338800125683,147.58556781153715,12.336466867349372,17.860603782130767
938.2203089254567,147.29261273314114,12.372721558975627,17.741508665692436
941.6734943665888,147.34779995393438,12.280759586073259,17.529683915751093
943.5974233333675,146.86892552367976,12.291022249031357,17.425102191563724
945.665477389784,146.49831682674494,12.125911343009648,17.377383512281426
936.0,144.0,37.0,16.0
951.1681698756458,144.59305316356102,11.7248305881933,17.29779626950625
954.6828493745343,144.54638322691756,11.653208390289365,17.38525730774967
958.1076840622706,143.9625448366623,11.55373694822481,17.84071169889029
961.4612740240342,143.5487287591077,11.57939739390747,17.89736975381274
964.774284060128,143.21576784517103,11.599749769778441,17.957034665413687
968.1335243781878,142.89139171610225,11.523514252805285,17.948855688117817
961.0,142.0,37.0,16.0
976.8820319992592,142.23765842076344,11.732091380141583,17.81073318315873
980.2469525379682,142.64790142572718,11.752889062299005,17.25139500700925
984.9509671875494,142.73358896832494,11.7212032552643,17.704385962421128
989.651601646516,142.92053070498827,11.666009002761939,17.829720833900552
994.4670096500953,143.31737478502578,11.692391979880199,17.603187874021756
999.3059285819377,143.57874954440427,11.633445037229649,17.58392903208386
992.0,142.0,37.0,16.0
1007.0162350575362,141.6898836003487,11.879195618629979,18.245171311166075
1009.0148368617399,141.2762492401029,11.75539151507735,17.943664773213897
1010.902091448141,140.23513815329932,11.81813584188933,18.22836114883677
1012.71587861647,139.0757310299274,11.822550063412336,18.58953099694463
1013.0800156944256,137.75171126656392,11.891462735508412,18.627470721323903
1012.1199228480564,136.57803228049704,11.860241393067554,18.264360518309672
1000.0,136.0,36.0,15.0
1011.3165841306732,132.91371034538435,11.836864510380565,18.079227356860912
1010.4333787096176,131.71085391286215,11.731668770451392,17.919146483261102
1010.7723545464466,130.14345390651505,11.875664159771873,18.42474763153271
1011.1901142365484,127.53136403166016,11.896795353103926,17.81522960787686
1010.2629736605463,125.81066681868413,11.745533249199866,18.099089494912505
1010.7624926844506,122.76894250843864,11.728196041742422,17.951997993247915
999.0,120.0,36.0,16.0
1012.8852468235516,116.9482815955898,11.684361539342945,18.1853367371437
1013.3805692778295,114.055501152278,11.71958612494302,18.004306545301233
1015.2198339728152,110.91678344449701,11.739624275519645,18.45148884477183
1015.7146762273925,105.63522605753266,11.683941462548432,18.060389635070777
1019.0107249080705,101.03542767749423,11.721586100173568,18.02172616359185
1020.7991301604757,95.7922993317732,11.707582573244508,18.286897572371956
1009.0,89.0,35.0,16.0
1018.2081992146541,83.9135342567698,12.04764357669319,17.87012514180006
1018.8909669868315,78.22035289672203,11.585676292600283,17.559051427524537
1020.5257837883507,71.95062952363935,11.791720901629333,18.25959346091031
1019.8044221894677,65.6142944597797,11.627109989389055,18.07686605291883
1021.6299008901201,59.52188815882438,11.686610403726263,18.304113418306514
1022.5578468431145,53.206305062037586,10.93947491572112,18.77873885166281
1029.0,78.0,29.0,22.0
1036.6989891406547,75.29460457698627,11.955366536191832,17.895726622332575
1038.4225086716024,69.76315573465133,12.083490172038182,17.93480749889072
1040.4127189166288,64.03055617133543,11.839904500398006,18.00959355098857
1042.0590153112116,58.377999468714904,12.04627843476942,18.002842448933905
1042.4064623910344,51.94452470040406,12.14138299878141,18.52120722690877
1044.2225875605445,46.56270286345436,12.130114621650591,18.20187118001006
1043.0,49.0,28.0,27.0
1047.7544929418268,46.81608744555135,12.431591180088844,20.03792832605913
1048.2048496215957,43.15261937847799,12.43073653790816,20.174642062637567
1048.5809713754434,38.326022547550906,12.368545222720513,19.051884205610854
1049.2184102045087,36.31529160305803,12.244599348251313,20.448793573871896
1048.2851209065852,32.954439490355924,11.997036399870012,19.845244788851346
1048.632381977793,32.30799768999369,12.370959635164354,19.421765076103448
1048.0,26.0,45.0,18.0
1062.2216899481125,24.799751466953047,12.423826950467856,19.8489876225377
1057.982243118342,23.152042658115935,12.560368464583007,19.40469765398309
1055.3241161178235,21.617361372683938,12.585570264379385,19.475350040319107
1052.6651903046072,19.974207659416173,12.625648923733479,19.571384231900808
1049.98804509496,18.311106123070065,12.639968930900523,19.624596211748734
1045.793004818858,16.226276147169685,12.603773650422454,19.61046870281008
1028.0,11.0,46.0,21.0
1047.470397565912,9.751162765819174,12.517337523597234,20.20559991936048
1043.2897752195727,7.720015356340291,12.44420288170204,20.305562402610768
1040.5259037038322,6.077347009394387,12.633537217715457,20.3684271865174
1036.1205423560202,3.8784347048193695,12.710437623853068,20.409697769272412
1031.716255927507,1.3121669556248463,12.749192931088828,21.188817272961806
1027.2680478387642,-0.19562445276826423,12.860122058478282,20.699408153887344
990.0,3.0,48.0,20.0
1004.5224583139079,0.5418639585594747,12.966270319473779,20.109209929211488
999.9508037928681,-1.5581461202424935,13.07817102575791,20.497385244697323
995.4571529892856,-3.3999530948078274,13.150677861401732,20.54380124939766
991.069383700705,-3.237385580803675,12.969437723913188,21.158461973744124
986.6390728392474,-5.271112151602601,12.929852658387858,21.057684885569657
982.1360189114156,-7.161559595917595,12.98366368864265,20.80500603016116
995.0,-4.0,42.0,28.0
1011.8207827008241,-0.7526485922950883,13.015235546828535,20.720560789547108
1007.1139336451961,-2.425872320793559,13.320178575502723,19.519354923098575
1012.6711411126353,-1.704009351970285,12.91848431421954,18.96967075240883
1008.2971993075458,-6.016793873924058,12.95026813925108,19.13482132043508
1004.1035154274837,-7.689856334784615,12.46786800176335,18.514033480412373
1009.3576419542148,2.120679841884723,12.266666179735807,19.772655232336977
994.0,0.0,45.0,27.0
1007.8298641344522,1.2649339807491486,12.837661996759152,21.24641263798481
1005.4891349943624,-0.690451915063683,12.04497651480392,21.19558993649828
1002.7179641761571,5.914690214720494,12.30020006418124,19.83887374938775
998.4162509506943,8.793756213509596,12.277104230764849,19.837480699252605
993.8471195117618,6.343626437383552,12.832383069066736,20.640068187222685
989.8612341285188,4.511148674619716,12.086461246522958,20.59442544019322
1035.0,36.0,34.0,44.0
1044.723646870626,45.835570846730505,12.3997169605218,19.742834942682165
1040.4959042211324,39.649141416199726,12.175274514364219,18.68590477876225
1036.1471815541909,31.593418911902205,12.234055070194927,20.146246793707647
1033.2529043992981,29.936659420403856,12.829324943427991,19.228674382394303
1038.445971380024,30.539233989332146,12.672266118663174,18.54992544176337
1040.6901538354946,30.298785977359053,12.16050122805359,17.732576528465906
991.0,35.0,46.0,37.0
1005.9330180098209,38.75622422009272,12.213175090279833,19.29765258509184
1001.8103700922737,41.59173374180357,12.184932333631991,19.247002933803984
997.7131546508479,37.24844457783563,12.1179828113834,19.1980314840075
996.7095361442694,36.16131580802917,12.054712024238825,18.988581090509044
997.2067753540839,35.29276108873941,12.030755395101778,18.992788519808343
997.6730054561036,34.443865963146294,12.024384677336798,18.918271424836732
990.0,20.0,40.0,43.0
1003.2090807623402,29.419737940690574,11.995804219188699,19.027890448521582
1003.6791240595342,28.55323202041368,11.972923753785608,19.010465877245103
1002.6541271048742,27.399907540054024,11.946997949609454,18.855462408166836
1004.6079847409873,26.80691899066418,11.922097922896796,18.86358704771981
1003.554659745794,27.886931373108716,11.930772470683905,18.8800165989313
999.5148139045159,26.004644437861494,11.939542772795335,18.835315121289987
988.0,8.0,38.0,40.0
1002.3445518918286,17.160953683500544,11.94137321291646,18.989642213837918
1004.3395340753838,14.507128566790186,11.672443041675137,18.319200278520896
1000.2480608831522,12.41119119277139,11.740416060817097,18.384030881717088
996.2316492381888,10.58697597037742,11.747889003543492,18.185907945392206
992.354577809245,8.70718381588216,11.097213015047146,18.128518542339123
988.2534168871834,6.730027865211881,11.080658911875616,18.418894963202817
956.0,2.0,37.0,36.0
972.5792155151248,7.426955545399018,11.458511001321767,17.687853502491592
968.8105551767528,5.463293210205917,10.780491032734744,17.660992415335457
964.7757753859078,-0.04791169265599393,11.135987151255904,16.474416564050387
960.925196554092,-1.6848214189807038,11.178859297142708,16.491844702713415
957.1669128129377,-3.0280522195960913,11.159302426032013,16.135945073750577
953.3104716394214,-2.2678134267553816,11.370184882084345,15.77376650676672
926.0,5.0,45.0,32.0
940.9978779618955,14.14765884548867,11.047170014295261,17.60906959652859
937.2951567679614,10.238537661722255,11.095370518529535,17.83605172554921
934.9671058391483,11.058013066221807,11.089278237609165,17.741992983206192
933.9671934211849,12.078218732572047,11.139276479984801,17.90364316507396
931.5904053472354,15.061001732616937,11.243693614621861,18.00634412900761
927.8921720865037,9.16950999537493,11.183295647045725,17.471142801299017
909.0,14.0,35.0,38.0
919.3943930967406,30.46337932525744,11.027132684471894,17.4157554203865
915.8486766012807,37.97272324753703,10.727750048603866,16.98253401357266
913.4942500687686,45.91064227780228,10.824516298850654,16.54602275479735
909.6505346263799,53.00882036122624,10.870580492374188,17.391130850297202
906.141356391795,46.80498976568387,10.51200303521091,17.901385350053488
902.5989323927279,40.21260195849695,10.413193589792513,17.861574874988605
879.0,11.0,57.0,23.0
902.4454371334655,23.087546114454337,11.16854236868619,17.345768507719004
907.1431282315875,31.603107465453633,10.938791715952448,18.08095503687707
911.7228668250659,40.89119838916631,10.974808986606718,17.698129457414673
912.2628123648154,38.30178860811125,10.706693482592755,16.955437479533472
909.9600461128732,41.59530464392037,10.775004565244444,16.661639760533262
906.2280602244521,44.35774423828512,10.803153565595494,16.445806752370984
888.0,3.0,25.0,65.0
901.7758591564993,37.618853601661186,10.45590372199797,16.952669060764336
904.8050592831455,37.458455259275645,10.67555658445201,17.002393920318667
901.2592294060643,40.070884699399485,10.605255701384294,16.959989285765218
897.6755020445154,40.55661048704701,10.620983659574335,16.981919438187695
894.0992200820729,47.47371054496339,10.641496698193123,16.893957611385524
890.5105264746696,54.25566239816121,10.728202727923872,16.95639487993963
858.0,24.0,25.0,67.0
872.1029808723615,52.753939320603635,10.243609926566933,16.91615741224048
876.3593561151578,52.9051093123622,10.60955199142552,16.916132902381563
872.8242533237426,59.783748004970654,10.580849470827616,16.78433983636952
869.2733482590966,66.44401350999992,10.584408554985202,16.9896333723903
865.7386995561467,73.23444872489037,10.581143687224312,16.941212282987763
863.5684890293311,80.55642152297733,10.532484919488411,16.518929988869104
824.0,28.0,29.0,68.0
832.1916228327602,61.97934420849246,10.980338905065423,17.32641622222856
828.8164288674294,69.14370709327174,10.581105786697321,16.77285844280712
830.6088521162633,70.7551837008956,10.508931544025472,17.011538044588377
829.6524323670333,69.74901775304944,10.722164624480683,16.988980187745582
826.1450083581834,68.20348870960214,10.643997749083496,16.821502322892314
822.6136020275031,74.9717856017416,10.628330436489705,16.908306276845764
820.0,25.0,33.0,67.0
830.5508174752844,58.979871497246876,10.96204944558167,17.054577398123342
827.1454212114174,66.35444198907066,10.608020490261652,16.435531170479152
823.6085350145681,66.74572144894353,10.557831792634488,16.724998209053155
820.0713799199988,67.13472759539219,10.578087754708235,16.84236346012544
819.2037588232037,66.11534861835169,10.57467282218397,16.818964190291652
818.3428799107666,67.1940566201381,10.54890676592629,16.811963135070556
816.0,25.0,29.0,72.0
824.451127400533,62.519017892243255,11.166259716014565,16.500504513675764
822.4799332160791,64.53816879038038,10.807256272388145,17.729307301976718
821.628310599867,65.39108558272258,10.858331587235739,17.63147120280246
820.7686999903788,65.93672570530623,10.793999525178492,17.8968762162975
820.9157606099263,66.73285658300946,11.174265322836163,18.08318805394103
819.882786782191,66.73160098006372,11.33665319785905,17.13838000240159
805.0,33.0,35.0,68.0
816.274777206665,68.31769145070507,10.940244735538727,17.120263977490083
815.3207412497254,69.86978083440403,10.907486677656607,17.08510723511779
813.0050468072133,77.58725247981747,11.036354560698669,16.804740112578543
809.4598716145442,78.16737543036248,10.798445659222693,16.8918119816432
805.8289242203299,76.31894097157979,10.808250336752394,17.21048526495686
804.9252620933298,75.31337618246832,10.811158934390846,17.12849019025697
802.0,29.0,35.0,68.0
820.447731175746,65.80219136900195,10.266719475450031,16.925930195980186
824.7737631381868,63.76504495644587,10.654827738989411,17.055123909092224
826.5746607877811,63.34086287793711,10.640456450660622,17.04003378489594
825.7229268611537,60.17397496512298,10.606496835120197,17.014485026670144
824.8340870730999,63.397799348524345,10.64292380203949,16.875100400931714
825.3254369689399,60.4801503307389,10.588372339600141,16.95157584157652
803.0,32.0,32.0,69.0
820.9017413747167,61.85209790492004,10.097804809967101,17.0365486746076
822.4833115162685,61.53228196356492,10.511111705794974,16.82908772870666
821.630775161878,58.45614202940468,10.443886708378955,16.74201019323086
820.7692895210571,61.6894787913521,10.419079128575277,16.538968805718795
818.5820610446681,60.302048095996,10.424491846939873,16.675317007092133
815.1126731619722,56.59709079861256,10.394726444480739,16.682933985590545
789.0,32.0,35.0,67.0
799.1035590515935,65.54029116100855,10.818081569756032,16.695202842266553
795.7290698639647,72.78696620345349,10.586386816631489,16.10961202031389
792.3069140475052,73.10585958163637,10.419299668109261,16.42622611686147
788.8320943724681,69.30824079589256,10.38640280340644,16.62965790352645
787.9825976058762,64.27676657943732,10.341247166073572,16.500282242658727
787.1081214005484,67.3919868322675,10.39808887572849,16.53268259765248
785.0,28.0,30.0,69.0
792.9094167462944,62.1996432722527,10.40826602973948,16.821832402925693
789.4468740152598,69.3736480738857,10.36588084200605,16.166369130882373
786.0023635318656,75.77100139904655,10.34784893421886,16.75367706971997
782.5296928748138,76.33892513258192,10.37221830401836,16.407606709541156
779.0804576600962,76.78335443192418,10.36186872208043,16.02003158594397
780.8387429973457,78.37031079225352,10.313563862699993,15.582315021829487
769.0,29.0,33.0,65.0
787.697297576465,53.10509691545849,9.525416527480957,15.650239387341571
789.1402719199723,54.45043658376437,10.076920402580527,16.329738486354785
787.0286092586271,55.47382959416006,10.144881095659798,15.586576770052211
785.0043253270176,53.95894258086027,10.071396033926476,16.235454698734443
782.9087644327068,54.90031385156563,10.079537009726323,15.764008396413459
779.5687425409898,53.178631938482766,10.051959116099283,16.29336730484829
744.0,30.0,43.0,58.0
758.4854759335872,59.581526565734066,10.347425324156006,15.982290508065944
755.3334686485177,66.89005856014819,9.467274462327623,14.719038287310013
759.4682440863387,75.0501238536527,9.76879067336938,14.881680241032925
762.3800566187513,74.62585478693637,9.808950727929528,15.51346869900047
759.1453288167336,73.16914464381003,9.802525021458337,15.429753649108449
755.9421406084116,73.68642134400693,9.73700582694778,15.349038966667194
785.0,10.0,64.0,55.0
818.3942153466887,35.285861605245366,9.23910456251997,15.054413561625182
822.3173450906988,35.162602055889096,9.580620040444387,15.01366566197683
818.9236927755824,36.349020418820814,9.756905735863711,14.361524193028288
818.5792896251336,37.4217015822369,9.272586272067997,14.573250704255521
820.3678912854358,33.87183636941363,9.079381633461367,13.928147452650848
823.0760225387879,37.16081748842615,9.347631145391915,14.681471501371291
776.0,6.0,68.0,44.0
811.4559018157948,19.897692651601893,9.21994383429137,14.351000299241804
808.0670161983296,17.047071603051734,9.467715477903766,14.18417771411059
804.856715533459,17.155835490647448,9.516096733812901,14.890433768527657
801.544936163642,16.25936728583842,9.530596468102885,14.42627911989149
798.4698167389699,16.214052448885774,9.27132220009048,15.134584874263801
796.6345853781206,15.728352250075496,9.19401396328908,14.363801877747488
759.0,12.0,68.0,45.0
787.2825740115262,25.640570453513035,9.704421193776739,14.483565604639168
786.5878778606029,24.688687061690217,9.670637789469765,14.719089847490459
786.8455411910068,24.12733606651215,9.85108390750861,14.855856992091852
786.1259547060644,23.26727312677737,9.751833179665596,14.907002228195637
785.5879973157968,22.47959919017086,9.623942189013292,14.927242427165197
782.5011730006736,21.027510704825957,9.455305768624385,15.23396759055285
725.0,1.0,60.0,51.0
751.7504420772678,24.830172606354274,9.333051196367933,14.891751870179839
752.2161926367041,31.749304727738497,9.646234766638372,14.543659797843404
752.7365408661227,31.2470023728838,9.583669392967295,14.509561450401634
753.0526026103944,30.560116863657544,9.626731290476528,14.824993863305604
752.4971879171627,29.74547374569424,9.352758962954567,14.685457810190059
752.6968265014607,29.234693522932915,9.606934958084025,14.73037879696205
727.0,0.0,59.0,51.0
752.5554098341518,27.56995881125078,9.389577825717424,14.39272680480883
751.9226314708754,28.379915061728298,9.366728454143185,14.359008727499258
752.2181282977443,27.676118690619223,9.426067568587882,14.576222537511438
751.5984069191801,27.087313328303054,9.465252447043326,14.149513453198153
751.9159298572386,26.44916612412123,9.500080093355905,14.448783724659418
751.3393651647038,25.839077647100446,9.38783441338137,14.143898753351579
719.0,1.0,50.0,55.0
741.753982391002,20.185369940382696,8.79850204009108,14.228453252295498
738.7072430625935,14.665986821126381,8.940381462531604,14.974419032117122
738.0548723302381,14.17866290468574,8.88912054008324,14.382282058342977
737.4736575634122,13.605618626358648,8.844586794358406,14.057153145248023
737.9720343635843,13.157450234655691,8.768277549175082,14.202392759147163
736.2343129136152,12.165551536331858,8.638455943224699,14.251063309324312
719.0,0.0,52.0,49.0
744.6004638823903,23.33179185910906,8.932470518337254,14.076377248213944
743.0004914816104,22.2518854274551,8.843161565675928,14.235017163162972
742.2434111383664,22.077804022762336,8.951553724175028,13.644193798884586
740.6331789461113,21.065420479685727,8.834332883050138,13.832916438334735
739.8987779336396,20.661087483999296,8.935921882499315,13.51176665012673
739.307895342228,20.351219945168566,8.827213523687988,12.844549822560708
718.0,-1.0,61.0,39.0
742.6646412704049,18.050873095311545,9.086146545175325,13.351448363640543
740.915050315025,17.992763001116003,8.944242184149857,14.43669973916289
740.3699682107242,17.514182657893937,8.754647835907008,13.823706324017607
739.9082401645203,16.862651801621432,8.632968579806061,13.715549025539715
740.2263489689248,16.606016343845795,8.816011099477464,13.610735140695791
739.700892098502,15.902925899653392,8.739855123573534,13.537617408829947
727.0,-2.0,69.0,36.0
759.2155315763098,9.522370851697598,8.857783837100442,13.400231327340048
758.5301898627039,8.736589290853766,8.761960180178335,13.426136591202562
756.7715083514342,7.771107140796891,8.84741665516026,13.43744486741056
760.565849771652,4.242909034344521,8.805604260845598,13.844329170883018
760.8739625085091,2.3291431892516794,8.96561419871864,13.448787714570363
760.3055508988109,1.6134124794497033,8.997030864774388,13.449761720567665
736.0,-2.0,67.0,37.0
763.7526492441466,5.868698189206055,8.875511659341669,13.586080395078994
761.1218257372914,4.6631251372263804,8.658487187076048,13.732260222598313
760.5659265717413,5.48030251723823,8.577416005299483,13.843550948641838
761.089720404588,3.469136424878913,8.551601108989871,13.765588778235463
760.5241206484284,3.0142007339670087,8.724291462565361,13.606014928141658
760.0730993108307,3.860564149758204,8.45768076176023,13.754175916892343
743.0,-6.0,64.0,35.0
774.4177177193295,11.90213262211549,8.626993893663325,13.665459595408214
773.8366847985506,11.099257590667774,8.579974606926044,13.771835877850398
777.4934317671327,11.387898442626238,8.818602463891011,13.800535718638315
781.2127100911566,9.891689151970848,8.967136435185125,14.005391918339345
782.9421476765629,17.040146530226977,8.606976530003067,13.235800653094469
783.425631048398,18.101985941781003,8.497365639427926,13.423829019714212
738.0,-2.0,63.0,30.0
768.5783106295368,8.200851988760801,8.35549046033691,13.680290538719833
772.1569834909976,10.25753519112231,8.573618417302896,13.449781434954014
775.7754469362017,8.753233534771809,8.795364806870339,13.7342299227982
779.6662261402688,12.517971080125891,8.632155018867365,13.366487583589455
780.1490400191846,11.790310852541893,8.597685745482977,13.701105616438838
779.5706025673629,7.448948877528437,8.388748002567468,13.738558176553397
733.0,-4.0,63.0,25.0
758.7643297040413,-1.7875771162926632,8.752831078308418,12.825945977907454
756.233566772817,-2.7250562655854083,8.142081969479591,12.71817474195882
754.4787846041975,-1.7903700892438792,8.517251655173936,12.470300544462184
754.0357088648601,-1.060981274997296,8.29305804771775,12.708374286987045
753.5168102599998,-1.472128360249087,8.188364525967131,12.356036113541776
752.9636549064184,-1.897405621842367,8.231838327806827,12.33271865598978
740.0,-3.0,61.0,25.0
771.593245954464,7.800690493652638,8.483156353078812,12.808084373904066
775.2947178172351,6.4190473682072975,8.063102747946232,12.982049011754885
774.6377487229922,5.926264968010287,8.363926881730322,12.691288123846249
774.122129519706,5.29556200608954,8.502109053975346,12.781739591393979
773.6577467835946,4.6675524121534515,8.525209723256012,12.82777698377869
774.3120925042418,4.224722669648552,8.049604245809974,12.84904246123102
740.0,-1.0,50.0,22.0
764.1817368863543,6.025654468431053,8.238154756466997,12.906402102327693
764.6684627916925,5.622928377510391,8.09881681430295,12.789915518807078
764.1501560758697,4.998130888789633,8.023680887930823,12.662855118426961
764.5498331483573,4.520942091308031,8.104550416101574,12.772953696195595
764.0388854382721,3.915630870496438,7.959264185546658,12.7415589392594
763.4691713614073,4.787336038190004,8.083981226018636,12.668142570633806
743.0,-3.0,43.0,15.0
762.8532605010191,1.7189124333520147,8.007559324976,12.518030549251586
763.3309829105953,1.220365378170209,7.908097684064046,12.469292889185551
762.769654652345,0.5126820228433644,7.962937723202458,12.448535836750526
762.28190200179,-0.24178396595008955,7.888482411958307,12.568203388452735
762.7056839147649,-0.6938876670944643,7.9549853413250275,12.612757587997084
762.198881920308,-1.3141497502475508,7.9300255987756145,12.656387367198086
746.0,-3.0,36.0,17.0
760.7827761764551,1.0763749888270802,8.009291489029579,12.357101645172044
761.2985981572383,0.6822086946879189,7.953319855903601,12.353622862660302
761.842408050897,0.2357350599807475,7.705330116195228,12.396015755568756
761.27922388176,-0.4650733739130559,7.7385995102534935,12.409473936369798
760.7556401423117,0.4566152487472144,7.65171582819039,12.280317391439278
760.1442424856509,-0.2646948139800145,7.965681780926843,12.271539927485051
753.0,-3.0,26.0,21.0
767.8129799139624,0.6823786645259133,7.86905441761337,13.09799514131852
768.2438124605458,3.890653828905565,7.977398660385461,12.307291308144988
767.7098054421866,3.330713311581741,8.19994641711196,12.27069742032115
768.3431683534335,4.2488670023966,7.8040346843475845,12.495450414022926
767.7396253430413,3.5486849727703635,8.084568011311148,12.456379788990528
767.2367779786748,2.8943483891214417,8.241095450394369,12.377367431463597
758.0,-6.0,24.0,23.0
768.6310781542129,1.6250227627217662,7.954682458721436,12.523132649836281
768.0808307772973,0.8482221296302459,8.170618402278365,12.534929693838839
767.6083096406096,0.07128101510955531,8.234804874302881,12.605184575278326
767.1284079359576,-0.6832065972660217,8.339126340050257,12.682653038174092
767.7720438371441,-1.2159783099850348,7.870879476475011,12.879962293579753
767.1308159025581,-1.9585679519074581,8.15880570994841,12.85924322648322
763.0,-10.0,22.0,22.0
769.1505054240961,-5.195397879716484,8.113340303524296,13.138193523102938
768.6361783781231,-4.353553565725939,8.05145033621693,13.029524820661461
768.2268694940898,-4.850467291029456,7.901130421267908,12.808359267362185
768.5158507951319,-4.915849350858361,8.149758061867601,12.82273503911419
768.0385222318567,-5.1982000830417885,8.01189446573187,12.741487019122156
767.6053186484996,-5.56112320753509,7.888039762490962,12.859626350513167
768.0,-1.0,30.0,16.0
782.7378172572356,0.7251867713586204,7.876254724006799,13.048359221615806
782.2803970690424,0.17929990814044539,7.81786691560194,12.97820969893536
782.7633034935366,1.2309494839670094,7.824863383524189,13.027370681034636
782.2684023144408,0.661212121438925,7.795559409570956,12.849985437223491
781.7672672667306,0.37627954128757324,7.806406755998296,12.427185324883714
782.1867153063342,0.25134612479128293,7.84177059888566,12.286649492323107
790.0,0.0,29.0,28.0
799.8463483655894,14.822596494945664,7.912184123612747,12.493602741978755
799.3277299870882,15.763453136652512,7.90889040440527,12.448956824040032
798.8125331139379,15.12592487535483,7.901845571952094,12.471402510424145
798.2965300290923,14.514532996012791,7.899804805865983,12.447816263285445
797.7851614223546,13.914561828674357,7.89135800725262,12.423389899610124
798.2617761899274,15.039199094294908,7.867301864889328,12.432186735683167
798.0,-2.0,30.0,28.0
812.0040367045898,8.035138024488486,7.899830104210309,12.591208236283318
811.4895453280596,7.490197666945462,7.906195811503835,12.583934074873184
810.9677047523337,6.9460431617553215,7.941632856215392,12.597411568282487
810.4594818141572,6.398882205934054,7.951913653531847,12.635092720653564
810.9482013815675,7.467428402915857,7.872998680869614,12.492645025472882
810.4046842464633,6.739724150405589,7.898356896961104,12.558178746285922
795.0,-3.0,29.0,27.0
808.4584243703292,6.486917711234823,7.923780385779423,12.548989151296169
807.940072314392,7.358729554855451,7.906395662093814,12.408993307396248
807.418350221245,6.670105817277644,7.917184011637346,12.508883838186854
806.9056355312016,7.513534629611161,7.889006133271778,12.403288846604315
806.3823181339412,6.847488734804656,7.886834194596304,12.486943393200807
803.9319729667357,12.037739955047646,7.774278371882019,12.440472103636663
792.0,-1.0,30.0,25.0
804.0861751184897,8.107603154534907,7.901417904109053,12.349588504817348
803.5773415056693,7.582007443724322,7.903809889635454,12.337768516148568
801.1374970613825,8.023262996465778,7.808538938052493,12.360227484721797
801.5832052893668,9.113919751939118,7.87331005706028,12.332381604001064
801.0681398379184,8.491929119661439,7.9025525879914085,12.435285381529798
800.5718180151187,9.334708549388393,7.88611902341745,12.331466965351025
783.0,-1.0,27.0,27.0
793.2185427909983,12.741625212692032,7.840374586876578,12.417376875819158
793.6967217574942,9.219883755643453,7.83444180603658,12.411110479491787
797.1101700636902,9.431368374241845,7.802579506893949,12.378940105581592
796.5942559420164,7.29517381322408,7.811063618566436,12.37355825728446
794.1303926931016,7.7746522865673615,7.783165828740266,12.37169951936544
794.6118306473303,13.602943836210995,7.748702762170751,12.168152219375484
784.0,-3.0,27.0,25.0
795.7842714985482,5.460595113292802,7.812835736431111,12.433019125733482
796.2602384462804,6.606782472820562,7.779545275841883,12.210825450123643
795.7433925931012,5.895097018351375,7.814382876076138,12.27405029515596
795.2528417142358,5.228461414515641,7.78678197211309,12.283427521947575
794.7464593683216,4.612547272273764,7.808570399437372,12.336954264060155
794.2469439744737,4.0536767112704695,7.827075647557535,12.356170962106411
780.0,-2.0,26.0,24.0
790.4930292098958,8.617036898864306,7.759647413220932,12.36541428156756
790.9775870053563,9.780547266582165,7.720507903389716,12.282941338484587
791.4714280728153,9.38001144112992,7.6151320418671276,12.291959582226323
788.9683290335511,6.78784113947264,7.739222850627812,12.300089104240499
789.4435683647043,7.933764859940467,7.722683478214094,12.258966603986153
787.0092635165424,8.447733017007925,7.704120963647711,12.04867377388715
775.0,-3.0,26.0,22.0
787.8857463267226,0.11958654643577127,7.70389184031842,12.265388594910085
787.3954010030593,-0.5844949334656704,7.697688228647735,12.36972265754837
786.9074527060653,-0.9041391367055809,7.694017888297253,11.987773741469478
787.3750583296935,-0.17036583125513438,7.694968363309044,12.51723708996102
786.8683494030588,-0.6639229486402249,7.716006326800084,12.233586577160594
789.2976195029665,-0.23752467910058073,7.663489318884103,11.823579345219269
771.0,0.0,28.0,19.0
781.7189027985853,6.234945432306414,7.647111663781288,11.935576352518257
781.2306116307537,5.499772056176064,7.6244076559783025,12.417551203161516
779.7520354664806,4.790660317483917,7.669448853054178,12.408380563333738
780.2298379184549,6.041438913401834,7.665548939348696,11.795235864442475
777.8435541546206,4.853895865418632,7.631960221360146,11.802619679548972
776.4016620833642,3.857847389188743,7.626747249851633,12.266932843675255
769.0,-2.0,28.0,16.0
784.6514290645133,0.3916359911381022,7.62211055242858,12.61774214262296
786.0728932024381,0.1122775801317033,7.651540171191527,12.634608396906174
785.571563342104,-0.6026033944131086,7.672396186629044,12.677904238058659
786.0362055437984,-0.6331159171549716,7.661886547411314,12.22401846464387
785.5341700204959,-0.9104192851513488,7.665171662096782,12.009016683973291
785.0443235693386,-0.3876097637469105,7.66160417773267,12.340909301588745
768.0,0.0,25.0,13.0
781.1101529391607,1.3069001201233257,7.744179453984771,12.279713068045242
783.5535037166223,1.36053955430582,7.663398032188297,12.055313682252478
784.0515850555138,0.9112898833283856,7.563775730902307,11.90991183429156
783.5581361298476,0.5448910874122248,7.529010446071084,11.614035834343643
783.072879249853,0.47678055688513865,7.513756167485553,11.292484346473332
780.7047326419578,0.2943616385626626,7.514847622427851,12.116582878028296
766.0,-1.0,25.0,12.0
778.9186525454916,0.26474789192501724,7.545398256179396,12.005426352992034
778.4313610382303,-0.3448376319642037,7.572608526147633,12.021183331993917
777.9515127741209,-0.6182069896927196,7.594767840452164,11.826108447666178
777.4843323429923,0.05966170977204399,7.592323961004126,11.893374455959588
778.9414425954561,-0.05372596188041667,7.510430520727368,11.689968007495995
778.4820814042143,-0.5672277314581642,7.483879949730408,11.591727661387214
764.0,-1.0,24.0,12.0
771.9373799564887,-0.8273328436014074,7.469778062855312,12.009542430127551
775.212133840336,0.7861378988419574,7.4886742389710435,11.887947515949229
774.7371558274244,0.0010122315427523176,7.48521307055762,11.847991362548278
775.2025410902263,-0.29793727957959426,7.490499027451733,11.60480516182845
772.8699817674328,-1.0493649328531802,7.491457349772304,11.60550868575617
773.3589298770346,-0.15708276756400252,7.458423852849364,11.679439133225635
761.0,0.0,25.0,10.0
773.2219451893122,0.8544131407440005,7.480754268151941,10.949463626055135
772.8045471073419,0.40284238166361774,7.404702905634622,10.949185607719055
774.2171028069142,0.6122253136332994,7.351115630840468,10.80851634099633
775.620531625307,0.7390056425581051,7.295221347907955,10.70774289918917
778.8317025134994,1.1935643376669844,7.223312700986526,10.658419832524395
782.0292821133904,1.2924533681205945,7.15569758040408,10.778078458597346
771.0,0.0,25.0,13.0
785.5177104613354,1.692246268754701,7.09450943717934,11.709986487883732
788.6487305880662,1.6932338863005612,7.15158950888906,11.644908929215987
791.8111472031927,1.5576769341409502,7.194239419213204,11.810962164089997
791.3747992911844,0.43035453476542784,7.209377022906665,10.659956917415913
794.5785887781374,0.9813366710775142,7.197671249444511,10.456909228145879
797.7758178735687,0.050822578938493734,7.105598842221411,10.377439515760479
774.0,0.0,22.0,16.0
786.5699916868535,3.4160033794559688,7.147553953916031,11.458207324717238
784.4400445218321,0.8788186266333256,7.005304993597292,11.409190255449223
787.5581757926557,1.2357458765751819,7.007392817058417,11.357309301785362
790.6653348672323,1.341309094197479,7.04746205000356,11.520734171657148
793.8000972831386,1.3889732139365947,7.0656333794782995,11.371507312782448
796.949537128797,1.3598337761094506,7.049254904404734,11.325306353079604
769.0,-1.0,23.0,10.0
776.7609043516984,-1.0811051820195416,7.053696118380117,10.784852032977255
778.0774732362213,0.24200832643377979,7.125516177268651,10.685091055590698
778.5301492989804,-0.04684866533705545,7.101210629394814,10.654907429406746
778.2311482793581,-0.3391273303538185,6.953248036273408,10.529954756364802
778.5969838461172,-0.4517554160117072,7.0883391581789965,10.509928769281856
778.9877801238594,-0.6279620386568183,7.141599628728272,10.577469226033003
774.0,0.0,23.0,10.0
781.4639517798068,-0.8973333341700425,7.141801205967795,11.230370989899086
779.2330416914515,-0.3887517740813138,7.1580029128028855,11.059928087622303
777.0819935490185,0.14994851475177917,7.118771565485531,10.826999507273063
777.4811161491016,0.21257949572309798,7.184538456583596,10.582490986714877
777.0372066870841,-0.040449848466380445,7.206947183696457,10.582773513659353
776.667237156711,-0.20662820319601138,7.165854136017515,10.518366261729046
775.0,-2.0,22.0,10.0
786.8446713140431,-1.0724824768995518,7.2373523577782635,10.571738881113276
787.3880361517354,-1.2720098021992214,7.13461511901437,10.393153682167494
787.0385868534705,-1.7584110922917784,7.07236124973349,10.44530612451852
786.6526544292294,-2.2000276709608126,7.0655126151078775,10.53724585009497
787.1804424072415,-0.9983324392326764,6.919276916533136,10.285026465748189
786.7753942359367,-1.443554940715046,6.936267199513736,10.246387980092177
773.0,-1.0,21.0,10.0
784.019680206351,-0.5569122841803775,6.856159966239375,10.558706979318746
785.3547823085917,-0.4826595547946191,6.816471940400788,10.337054884123472
784.9747329818565,-0.9133324701075693,6.87905863771266,10.3369077609978
783.813325781219,-1.4495922163148407,6.765620790884327,10.386769158101945
783.436389759187,-0.7779258773303432,6.825290054335937,10.378990710295557
783.100454614933,-1.1545013128245714,6.8201741528786215,10.368773967015787
771.0,-1.0,21.0,10.0
780.9947151541196,-1.0010776758779159,6.8320994702273765,10.400127762117538
781.5145672137324,-1.0730412257489164,6.775712779663877,10.362504377180706
782.0217777240405,-1.1096940200826069,6.707410998875275,10.30589655367422
780.8362881883784,-1.545572823455167,6.706821926397993,10.309272219468099
780.4892231676326,-0.8287078973614754,6.699474624138475,10.39860859945604
780.1294699303846,-1.1460469442064074,6.728611875486081,10.352556002954419
767.0,-1.0,22.0,10.0
774.584017359462,-1.7664875657425512,6.8108641680605615,10.676721166949136
772.4239661340985,-1.350605208688627,6.886299616041242,10.742977640685046
770.3586730568309,-0.8662003215361738,6.823459343064769,10.598386339956566
769.954800841821,-0.9056931730185056,6.828247176087757,10.266592580615388
768.7261087179063,-0.44551652469596625,6.8339089803376964,10.504672702148964
769.1715619703378,-0.5093124223715506,6.849984423892579,10.398919218473328
765.0,-1.0,22.0,10.0
772.5018337789646,-1.5781038689423807,6.836100466854646,10.78775236325264
770.3082611621846,-1.1918550838562059,6.931560203422464,10.785938798712122
768.1768504079964,-0.8611671389278115,6.913612156161207,10.758922970937753
767.7678992031188,-0.8930652346377599,6.901886842260865,10.383685813080973
767.3801958159784,-1.0351810185822004,6.8814206335504196,10.312934703010885
766.1241427896184,-0.5026083282673,6.9179680343972905,10.487295591182182
764.0,-1.0,21.0,10.0
774.9552667693067,-0.6725366091240623,6.782779721300585,10.544647726463342
775.4499314879971,-0.8843699947538894,6.73204992027479,10.528039388410482
773.3884748542704,-1.6415210077007387,6.747131895998223,10.588778574280575
773.8680629060426,-0.6687187674878317,6.729013620227306,10.52486439797778
773.4902997784382,-1.100637322598355,6.7583657535537895,10.560621206950838
773.1300296682487,-1.3433436891243105,6.7438759195121065,10.489435156597557
761.0,-1.0,21.0,10.0
767.5909757884426,-1.4437582658205628,6.83738168877926,10.807992343359505
765.4391879691349,-1.0638661935910498,6.889467430222908,10.792119775141668
763.3056830195023,-0.5940570669915575,6.912742653689634,10.585074908332324
762.9013170207581,-0.7147489711509252,6.953628037913063,10.416998145682498
761.7390987905376,-0.05102795957161543,6.8157021067092955,10.360164816302351
762.1581024067041,-0.3279204625407761,6.877439101340542,10.530032307807778
758.0,0.0,21.0,10.0
765.1299539098087,-0.5661364817219834,6.877112374408739,10.87491485282952
762.9849655122663,-0.23311172351632337,6.898338571678437,10.936682903845837
760.8544947392002,0.2775918526025247,6.926992656047901,10.71196915724544
761.3248371339123,0.1698262785444271,6.910851818160268,10.652033756278607
759.9837160261923,0.6735047230313427,7.012098447380936,10.735828210820316
759.6075076447754,0.5714061212213934,6.979911621911356,10.354491150316159
757.0,0.0,21.0,10.0
763.8833509140112,-0.8198398688459321,6.883750175369869,10.950589685274778
761.7074924978142,-0.4738337010668783,6.961049310229669,11.041916160699074
759.5441395526033,0.02372945583792241,6.984658272632146,10.85497532681644
