674.0,656.0,15.0,9.0
672.5975677892566,652.4253668859601,14.059510538354516,9.48257865384221
666.9580927415407,656.4150006441699,14.83905777471091,9.198571514140554
661.5983254040193,653.5858575799323,15.074688193542784,9.005086198063168
660.242524748174,653.2802239893329,14.913997807657097,8.939275840437631
662.5567331992452,653.301245143434,14.901228366958094,8.891793803744577
657.0646659165383,654.8660602269347,14.92591363882866,9.021551687180931
685.0,641.0,14.0,11.0
692.2195914707611,643.309670715172,14.880448977511378,8.964061946537754
698.2562971052282,641.3965112824967,14.899527340135023,8.942043576746073
704.3363191245686,639.482333111143,14.844694225775015,8.866592321455869
710.7035219010513,637.5588697015937,14.321546385363035,8.704470541050341
717.2457337455219,641.2050919615608,13.672100628126032,8.732395130583313
722.6928594485979,645.9058297977653,14.584486685718844,8.794980300843122
674.0,648.0,13.0,10.0
675.1396700183792,648.3736041893586,14.492583668917291,8.67273369908628
679.1908328575469,652.8739627497511,14.55365993007672,8.768738817568533
681.3919377439344,655.0792743639682,14.609097079673688,8.76143452408678
683.680957513674,657.2848028803404,14.56261409124727,8.75617371803014
685.9739925410356,661.6779129602461,14.519990249789089,8.753008331432738
680.8184189866274,665.4425333132357,14.742755708946106,8.732521309911817
671.0,640.0,13.0,11.0
674.3081540488972,646.4740261307527,14.219941646990037,8.758599661725384
676.3745134798396,650.865646759702,14.904550372811627,8.72671937684936
678.8036713483119,649.7770651451883,14.58050473222977,8.757970274803483
675.6535053657058,652.6125288997301,14.367861957955938,8.75184928595354
674.2411777170788,656.6960289381786,14.440015219992915,8.733813857391397
680.1252663958746,659.2139970344813,14.435080396265107,8.721746164260708
666.0,641.0,14.0,12.0
673.6228786451061,645.5905114293957,14.460869171075046,8.71572119048733
679.5192767904239,650.2809331189485,14.440245488819755,8.706821907800077
679.9613707899114,654.4985527329719,14.442450785741698,8.703370048453394
678.5866199984531,652.0378119608408,14.455367079241455,8.680927036234948
684.5052186964801,650.1880789268191,14.387152124663999,8.690430276589609
688.6563159619664,651.4528877534669,14.2530974620513,8.676985254082638
678.0,645.0,10.0,10.0
678.2602665066468,651.7363197547229,13.883468458836887,8.31795265080882
672.9581366499323,654.4295662673401,14.061340382049252,8.409917648620421
673.1028024418639,656.64676352891,14.955179672256804,8.06489182588939
674.1777182334499,654.8689874420575,13.731539516112548,9.161831497252251
674.5125579603662,653.1066721535226,14.297738649514486,8.056317676879189
672.1009725705758,653.7431967307043,13.08138022386629,8.182105212092097
676.0,635.0,10.0,13.0
674.1870570750023,637.8498443289308,13.816131916540144,8.55258757483034
674.5374463432287,636.6994827191322,14.197886577844884,8.434896085636183
671.4318892678516,636.2681056236092,14.213194488596855,8.451836669364184
670.3124729396266,634.0179036626326,13.68290943682905,8.231479615497278
665.8504553739401,634.3585113152276,13.131603181042465,8.494416191082337
669.6919678183576,638.7920716485905,13.37567033001028,8.410726982870528
672.0,636.0,10.0,10.0
668.8861817232865,637.4652769821903,13.765406672384643,8.220987614517298
664.1480501144512,634.8099754768385,13.743143806110766,8.2786609819143
668.0399193867463,639.1420308988947,13.753979714882348,8.280372959834494
671.9833162843647,639.3324281841319,13.660526558203628,8.274982858790054
677.5429756379311,640.728783110501,13.864437809051424,8.239853089123699
679.8198524041744,638.7129770973297,13.657102365687365,8.235256769445755
677.0,632.0,12.0,10.0
673.5363356660507,632.3818885926751,13.651637069801609,8.224009661670607
679.1233666974288,630.6536131201626,13.680859954957441,8.228493185491288
676.1545840158107,628.196202213274,13.651060987119422,8.226870245319674
680.0321982154215,632.5168313690565,13.650035485499075,8.219354937545177
680.4758240461676,632.4214092936028,13.653568033761985,8.210236415129657
675.7917776375007,629.8115063805502,13.640474173439543,8.231854038334177
672.0,630.0,14.0,10.0
678.2249809870566,631.1311521319797,13.641221912052174,8.219460786460104
676.9628269575211,632.9408137098495,13.63388128648694,8.208629692122713
672.2886595277373,630.3491763389613,13.61883656721966,8.204564219637632
671.035288617788,628.0474215956153,13.599382471584022,8.205117606255499
666.3636116300403,630.5861880801599,13.589105890764472,8.195723752824279
661.6841647965831,627.9945577608087,13.59840743570794,8.200351004839604
679.0,618.0,14.0,12.0
687.2033387623563,621.1130294906674,13.589489494709937,8.186280914191116
692.7678281353352,619.4059271022486,13.580667526520756,8.182230584334775
698.3225442142949,623.838241986433,13.58939551794731,8.17946549540693
697.0720795131534,621.5498226860138,13.578510007688578,8.177126189042156
692.4141127441845,618.973705832587,13.570182647557544,8.169104198833224
687.7599029104059,616.39595297794,13.563563404626393,8.167765159095097
674.0,620.0,17.0,12.0
675.8926027810678,620.960548628703,13.557009853402064,8.166708099155812
681.4479487814049,619.2610798252904,13.545128616077022,8.163232873124798
685.302195687151,623.5374530849679,13.525428129316424,8.157026876930786
682.3487707751826,621.1156722024406,13.529493125133058,8.136886961415257
677.6970345881232,618.5461990043915,13.535550594210235,8.118447569578507
673.053295517183,615.9660079541527,13.535057178536704,8.126003179363124
695.0,636.0,11.0,15.0
701.0557463844991,639.3383401465079,13.349421010821061,7.8931416256112925
704.6889704129558,638.4234238226882,13.621460063962786,8.079987061168595
703.6042811890982,641.3037123938169,13.45680660867572,7.864066110646149
709.4298849869747,639.5724256856513,12.871819022315094,8.003860799838549
715.2598660371686,641.7542961775816,12.641938683394983,8.28653337168862
710.3008584122728,645.4222367320467,13.165561358517039,7.972209790178681
707.0,625.0,15.0,12.0
709.7799806909645,626.7212269865042,13.824046488286967,7.626406057195254
705.9684179155781,623.845073952567,12.646191143463057,7.952819820837249
703.7055311342153,627.5610997394004,11.689386258111654,7.970900280806745
704.3070158997571,629.7167868305405,11.58212473200365,7.537393804498151
700.0468526772861,627.1458279599404,12.382528639400903,7.8864648519930824
695.778992237887,624.8942642101747,12.836572492711639,7.644868034398314
702.0,624.0,15.0,12.0
702.5759676251391,625.7041233547781,14.575121229563592,7.6356330155713295
702.8829119944421,623.5483824236469,14.649698069206352,7.878520816931655
703.2055694663695,623.4919028492039,14.768347602725498,7.854101072122489
703.3835292847425,623.2930802258608,15.089725845706198,8.070193847552673
703.637524403166,622.1092781004478,15.201860343193403,8.183950683623038
704.1488412033686,625.0174022373253,15.118033601614115,8.360942508663356
699.0,620.0,16.0,13.0
696.8953013334302,627.4601910903386,13.79440933883052,8.386290901165466
696.2591314657834,627.2186960363978,12.669071229362544,8.353263821915448
696.7193339040282,629.2160295030313,12.652044876036825,8.290859019381514
697.2528909320135,633.257379380656,12.646794499728003,8.196619027306042
697.7833494934985,636.266823530362,12.666580020636502,8.090491218795364
698.3907200963395,638.2068708259974,12.446208567536814,8.052246333681637
699.0,616.0,17.0,13.0
697.9833445826531,623.2978909692065,12.972529690188821,7.980911158351432
697.0751269651166,623.1137368253276,12.642778140682367,7.9082103318691
697.6456061943735,623.0574039504075,12.574935689922768,7.8732056601161275
698.2521001914663,623.9754353366818,12.526883858004567,7.846931854570471
698.7403281475963,623.932252490478,12.59798874190949,7.7952242065071005
699.3240056420318,624.8408664392957,12.484828940770058,7.773397047994422
700.0,615.0,18.0,14.0
700.4213507000077,623.220129232305,12.067644472413122,7.718157939108664
700.9717737495314,625.1062339744086,11.973386991214738,7.664172399902554
701.4896498387101,625.0924855688704,11.955195977535595,7.5889571612714235
702.0560820700252,625.0642334203744,11.886579424118963,7.541499047947127
702.5886088228457,625.048201371599,11.852951713701827,7.479754464269831
703.2745431546346,625.9563707488405,11.675420763453985,7.435078634160163
700.0,605.0,18.0,15.0
701.7147476871073,612.9312277339372,11.19873450472096,7.389434871868161
702.4028892103761,615.6711127498999,11.104585089034344,7.311562947367634
702.8503264551011,615.6886917441582,11.226798300880318,7.216062370283112
703.5320267687391,615.6920666172246,11.040198469195275,7.15424998564356
704.3302428326408,617.4668566643404,10.805018142966787,7.106089050605874
704.8256211390187,618.3703908447002,10.925732924827116,7.016875913911008
696.0,606.0,18.0,15.0
698.9256915486137,609.9496313716068,11.358453244431644,6.957775561291328
698.9679016115608,609.9457713137385,11.930059962525775,6.95368265105958
698.5867132687088,608.0397507064338,11.229474952307783,6.985542626026927
698.6228728825728,608.0500577287573,11.857857973060163,6.94842587576602
698.8817939465289,608.906628981336,11.955743933286726,6.961862213501831
698.4935006983249,607.0135813050118,11.26407978854877,6.9697259110295136
692.0,602.0,18.0,16.0
696.1462548217343,608.9922651652139,12.155818186985698,6.963942170566838
696.7091511833348,610.7059575303113,11.950265700344062,6.996077846903404
695.7463192351496,608.7436251869292,12.27193813487304,7.067947344919617
696.2863491213186,610.4770728811843,12.341662799121082,7.07116724905643
696.7999859596808,610.4301201473424,11.97830870761777,7.115675091054868
695.6958511552565,608.466998312688,12.491555670088815,7.144728798810888
675.0,593.0,17.0,14.0
676.4739729988844,596.3091909921648,11.80534859606928,7.334187895973628
676.4189375943661,597.2070463658848,12.427875455627941,7.314436780375672
676.5694734479007,598.0815332094301,12.59428302040169,7.384873157715219
676.0636034456984,599.680080742126,11.81693252470427,7.420721244497258
676.4674452180997,600.5657350012023,11.995092741828216,7.425293510072038
676.5837326235695,601.4657982560311,12.44949630049166,7.459395615715039
663.0,588.0,15.0,16.0
663.3114991574057,592.0877315721729,13.08606430806958,7.3247625846794335
663.1252478509718,591.8892957973565,13.958619783976474,7.536864114588525
663.2715297650557,592.7261295821513,13.972016992814133,7.62111806723442
663.3470640157511,593.6904026339314,14.01313293134126,7.601419715581642
663.3680367691159,594.6147039036837,14.126742600806892,7.680700710100609
663.3244779961929,596.2969936116302,14.530697930956649,7.981885709531753
662.0,591.0,14.0,14.0
662.309315757424,593.6320950891443,13.971648805678342,8.496336734237275
662.2154942159127,594.4355511371837,14.099680001289698,8.67574682615168
662.1323119909682,595.2637304651025,14.233725964810105,8.799107559320873
662.0589008395937,596.1279611787759,14.387864012728528,8.920296407883143
662.0608384962436,596.9642684886069,14.442746790682577,9.032015416930449
662.0149762587441,597.7991875088214,14.568973997583612,9.166751693707852
663.0,597.0,14.0,14.0
662.8340848378648,599.541198678718,14.585022525591285,9.248894311944014
662.8787671224472,600.4113240489455,14.518407595812278,9.315697071619297
662.9320697275045,601.2293868675715,14.585996014689727,9.392484475597485
663.005968769877,602.0476601045762,14.677145844906477,9.47866426551127
663.0355382949565,602.8793184425704,14.763165166856197,9.527435796170494
663.0515993763547,603.7315703939653,14.772783681713918,9.574969720617332
664.0,604.0,14.0,13.0
663.6573617761351,606.7044490598487,14.71363893202988,9.539509154675443
663.6908344609501,607.6902434324243,14.696997875385932,9.573824854110399
663.7417200293062,608.6733691677217,14.7217094250027,9.610888361002935
663.7747555850838,609.575947889236,14.798210144158702,9.711427370029924
663.8591837567081,610.594928184081,14.798355061131474,9.666206271006104
663.929952440621,611.5428469742183,14.860395294506361,9.645388805685798
663.0,611.0,14.0,13.0
662.4756615720039,612.8358982055554,14.983691305209504,9.485304250686795
662.4483859368559,613.7751366852472,15.23315570227328,9.533687597201151
662.6051684292006,614.6186056806548,15.082358592771925,9.624510643232611
662.6078789862147,614.7125138153133,14.921715286741119,9.395142496550193
662.6556964026568,615.5147292315404,15.20970596254324,9.58552396371374
662.6974246649751,615.4402312081786,15.04562619704609,9.503322441897808
663.0,613.0,13.0,13.0
662.3358244978499,614.7443580557715,14.980136088257723,9.876325120424667
662.2730765196621,614.8881035830163,14.93901827782031,9.539180374085618
662.290428516132,615.452908275776,15.045965818526724,9.99048119993813
662.2903983030761,615.3574770564718,15.008380829068187,9.840892403063435
662.2571414381159,615.464568361011,14.968293448055192,9.550755188080416
662.349477569988,616.0316932267156,15.011641908435422,10.111259600230937
664.0,615.0,13.0,12.0
663.3602945551584,616.5123398001415,14.578722580495196,10.040958655256418
663.3081205500096,616.5808420103185,14.723940301749963,9.74753930944189
663.3442729262289,616.7285338580982,14.691734126202732,9.504158303731288
663.5245660097955,617.3460991583706,14.5810778688749,9.929524678257167
663.4964309460416,617.4061537609177,14.66611086833825,9.678096318290045
663.4630642456841,617.5844187974205,14.67427813991776,9.396394640352923
650.0,604.0,15.0,12.0
650.5417621716081,605.0716359089934,14.935801706904385,9.39712246715203
648.9087788751694,604.9912279963883,15.625296688265962,9.038690254792527
649.5303643733014,605.7675975825405,15.41341556140128,9.356970216657373
650.0467024603913,605.7529543444521,15.153617619039323,9.15391583877988
650.412700801731,606.5210895636872,14.996291767874482,9.44377470431823
650.6941279392034,606.4542263483775,14.825843935716534,9.268628766177812
640.0,597.0,16.0,13.0
640.3390953873816,600.5116494611514,15.54040833608201,9.195815241690298
640.3093219965399,600.3309663161549,15.789748232523152,9.40390580774283
640.6671872995439,601.3399834274928,15.57210960617499,9.27747390572938
640.6071440692976,601.1385638309846,15.799394235751606,9.449169788129893
640.8945640638478,602.1703305669621,15.721631928000761,9.237692722697375
640.8199221522182,601.9162306811605,15.877178429035439,9.420824703635503
646.0,582.0,13.0,12.0
645.4853199149634,583.2129596465483,14.95142161624642,9.539936454880262
645.6232442945119,583.9102893475201,14.779610567198574,9.866244952311831
645.543364932273,583.9790806688923,15.076688186777233,9.583102541179187
645.7251985052246,584.6894971213228,14.678766309365528,9.745837000191045
645.5776488437468,584.5387871617763,15.011433170905093,9.730380975869934
645.5701885190565,584.6270568981356,15.026828545555873,9.534715336041472
648.0,585.0,11.0,10.0
647.6713351112012,585.7773879122587,13.357189176277643,9.62333888113244
647.4961434912412,585.8798612522745,14.146567059873746,9.306449431476835
647.4366786499988,585.9774381922198,14.51239021744891,9.157991223872273
646.9271343778964,586.5968300157741,13.334115104896682,9.322201868655725
647.5712079880359,586.7152419798608,13.089007512708122,9.09812165511812
647.7215662991457,587.471734664231,13.287939138248476,9.202121795606217
650.0,587.0,10.0,10.0
648.4995545862098,588.0924229183181,13.416920813375782,9.145297005383895
648.8249484553237,588.1383109551987,13.552053371131706,9.006186080497969
648.8686331454289,588.8594561043842,13.78496986974119,9.068308323380165
649.0222305319453,588.7558269152591,13.83967393603507,9.023023767726045
649.04659144283,588.8543967678717,14.03633626596502,8.831571570756864
648.410342203978,589.4473578612378,13.514082285997915,9.016663037269609
650.0,589.0,10.0,10.0
648.9311471435753,589.701720117474,13.310864712550483,8.795718229269369
649.056081653082,590.4623885234419,13.429239515729478,8.874940088319477
649.1651459450752,590.4292723763451,13.501250905861298,8.714657100894442
649.2531314060834,590.4450387334415,13.571887456002969,8.678143119337278
649.3760276297648,590.5843007945093,13.581907104217407,8.551471862823291
649.4479127916989,591.2320495318172,13.57514843346371,8.781534382435666
650.0,591.0,11.0,10.0
649.2390876285499,591.7132106862032,13.105052963232993,8.596502659790076
649.3408126591427,592.4345136539553,13.277630117471176,8.689495255679276
649.4212134424569,592.3246771206361,13.432221442387458,8.647992866337972
649.5072719467844,593.0984818354023,13.439970921566783,8.632934101577348
649.6612179201347,592.9801538823058,13.376660997571207,8.57115000305248
648.9687591851584,592.8868223811402,13.193015711656813,8.45758016820298
650.0,592.0,10.0,10.0
649.2734565382425,592.8693079786285,12.512055741870881,8.591474258704693
649.1278241282712,592.9295931942916,13.106509993577674,8.448270435210247
649.3067465349329,593.6857410919238,12.92408384051555,8.543699797041654
649.2976988603691,593.6310224757019,13.104022631577664,8.474737535447161
649.3171784400371,593.6921168379092,13.219817536599408,8.416345890263187
649.4685011818946,594.4049295978109,13.011464982507164,8.523489885932804
651.0,594.0,10.0,10.0
649.9389900079259,595.4901562930625,12.377016637277848,8.460452065877917
650.1208664282228,595.4498950120433,12.732856022006445,8.391187808241057
650.2712491615714,595.5257935322791,12.893732300913825,8.242548678723551
650.3943048028023,596.2332878601001,12.865014499271183,8.395126810990178
650.443262585922,596.1551335530717,12.983697359353982,8.293458928189239
649.7742753857583,596.1145520390388,12.783344030272929,8.184676484135593
650.0,594.0,10.0,10.0
649.4593514583139,595.1587520706985,12.098778364538703,8.501791357403135
649.3457617526744,595.2574792868566,12.570878336970281,8.340784497856248
649.5236263475374,595.9815027913628,12.428698440764492,8.3832607753709
649.5573515355486,595.9022016096718,12.549856295417612,8.392674371060139
649.5279078732237,595.9803416093866,12.735139418267863,8.302441248951027
649.6020984822668,596.6501159736988,12.598639881964004,8.389998732900267
651.0,596.0,10.0,10.0
650.1044590778729,597.3506133339483,12.534421306099375,8.221767522347136
650.1646616525805,599.32135145972,12.70680617037658,8.286010346681564
650.1722730411311,601.9832843823215,12.750104459671547,8.398475917245378
650.2543071366657,604.1388621027909,12.772224699126468,8.195661780594378
649.6542480779285,606.7800752527146,12.42157661204692,8.299814894532346
650.0619940096826,609.5436497999922,12.313601687292703,8.34155549678303
639.0,592.0,11.0,10.0
638.8284400653554,597.2738877815123,12.697516148580803,7.883859624854949
638.6966035552337,600.1532068948051,13.365378456014128,7.9105958056743475
638.8947300305326,604.0519347445861,13.362197951098324,7.837588793945201
638.4501773660768,604.7467999987645,12.47532171756609,7.966367693535176
638.2015312578737,608.6345117921608,13.405716771925654,7.945584200960184
638.3107162773315,612.5172007176607,13.553027548651016,7.969111066740879
633.0,589.0,13.0,11.0
633.0898124790942,595.3050284202404,13.707060472009516,7.956968674911877
633.0012643972702,599.1916134394933,14.087793487864928,8.025285145890848
632.6774083956293,601.9437006903659,13.198067500829211,8.053204576783287
632.6640457312606,605.8787217561367,13.79237102108209,8.042284988791721
632.8319434827081,609.8054343300385,13.933157761724829,8.084770786712511
632.9223933886469,613.7483012857778,14.118342955999879,8.1350347688292
623.0,586.0,13.0,12.0
623.0175742233864,592.5939217539216,13.746869516044171,8.324199903627118
622.8887638421015,595.5421866437837,13.832249743262764,8.364527108890798
622.8880152339661,598.5445281847963,13.803271540837159,8.325560424691503
622.8156883530914,601.5234559919613,13.873984849090903,8.38120826862837
622.7880114645554,605.5454868683032,13.991315144688997,8.374622696168103
622.7990191999827,609.5768748787009,13.984522546462586,8.404283349811749
618.0,583.0,14.0,12.0
618.2762422703352,588.4615355342185,13.964035305011862,8.358782741019695
618.3519776683536,591.4838595068834,13.888395829851333,8.387314364023496
618.3995831691736,594.5370122826987,13.910894865728551,8.36368258790435
618.5378749537322,598.6229562482775,13.86215693666145,8.344858385806106
618.6318477793079,602.6505390531495,13.947667991520234,8.390015403211464
618.7062058364934,605.6687977974025,13.870698465092346,8.378390681250153
607.0,571.0,15.0,14.0
607.9881760153612,579.2770409624491,14.53420254628827,8.273494662044868
608.1888332839778,583.295852368046,14.228577954247726,8.371798504590174
608.1689483066548,586.292255819294,14.334245966615754,8.383365090197913
608.2184553535517,589.2815412702229,14.307279028470248,8.454611795003757
608.2226581361774,592.3135490614031,14.278253349198167,8.50721914334531
608.1899656174835,595.3636344634194,14.326487039785206,8.548705133736348
597.0,588.0,16.0,12.0
597.1007973581711,593.0039493031143,13.812841449896268,9.172968038875524
597.1161564230742,596.020199818337,14.684457271184328,9.353313272083597
597.2660649462237,600.3308745492282,15.111705478747126,9.0761604354866
597.2306431743027,603.2973912025782,15.46494447701707,9.392635749065903
597.3162892503196,607.4924996560303,15.524013462672315,9.596049239414242
597.3172267612385,610.5646422725113,15.660776517843146,9.886127779260278
598.0,569.0,15.0,16.0
597.4620058132352,573.4875836198227,15.680216572940935,9.309017707787007
597.6376863237946,576.8055240429433,15.88836223414512,9.29102904222259
597.7821191882715,581.253028204042,16.033955090673317,9.37607230769197
597.9694198534701,585.640427716218,16.062496837804588,9.563125679813766
596.961248116259,588.8022852713642,15.551410167170843,9.53601668823842
597.3441219414908,592.1216973564444,15.850374842032807,9.533573782568396
591.0,562.0,16.0,15.0
591.2709809567847,569.9192563552378,16.012556293134708,9.53789228835194
591.7082203646288,574.4387082985542,15.587873689319508,9.557449575043847
591.7933918682768,577.7968485395804,15.38553479466509,9.585245055814653
591.7310726148789,581.2090508733384,15.423435171926485,9.525284190086722
591.7896419408885,585.7339615564225,15.477484755357409,9.524352501158205
591.7578598853561,590.3166707656769,15.330907977213428,9.496849422250762
584.0,551.0,16.0,16.0
584.0660568519195,559.3308473601238,16.32736269457041,9.522146124433334
584.5886732894126,563.8648186235861,15.792176556791446,9.568238029162899
584.8318965185102,568.4261933197811,15.583168980518735,9.503667487120879
584.779878904249,572.9712026104362,15.453648834529758,9.619363377821173
584.7043533215208,577.5896871113615,15.487228081779222,9.599906240758287
584.7005463235166,582.1659901917137,15.61563422600193,9.544053918659642
580.0,546.0,17.0,14.0
580.9411842557716,552.9692814139421,16.065400901400608,9.542920164109546
581.2915066744831,557.5538816221177,15.610334184598287,9.674163756506118
581.424980754726,562.1886235696617,15.506496922013639,9.667362209110365
581.5242054720316,566.7981569195257,15.444861047983522,9.643033302037225
581.6054257399596,571.4110033928121,15.359768941169705,9.580937980231965
581.7327930665675,575.9730099348818,15.246908472376276,9.514673240277716
574.0,549.0,18.0,15.0
573.7272388560905,557.9344305438614,17.645735520604376,9.440208714206733
573.8121899239577,561.2457819756696,17.91108980705758,9.595521127773395
573.9816708707954,563.3947486729453,17.989493686864307,9.789891235359505
574.0257251006042,566.8072660144978,18.145121393739373,9.94836018171668
574.0331555391763,571.51410478716,18.258907919269404,10.07829023812235
574.0325327865571,576.2682559303889,18.140728883057363,10.23456772999748
596.0,538.0,14.0,16.0
595.3439254262943,544.2128087414894,15.795296488943563,10.459610359184808
595.6485840722817,547.9289508672514,15.634676177191068,10.19974969212285
595.9561929042427,553.0291660695774,15.541769482306563,9.905889458795286
595.933024501916,557.9191795369206,15.609145119462482,9.866649473427515
595.7579814290602,562.6674496512957,15.69923424344779,9.878589314830947
595.6762913858706,567.3920844574704,15.615914585101109,9.872570486334553
596.0,555.0,10.0,12.0
593.9812618225969,561.6923986312413,14.07679956143511,10.295110388677585
594.2815045688003,566.142982203497,14.023992880993319,10.255014772601498
594.5239617869236,569.9786857481018,14.058640059732852,9.603713311573756
594.6134953135152,574.4868360460428,14.12408258708092,9.655784737214617
594.5611662176026,579.074633305431,14.261345326197329,9.54221462251462
595.0801387114852,584.0132335763901,14.162291449807071,9.002855763583966
590.0,549.0,12.0,10.0
589.0475417106225,554.1123469342222,15.198474002984995,9.154617173088582
589.4940923850006,558.5224441083949,15.168450307812009,9.143517557018413
589.9248141134526,562.9456105408491,15.153237754578868,9.129978742966387
596.071514354659,560.9790907152277,15.16629880214623,9.138531356872363
602.2255739706325,565.871798788271,15.14177186819586,9.123094541765
600.7611392937617,570.1026719659085,15.1467608114408,9.128396983627567
597.0,532.0,10.0,10.0
595.8092053452832,538.3460274605695,14.268994301272869,9.178526898081827
596.1880219590385,543.2638768178131,14.005676537984982,8.72003895692535
597.165631898919,548.0068077548531,12.910998409242893,8.560743084199203
597.7847403112987,552.7081396694739,12.546922490975703,8.305148962585918
600.0621542393583,557.2319415289376,12.629680668749643,8.248210817340919
604.4795926847335,561.6244921861116,15.204044358166584,8.588450295982057
592.0,533.0,13.0,10.0
599.2257680008627,538.9729308296464,14.109944872491837,8.531322860705473
604.9972128411255,543.572767297988,14.100657076202879,8.527684377914966
600.1242177763401,543.0079203170903,14.099715858774857,8.486113400848694
595.2579948857947,546.693344037684,14.089015967953742,8.450898001219912
590.311246703825,550.3018422025925,14.194300987350971,8.652076211319581
585.4332989909132,549.7659805427879,14.014908925163354,8.595153941727403
583.0,519.0,12.0,12.0
582.0437904883443,526.2518451485058,14.121460684248405,8.465438387166273
582.4502856097818,530.7952193844303,14.222081195490773,8.004711757490895
583.4422208083032,534.5506758064253,13.119154088252458,8.849608623683025
581.6800034273142,532.3618611049976,13.996111479262026,8.444858942254541
580.3308940953345,531.0563565377502,14.05255011258123,8.474467206201552
586.2597532269788,531.3118052361935,13.630973852654733,8.508930080119399
575.0,508.0,14.0,10.0
573.7083548026397,510.91954085510514,13.489969219916816,8.203011925204748
571.9245882239777,509.28929772938955,14.47817028968575,8.911720548539051
570.6648428985982,511.02173485657045,14.72879115136584,8.990626336899368
571.0723407164969,511.79912774413026,14.891212177474245,9.172588260931093
571.3084517259531,512.5382216756866,15.006783904445342,9.244777957159727
571.5402314255864,513.2790368104113,15.041690456230526,9.387036015517197
570.0,512.0,14.0,10.0
570.1965631902394,513.4852737077626,14.66971730806199,9.277172857959954
568.8618232738268,514.3413445421311,14.660930353573235,9.259508731143796
569.1958987108817,515.194577070468,14.714653736717082,9.214367013196124
567.8972572114959,515.8316493739039,14.541720478082539,9.253699349330873
568.3181086019971,515.7323322604639,14.797995388954064,9.359713621040555
568.752091199847,515.7039010725955,14.961775745736077,9.469351137634703
569.0,513.0,15.0,10.0
569.17563443636,514.3185382918346,15.257727045165893,9.234294916095678
