246.0,278.0,131.0,59.0
246.76084702229127,281.13360402942635,129.32243727799505,59.057784456177615
246.47696950918805,281.0687065741663,128.8004899925453,59.52554879596141
245.69853074139309,281.1677076743763,130.47845332427147,58.42683089169441
244.86043275977852,280.78099561551835,129.84356745136824,59.43978661891879
243.45889614712996,280.8369787944821,129.78930252501237,59.50267933315217
242.11220197939275,280.9309714628821,129.7958778405453,59.51459763325602
236.0,279.0,135.0,55.0
236.91765893867665,282.28703759977327,132.62236694683173,56.06368992318016
236.5728586361792,281.3271631440041,130.49352690817256,58.65580793207914
234.9466888975208,281.4892665760517,130.52238469703178,58.88921261086398
235.6510045255476,281.6132615759366,129.92477626265884,57.60347973597732
230.96027432161173,282.58064255548175,133.86815550416355,57.19580419600493
231.6707227582013,282.43316553639386,130.16562774849922,58.26685758233896
228.0,280.0,136.0,56.0
226.93281190230186,283.89334241220115,136.1000957843733,57.048127788028125
229.90911883413264,283.03788773534484,131.1365364046963,57.777957709950556
228.46635146604183,283.2802869536349,131.6275983137449,58.212334528027895
228.4394231289125,283.4212934075442,131.38642086081956,58.57904575610621
229.00211480450912,283.6085468854967,130.8097293111033,58.806959865971294
229.1875862485301,283.98661925090846,130.86969265338942,58.72110694688217
228.0,282.0,135.0,56.0
231.308813303301,286.0815142609963,131.18366726347045,56.50794696989885
231.9595559758293,285.08018510791294,130.0360690558142,58.990292937191725
233.29128467907358,285.192547268138,129.51869701074415,59.098178248626596
234.51126474181132,285.41927343343195,129.76281371567023,59.090898423674844
235.95405714567886,285.99163355369274,128.88915686717502,58.892686227968625
237.10124302868002,286.545588407944,128.6778675948297,58.8324906486929
236.0,283.0,137.0,58.0
240.43107575017254,286.4761896508759,132.94958341136115,59.06965547886159
242.20792438179086,286.43597622978905,133.67892283078612,59.78258260867074
244.80328770165525,287.10951244174043,130.7593673285913,59.95046324792975
246.30378161682623,287.8635325625803,130.42866130866545,59.74817100347104
248.62536806054686,288.6018996088461,128.25100042809675,59.807346746734765
251.99441908554638,289.5260445574162,126.06950324128019,59.687451615694044
252.0,286.0,135.0,60.0
256.0469847583679,289.87969051374466,131.72851195779168,60.653093375991375
257.54246328664976,290.6713279219505,130.86542028781372,60.8610711984511
260.28135958790915,291.67633767151347,129.49127343149866,60.932985950463376
262.5144021296709,292.8547671942133,129.14044633509099,60.67846276343971
265.6868308193916,294.1878880371746,128.67266207531475,60.97797781175677
266.8348683659244,295.6219667654798,130.20221109353258,60.669577553627164
267.0,293.0,135.0,61.0
269.7758692198507,298.03491975262125,133.05454707746577,60.81890894759056
270.8603461042472,298.6926911427686,133.8012385339306,62.22854274210431
272.2250156775062,300.60985061924157,134.5368614332678,62.57512264939942
273.8430022266162,302.2834754309026,134.16836911968016,62.68641948402933
275.3556907143283,304.01298086098416,134.85868575633305,62.618133287420505
277.2233770592874,305.5533672432721,135.19108649568187,62.948256183615285
279.0,302.0,136.0,65.0
282.70142709460015,307.96031610644377,134.85227623176752,65.13042666901242
283.2505577100246,309.9442971561889,136.36408279235576,65.066868464268
288.2293781032853,311.6941807977619,133.59861302531806,65.61491701428929
288.6917835157842,313.5861857170837,136.0358467027308,66.03864790930203
293.5113849224422,315.60118456947487,133.60820762788774,66.96970745022793
296.42220560683495,318.08903102044246,134.73785989727742,68.19424377850464
300.0,315.0,138.0,72.0
301.8175875075715,321.9319540262784,139.59410535316505,69.25945885453189
303.68326855280026,324.59561369579706,139.40394451229417,70.74595881782739
305.8034868599204,327.70811063111455,139.2194507091017,70.74982290524974
308.22487788432886,330.88337850594826,140.08532397789588,71.90863858180364
308.83595019490826,334.02070557796105,141.62401013074543,72.16907841296302
310.9399659002437,336.46195576277114,141.771503877564,72.45045354635249
312.0,332.0,143.0,79.0
312.41963977609555,340.01097987280264,146.37684872268312,73.30574182602209
313.7655316479685,342.7423451539844,146.31829623902917,74.34032800248201
314.5328856912739,345.04650890394987,147.38817891698739,75.44238560881695
314.3518818962568,347.4680432657924,149.04588712886925,75.89728214890181
315.1445090004605,349.7391645901034,149.8484583960706,76.90526862160834
316.09026130901174,352.2278223648466,151.20521265250153,77.49741753855909
316.0,344.0,155.0,92.0
316.8597502344228,355.8883768377674,158.3345575571583,79.06606487689191
317.68410969309366,359.0608252773768,160.71584571678136,80.29106403489413
318.89020695420857,361.8954259018665,163.09766679965202,81.50411474856446
321.93313555621097,364.63892175140677,161.76532105780058,81.89516141942624
325.84619271646034,367.5943792222979,163.29127382447325,82.49480135770648
320.66103642639035,363.3777323054019,176.9083595646485,82.72130418456777
325.0,350.0,176.0,110.0
325.8098298314187,367.7039885517479,182.3854110766382,85.45945848245219
331.19891623824674,370.8712956260306,181.75642483671822,87.26662298936844
338.24718843829464,374.0661589385081,179.45274767431295,88.79818195150028
334.0080295454155,368.24349771438006,192.68651354784345,90.11259602656651
338.2739721630454,372.23064956817507,194.55328995902198,92.0907417588279
345.6208618444024,376.41997893297525,193.008558583109,93.00369575256536
344.0,349.0,208.0,134.0
349.6015132704265,376.0959162870414,204.86455565418373,94.79105817854929
356.3729398274881,380.64579105555185,202.51963336953833,96.55702622440594
363.7218666259323,385.4760690172126,199.72310831983123,97.47711634518339
369.9907891386239,390.26387712696237,197.72501354555072,98.10549175084702
365.9753186887965,384.1818812480524,215.74461753465516,100.17931328063787
380.1713500654914,389.47325422238873,229.23854105166606,103.14853414668733
368.0,356.0,254.0,161.0
391.30773979844804,403.90755460973514,213.37647351208858,102.37302252038404
392.26056907821,408.75385001297036,214.20861972246962,103.10500792955577
390.3452994063156,413.70305647016767,218.36036026862007,103.50698270465091
407.7006064164667,418.2738841996297,229.70020406803712,107.28068625976994
411.8972043203731,423.9312907458892,223.4605251273851,106.71604960912612
409.96407480407123,429.4865114529298,227.6364484450392,107.06669226246345
378.0,373.0,317.0,194.0
418.20457463693947,446.8894026590849,235.0328342843659,110.06301854188132
435.49184104164306,453.5473515571848,243.77542276727036,112.28653481229048
432.3722644837385,458.5114512254522,252.60819697185389,114.37514976214334
458.09709379176275,479.51715395645897,251.56773313677877,115.07826774188743
450.67850752049935,485.6964533987326,260.719710503108,113.43086979001919
451.5407362058006,488.6113629948585,254.68463700896405,121.4276247876976
405.0,430.0,390.0,203.0
500.5729461221855,469.0208841795741,266.7452860833946,115.48633132316678
491.71580118507745,502.22252311460085,278.265691354041,121.53993310566835
524.357745801161,482.1060955447529,274.4300444366311,117.53948279357309
492.5160684465811,527.134457939796,279.0586524802034,126.65920326164382
555.398513984559,522.8847950482054,279.5638444018332,127.34672988833836
592.8955521739605,519.3931371991603,267.0984432234885,122.67528911769352
482.0,471.0,432.0,182.0
583.2680177007132,509.6694966809534,296.14518482594576,129.8074019861462
573.4328472029651,516.2402140003428,308.8304955943365,126.93021102147668
609.1994198884086,493.8962667489034,305.5960943163052,130.71305933654685
604.5604927759373,483.9788267473587,304.3107614861583,136.3641859585702
602.9485911020743,474.43666385742836,305.3614822011855,137.82567643202492
604.8641462092573,465.2163019181458,303.2945187085579,137.2120752457543
584.0,393.0,379.0,214.0
620.5418914498496,419.3952572294759,314.3904443117399,146.28513532736235
654.6075013844593,394.9566829113023,293.5415296354995,147.49542068429537
632.3130455160499,382.0227408742769,323.02854889852097,147.75673662507143
639.5283573839928,353.26456621765794,296.6685820980425,150.28436054618555
638.2346171606137,340.83958817438304,295.5011399179375,150.40460571873797
634.1880343866468,314.17240319713073,294.60389140020254,147.25074174031238
613.0,269.0,271.0,202.0
605.407056244577,284.84177546363946,280.000617288855,151.86843851732635
600.7737414777657,272.9448882584427,278.4255761174654,152.18909587370865
600.1975431472035,261.1296044759679,274.10437859079343,150.056542392584
596.7395379420775,240.58526940687923,277.02352237358855,142.68390662500101
593.492647079124,230.80720866363333,273.5279009873477,144.2828083922803
595.4050657946486,220.88823834982395,266.80093475473814,144.69841862801923
614.0,200.0,193.0,161.0
584.3329235057031,207.11619373935724,257.0208378706079,138.4944761460735
588.4299602764213,199.5838096140643,251.0663939529354,138.06256624801085
591.8639430714052,194.21178761784392,248.5302631890063,135.59886698245384
594.8989121426521,190.0288758931357,248.39484001045093,131.60490563263113
598.5845400049525,188.91599184031742,248.93577112973685,125.78397472360837
604.5991839545313,186.41180030437607,245.29546821952226,122.9144049356035
663.0,180.0,138.0,130.0
620.5170980886278,191.1732063673606,230.03903957579314,122.33655854052404
624.8292155387162,193.52135475533095,225.34107279662112,119.85718368626067
629.0396661757418,196.19903109488814,220.40518250364084,117.19582129602873
632.8101462052646,201.1142289042216,214.47243748398887,113.65469431228587
636.1298150998196,207.59693083831803,208.91946013588495,110.66329379021681
639.4731312293652,214.50809403508578,203.56595772127275,107.76922427720274
699.0,216.0,103.0,111.0
652.6732476031798,230.86510851058694,205.10851691104517,106.19771520728801
657.7021284828193,236.72260251549494,201.26650103306065,104.44546235809287
662.8075528525005,243.2580407782861,197.30271587200878,101.41183582111836
667.162798732299,242.05381986022712,194.05664909700863,100.13993462758947
671.4535254784619,246.17938347251464,190.29115125000544,95.75399277146983
649.3225502814303,242.43198213144296,183.68452979097583,96.33778414959681
693.0,244.0,88.0,91.0
650.7056337696777,248.39433231665228,180.77689360579643,91.25654780446027
655.3396714213809,246.96220295806825,177.2725536275566,87.98458831639266
634.7936524520101,243.61275455189207,170.29242670628992,86.14582370304026
637.3794263323616,245.98304697730202,169.02868234367838,84.97786693078217
642.3858204856879,244.83746423282696,164.21480821800014,81.7318719171572
623.0675010172417,241.41598501856055,157.28333912646485,79.61845932000466
659.0,240.0,79.0,74.0
623.5199771367838,237.29866364221698,157.31413218203193,79.82681065654958
627.1243266133315,236.1189612695041,153.9259164323596,78.28104375352643
609.5013811872432,234.2689799565942,147.85327292010516,74.36041600218897
612.6981355713851,232.5346544217415,145.22650917852934,73.8553836844261
595.3684834434698,230.337096307109,140.55269673535804,70.63157998561718
598.7016757715219,228.44682073712437,137.9631688244226,70.91405497071014
618.0,226.0,74.0,68.0
590.8766868473822,224.84520789538033,135.00266756271594,70.1266250842092
575.0236161176872,223.29617126258808,130.8867629133747,65.95387956514804
578.0132154896164,221.5964234182582,129.014192224211,66.73661886562672
561.9382564784164,219.87694492395462,124.42138480601898,64.14993576677239
564.6207614215173,218.82966692074558,121.01570120804627,64.04623787819673
566.4830460789472,218.10217047471582,120.67595433911447,62.77644364924839
574.0,213.0,68.0,61.0
552.2462736611815,214.991375702627,119.30247678268825,62.36000917661073
538.5934420519807,213.5948611724886,113.62887800057979,60.32012371670777
540.5224329948087,213.20245253158078,112.19117283332344,59.17282570800393
526.3652707925394,211.9835743047941,108.81576210432422,58.17726167238004
528.3609739553413,211.76695326409475,107.10355732764856,56.70033216353198
514.6454190742238,210.50350426728562,104.31113405419637,55.919206084769655
533.0,208.0,65.0,57.0
500.97517938189003,209.90433526584457,102.23287163944997,55.1532531463547
502.07733305329566,210.06942338596252,101.46404417455597,53.495147064714956
504.3191544767028,207.46615718509855,97.16255896149323,54.39741064329456
490.49193924904785,205.32631740345255,95.92110999709325,54.01858023240885
491.68271861827725,206.37988791094085,93.7795885701812,50.70913002606267
492.0937614394909,204.24130543393966,93.70573746275181,51.891807047412215
504.0,200.0,70.0,53.0
480.1418186359656,202.79464438137256,95.2733923053388,50.3487230533201
482.76665413278533,203.26582750091757,91.3489773332185,48.39186488362998
485.1366076350223,201.90123724806722,87.91755806237188,49.024230505401874
485.8564462321301,201.543131826254,86.94992269818886,47.93763176539517
486.1164375049657,202.34304460675867,85.73692480800855,48.01038166028849
486.59607553985575,201.21074793084426,85.25757030756608,47.34365808234543
494.0,196.0,83.0,50.0
494.5469673309101,200.533709668421,83.54825543569518,46.978308935948576
495.3460310771111,199.1188221968757,82.2063888241737,46.73306994542915
494.96552338481115,198.552937804966,85.12120567423733,45.59141251676971
493.8450085401944,197.50334433504756,90.12336035674093,45.14032024344695
492.496153801756,198.36203782183122,91.5182527171537,45.36158844622133
495.2563141016975,196.38152254548243,89.00821125195796,45.92939177307983
495.0,192.0,92.0,49.0
494.53332597309236,194.8427132886826,96.5155585018806,44.97711342773249
495.56312563497033,193.35352140278786,95.50164737263265,44.972717166956784
496.9083739856992,192.10491011189328,95.68567323441687,45.23198324491426
497.5314407962443,191.36837436651695,97.00147516869663,44.878463127679424
498.74940960612787,190.3616533512352,98.0290009272909,45.06019585731758
499.72627485576305,189.6458389948575,98.78553981074214,44.842273180459415
502.0,186.0,103.0,45.0
504.26384074822397,188.07266623976727,103.6817124122473,43.80930900278486
505.6539654651922,187.23459659477487,104.95507939381832,44.19681112107418
507.3989768533402,186.02331801035461,104.26292760325987,44.19225822139492
508.4626057428756,185.1875126073985,106.14268161144042,43.75018433063633
510.9067221745818,183.7143053026747,106.54243946209863,43.87620612801044
512.8650097583948,182.7014211918132,107.2786761802713,43.55136704095469
515.0,179.0,109.0,44.0
519.2828330557236,179.8168010835343,108.7655513747211,44.974993911797014
521.1170452502814,179.2249841199362,109.82075987779001,44.51087456882345
524.0303347129084,178.04363897295195,109.5012326967319,44.04597527245147
526.4312131122252,176.8191059387488,110.00891336933944,44.16070072945428
529.2790827100598,175.61028252044434,109.96141926983682,44.452884126084655
532.3822995441632,174.40929390944802,109.59923533379822,44.887671547615895
534.0,171.0,112.0,44.0
540.943967811467,172.0064357835763,108.72185462057973,46.62419156834312
543.7844038274163,171.721656002881,109.98343200100499,45.4639389621
547.3952440729449,170.77835446521738,110.03898347533368,46.062184102865785
552.4607187645438,170.84667304144944,108.19634846452527,46.877851180858215
555.009835505045,170.6694724072006,110.48909463009295,45.734745329564134
564.1478908581103,171.71167180728372,110.99230547143566,46.67595770925243
565.0,168.0,119.0,44.0
573.519074239852,170.94108870917802,112.9551321154263,45.332533941519614
578.7535958623121,170.4213321537307,110.59810143427603,47.49275978191707
587.1944906620356,171.16331483049453,112.28134300291185,48.13773045397852
591.3824835033178,171.68745786889485,111.74037419939111,48.101779958240286
596.6130760712781,172.63937350293475,110.52742320595371,47.970950826224794
604.3613092229507,174.12156291058,114.55693216001646,48.09822722921581
604.0,173.0,122.0,45.0
612.8202086367655,176.31728820249566,115.26693415917816,46.95292115974053
622.0455714010513,178.785886947137,115.82367431530702,47.36895351708199
625.3479204007817,178.9198883582717,115.67514485763877,48.48669902574704
629.2715343571147,181.2190694355687,115.639301567541,47.35314197567993
638.2752867943386,183.20076693794954,116.47429965044444,48.02441684701779
640.6527446959667,183.6631244673623,117.31292967276977,48.84195550177782
643.0,185.0,127.0,45.0
651.5656128053059,188.48055262103432,119.08446773433923,47.61122161421105
656.7802759178586,190.62271963779494,116.7797684492615,47.71704742415022
661.3766109315238,192.64572907181446,116.1818780095814,47.79398825523367
669.8845033371672,195.0480186448999,118.56672771351566,48.04268473565253
673.6831423417733,196.94502096270014,118.49184252873295,48.12108272559408
678.6820084775319,198.6611964591948,117.11863768400292,48.39681757446442
678.0,197.0,131.0,48.0
688.1149361667299,201.20669963317093,119.9046420240361,49.94173403389382
693.3527589244914,203.2778214076036,117.93854399686097,49.90167641059702
701.9854457526999,206.2810452794153,121.51417752830253,49.50248884529134
706.8824218762404,206.24177114288022,120.03084362079608,51.17236583158001
711.6906738936982,208.75495392136872,119.71305128157246,50.58614533878665
721.8114528760448,210.98703034764844,115.96426533149929,50.47962903828716
718.0,209.0,123.0,50.0
727.111852322158,213.30403949098172,119.17041470994855,51.57985030440301
732.7925482661101,216.18262091013486,118.68703608856504,51.25549787828726
738.6755508809845,216.98547907012585,117.57480500250199,51.80884711603494
743.4709389348541,219.26879638601724,117.85342149628832,51.475378710608254
750.2461290057654,220.5282142601854,113.3811818770514,52.19010645731498
756.1818014098687,223.02978150388253,112.56614776091624,51.97468971192632
759.0,221.0,110.0,53.0
766.1902786237597,226.1568883592655,105.94416121130087,51.91525416852852
770.5075817508823,226.891674716363,104.89908141099863,53.23857960712962
774.447852378345,228.5184575489031,104.52238716826878,53.06269741489052
778.4353265713471,230.26036676995045,104.3075251137335,53.122617036997326
782.9302923429459,231.94430576637495,100.25565643970367,53.25950132491869
786.4133115348773,233.723250065733,98.55298122372142,53.13381101064107
785.0,231.0,98.0,55.0
790.61413739622,235.4853925991502,92.20912075238857,54.45259366073998
791.2008208470124,238.3783233227524,94.02839763415705,52.682973934934466
793.2162841922946,240.3608118039799,92.87166174063987,51.90197878142493
794.9798179595218,242.0883942089124,92.28091349915485,51.18293222909574
796.458921474677,243.6828127019287,92.76747818269291,50.555779499902656
798.1791121168881,245.1945707596741,92.43165262866023,50.10438221355599
802.0,240.0,79.0,56.0
800.4818278474813,246.37532122973892,86.67154356620813,52.209867920679756
800.3954507270514,249.0000006498385,88.11946095706844,49.204961534141205
800.9130764361526,250.43373048439275,89.09808981038896,48.647790502075395
801.7621362188984,251.78872795795814,89.1259298010009,48.09386130249732
802.0871752989199,253.0318089883042,87.76629110990893,47.65106560664185
802.8495201841035,254.2450250977256,85.72766764911762,47.17383720874466
803.0,246.0,68.0,59.0
797.2352482616552,254.2210849456426,83.93625419447199,49.71592235705202
797.6752136401228,256.5592901349355,83.41595026406503,49.06358099150475
785.7083453471059,253.3170814063376,83.74921362257737,48.79664490200912
786.4028232796873,256.2603413111526,83.68527090541647,48.83473730782339
787.5892967932978,258.512012815311,83.92729986496806,48.97688898785054
788.806088093429,261.08558552525847,82.29741229508818,47.29535330170279
788.0,251.0,65.0,57.0
780.2869592103807,258.6671157951496,83.12949547165726,48.71376989624423
768.8499346001454,255.61251216558253,81.80004253476454,48.05787673188206
769.1166044724832,258.3025486829563,82.00738127663953,48.151904791571724
758.1201169330852,260.2593626074149,81.58002497840062,45.137271318797616
759.6506532870803,261.82093922394324,79.61296105335214,44.51706183450938
749.2501920268833,257.51294943640414,77.9670498013661,46.881979700353895
757.0,252.0,64.0,55.0
740.3391288200073,260.0269111075954,79.232223140516,44.79374926551537
741.798233167322,261.938021310055,77.51930010516935,43.296979065385244
731.0344399139108,257.67900918675775,79.3099182095682,45.643847927550496
733.1782180962773,260.03468555167615,76.52616751662663,45.30381921742162
722.2497837115343,257.0173893207052,77.23013848230039,45.22140409739245
723.7171958208055,259.1263303153512,75.916251097653,45.406582687680725
725.0,252.0,62.0,53.0
708.9271054598362,259.95591068559065,76.26053923127574,43.33485472346757
710.1322630078903,261.78785243401944,74.6905367541458,41.94519008375846
700.3382382978652,257.81859563900525,73.5764785312549,43.976983480346576
701.0496893788313,259.95358883471226,73.661273590169,44.08044688973689
691.2158457725654,261.93803565312476,73.12427828656473,41.314252303542446
690.8479122585477,263.44135838633406,74.15280277936881,40.758134456071616
688.0,255.0,61.0,52.0
675.0976894781106,262.82533895040524,70.88129425814122,42.92287002174817
673.221092380475,265.031336251388,73.6568463481517,42.4275141500234
662.6216936047938,262.4441066157033,73.2945732460314,41.565948987785305
652.2042996866335,263.99988460869906,77.35521055650338,42.02513887320538
653.8573337063713,266.2196529706216,73.84231277687604,42.489600817391874
645.8181731628038,267.4559520404216,70.30547642629426,42.734336459485576
646.0,262.0,62.0,51.0
633.984040897999,269.74646709898093,71.02703337279036,42.406187178690516
631.5024824310203,271.98159848421346,74.47081451952545,41.70879406668246
623.4720648122616,273.44776724114854,70.41351600808184,39.907286649662524
613.7860847672496,274.35827018916723,71.7915354696695,40.35535712551365
612.761550360837,276.0822268299489,72.62155934894167,40.42235306698012
604.4711153523522,277.3219283536291,69.7412494846485,38.91657632770523
606.0,270.0,64.0,49.0
597.1864691681967,277.548209259804,66.86215992907091,40.92636885775278
585.4804144325317,279.08136225619296,74.54163403141138,40.4343741676538
586.8966939793331,280.70345622585614,69.9402402486835,40.79222593337613
577.4015668427774,282.4657877437081,72.81248541208947,39.05373419319676
575.9608345782535,283.69319391267504,72.07769623939475,39.65086147649714
568.0461804649967,284.7751387543444,71.46703919296851,39.95387397949662
569.0,280.0,77.0,47.0
565.5470237351174,286.9593192989114,78.80452427812088,40.548602692917484
563.2598065085566,288.62347703953355,80.34686362345724,41.12923070810098
560.0939119490213,290.22995433750975,82.43962194948108,41.58320531000197
556.1837790843651,291.9847620766741,85.73296906078576,41.7937402099019
554.7364148162101,293.4567884035898,85.3936132527557,42.62896429229227
553.0163130350456,295.0920540844613,85.86334554235077,42.538528718566226
550.0,293.0,88.0,47.0
548.231162305939,297.91677774615164,89.89052157841934,43.830662375476095
548.2514022283074,299.6713023981963,88.52322168795808,43.90669680834321
546.682417197612,301.29512313197574,89.69302806129622,43.26313849387378
544.4001594361694,300.6446805654223,95.7007743627828,42.43821963474602
546.6701801387761,301.30784962105963,91.16874584289928,45.7529498099359
545.4978871494167,303.27221854601885,93.9688313136478,44.417404584380336
547.0,300.0,100.0,51.0
547.8031354293958,305.5702466935941,101.5698000718562,46.29798474055576
548.3774940948022,307.0162771396624,102.88039781442603,45.87856025432308
548.62840798263,306.1533302380383,106.81339836135976,45.43167676722328
551.9067829891219,306.81078652823726,104.85499339698436,47.90603289713431
556.4394924511191,308.0751632474644,102.8722285016022,47.5413966418472
557.4878197221158,307.0032616991122,107.54309457886416,47.29531502073456
564.0,302.0,108.0,47.0
568.1949889440596,304.574217978492,108.85591727767883,47.707890464487264
571.8510072542063,305.25027026587577,108.31228680618597,47.11891694039241
578.3101325092023,305.9077761975984,105.77496064980824,47.38544259715252
582.166346566858,306.77148346489867,106.8652711867071,47.21099043332242
586.5942669495435,307.4582033475547,106.83078826390283,47.394161404916986
590.9711975036344,308.2707632008678,106.70154147527683,47.408066554926336
591.0,306.0,111.0,46.0
597.359817958224,310.25777464912437,110.89779084321447,46.25276050922196
600.8171988182676,309.4801574785206,111.63033761432052,47.07304091780725
609.1313514700662,309.4450651420798,106.44613813497449,47.942283878188846
614.2087313522989,309.62486827441944,106.54542444565777,48.10068369675025
614.8222851098208,309.4328177107973,112.42424875942197,47.53429191658597
626.0448040947181,309.87163588726116,105.22672245357899,48.65144654014421
625.0,306.0,116.0,47.0
631.258618308243,307.81688025173025,113.98206534052667,48.44611927854726
634.8301934120534,307.9100419478689,113.48687029133202,48.69438038805981
638.0051145749906,307.46731504951435,115.19283915636811,48.17237440698614
645.7756657722734,306.34274032973826,110.87546219560522,48.78562774507509
649.0012732559608,305.568456515098,113.74104732763044,48.43464788550591
654.0002225505431,304.49496779959316,113.41286308941733,48.49447860495826
659.0,300.0,113.0,47.0
665.4935539125458,300.7711126750228,109.4424089028845,49.46268835081719
671.0957589885875,300.2054652038581,109.80018766802823,47.425288673155535
673.6577420045076,298.8090534509689,109.091383759025,47.384173563404715
678.1751166235863,297.3643083485681,110.08079216598207,47.705354450142124
682.078846988195,295.99867381898775,106.33174811660524,47.54299270815761
685.395060007294,294.30552514527403,108.3818147080633,48.02792385314268
687.0,290.0,107.0,48.0
690.1789552608768,291.3972962807934,105.93183580901018,47.99402070977362
696.153664743025,289.3550125948821,100.88478194764411,48.63362231927459
696.6638205028357,287.26917840441024,103.21658222812675,48.67865759847081
697.8380796795441,285.91177351236854,103.74951734008857,48.42730573067752
702.7657574261548,283.59751203375544,100.09444844426298,48.81774331096466
701.4868727173462,282.4679046696101,103.9939070168316,48.109673031819966
702.0,278.0,103.0,49.0
703.043940640245,279.8888687246522,104.64893628413131,47.84856024823898
703.730678453375,277.3974497888114,103.87635402900594,48.95493804516036
705.5116106845811,275.2806488282882,102.06588007555865,48.866724691776255
704.9087090426991,274.0804679963413,103.75869569653719,48.392504277311104
705.271990955023,272.44227652215835,103.36819130639469,48.5540418179599
705.4494751681962,271.06329860833694,103.24654323431446,48.404397364225815
705.0,267.0,102.0,50.0
705.3397345595893,268.71660880959416,99.27503925094902,48.04919446296435
703.3798089168845,267.17635718165616,103.469852880296,48.60242134236455
703.2776348984298,266.4472256306649,102.80495057176404,48.14236213433787
703.2094873722513,265.33397405924893,101.02370788053895,48.29967261610591
702.303723855243,264.59727543897327,103.01409733755713,47.75596111024288
704.9223519606896,264.6432133435992,94.98233508800263,48.981986932594054
702.0,259.0,95.0,51.0
702.2881793679085,262.8967307327209,94.24067739517022,48.96429028690483
700.6458054227915,261.85198179834015,94.13021971620037,48.51239587869941
701.9023460229946,262.6838507653406,90.39959002060823,48.8071451448489
699.1105855954631,261.403026479913,92.71363414378015,48.21464801560205
700.6432900130853,262.50732782632303,88.92100118406915,48.2219639386916
697.1869720249239,260.66349494232344,92.05446644252777,48.12139925836385
697.0,257.0,91.0,53.0
697.708835933594,262.0984520849911,89.5679095192354,48.9571970739795
695.2784009486327,263.7099816280752,90.68929236031045,47.99007834097682
693.9697340067448,264.9173841942236,90.36759061147882,47.64263830813991
692.6575247277215,266.0130614286354,90.12050622593961,47.570450126418564
690.8683426916211,267.22805200781727,90.28120369077556,47.25294218350098
687.7343759915867,265.52215271636135,91.94240469325757,46.68108103255304
681.0,260.0,92.0,54.0
679.9528109102625,266.26678148023393,91.20796875528185,48.83041377075199
675.5507359192645,265.68404700088024,93.75604133494198,46.36088865745671
674.0971737274849,266.282215981867,91.5139930257028,48.87606741733936
673.128930484801,267.901018840123,89.69152254276332,48.74649091950505
662.7692661688732,269.29166374142187,93.27769462942047,47.443637262336495
663.0167042530979,267.32871345387196,91.91393980113776,46.965567500126895
669.0,263.0,80.0,55.0
664.2651668531823,269.08837551899273,89.13862114511835,48.238670607306005
654.092862468463,270.2828180670267,87.94434089433253,47.244041927312594
654.9624745996159,268.2346180755012,85.39551529020878,46.577212344461714
642.7076880074419,268.6523584713523,91.97511964103978,48.17247661182682
647.6672916181524,270.2127221215717,82.51883913214988,48.195491898680075
634.5426120280433,267.17749124032036,91.01333510572874,47.48705359274982
639.0,263.0,80.0,55.0
626.9801375085881,269.11336069414847,88.68678514934254,47.599995248136906
627.8165501809553,266.83865456717626,85.13524532424071,46.761487029871205
615.8116231765603,267.4648131686772,91.60602459004531,47.92424445302095
618.9572164619492,266.0003407933373,84.85320742306044,46.354679066524795
614.7981292351726,266.8651781355197,87.99564850056845,47.08275534909609
604.6744311748753,263.8567365795293,91.41553341112103,46.52834753914385
607.0,259.0,85.0,54.0
597.5894086349954,265.0922065224986,91.23761904552453,46.26143610843741
599.3605828245932,262.08161183760217,86.85716433908556,47.3186087142808
597.2654526393659,263.36653092994925,86.98712265479105,47.55833494467362
585.595615308205,260.4738016445125,97.18756062931152,47.20907964244475
588.2480393967571,261.548897174333,88.52986554250037,48.728842037537845
582.8604601125505,261.28170239867825,94.18212251987825,45.69775168332603
582.0,257.0,94.0,53.0
580.6722488812599,262.1084683253282,92.99958698495664,48.716181372824565
576.1824982873227,263.94826131003447,94.93198086719985,47.224054482171255
572.2858465384631,263.13890579314955,101.13448927611898,46.161269013912374
571.741063014076,263.612875136228,99.39938869257708,49.02187380157193
569.5214836154207,265.2475872008472,99.75587088387249,47.82647750690046
567.9203667640161,266.1291490195649,100.5980753893607,48.09311655821023
567.0,262.0,104.0,51.0
565.6978793777389,266.51638621107736,105.48368396070725,48.41827765881874
566.4338567619807,267.44877834057434,103.0331355411131,48.96967158281285
565.5307061929271,268.4887337933096,103.93439474501122,48.83462034127524
564.5214848233059,269.3933777304592,104.77891535896208,49.11443220254978
563.5790596440146,270.3569957224072,106.12373066929945,49.59859371929207
563.1142618395024,271.4635869012151,107.44640974064032,49.82247233987425
563.0,270.0,113.0,50.0
563.6949415559257,274.73736462648594,111.76352327784514,49.15662812764907
564.1486011267855,275.26128526281127,113.94612696013064,50.29439675704634
564.709283160117,277.4830012981838,114.61683468920683,50.40017210727456
565.7541597525906,278.3910423094459,112.40882353858206,50.871155885036615
565.2089905560142,279.9718819504068,116.10259829490587,51.11154993723659
566.4159927081134,281.4358041187545,113.98172781793994,51.12884092482841
565.0,280.0,118.0,50.0
568.1120776246735,284.77833356547086,114.69903906020681,50.477199163346995
568.2100968960478,287.2608947195011,117.20940996506692,50.439417015439574
569.5688558657439,287.4050693039069,114.49456771913356,51.52603359500574
569.2829014755944,290.22957066047564,117.71205654380071,50.965551778948054
570.4620066413327,292.1428361665754,115.63029760566678,51.48119025665619
570.9352477577454,294.80674549461935,118.2957218421484,51.7239783143703
568.0,292.0,120.0,53.0
570.3993313415656,297.3810402303973,117.44478400462606,52.62766908413238
571.0518076805482,299.0254952822065,116.16073955814238,53.35307607513448
570.8033269658474,300.88982963887486,116.57371193480208,53.57222910097744
570.886932086149,303.8586571449063,116.61413086091761,53.42219064833597
570.6020004003245,305.2671855400049,116.86162975680793,54.189003508431256
570.5659286300918,307.4923544710182,116.85066738169928,54.12297977140406
567.0,301.0,117.0,61.0
568.7509046942587,307.2971598940967,115.79785187276639,58.32594660955044
567.9277436935281,309.69446200541483,115.77791715806961,58.54947562803591
567.2026701479535,311.7708607590573,114.24475695726278,58.408401458180606
566.6873870875572,313.7474182016292,113.24322936175736,58.19190028239598
567.8275725602552,315.57960977965195,109.60764244880579,58.00415344562646
567.8656093181644,317.46431618218776,107.4949668427962,57.24294732202907
564.0,313.0,113.0,63.0
564.2911351532866,319.12979823785827,111.68962744280543,58.732191503034414
563.8135308647419,321.650259171627,109.63213703135636,56.65336105942117
561.7060840902905,319.1493920502895,115.87871804619567,56.46002503631769
562.4396256006817,320.02321574731013,110.60747941359705,58.93217876078597
561.4832677400664,319.90515855193286,111.67122897078207,55.676206315255456
561.7742408315987,320.83770382541525,108.63896247049229,58.561992772714916
560.0,314.0,108.0,66.0
559.0039555609683,321.0621081539348,109.09208389697687,58.61937439979806
557.8821450071046,319.0394618042412,109.52050571906511,57.331257332483574
557.1719251506147,320.6979053450334,107.39063021786569,58.58516312948103
555.6510294615844,318.60451727999504,107.86458168589729,57.42769805068275
555.1236653298292,320.462400453448,106.19622973236346,58.20658127362833
553.0642971950335,317.81420399832973,107.39011731486357,57.72388624251107
552.0,311.0,105.0,66.0
547.7095390185332,316.44317217396946,110.54920801639128,56.07550223222546
547.7269796572782,317.78297464868774,106.5181274669203,57.29253173577854
544.564392299435,314.51655702890196,108.03637748250003,57.46128427547262
544.2098406108557,316.5404470958629,105.17577645951633,56.931221429447305
540.6963255846917,312.9932231897403,108.16643435063497,57.22871975400108
536.8700966835238,311.798999415827,111.32979807576726,55.69273710590039
536.0,305.0,110.0,66.0
534.7196480126931,312.85484837715785,109.78021746336344,56.948466847263546
530.7952975933063,308.9716517154761,117.21844848512205,58.023382786645925
528.7252063170276,308.3293662870992,117.0008597940955,55.56704964546384
527.7526520077133,309.21604470008606,114.64342094806102,56.92335352722648
525.4082278722442,305.9869299477841,119.26568316893781,57.830995984667425
524.4546659764997,307.75415592548234,118.68124656821374,57.20013612563662
528.0,302.0,116.0,60.0
527.1817261490601,305.90429594691796,118.7855603937079,57.396422709740364
525.8172228265498,304.6388455166493,121.21167521727409,56.75442668789378
524.6001077283886,304.3605863214848,123.2515429193038,55.313639457272984
525.022728273148,304.6951034838678,120.9523661248976,56.74188208428092
524.6706442118403,303.1007118696416,121.92726527602815,56.59343574873378
524.8184278772119,303.91059909878095,121.11150840666085,56.709335489209934
526.0,300.0,124.0,58.0
527.6221650748046,303.0966047985106,123.05277069522913,57.50524225588339
527.5873957567367,303.97427690656514,123.22176989299555,56.569363673245334
527.1370859373292,304.0015060514597,126.28819977458306,54.92740361116023
528.5764207344906,304.1774581305972,124.0816946862767,56.693971767992934
530.2566298754032,305.06102504719047,123.78204969730359,56.768775294727675
528.3943408178957,304.7963453287423,131.7287527554663,55.23487079549227
530.0,300.0,132.0,57.0
533.7710070927553,304.73089886989146,127.85358946396309,56.387908588361825
533.8613438093005,305.0237090819917,132.43834969058798,57.00982955160612
535.9714455951353,306.0458835893023,131.30765855633308,57.573871819060514
536.9270953989108,307.14117870732,132.03035474365072,57.88400062268306
537.7771077533239,308.49502963472867,134.27798480612955,57.99088547144299
539.3008730336057,309.8990791052561,133.21574046665467,58.27270766632546
539.0,311.0,135.0,54.0
542.9097917234585,315.83394105772896,131.13350614564297,55.262536339777114
543.4653419133117,317.7219536657087,135.5283970277044,55.64122775607575
545.8393276929164,319.5591542862348,133.22400251237832,55.75811336538135
547.095995492915,320.90461705052763,135.97483192482412,56.37996157913386
549.2083843687647,322.991088030873,135.2283422228768,56.07763426850431
551.3968296361243,325.1393067649524,136.75665566696375,56.33875864146012
552.0,322.0,139.0,57.0
555.6821494725814,326.9316048310853,134.05064330474625,57.77406148503468
556.7375639942813,328.6687310297468,136.56512627263487,57.901267724636
558.8816670722754,330.9501112558064,134.02729126176382,57.711735347576905
559.9657061683015,332.9384912289486,135.7885358102717,57.8067539918336
561.9836372204343,334.44117158179176,132.4354485872633,57.99125436229883
562.7380227080248,335.5622543623567,132.6933850642332,58.51504421507343
558.0,333.0,140.0,58.0
562.0031097512485,337.93351958641824,134.74803417883675,58.51730869337092
563.0805548583594,338.78885439405235,137.1751672083019,59.245249496873384
565.1196471971373,340.8551827546203,133.30136829526316,58.66103952167214
566.4494987834656,341.31954964821944,132.47743590233006,59.71568306103768
567.5914435850882,342.4285766490376,132.3310184259144,59.733606430028885
569.2227477802248,343.47383411482406,132.22633567975163,59.77828229223178
571.0,340.0,136.0,63.0
574.8593606869883,344.53408935004404,131.76604290243802,61.76401123446965
575.9233439757578,346.0127338103948,131.65056577037672,61.058495346901736
577.6518692664665,346.787553709064,131.1024764645473,61.053348042541984
578.8206348008357,346.5668799311476,131.3997075593768,59.67296998083714
580.934297939586,346.9447540731675,130.1116736699894,61.205707048484896
582.0225879051154,346.79252117027045,130.45959783964918,59.37672899369409
578.0,341.0,132.0,66.0
580.5372835350175,345.9967409436663,130.4151171471284,62.51529151904299
580.9846032836057,347.3404109813969,130.00124042476853,61.90142686207628
581.2675891510214,345.11348741673817,130.98344979208855,61.886492492505226
583.100675201606,346.0687316438534,125.61124586487836,62.29642400292914
582.1853941005095,344.1355404289608,130.04465276831786,61.82376216958562
585.010225955321,345.28288371417693,121.31949654844243,61.77761170768008
583.0,338.0,125.0,66.0
583.7446760163859,342.3715957249897,122.72757186176091,62.04690558613197
582.0660278792363,340.5491656901705,127.73682642047845,61.25559099658415
583.4884916395063,339.02337201674806,122.4140835264584,60.7756090778517
583.9537132869405,340.2821409015339,118.3283338438855,60.674097520231555
581.4100520131399,336.3382335027856,124.2546231315373,61.96533824592842
581.8701495602966,335.10220715010786,119.56749028922536,60.270358752614186
579.0,327.0,120.0,66.0
577.1298536004474,330.91613710250095,122.25172520759565,59.62052798284736
575.5743863298057,329.4545305187363,121.89537351673357,59.28771535268686
574.0192851554916,327.9250951233969,121.84942257628768,59.081997481041526
571.8121057246731,326.10249376860156,121.8253430793809,59.26789321421893
569.7630194127594,324.4197640009968,121.99557996720819,59.211931389868596
567.7943137669415,322.72644528157105,122.10290016503791,59.32395488813643
568.0,318.0,120.0,62.0
565.7229777470443,321.2044251927938,122.21135697142427,57.09822650895774
563.5189685960025,318.12644086251373,124.46979364191805,58.97888298994201
561.4332149764851,317.08278487354323,126.1837657528448,58.30751769735343
559.8265105228945,314.93701943154883,126.99166492999984,58.71474653430778
558.3842194516596,313.9324462610307,127.39398485166328,57.8621052862818
557.1874570264395,312.49574889503856,127.69837891027191,57.647916462901776
557.0,310.0,133.0,56.0
559.7140739359503,311.216335077218,128.41447670439038,58.238564232173985
558.061061913251,311.3176002294358,130.41481517351053,55.76538778763728
557.2856200889253,310.2745910643389,133.20580236725027,55.4923941607085
556.5035156361345,309.1036661987025,133.99243159730133,55.45948572975283
557.8989448581373,308.634921982185,130.96880425558174,57.866894191079155
554.431541718465,308.1352651346649,138.40502588014147,55.22269140602043
554.0,302.0,138.0,59.0
553.8712347779451,304.96257387426067,136.97714590201394,58.828025373123864
554.1583987969834,304.8340220657001,138.9188697174859,57.893983737330245
555.86570499994,304.50042703303643,133.29970124964905,59.161848315972634
553.2671338304935,304.1643727569616,139.25795088754967,57.92455003362102
554.7161869542451,303.77801416601346,134.47719365860132,59.708518126141826
552.0849560501101,303.4734127533019,140.74507682644253,58.184170397074126
551.0,301.0,143.0,53.0
551.5386542476076,303.39647280304064,141.1930708465975,56.14890191586085
553.7747081120162,303.54822709054224,140.6505415058657,57.66763375593973
554.2432004286834,304.4668103554616,139.86201542566505,57.753651884489955
554.1118028277249,305.08280974226443,141.03699536308886,58.15377879367327
554.0270284154317,305.92604701529876,141.55038119150572,58.27412365025543
553.4134714496088,307.0715062719478,143.6104338239877,58.312385594278794
552.0,307.0,146.0,55.0
551.2710551182993,311.54169633087804,146.46702637601538,55.56233770615654
553.9378666730512,312.2650352888377,144.70352639911687,57.48391927343255
551.8008265719654,313.7126204382538,147.98931957970353,57.74668949384102
550.7401522089531,315.82525389690977,149.43195137797716,57.95474297376654
551.5414186141602,317.5820754687372,149.0006286818725,58.53612778768269
551.6789844658579,319.53911809910977,148.62221007765038,58.884509751602934
549.0,318.0,150.0,56.0
548.5374137758927,323.1890248313945,149.2363619542249,56.50024545176791
550.4922536234391,324.7053466750193,148.30524155338628,58.199145762873854
548.7947929070767,325.95699316881473,148.77705258048024,59.082139531813596
550.6335894498521,327.7316876029722,147.07194605755274,59.009202885758896
549.2997015999063,329.221333902331,145.6851741848095,59.386655234556656
551.351085490161,331.03907329719243,143.31463575281543,59.234032802736124
546.0,329.0,152.0,62.0
545.8583293010133,333.9753304278217,149.36788927244947,62.087296943424064
547.0221777335819,334.5722852146357,146.4198229933745,63.009614096882046
544.6737367757344,336.10929773907515,147.2266135003258,62.71202880202736
545.6487081616342,336.7944453066309,143.84593254304605,63.66277216341871
543.142553339321,337.8796312877622,144.6533775707195,63.91776058298058
543.7521074904362,338.3433452994441,141.62000308868812,64.64495552158041
529.0,332.0,153.0,69.0
528.3041961333561,337.42474740090324,151.5635872975954,66.51416726768844
528.978363297122,338.2282759124282,148.3989830367724,67.03565426467503
526.8005734091225,338.67242032059426,147.71424910670135,67.90589844637054
522.9378895782436,337.99144737231836,151.2403397749589,66.234798534515
523.7373736016466,338.0613358385399,143.72125927335537,68.97468952794554
521.045579949177,337.6334915873233,147.19174094505843,66.51636815430993
520.0,331.0,139.0,75.0
517.7787074884219,336.88140055435997,138.50437670623785,69.93296050545757
513.6010598566081,336.08570314202734,138.90420905560495,68.07942949327844
512.186984285031,336.6505583123326,135.70325905338098,69.19794112858142
508.9641287519162,335.26095852698364,135.5425232965465,67.81271123983589
506.8696261347472,336.0410797024938,133.92941292169922,68.57249405429485
501.7726703250288,333.9849314865087,135.6386872529623,67.7474116808944
498.0,328.0,136.0,73.0
496.6806496619995,333.6394306298698,134.60583633731744,68.46531533331108
491.7400514463304,332.34795196848756,137.10043655992422,66.9954862506512
490.0027578376204,333.26905406240553,133.6937987139812,67.37560378667212
484.5464409305198,330.3549304744364,135.29440826265886,67.69309515443854
480.39521148366543,329.3256384441223,135.67050337599517,66.2149606672998
478.30951821905376,330.1451521227473,132.64779026247277,66.92591435044773
474.0,320.0,131.0,74.0
470.589824666356,326.66413978686705,132.76072287242323,66.72052490096246
463.85700238695836,324.0212820954015,134.93179116100532,66.30301902007363
461.53595510895417,324.98693101948584,131.72059546836493,66.51445901356396
455.7392064354152,322.9597303200787,133.5482107387378,65.62410921291354
453.2389815098977,323.7456750219412,130.83452904529986,66.39277467945533
447.66585017826173,322.2279267370774,132.9358679654856,64.90495335443848
443.0,319.0,130.0,69.0
440.3703802393556,323.46296225623064,129.89592576952288,66.21430181201356
434.8649128667175,323.1683589180516,131.90508480693148,63.89447798767037
432.2009326019713,323.3949121007272,129.43569703628123,65.0827873194064
428.256779169782,321.94333942923197,130.32526976939516,64.4117641645056
424.9464538123059,322.7590201961259,128.60356379118252,64.13962864473092
420.92623317574885,320.86406877084306,130.69323417253622,64.04134602376672
419.0,318.0,134.0,64.0
418.12535100360896,321.01884946468635,133.47687309586905,63.56523973823323
414.88807130010423,321.4734809853992,136.814435348929,61.328938310050376
410.3778620957854,320.57564167804253,134.6346930447097,60.99233957473302
408.55654643471416,319.84886772787615,137.42888097243087,60.99624250561715
406.7704042703359,319.05045674310486,137.72731920921558,60.93571024865696
403.48292498273554,318.21061148421813,139.03569192532223,60.60208020288428
403.0,313.0,135.0,60.0
402.80182220961524,314.92821201388324,133.58243812753244,61.194520882359484
399.92101128125,314.54046269901687,136.17741623536642,60.48120213394611
397.8581078098032,313.81751800576274,136.56832598803612,60.31864167226206
397.0680392849304,313.85723862241684,134.75738712361243,61.22129254000811
395.0020884253154,313.31439022692393,136.11043587383995,59.34264761657744
393.930840858553,313.03251809828043,134.67159285150046,61.05054211874949
391.0,308.0,141.0,61.0
391.3579662903285,311.3464774054246,139.76665223675434,61.318081446293604
391.88668126508003,311.6610056881418,136.7816221746341,61.38238045124683
389.78669811998486,311.1527660058073,139.6261964544434,60.2758014318747
389.46098948266535,311.20130521258943,138.58407754741313,61.41926441269334
388.05437850950545,310.5111829874919,139.96693935293752,60.78444827456906
387.6819563422189,311.25055369392464,139.390289787681,61.34338784599697
387.0,310.0,144.0,57.0
388.2421443570638,313.1137358512801,141.22597916023278,58.86333886010766
388.93151601987796,313.0818585725302,138.1586828990674,60.05912916081104
388.2578456830058,313.3738456133833,139.18413529911584,60.36557863411781
387.80258325763884,313.7924225099092,139.85937152588247,60.480390278719824
387.46131362500165,314.31054953033185,140.69538575356768,60.558433790638446
386.14833475951673,313.6554614357542,142.00627477893772,59.651092830076095
385.0,315.0,146.0,52.0
387.1358731469322,318.34199571858414,141.69216145038433,55.08171217593451
386.8481598290043,315.226527605427,141.96855696516855,58.14631936237447
385.82935322280275,319.130176408667,143.64797317602722,55.72033037633082
385.41473531718134,319.8648551361982,143.50618186257498,57.679431432494255
383.55275825448484,321.4693842828376,144.71642225171604,57.825177965676744
383.8869773000813,322.27437129688565,145.37181940112396,58.66632710594786
385.0,324.0,149.0,52.0
384.0932697886101,327.83043670155894,148.11153812988698,54.11914572633066
385.1730105590485,328.1674912593726,148.40152278194205,57.42461390133121
382.63289971791437,330.8865307417679,152.62237549704196,56.881289951960355
382.05998481375354,332.56701810433395,152.6419415835053,57.765646403343965
381.5025679020114,334.3847195961496,153.24780041914278,58.31205071906993
381.0018233850319,336.60505525884986,154.16257125571997,58.43488321041383
380.0,337.0,154.0,53.0
380.2511798566411,341.08911912966323,151.85873278941472,58.43812764617837
378.0944870220967,345.2807306072924,157.02290253101705,56.5863407448561
377.57205697928384,347.67610892503427,158.03616364869504,57.715817895615885
376.48872725072624,350.373307304082,159.7855624191326,58.22367369265521
376.5745774434299,353.1721950797819,160.18726081448767,58.62990282533724
376.6385964892834,357.44658380931855,160.3625517253513,60.15661797366977
376.0,357.0,165.0,58.0
376.78248496540823,362.68256540512357,163.22604154972294,60.963743471808584
376.6478308324015,365.9273594619483,164.02702825474762,60.76508950799166
376.69110673956357,368.79792559874363,164.8711610503824,61.68533411035014
376.72803620282025,372.8635781728044,165.87286308844978,63.26012995760169
378.00781824732235,376.45038626706736,165.7552151868706,62.84197229699072
377.756869826786,379.22445091110217,166.82227782101836,63.447970342013264
375.0,378.0,172.0,63.0
375.168743734439,383.7266292805622,172.4289383407072,64.96513878181014
377.1016107023445,387.5018518081263,170.8694368628992,64.80772424656902
376.37075117791755,389.38362635630256,173.25558701739283,65.51899795441909
378.05134616389205,391.59359583598473,172.44613815654793,65.85377799554374
378.76154504966973,393.9458861956951,173.3933947298857,66.10610340043053
380.28805047103765,395.9607671969454,173.6447262109266,66.81714544850206
379.0,395.0,178.0,66.0
379.9782589979659,400.07324486639885,179.68967157901716,68.4508857567302
385.46878789328497,402.13870032517116,173.80854218757673,68.60351753421992
386.3514840562965,403.65590094432196,175.54255795903282,69.18575625585277
389.1778616672699,405.24243726976965,174.05893921642325,69.63932506807282
392.3245551615346,406.82407071702346,173.0817930819494,70.14955458208988
392.98325388127046,408.32487231810467,172.5763528215149,70.51685537673677
388.0,404.0,178.0,75.0
390.8213527023456,409.82388401599087,177.30177463333916,74.36180499369891
395.32476241318284,410.0061219074896,169.48121721421307,75.76378906380069
397.0132686887325,411.07419931994843,169.65405294100674,75.8516925894545
398.9606537723486,411.8405891083046,166.9072443876824,76.20019000424759
400.21561791453485,412.9832749952361,165.80240309400983,75.92148677660134
401.5938853744351,411.91911474468907,168.6038752394602,74.64617111640166
396.0,406.0,175.0,83.0
400.3019807518027,411.49790966079445,168.75557354655325,80.4306422451267
401.0397799528979,412.05066562128275,169.59853747505713,76.37430296388084
401.07302430640175,411.9965852187065,168.78226097976915,79.29518863045132
401.3079311746236,411.254488770997,169.14559201859709,76.84397455676503
401.9850583899526,411.20262968177576,166.38811319927646,79.31224038452547
401.7628428019233,408.98922489121094,167.30664673377635,77.9640698453976
396.0,400.0,174.0,87.0
398.10414934421715,406.02083588805,170.8546359316481,81.61648254927962
396.33751192823513,404.47907236801984,173.74349756599725,79.49176999125484
396.6385467510203,402.4412184136297,173.62378139633017,79.19330842246154
397.56689453669924,402.46579800205063,163.4144773582707,81.33924265059477
395.4359587862833,399.1522121989519,168.6828440823524,80.49708546094342
393.9726317882459,397.32409482578305,171.2702496953321,79.14086910213587
392.0,389.0,162.0,86.0
391.9439273310948,393.8348191679879,160.04377746308813,81.20081148481358
391.7625533273622,390.5115710953796,161.9156010482675,80.27042312494575
392.3572907961938,388.19812089169704,157.4551887085151,79.24313017105464
391.77281394346494,386.065615704174,160.80507109275777,78.266376092266
393.5607265423944,383.6021277393231,154.2294182823207,77.92683605210846
393.139706006722,381.2832436006461,154.88197423353995,77.19556790856814
392.0,373.0,155.0,80.0
393.97227363020716,376.5633634634796,149.70811415173057,77.27109517720919
394.322248708193,372.81392576755934,152.54844123853877,77.06033827437295
392.1208596891058,369.9279504501385,151.4654926657172,76.21158368426961
392.8146035887785,367.3139662770739,152.15460407677597,75.70747879910965
393.08524798034864,363.8231615776498,146.93768693270272,74.96659326050013
393.16662887716643,360.70367349609535,147.02430335509553,74.6522126306985
389.0,355.0,149.0,74.0
388.10221704187984,356.94344924728466,149.4605752176842,70.99783654979524
389.2240227780874,352.74067688863636,148.34105934433092,72.64252958328694
387.88951415567874,349.3334678243182,145.61657871805505,71.34449954757474
387.08801553863015,345.77615971564677,148.3852765841363,70.87615555350914
386.4036763356055,342.61222190067656,143.86267160502757,70.35955023933366
385.34493168681627,339.66947166417214,148.3077553053056,69.63421457802662
384.0,333.0,143.0,70.0
382.41746069814565,333.84462444926214,143.13287383518934,67.9708961851859
381.9053557915745,329.499808662717,145.33101331354328,68.56351194893932
380.62885294634293,326.44484232428965,142.17338201492635,67.67543006954918
378.8554485263908,323.32672206576365,145.92002886618798,66.90994585440308
378.11812716120835,320.7341286319504,144.4613100693955,65.88779172563113
376.6720839856439,316.4398105064696,144.03225626876986,65.96641280653466
380.0,312.0,141.0,61.0
379.1117624867628,310.5630849817353,143.7090425317523,63.90757243381154
378.1109432323982,309.41264347323454,143.61589391762254,62.25992946493966
377.88031332009007,307.34627671398357,143.02947292435408,61.156850913606206
377.02316508901566,303.34591799816457,142.37264334832759,60.40823260291796
377.07340191328143,300.9830713573143,141.21549790557293,60.21305566604178
376.5663154402721,298.715522253402,140.49275507774473,59.67860470442133
376.0,293.0,144.0,56.0
379.15707078459116,292.86822306500756,138.17735332808388,61.59821244066143
378.133521091984,291.4389137627718,139.59003433447083,57.99512564650854
377.66628544128173,289.0874502694088,138.90150956349248,59.126907152638864
377.6506473852738,287.4159584196386,139.0651925834136,59.14782580225426
377.62329282355495,285.8506665136506,139.2033468653608,58.9477689722159
377.58284497978934,284.3440870975214,138.8672915599111,58.864278938581606
376.0,283.0,142.0,52.0
378.202146261581,283.0070550948476,136.55150806765573,58.37184251475264
375.3816133452783,281.68832240792017,138.26694295454922,57.028950369829886
373.7260423500123,279.75817967448006,138.42271084220914,57.697602978537475
373.5998383138629,280.726785079268,135.0465940368336,58.081801893000375
369.529211045754,279.69348652774806,138.64098003013146,55.803076611753795
368.15095979648095,277.65672215983295,137.7137975627453,57.16263659612957
364.0,277.0,146.0,53.0
364.5316994992909,278.2685227639827,141.4607035901198,57.3016605598209
363.016018623799,276.72476781304783,141.4816955208189,57.20650945887161
361.657251042363,277.68511100083833,140.36195419363509,57.72213936859646
358.57952410273845,276.2756472939709,143.35354591368724,57.245471953827746
358.63748747921784,277.42479524270067,141.89899466018664,57.753765499498115
356.46961407780543,276.0657269779963,141.64409450440724,57.40767171126413
357.0,277.0,144.0,49.0
357.00164540707704,277.7586172336728,140.39957146732047,55.76262521107856
357.34160542358757,275.3747061828892,138.4867448874573,56.95133695002119
355.37531004554967,278.10026579974254,139.7126984982974,55.765540019284856
355.61083407569276,275.936217270475,138.75296166009844,56.706838540709214
352.6203453390509,279.2622598147136,141.44614253518426,54.8523282863498
353.1138737006388,276.6962786322888,140.6268074826013,56.48907496682921
350.0,280.0,146.0,49.0
350.5230749790387,281.4745541698433,143.15240723065688,54.00474950680467
351.22929521579044,278.3503477633931,143.94848141425064,56.58719498338178
349.2141834876169,281.0799555468992,143.90019189310271,55.4326959049323
350.22513162742916,278.364458875522,143.48716295601434,57.073647292115766
347.4271092287622,282.0660639161965,145.74866300149256,54.77342190124136
348.3133786519975,279.0754979924325,144.6608873183468,57.03757215755621
345.0,280.0,147.0,49.0
346.0646575008377,280.3513263021724,143.59706999707396,56.264608807190484
347.11318673754397,277.9383975815017,142.468054024028,57.49825955117785
345.2872157039782,281.6316589267185,146.7931212134522,55.01618951206592
348.39918617292346,278.4592104303059,143.2223695382902,57.74104413115356
346.41057584871123,282.1915154536552,147.60361435145933,55.20343434132866
350.1109608441216,278.7877794858796,143.66362028378825,58.16172230111988
348.0,281.0,147.0,51.0
350.55676772878917,282.2732112007584,143.8380630128048,56.41666622244725
352.48240574437614,279.6618186108069,143.02687638161046,58.09687871019213
351.5689168696931,283.6370214462913,144.42813346099638,55.390466616467165
353.51764697172825,280.2738989189112,143.40290090766644,58.36369603049815
353.27196736924736,284.1032054929992,144.5620063522358,55.6180308952471
355.1564699689766,280.8624012108444,143.2023493135407,58.485463241569164
351.0,283.0,150.0,51.0
352.51546181387675,284.07354014802786,146.9281247897925,56.84970504177227
355.70455706912014,281.48438847215505,143.48894531483745,58.3475326356176
352.3760235521304,285.7816493482653,148.15256273171144,55.23683819570692
354.37068522740856,282.3945766263213,144.83229948078417,58.384423634095015
352.06378254376284,286.4008420393387,148.22273297908464,55.57804704035664
353.81710087620286,283.1032069702346,145.32196226568715,58.629688381261644
350.0,286.0,152.0,53.0
350.10281163002924,288.6467290542714,148.60244940256092,56.76903559041466
348.6121007717152,289.24180026152544,150.19508363302816,58.4387822706326
350.5416557200582,287.0254637851766,146.48147732400622,59.48414555750901
346.29827782637767,292.1575706182248,148.97536071119794,55.699046055361464
345.2597119812666,292.24195919876564,149.9496815690361,58.729052918257196
343.10975329220526,293.5444527385971,148.18857302818304,59.21873741263653
339.0,296.0,154.0,54.0
338.3090436356788,300.09239057332525,151.00219416909397,55.65608289846068
335.7534866730948,300.67594785432567,155.03250722931853,58.47305841792587
334.793201025489,302.42271547769104,150.81155535957816,58.88827221626633
331.67611979786034,305.4404640237233,152.43529353125314,57.81803389356742
329.70743306451186,306.9398086569772,153.2481869525468,58.89527846365695
327.98864707272435,309.2193566102499,151.4342530008193,58.72748383061929
323.0,309.0,156.0,53.0
323.64679814725014,313.00843747425074,150.7334272670314,55.949766391362914
319.45242523376874,316.40541300638483,151.31393496017023,55.979144396995025
316.59354612312154,316.86954500614456,151.5927093322557,58.96971363306784
313.3529777278627,318.8988704712956,153.43922211177693,58.97967801262166
310.76978352440346,321.15616622042023,151.5481433073861,58.83568021451822
307.1473769416916,322.7516288971792,152.9551777664733,59.5180939491338
301.0,322.0,156.0,53.0
300.79690445130154,323.4699910413267,149.8021127149811,58.792832492864136
299.15343360261795,320.9737705357652,147.84750090528377,60.33712802344314
293.7193460895296,322.995259310082,149.20122909533598,59.996182645703584
291.3574068284702,321.19898458453645,148.34250784780897,60.16942305209045
285.9308518131879,322.7395782322888,149.05559398169788,60.43224865073347
282.10189131535094,321.04878711385595,149.36565962760636,60.33836166138457
274.0,323.0,156.0,54.0
274.11839566204867,323.52809379520295,149.55964726224096,60.34811220636584
270.99468067510884,321.8451971876493,149.2581167030246,60.28507898522139
265.93740998340763,323.2753796178924,149.76366615813617,60.726011083724245
263.8086101448871,321.6164806405835,149.6341870859294,60.52525933344816
259.3294216343709,323.4601699245718,151.36230048769517,60.47345938315391
258.4371507363744,321.46512166580874,151.72910280424867,60.797678645005476
253.0,323.0,162.0,54.0
254.92942172036987,324.5284599787458,154.70302412203728,58.958678807874776
254.58592949273543,321.60642726117237,154.85720257801574,61.08651981657624
251.02049087297655,323.7806746265847,158.726205594553,60.65845381200205
252.5219168834742,321.4069914143615,155.5223483284169,61.650968660787726
249.22334306683547,323.933551205125,159.6272098848102,60.865730606296665
251.07795013616385,321.35836433590976,156.8221654017384,62.12922265704731
248.0,323.0,162.0,53.0
250.16880033427606,323.8357601101202,157.34926872263486,60.18179235102207
252.73619727927473,320.81756654348646,155.1218549097058,62.17464483879087
249.89305857044383,323.4618465293683,157.44631640077307,61.16572506105064
254.95570892041542,320.91629319382855,152.66695546108258,62.35732627937375
252.4939910659641,324.533011384049,158.5157572688763,60.19543144162378
255.8362252913824,321.54443615858986,155.05300161402687,62.16312271573412
253.0,325.0,160.0,53.0
256.4097360344572,326.054275614423,154.15788075530634,60.07581913254967
258.8850013680765,323.2816136054789,153.45965616111812,61.72769579770403
257.1636701124926,326.1064557325186,154.27089720361414,60.66197462114849
259.05736280656583,323.64226388803525,153.60004229714264,61.6263148555887
257.1933845010126,326.7742701340935,154.15482896640992,60.2437913334802
259.3250370358036,324.2180589894631,153.55835377051665,61.40208724167405
256.0,327.0,160.0,53.0
258.09057259007113,328.95371464116715,154.95318241539712,58.061818255662274
259.60766022761504,325.38695855282265,155.4653847549996,61.23471217176876
258.1895657302596,328.40289954345207,153.51145283832636,59.985759811179435
258.9149451596403,325.7694517604655,155.38697286460035,61.18121114284429
257.46923719816004,328.3180081339466,152.13109346724855,60.51846876939533
257.988436036652,326.0260002403984,154.53540691229256,60.99751170462554
251.0,328.0,162.0,52.0
253.51855482678457,329.2720002189087,156.08951668249233,58.42303339912519
255.22617659628122,326.00687963073597,156.28728418902233,60.88250704716654
254.30933470224,329.0033270518145,155.25859937576934,59.65640339454217
257.6737980187254,326.3854310368022,154.29845313429882,60.60404523032628
260.3782545506041,329.5030549725506,153.85214569032712,59.339555541054835
264.93477205127954,326.90165895900805,152.24910947697379,60.202386547931894
266.0,329.0,161.0,50.0
275.1374149739098,329.5975386843746,152.51257737878007,57.875887120230004
279.9700052536699,326.6249189013042,150.7956897816058,58.19066047679041
283.83347516281276,329.54540454607127,150.26333597538576,57.69785716786805
288.39120385756604,326.7736172543471,148.94367445022903,58.33455816570904
293.1677671640759,323.45893931556566,146.68366830265091,61.07855600297546
305.2070187892805,330.74021890546544,147.95881888986094,55.818303167041336
310.0,328.0,155.0,49.0
320.1781908904505,321.2156226032473,144.49120203656997,61.300973288248315
331.04635327990945,329.442131757849,144.96879687105434,54.932116043659335
344.21767021669564,326.63469253987773,141.29744479995225,56.78088223007808
357.5765178406691,324.05188598577433,138.61222499030032,59.87854007057928
359.7231057115482,322.14267913971094,141.86677496215532,59.7744095918348
371.0097365425572,329.409951075927,141.7777006086194,54.245009170414505
377.0,328.0,148.0,47.0
387.3651188906613,321.7715980328037,139.00913070236243,59.42403294055663
401.37020995142643,329.5679696498237,139.29099842075448,53.27387469255655
412.76008872504804,327.0510059950334,138.3832942019751,54.529807626029196
418.58484788493206,323.5627662642255,135.90428428136056,57.48642033185149
429.4928093585222,329.8390005160659,137.51041133539002,53.00373863089453
441.29322482739553,327.9474077653881,134.27136829322058,53.20983972819113
449.0,329.0,141.0,47.0
466.37543686820754,330.1830110581997,128.39246709754673,53.909171267247814
467.71009301915274,328.1035858685966,133.65174696300335,53.91858439534235
480.44002118328285,325.9307199844735,131.9413584786605,56.45682018699563
483.8600305135865,330.2324641706736,132.32150455040426,52.52068378282712
488.19019063706094,327.7387752035021,131.83217418160768,53.84316688467692
502.4247014490834,330.7941177659959,123.54919819061115,53.4420417997062
497.0,329.0,137.0,46.0
505.9423993317191,329.62168156508415,129.70509804638505,52.774068589204944
508.5086577311765,327.5500023868043,130.6496395799178,53.602262228018844
512.7349268540472,329.9736134424429,128.25076576584001,52.46733202173982
510.5700890254766,327.8230495972748,130.11101573475514,53.19358260003821
510.84719872976416,330.01666414337853,126.99063270432293,52.36134990011067
507.8752319670607,327.88243111613167,129.34810632708786,53.21315017391271
503.0,331.0,131.0,46.0
503.6205278063685,331.32792684209755,125.84174359275153,52.04403506922597
501.114254327872,329.15004721595324,127.09959549243786,53.144410838340264
501.1416495993787,331.8960324950301,122.83655798162846,51.490515638611896
497.5729500280795,329.8703095508097,126.36471536297847,52.36963781961907
498.70413917437827,331.91765777193154,121.01514299343035,51.606796960054794
493.6687742308645,330.1469088039016,125.57926575062493,52.10523106684889
490.0,332.0,130.0,45.0
491.448025759611,332.32818994688137,123.60004269590104,51.22441853102907
487.9687769871989,330.6388834649906,126.50923006771609,51.54997202510913
489.0575418922524,332.46832410576496,121.19564313061949,51.13706347277696
484.79871034009034,330.85683730792846,125.63312348695024,51.3140554741442
486.5337457418616,332.5655596705126,119.6745372488615,50.98013466645398
483.6599627460412,330.9905716088099,123.46671127572915,50.96478570630313
482.0,333.0,124.0,46.0
485.5473236216282,333.9576560531254,118.2098348463158,50.168178226397515
484.55592455389893,332.41305855742826,120.58120151550582,50.47943560311006
487.98990336143385,334.3314582028213,115.93697761009975,49.901670657762
486.68460754309245,333.03776844977347,118.88177069780028,49.759780802164585
490.32654584332886,334.74589761171376,114.75847712378527,49.3832669957078
489.43340649155505,333.4755571694768,118.76209275016174,49.33059214149728
493.0,335.0,118.0,42.0
498.82543414941574,335.8233108777977,111.4531329541528,47.483377828425034
499.4741673210689,334.26712758866233,113.07528403205322,47.90303199141306
502.78644530235266,335.8436319575332,110.12207528257653,47.69570392439306
503.45604138327326,334.72405077504504,111.6954758442048,47.05221929602607
503.1523198641897,333.5225054026612,114.67143825891384,47.20921252942924
508.23240194780175,335.9454522542943,109.58565367992111,46.140582176704015
507.0,334.0,116.0,43.0
513.350999903189,335.37282970861486,107.70385005588969,46.456898174611865
513.6112850682949,334.32044110422976,110.90203609778303,46.17222685414629
517.2910541797559,335.24040474583626,107.76200369168862,46.38576575007619
517.9897219385944,334.3725051245219,109.42805232507862,45.708912533445755
521.2103904159761,335.18168674490266,106.31037936104576,46.06003988977591
520.6642683876933,334.4449232637155,107.71292074737596,45.25599865276024
519.0,334.0,111.0,41.0
524.05689491625,334.94058401580264,102.64014117839997,45.373001694699724
520.7459249279873,334.2614468065892,106.06777476283276,44.61192628196949
522.7449633961669,335.02722159947734,102.04285719875361,44.988481169741135
519.4926218879039,334.4666231721453,104.95517127226242,43.887823077875794
517.5682234444466,333.4323832336695,105.70168953221048,44.263088165516024
519.1626866574087,334.82030850334513,100.99678831681638,44.07180291471468
512.0,334.0,108.0,40.0
512.9600624498526,335.15347590504314,101.95048937028332,43.8556079284009
507.9036560563163,334.49414941703935,106.06958339997618,43.31651625564149
508.9940951806555,335.3475280667632,100.37862914842248,43.640442518121176
503.3088171934961,334.6616971078929,104.08822328097142,43.067717315135496
502.25598524568477,335.54038780365045,100.51143880938184,43.28436248640173
497.17112258811494,334.8897101826028,104.5061155542412,42.765111681863516
497.0,335.0,103.0,40.0
499.02146883902935,336.8329797057595,98.71680887715013,42.603621245309114
498.0624508016306,336.03356100635665,100.48745698646871,42.46565503785973
500.43195591812673,337.0748730747599,97.72090421009705,42.36573873251302
499.8283461708884,336.2814804365785,100.28611303642583,42.29847761764597
502.8355781177786,337.7131204245711,96.83562395485114,41.78824763679586
504.166394522886,336.77808697942237,99.15156631732827,42.14479932299719
508.0,338.0,100.0,37.0
514.3020852742537,339.1405210876009,94.84463625815374,40.8381968280907
515.7177926014649,338.10910323684084,98.15606298117291,41.00478690393072
520.4920668046316,340.11229200708726,95.41470484248384,40.18416110526209
522.6495922849056,339.0532909087342,97.04365672813515,40.45251245264535
530.3930780670353,341.10169847492944,91.85052407906187,39.69952227752765
531.4040279898159,340.1141905036029,96.11796035844463,40.03011768113265
536.0,338.0,98.0,38.0
541.649450833406,340.39339760719236,94.32983193932,39.86775462772039
546.4362789934312,340.47942799983866,92.60969036898496,41.09737562664304
551.177860530714,340.6022102276777,91.58689781679004,40.007587794308506
556.3602631110825,342.048728481543,90.39768718945197,39.72411557225951
559.98594415194,342.1298837403125,90.93669255491727,40.797357382936525
562.4849875483341,342.33726397316514,92.23406179258166,39.58668103043192
566.0,342.0,96.0,38.0
572.8216379639863,344.9041474182616,92.3226048330049,38.9794390800696
578.070096619798,344.7243166974313,90.03396671411952,40.51117049940876
582.7125168914854,345.25890736605356,89.25771856746724,40.590486807157276
586.4248350538028,345.9222360137858,89.86072147428695,40.43862815836496
590.4977693390717,346.42113933000985,89.45041361337758,40.496084662101
596.2338902292431,347.4810013897553,87.60711116485982,39.9279313412992
597.0,347.0,93.0,38.0
601.7917842794095,349.9561329628822,90.21630591031044,38.770592472547264
607.4789164173008,349.74027939221446,87.61032752812912,40.171513762291625
610.0557112303882,350.4895888732017,89.12121926136092,39.85835783485618
615.9528151963823,351.96649182375313,86.80481548686657,39.14946736581351
619.1864299005392,352.24538486128813,88.01261190204605,39.81791405826243
622.1445091117976,353.1251521760099,88.65941509677668,39.577948909267775
625.0,352.0,90.0,39.0
629.2280481368159,355.26238013722775,88.53059527342498,39.09481921037792
635.1911781675371,355.86131443407464,86.50147978227687,39.74149800835755
639.8124133329839,356.46949326335607,86.35158767037728,40.01299224263494
641.6171113285446,357.4742879600999,87.56109181804891,39.805571849830926
645.9385330651089,358.4231098285477,86.44199334899122,39.91961586857201
647.841653250778,359.15077890195346,87.29735587716391,39.9881080930046
650.0,358.0,91.0,39.0
653.705819239253,361.08124693846685,88.1260828827759,39.48759044603537
655.8301410185238,361.55615809323626,88.63938046849967,39.95014627231012
658.004859189044,362.3748431369139,88.39301267560677,39.99349506313786
659.9076179221597,363.47614213082034,88.1480020929622,39.89419553001244
662.0264901646742,364.6013104449564,88.43311847851555,39.87266893818105
663.7476400865048,365.1879339128261,88.22117309163525,40.127475074477275
664.0,364.0,88.0,39.0
666.3446383193684,366.33908907505986,86.32848946645493,40.039440773662136
666.9399496754554,367.07117056217635,87.14388353791287,39.97653476525238
668.1905587358514,368.16062421626236,86.65290133508404,39.78976172436546
669.0848685914175,368.5596858565186,86.47973194660028,40.157389555168265
669.827001473426,369.0956213379243,86.71735771015938,40.18015311907857
670.7276136511247,369.65244969381274,86.52322803898517,40.12965915367727
671.0,369.0,87.0,40.0
672.9887832213461,371.62417391770373,85.82306511384661,40.674751398364606
673.7653259822087,372.2269721256025,86.73015614625263,40.46115010606309
674.8077926255664,372.7009978875467,85.26549804525257,40.57384007066685
675.1443927532364,373.2319383340082,85.88090593609422,40.525945845382694
676.3453371984142,373.7236130343474,85.85785076941283,40.53163121758416
677.5112731356658,374.21582894523226,85.26805151431529,40.536616782815145
676.0,373.0,87.0,41.0
677.6745506862844,375.4553369942869,86.44905974771427,41.12596782208243
677.7076499485946,376.2036289374357,86.014624903406,40.89428780165224
677.072163879562,376.79967275869717,85.90241003641233,40.80289112922253
675.5278599897812,377.33109631559546,87.7876177188923,39.03474273092229
675.5686880551684,377.10259768756737,86.52617595735808,41.257540067645266
675.1432178606979,377.8392967632151,86.32072554613762,41.11381763649683
674.0,373.0,87.0,43.0
674.3574859761743,376.0335409639101,86.54279231968076,42.18246280454139
673.190423169154,377.1006613833856,87.19481636205728,41.842649366809326
671.8340178611435,377.7251558074952,88.05122870851437,39.78828769810195
671.6980924573043,377.6673838055399,87.97248529905005,42.118304067314796
671.3153263151996,378.60397120653033,87.93429321285271,41.96103467393323
670.0718624819123,378.9911127246389,88.6828086771319,40.257045291819054
670.0,378.0,87.0,41.0
670.5243911165707,380.342928076332,86.58013632120958,41.69906523585723
669.7563531886483,381.2002079893077,86.97066927364062,41.53059015007989
669.096397423535,381.81328120362446,86.85148670310616,41.42929271072501
668.9361897997842,382.50067940266763,86.84182742954158,41.45730697271392
668.1063620272507,383.39252639808217,87.63230444126748,41.669981351510216
668.0145725180888,384.09703849733864,87.03185632492023,41.61854016142854
667.0,382.0,87.0,42.0
667.7945846442258,385.01467007746453,86.48767753098537,42.180801445171596
667.2916988145003,385.98033278310413,87.09961212385463,41.86754358037081
667.2856595915428,386.8192747535177,87.54172626831428,42.100579015685014
667.5410833685894,387.7234351269203,87.63110382221998,42.17210606205242
667.6302598739837,388.61764116912263,87.86612522098858,42.22793300312844
668.7693899979876,389.453593984427,88.02225725382641,42.28426904523559
669.0,387.0,87.0,44.0
670.4274601378688,390.66397800652067,86.57472588621886,43.31504520850888
670.6675581105925,391.96279384009176,87.89217837462047,42.77116009154361
671.0290589750045,392.89046855417905,87.50226108472361,42.79343589025268
671.6180109176493,393.8089544302086,87.15166448697084,42.70405828756935
672.3075151327366,394.64409168233874,86.36109822214075,42.729452130497066
672.3966049762162,395.5395128690725,86.70285079142104,42.624191957355265
672.0,392.0,88.0,45.0
672.470480107585,395.8647963943299,88.31193074626299,43.25947884019712
672.713806643083,396.9930723736088,88.03241711249598,42.93997443663238
671.694724865116,396.5572625665317,89.9609089624995,42.15737495994972
672.692242643986,397.3460332204446,89.67476769267705,43.83898453107929
673.7366100442307,398.60176361364825,88.71302172503022,43.25034635371048
672.5757407852311,398.0625342546159,90.95553028758025,42.59276605706191
674.0,394.0,89.0,48.0
674.3049179387373,398.6579245555913,90.4520277298925,44.76598826425993
675.5900553908241,400.1880948399871,89.1856543562983,43.82663434673134
674.1813364512952,399.45598578152726,91.98758749001433,43.36374084264003
675.5334948843765,400.2678049359474,91.17778415635132,45.260762060772095
676.9302868979553,401.86088476586815,89.22833933614857,44.091579260370395
675.0765615785444,401.0424512568643,92.91143035001573,43.776901669379185
676.0,398.0,92.0,48.0
677.2322062425026,403.08635139063585,92.61963897555233,44.683486454039894
677.7702388870564,404.15336982912504,91.96792146685459,44.57706715567389
676.7078319228424,403.5964636319551,94.22416450509104,44.004953185261684
678.0533705007832,404.35171242214983,94.03477636452476,46.13178837772341
679.1614438815149,405.85635572482715,94.23290138793243,45.56680928410424
680.6742742203162,406.9605029786542,92.96633240590302,45.40994560348355
679.0,402.0,93.0,50.0
680.0550221845629,407.5478968538166,94.00633348675865,46.52837359396824
681.3180942619126,408.96277128361544,93.50367543189736,46.129498099016075
682.2517461774635,410.1432531223609,94.24297602282536,46.639021049802864
683.1299024140303,411.4400284443982,94.28177856949014,46.70918660032794
683.9674041631692,412.7079696247856,95.06056707357129,46.87500244379237
684.8568854082544,413.9489208536843,95.38701791690869,47.24242793794758
686.0,411.0,97.0,53.0
687.6388335839305,417.4955031898752,98.1199597387365,48.579042835890164
689.4896472948165,419.2835728920443,97.61383167727718,48.56618944055754
691.6130967502904,420.9735549647596,96.63340081245951,48.345821912728866
692.9417687099249,422.4506450618501,96.94922598225503,48.32524340740747
695.2932765497862,423.91094830937607,96.02264125561419,48.06973588999199
697.6316845413735,425.214010413167,96.33090454077706,48.425581632279204
696.0,418.0,100.0,55.0
698.7076022377955,424.6433982746879,100.53184965006062,49.707915832412425
701.8538057830156,426.4518944813726,98.04745737075382,49.04707061610054
700.359250556568,425.7319704489878,103.0022118542704,48.08675587126004
706.0621507521519,427.18478545292123,100.13290967151624,50.72529858198038
709.1650384319164,429.1233359938981,99.46338041782042,50.03082178320972
707.6062079662997,428.42907952317864,105.0855713148294,48.84253972103443
712.0,424.0,104.0,57.0
715.6831585431312,431.27631146625686,103.18082387408185,51.018702918144925
720.6964558805812,432.926970547117,99.89515506232556,51.177646974875984
720.0667699749918,432.4443028105472,106.47510199328394,49.4101057510548
725.474463777492,433.73582253577797,102.7961058131209,52.04395174014053
729.221365600208,435.5241922142727,101.69544627079654,51.98278321616186
728.1172300618306,434.99719603276696,108.49819565603968,50.23135912196028
733.0,430.0,109.0,61.0
737.5385231902834,438.20755010463677,106.81940058388716,53.3380927210078
742.125067451309,440.30774970652715,104.97662135051405,52.99616045062794
745.6512278370337,442.2239119225537,104.48618972683607,52.493959602834934
749.3071684841511,443.8862925933622,104.20133970896961,52.2557163696556
753.1141574022295,445.3872932440818,104.8544254765784,52.5000591312006
757.1076411910253,446.99284299571264,104.9062185326602,52.47077992098377
757.0,437.0,115.0,66.0
762.4048433941251,447.662999759792,110.85841279734393,54.629546224077785
767.4018064460015,449.8498274893177,109.03547865860446,54.87288880593837
773.8763708746392,452.51519816442055,114.39722868605713,56.29534614743818
777.8790805607246,455.1228046936294,111.31325575492474,54.67904440398854
782.2378853061136,456.8569072450507,109.72547558766223,54.9591892291113
781.6168743945668,454.9236809233184,117.78549785906193,54.56543236362705
787.0,446.0,121.0,71.0
792.673962421537,458.34531048780957,119.33781666296636,57.10474581021458
801.1018068361709,461.48465782059793,122.2734463518052,58.93922503647627
805.4926136658221,463.9508802423629,118.2650474374733,58.65390371935928
809.4095290803093,466.08573083759825,118.34060188216836,59.20785532462071
813.5349251210951,468.30373120091804,118.95945739512331,59.38907317674773
821.3474977121882,471.0914944565809,125.80535739578727,61.081098442778625
821.0,460.0,131.0,78.0
825.8960849372096,473.7384797226514,128.814924997581,61.12683741260935
831.6862898883558,476.45613138236854,126.21650457285784,61.99178734272891
840.1811776739728,479.65783754151926,132.1328334566267,63.841230078289755
844.5904814007686,482.3665848613922,130.23905849440735,64.07124751815672
848.7290451137615,484.74463276431436,130.48037097167708,64.70145717206572
852.9308047407303,487.26195333158716,130.84754221089042,64.96178063097432
855.0,474.0,137.0,83.0
857.344546942115,488.2821841358791,138.36209477607065,66.19925879768255
862.3157814893566,491.5942470369192,135.84584648699456,66.43957617941987
865.5305519800181,494.1623381317145,135.6473455135772,67.42311163412705
867.6057183723897,496.677872175992,135.72681546047102,67.79095429483277
869.9895514759892,499.1182957042745,135.65160640735598,68.17164166348516
870.9596736236999,501.53680113924156,136.92038652641554,68.23919543295449
864.0,489.0,147.0,87.0
864.1584848799162,502.15986476111516,146.50444620016754,70.77442197852872
863.1460837056748,505.1078131446434,148.6096616054067,71.65058714380302
863.4902389597237,507.76046948982,146.4038766614998,72.18933349480585
862.858418475535,510.4273702578971,146.31477147482883,71.843769956914
861.562795643933,512.6950353983048,147.99592925203103,72.21626259900404
855.6658233813873,508.7313436038841,155.02023319901514,73.30372764908503
853.0,497.0,154.0,92.0
851.4008670192117,510.5708735375872,156.3720181741611,76.01614619218435
850.0726881862163,513.558497631502,157.38877814033071,76.72933566292454
849.6567821910633,516.447645591003,157.18859101284897,77.01461602011022
849.3514378040577,519.235935981108,156.87643649824156,76.33479266789504
843.4233527587785,515.1938287121911,162.67669545499848,77.30599835976136
841.839369016306,517.9664661434249,165.07223445250577,79.80212709880948
844.0,508.0,159.0,96.0
840.3606715028936,521.5318626556723,166.43724505650653,80.90860275602836
841.0346096448216,524.7908259983151,166.80283602492943,81.52920234421617
