461.0,304.0,22.0,17.0
458.23083689110354,304.7531750909984,22.309350246097893,16.886221593013033
456.36738001149956,305.01912210464775,21.52320943103291,17.23764936865166
453.28142690697166,305.41190753714704,22.223674633234623,17.2926616911667
450.7932358361988,305.7493508284141,22.237902063010154,17.21296858111532
447.8124521918494,306.01661518548804,21.741846477425497,17.292247045302474
444.6883104296437,305.78840857444084,22.33343805474624,17.027069534073235
438.0,304.0,24.0,17.0
435.9526142331248,304.52776584667555,22.835023275821584,17.410263388367184
433.2136684739619,305.22847587698993,23.3534381263363,17.44062175796006
430.5237700289131,305.9065372331497,22.56803386648562,17.14789133199156
427.58063643983905,306.43568511005424,23.18512370870434,17.063683562849974
424.7995475045543,305.5516570964194,23.31620985243626,17.88316708858497
422.07348876907395,306.5285770113554,23.4397154500615,17.615724091902337
418.0,304.0,18.0,16.0
408.9881053598351,303.29982961977726,22.799347801106933,16.78628143868957
400.7786838382249,305.5087566880995,22.478652667930078,17.195298212337036
392.42707653920786,304.35382510153863,22.28835743540992,16.52405722592107
383.8215370701845,298.18142621645575,23.15670593189094,17.293450302058773
392.56535828229676,302.4609246929781,23.436116374149606,17.327534460786637
388.1745601590879,307.67500217183544,22.038993562781002,17.211080651348425
410.0,312.0,19.0,13.0
401.6568396328471,314.36321310916844,21.767484823809127,17.146068754625844
393.037542617213,308.2278962130831,22.890140337585706,17.36667798287891
401.867639748709,308.23116582971636,22.560967846467804,17.36022749643746
411.1381160577155,308.4220552390725,21.9748724614426,17.066984853867325
405.8316348973339,302.6111915937267,22.13787102589174,17.30012012081653
397.83999048558144,298.82160099350637,21.886273393313786,17.185019584899123
413.0,309.0,18.0,11.0
404.51942050922827,306.21107115046937,21.953119634653206,17.631494168318113
396.2552408777398,309.48121015294595,21.443226456934838,16.24394312650321
388.29181381758366,316.2230982240304,20.97972393355741,16.974318981147007
397.4746114869629,324.9113280497555,20.56961737648919,16.75620405175175
397.44137897161943,322.5411147944415,21.17908683224016,16.295283867996375
405.9953877857199,318.36223367733106,21.14779494262359,16.384471359085126
404.0,310.0,17.0,15.0
395.75825184822145,309.7511247311547,20.957220234160445,16.122511637264154
388.2830771058717,310.25963589001594,20.334811839590202,16.100029169281413
380.38897151085416,310.75589864492895,21.018111942609494,16.11128946454835
386.96789719749427,318.93101339343286,19.579625814363908,16.4414759371806
379.7104584927897,325.7575949153916,19.365876454201157,15.932985067522225
387.6054356465531,332.0147756277472,20.555757152102615,15.917092379130168
401.0,317.0,20.0,12.0
394.4854685033547,315.75919077129697,22.17933850686768,14.911644513280066
390.48295367435946,316.3309147898062,21.32725892770236,14.995797133621465
385.6626479378376,316.9081332803243,20.68707947926555,14.840217717875532
380.83680770634237,317.2923140753577,20.549986846443062,14.903638021744996
375.9895197160352,316.2106760667423,20.625842980422647,15.1615759823556
371.3019672123146,317.0037239619297,20.584338925927227,14.68298722056204
415.0,333.0,14.0,11.0
406.7398185592132,331.37461591499164,20.363428509919572,15.334627817769956
400.466784456539,332.15946374748546,18.760780569371036,15.083404003150804
392.5646725894802,332.9236676371445,19.33581447971983,14.665822658888601
399.9636162087937,328.559257262419,19.96768737185971,15.53023905732556
392.3859642200488,323.33058461245696,20.508935359570273,15.158948870094946
388.41683574196065,328.1372314587645,19.26028183004803,14.976105900347477
421.0,348.0,15.0,10.0
412.72970386258567,347.7568351611326,19.641816112234665,14.886799143809867
405.57439270995974,348.5266046596008,19.26817223926264,14.893900705731141
398.16715556409366,351.2173140954385,19.73288153768084,14.128779516919849
390.69589281665003,351.8974335034749,20.173512804677273,13.725307785231962
383.92972051495894,357.4052564931911,19.185123221822323,15.2639413819158
376.7653087731909,360.2009634704182,19.603296321737048,14.380191720671519
408.0,344.0,16.0,10.0
402.19433167050806,341.1337655966263,18.552129430020443,14.277391525162557
395.78939493997495,342.02207391564684,18.290475679405915,13.579387838045477
391.25388891647515,342.8689928859733,18.392015816506216,13.291543386178773
385.40478689380166,343.4538481480856,17.823256061081736,12.91975329373679
381.22630845179566,344.09271859185446,17.61102380351673,12.79725543666973
375.2042143497401,342.79356118232784,17.61779982992317,13.235851198080354
407.0,350.0,14.0,13.0
400.6913361604409,350.27719816517657,16.578016450949292,13.975794787474115
394.29173313929186,350.540214103664,16.314471313274225,13.961201344880408
387.70792991003555,350.76886297759097,16.455642031753086,13.917324838268996
381.1201821044336,351.01044385330636,16.745407350171774,13.899587857125368
374.78614373566387,351.24457070652716,16.75275168999252,14.244516010890607
368.6344456186489,351.39800500141246,16.349030068070533,14.473096802514192
412.0,334.0,16.0,15.0
406.56770208492503,334.5323390049492,16.85128235342313,14.022265485115213
400.1913855311561,334.9474259803744,17.633380340385145,13.545563063586883
393.55114183080127,333.85054340480565,17.96867329740985,13.442553187002545
387.37965493467203,333.2345646595397,17.562580283321097,12.805605232469816
381.3732505784799,333.44892096047613,17.269927316428266,13.287824909460028
375.1989557877305,333.0954847280991,17.711151481154957,12.533942569686133
422.0,312.0,22.0,10.0
418.8156795094146,311.30516137294774,18.21042442926756,13.03112329060184
414.7233534207495,311.62514359939166,17.680313748042238,13.17297162077989
410.1672131170692,311.29195939417104,17.99985228075542,12.903622047563772
405.86145557112604,311.8743780812985,17.824548893927613,12.961353007063906
401.76220839869313,312.1279677334064,17.398371865020522,13.196030240470918
395.00135696952566,312.28423570989037,17.987063127380225,13.139279562952765
429.0,329.0,19.0,13.0
423.8133910245647,329.0008979274585,19.348463342534785,14.056783293624108
417.7819447407883,329.0947501239042,19.086423532883032,14.271902076675246
417.6490396422032,329.9672259553763,16.126466969881676,13.607109621227096
410.62898100247867,329.86460124028963,16.92012447616787,13.66140673362679
403.80935419634267,329.8722509648087,18.412761660713784,13.864646199052913
397.680830986493,329.8790668325746,18.832697255624453,14.453958992896787
449.0,326.0,18.0,11.0
444.20754370050844,325.32817488820297,18.12578055207001,13.183645713610304
437.9588539133473,325.60221452521085,17.644951396667807,13.01891472976746
432.95174974681186,326.13206357185254,17.894147510546645,12.858881878933062
428.12489109993203,326.252769866505,17.698601848142175,13.13579420599001
423.4466270323153,325.0875049043426,15.94486164132178,13.632366262038204
418.82820458026015,326.1780468840563,16.44074157501484,12.97330855733486
471.0,304.0,16.0,12.0
466.16486398133475,304.1235531333296,16.979116874463216,12.58214355513104
460.73433476831633,304.1659426893515,16.649305037161582,12.849103838827205
456.43069434826066,304.889387177834,16.793305264376613,12.443966470574992
451.2837754638624,304.78053089761886,16.19173595150494,12.72208126634223
444.9638785146367,305.0200835997414,16.478668041683704,12.495861080102486
439.5454633329003,305.3116922680215,15.600098584782415,12.414200420877478
472.0,304.0,17.0,13.0
473.91909486157726,302.259999140531,16.40376542818484,12.714065917274468
468.5261212012839,307.74500053138445,15.394030123587868,12.53332490213495
464.3813452633014,311.30598447630996,16.070471745201985,12.908121691743304
470.86602474849263,311.81300149805077,16.258390350457205,12.257316635688198
466.3174354946382,307.35047950902606,13.871382198135962,12.299638036207853
461.55181297458495,303.3276284647163,15.995665292697367,11.824113555473673
472.0,298.0,19.0,13.0
469.2436154247814,298.6859991483054,15.826485589504728,12.629788024033871
463.5363968764491,297.73916077443323,15.590458075355627,12.711850854287832
457.610994631312,298.27938067438504,15.966762960988603,12.695674041660254
451.7528343911513,298.92576182640244,16.080867645831347,12.503319657810152
445.95870786182786,299.7017684458729,16.0932247670371,12.10609246331802
441.0164432589106,300.7183399581837,14.683443296559062,11.521153930070454
458.0,315.0,16.0,16.0
455.08183689257925,322.3704519804387,14.53124987043708,12.218363320782373
449.6392585286838,322.890994263605,13.998952844112125,12.072990917637185
443.9364275769831,323.4979872254644,14.282147959795111,11.73515129549196
437.73297553909424,319.55036363717113,15.173552795360479,11.625062715992726
432.19118071542835,315.0712575071649,14.971993370232667,12.340416821454767
426.92360984370407,311.3896010982385,14.266231574345738,11.430795762989874
442.0,337.0,20.0,16.0
448.5743899117521,339.62317208508085,14.258781664390256,11.417214675698744
442.8485445818541,338.478643251467,15.096934672105533,11.551420281537332
437.6534594835313,338.858873625147,14.943748237933562,11.465153614440169
432.3856877946002,339.20585456291366,14.950863108594149,11.38261556602771
427.1885359964198,338.0098628053549,14.936273593260921,11.948863595181933
421.94780236716247,338.51150964218937,14.976171281007055,11.92458673367355
434.0,340.0,24.0,14.0
436.5862282092125,342.9419682162959,15.05938597922011,11.880676700197455
431.16413194357324,341.7739611419386,15.430717114855895,12.409732635153944
425.76522648171385,342.23608059296043,15.644032942625472,12.472826541841414
420.3882422074597,342.6829904840805,15.704171630578571,12.472951932113233
415.16830849702285,343.0924153259636,15.01494015321066,12.488333916529086
409.4841838548299,343.46561234066746,15.272522320605617,12.53383490999272
431.0,335.0,24.0,15.0
441.2487021791501,336.5803609468917,15.629826640745534,12.08105005569496
435.85838187089297,335.540256439397,15.638998974887954,12.038127966686716
430.53179277174956,334.5542359818691,15.485586010628083,11.940145763443013
425.1572335909257,335.06119388930256,15.44085589638911,11.891767744097535
419.7527686482449,335.6168029624163,15.429340681764529,11.812100453775656
414.3900529474988,336.16692459799464,15.39082375951665,11.62372286327735
417.0,324.0,22.0,12.0
415.7482860956443,324.578696961063,16.290789227561277,11.708782313339157
409.8028124035791,323.8607765881243,16.576694246548414,11.93293694867316
403.9555117642374,324.37729314354874,16.55678228506497,12.11610020182161
398.6539517781215,325.0287614177423,15.796986848456811,11.768432090553347
393.39858944040134,325.464119489899,14.782086380115288,11.892283415173267
388.00054717320984,325.93814553160956,14.827500614216547,12.148589128394974
412.0,324.0,21.0,13.0
417.168485682197,325.78423083415254,15.573786241542734,12.080581961838163
412.0573519389782,330.677672757919,15.334859204203894,12.231949107885157
410.4252304457841,331.7235792228549,15.478252057467046,11.93861193352484
405.2679032958787,328.1169781337836,14.617276391973064,11.397852962000854
399.5127268390619,325.7997750506476,14.9413695701611,11.234842022415137
394.69043482161044,322.8302729809759,13.841504493073217,12.260993606286206
423.0,301.0,16.0,19.0
419.02223266600186,305.8572741349524,16.05868209949449,12.106002280612074
413.19433449860026,306.2916640376566,16.25372459847881,12.522305046921247
408.6184136869341,308.95619059469084,14.228538618874722,11.021165339696495
403.31390394241134,307.52545235967796,14.147366012140196,12.105442694904696
398.1770465344556,308.2071520762825,13.95016540203585,11.795560327729731
393.1431541967095,308.5553143919004,13.716104345594886,11.908466391262209
411.0,313.0,17.0,12.0
408.4396348229293,313.33169294517734,14.580370614842877,11.894438983013629
402.5805526657672,313.57452636977587,15.086580637710426,11.962153801672457
397.03959744587723,313.87853572214703,15.678857272129676,11.946245652787354
391.76378188198225,314.1379138823538,15.945891266050467,11.96128515680374
386.25689966459595,314.51252686472367,14.8701286091964,12.00700602707468
380.26623691960856,314.73405643149863,15.412957816382573,12.107206292619878
399.0,305.0,17.0,14.0
394.9432721797748,305.7049420272259,15.963771701472979,12.98724129484981
397.5372372497128,302.88299696089723,15.348859740158787,11.857270469711807
393.64546901853464,303.4478090380627,15.782389390820754,11.985712827825523
389.0381531497761,299.17798994196403,15.060477072769004,12.053545650817739
385.195532096875,295.65262798477136,15.774254478590251,11.47188250327298
380.3890917379939,291.3725792897499,15.226746264542271,11.793786426794043
388.0,310.0,18.0,13.0
385.8464630006507,315.663930909818,15.273174815478342,12.356667461995414
384.36477984682034,312.0811335212024,15.153162242081919,12.11502765265152
386.4900497391905,309.29456229667414,15.30740956165431,11.181394435024572
387.5339952892523,305.45077004145037,14.6076307958283,11.88421742178582
381.7836574509556,304.60915584993654,15.270809527344227,11.64747889499779
386.01933512289196,309.136905288392,14.619822457487942,11.594661632048428
397.0,321.0,18.0,13.0
398.4129957824662,319.95333536288797,15.100822091006933,12.089488541409821
404.81244626719763,320.6780552844954,14.833086935665506,11.29947167509954
399.48971404418694,319.673687793015,15.010576893427697,11.342743694467572
398.1712839544831,320.48930686533976,14.700510668725997,11.359089256915524
393.1189344406207,320.04774556195434,14.368084609333891,10.818110708625
387.9580312500307,321.4980139165534,13.81086000900359,11.253070106386758
389.0,322.0,20.0,13.0
388.251395024311,324.525007120626,15.169170172073791,11.67941722260764
383.3910508275402,328.0460754576402,14.67149222071231,11.333898146834485
378.13614196698217,331.4840226631504,14.839119733582265,11.126344130997154
372.7351540070563,333.4387027390884,15.120068773390472,11.023015336020137
367.43314454810786,332.2942367499798,15.273879613446923,11.536409944430943
371.85093918449735,336.7052392926008,14.731350642031089,11.426039176265874
392.0,317.0,18.0,15.0
389.7108557277136,318.1927964541137,15.400745368163427,11.8608107725031
391.0974674097615,315.33671125193337,13.494980957051666,11.513469175325554
397.3209918170195,322.05537393196255,13.391881048448454,10.220851052647276
397.7793773876231,318.4961511250075,13.37420136083017,10.941807880722934
401.64400408164806,321.4085498937653,13.893295757257533,10.870063724503098
396.6017211654948,323.24891111336314,14.38129883621042,10.931445199225152
390.0,312.0,16.0,12.0
387.2892341725151,313.0979530926402,14.325400500116416,11.52906558253062
381.6120087936324,313.4922045501439,14.373778661542246,11.326199973217456
381.56220454473714,315.77904019861717,14.841454354328334,11.551853646218774
387.72513163723784,319.02944750616723,14.890092215501227,11.259576398028344
392.74439688970597,318.7518643821545,13.27225500130271,11.984528401824264
387.2340275606365,318.4455307844076,13.931141597731653,11.324360925345445
379.0,323.0,14.0,13.0
376.91268091623897,329.43865996713487,12.791440953946676,10.865791621986489
371.2621276588792,329.91156193344864,13.856969999956164,10.790681569816343
372.0902828072019,329.9016447402779,13.216591294258706,10.472146643752865
377.89332565626114,332.38467620165966,12.992488127334582,11.09992218673068
383.36473865444435,330.638873062774,14.20401996619779,10.22536516365949
379.22517659736053,329.74649652043274,12.8062152917434,10.551816374335374
374.0,334.0,18.0,14.0
373.2733379858894,340.8921399626213,13.598994756872457,10.144108323862156
375.8322281412724,337.63292876976357,12.866849192223924,11.162754204825376
375.51014746897636,336.9452505296939,13.767329867791886,9.444710298967607
381.0858245029448,342.0722136482704,13.929437454090248,10.406659228462786
377.3004690231785,344.0754211001174,12.28321813884179,10.063258317398493
381.133544358172,346.93569409362794,12.875053874629089,9.995161136800107
387.0,347.0,18.0,13.0
393.3202092553506,349.8552940220651,12.214928976431338,9.864099915635052
394.0136132344303,352.3182613419651,11.73185017820174,9.749508694888846
398.7432909852153,357.45442094836335,12.795012959662472,10.055557206751928
394.44752923174616,361.7690344834399,12.753537526741525,9.879991080291518
390.093186590378,365.9620715896742,12.474458954973954,9.819352059974449
385.980163334857,370.28728892962175,11.958990000669473,9.659667898235455
390.0,356.0,19.0,13.0
399.408696678171,364.3165092574852,13.045094460440168,9.520793545025413
394.73457184234576,363.47098084005336,13.333145938287998,9.893442025333968
392.1470103103929,365.52659761158657,12.879393794041619,9.548203662989977
389.30613011647097,367.3777155389562,13.108641681682343,9.526771972139613
385.1833866714208,369.07070422100713,12.29916683891048,9.555605569533725
384.203246664788,373.36124867472427,12.26681650756359,9.947266696452516
392.0,356.0,14.0,11.0
398.27941430803617,356.5297862991366,12.504880233035635,8.897148242863864
403.4011281838172,355.0677909435799,12.474726310632832,9.845851062252223
408.3255960034753,354.3408979883154,12.544980300881434,9.347716746357037
409.43214983161306,352.9170091839478,11.795286395659787,9.594428837410817
405.37348362023664,350.9833730748344,11.787984984523519,9.702859654470558
404.5048327704611,353.39625200580804,11.55867516397592,8.98898582905224
384.0,345.0,17.0,12.0
383.89063540153234,351.21643420154476,12.723290629691064,8.728871453095621
388.4482999382567,348.70092514101987,10.965989272224306,9.153431784283725
389.9120721566707,346.3734192827435,11.862780456058601,9.211846227473814
391.85235351797337,351.1845105570625,11.67435775184498,8.957762226087368
393.7324241325512,355.86232210583944,11.740002296516025,8.934734020632447
394.20384412981184,354.4789535026044,11.776692298841454,9.065522052918652
380.0,340.0,17.0,11.0
389.3359220842823,341.18997674340886,11.106137100020419,9.257409745374389
389.4270996116436,338.871544421808,11.835371410553137,9.03002036061497
387.0584783767006,337.25155000724084,11.610028346261288,9.013846309801693
389.25296839675286,342.09478088894195,10.785713538736104,8.76543878138341
385.1313436129176,343.57648891243196,10.858197145881604,8.827124758011507
380.7879951673109,340.75313374192115,11.790924085166864,8.83360762619111
382.0,335.0,18.0,11.0
385.2849531039436,337.1899013019323,10.85660834715975,9.244462878022546
381.1886986521047,337.95926933717647,11.260198131346442,8.72057162720921
377.18961867571824,338.4890540083561,11.530731495640282,8.626546277912098
379.3047573296092,338.7956554245702,11.159274363614031,8.272366802120189
384.1033982438279,339.20352402494814,11.021081441027263,8.190937154165454
381.7622311402685,337.6599077940124,11.106112845356392,8.536246267291858
374.0,313.0,18.0,13.0
377.3210591421214,321.45400579155444,11.640191155342677,8.782836781736137
382.30886625752873,320.0216425521173,11.07415304469987,8.1229777352969
387.21734453407737,318.0407639935936,10.839064270891697,8.301198394773792
388.9395371354273,316.80097994687833,11.060512849902636,8.763785451766978
385.2415932611204,316.17196754983274,10.876403330001665,9.014009755310553
385.525350167896,316.08561479972354,11.18841312676227,8.818563383572894
354.0,299.0,23.0,16.0
359.1468167047099,304.4089400081924,11.212093434122892,8.637348758950395
355.39900337301236,303.7760826449503,10.691385665785845,8.815343970283948
351.314342917889,307.8454476853499,11.153569226292632,8.182883673894707
347.66812414338494,308.4539927823978,10.326068144427722,8.063993445554615
343.64733315992453,309.19616582837034,10.27853859897914,7.69453965449793
339.9451299895416,309.8263865084841,10.25584112777375,7.524778305412383
331.0,303.0,21.0,14.0
341.2817281365782,307.92528986971,10.196196686075382,8.27719833521246
337.51967642542854,307.43080428690683,10.510779538918996,8.295263748565901
333.50889284198206,307.911562203549,10.908999464792032,8.273825674444936
335.9244669825223,306.8753530476582,9.639828783181201,8.243791313260829
336.7572614703672,304.40447666619116,9.124256854362102,8.531722268825774
334.1522143532841,303.3328466272267,10.095386522190665,7.731476023168511
330.0,305.0,20.0,11.0
337.2091442290597,311.7771238362498,10.084161462346287,7.855574761957769
341.43995500519736,314.03957907569367,10.275942014555085,7.963738543804595
339.3994828518708,313.6902116884826,10.169179555968128,7.924641613649726
341.0487153191388,311.77678567259784,10.294738567602394,7.9325400878499295
344.1303977188766,311.0054654420343,10.153614403020413,7.920291208834215
340.86758621771764,308.4600543052775,9.631156961668125,7.815894583620832
325.0,304.0,19.0,13.0
327.4141545214882,307.38034860920203,9.745144601121183,7.618060844572597
331.4585140974339,311.53892807075226,10.159302885348723,7.7973364949996835
333.21427861674084,311.61163724227845,10.098029530043789,7.817637619678862
329.935670667941,309.19798765155963,9.916528075325289,7.787641589356326
332.92755869531663,313.2932500522722,9.900440224028216,7.768139769704987
329.59264807552034,310.8675890463546,9.978867260503364,7.745498929034284
328.0,292.0,20.0,15.0
331.51719715453004,295.5771819440169,10.095681909295706,7.4918240114988635
328.2670777185658,294.3311631540678,9.917688968112486,7.100559621359139
325.12254539101025,292.9010708912392,9.51156207535712,7.234114500515261
321.5416512551251,290.2722132004935,10.037182768785442,7.781908410605524
318.22504019427294,287.8956888468037,9.948540006951873,7.447284585872865
315.0501063053015,285.4583329260662,9.64488671847755,7.393692124162499
322.0,281.0,22.0,14.0
328.0535243331734,283.76148027811723,9.259571609427155,8.17400191296315
324.5464033739189,282.57850964388604,9.905532738830573,7.777154507310797
322.60042237566745,282.93155319590915,9.668037535129315,8.123296623304213
319.1447956542734,282.82647895320724,9.82283008191979,7.689045484324993
315.67328704551664,283.1137562733693,9.908369635632312,7.932492869387261
319.03990483735356,281.2382799909699,9.188010012506993,7.925962879614076
317.0,276.0,21.0,13.0
328.1970382441111,282.17327741622466,9.863783611999906,7.301108812663529
332.38396313625,281.47509178552065,9.803693598100665,7.49709268980331
336.5755531261099,279.86970700435313,9.705719272057252,7.617180354834204
335.7884544354157,278.7826251413942,9.732599768670696,7.577702293212667
333.79416338251497,278.4361627710775,9.773653375883327,7.634225723379075
335.4746193279925,278.4993334690953,9.728982127448035,7.64948002790743
314.0,275.0,18.0,12.0
321.419106552609,282.2431607170022,9.82933672393466,7.432628599002953
325.6078368461011,281.59018708096846,9.743329546854625,7.558035529011875
322.40962303214553,281.1250375074937,9.708096440263262,7.552895847709806
320.4018165204184,278.9178452185363,9.764170488968716,7.525011554745106
317.2234906623853,277.5209728655828,9.668729549048294,7.529730139560002
313.9797304235828,276.1102021622722,9.74083113226078,7.549608946522426
313.0,278.0,17.0,10.0
314.79406361500395,278.8335615966578,10.035887922598874,7.3917123545454615
311.9021315381156,276.45316628294097,8.92738110608974,7.501579481370527
309.4921471614713,274.3236033967504,9.944550818867583,7.391087892609448
313.872229431278,274.49062185906143,9.61696453922309,7.692489193014694
318.0538653597932,274.97641364492114,9.538031256266379,7.41831383185837
316.05755229772865,274.66642611914574,9.624275230222679,7.392514363730982
307.0,279.0,17.0,10.0
310.83276686054387,281.3470172001509,8.590888818042458,7.66051019711864
315.00229042597266,281.7228659652382,8.869110475138655,7.671940039565982
318.96040836415784,284.09006473015205,9.210271689184765,7.190119328552385
319.3217065050958,284.10593598772147,9.400738767260464,6.984714148357796
316.28351073096576,283.5790514455005,9.288420978476324,7.25044204978127
313.2117734402851,284.0197344153772,9.147125351916316,7.093339836924997
324.0,278.0,16.0,12.0
329.2365367591228,280.3611837960402,8.806622228423748,7.393854630097849
326.181600355186,279.24930342756056,8.517473381992886,7.111457413724224
328.6491407271831,278.5361677054373,9.232603262888972,7.271897864456378
330.20027735810675,277.64204989631213,9.254082500589107,7.498603280999532
330.76001299550705,280.3874648236075,9.220854279734056,7.247551671246356
327.4822284384526,280.85729288837956,9.569335049903202,7.142108208783725
308.0,294.0,21.0,12.0
312.6859787292408,295.87165841571493,9.036348113390318,7.661783716910691
309.5593891958897,296.10040206809845,8.72357622465347,8.002035144083948
306.4392582519067,296.5087070540244,8.633612849458586,7.982644112126991
303.0919210041553,300.43141793566497,9.029132991874803,7.092520399989439
306.86647867618603,304.42770306963007,9.616870207493037,7.313789179179253
307.3803887519706,305.36510097453095,9.36363427677577,7.271837196858257
323.0,311.0,25.0,10.0
331.2802611097379,311.7138201193112,8.860159384202007,7.611983661485851
330.7878972374964,312.40033725141143,8.518317879180586,7.644570016711896
327.48371627713,316.20098784707034,8.692827606739513,6.471740628257521
329.9345333329498,319.58956494901554,9.005722928368925,7.2884898024376525
333.764576402525,323.7739073598152,9.14982107165747,6.873964460296406
335.40151681258374,325.5606314190826,9.085154132315893,7.045424790214156
332.0,308.0,18.0,11.0
335.3943138444654,309.6093704513089,8.699168029010593,6.692839564256872
332.7441276985139,312.7612363563655,8.04119100550929,6.903767199550828
329.2865955980096,314.81152451407627,8.96917052394923,7.295230429029061
330.8598354272243,318.6919124158228,8.830922421511445,6.967375869755415
328.20675934947207,319.8543308710248,7.994448954210668,7.264586127786515
325.0154664934948,323.14918491471303,8.528163159803398,6.891471431756145
323.0,310.0,18.0,10.0
327.05435102696447,312.07852166391933,8.627344752774775,7.181596712070814
327.3438326069143,312.7706241384499,8.900898428433209,7.211535965720827
324.31469914812476,312.4856504845102,9.051468700896294,7.209934915651047
328.138062311673,313.71317424713897,9.013406661216209,7.1556875012788055
330.91820517643845,314.06691073436923,8.902974914165384,7.177119560781534
327.8199075102792,313.67893695548696,9.054618803539825,7.2882493650458855
325.0,295.0,17.0,11.0
327.53762785831105,296.7986018991061,8.841618339333536,7.5319639848362385
329.7400177194762,297.9012003055134,9.803957155821763,7.539496813180904
333.87885979593716,297.23664637071477,9.349358956546155,7.507998562250918
334.39276233590783,296.5851539956007,9.25118524720017,7.046599984835893
331.45279169740627,296.2718643200933,9.112897163829757,7.002524392840769
328.4080807714894,296.6418834248385,9.11405640222614,7.172142183183155
320.0,297.0,19.0,11.0
329.01878237053484,298.6397472965914,9.384749356255213,7.282365439355203
333.0262151822657,299.0548098025035,9.297487552102496,7.214371963965846
329.97364635110307,298.54323017671686,9.291329501056111,7.384344245285661
330.4280539888008,299.2140130480184,9.30854194908403,7.551956834648706
329.6685310504785,299.23546716998453,9.38259263849045,7.2557613429252115
326.6661308176653,299.1278361342951,9.252022841367307,6.9410944915030655
314.0,293.0,18.0,13.0
318.6837246606318,296.91414149311674,9.079394547080312,7.166432925947333
318.981332325478,296.85208379955156,9.373453769104913,7.4545389775244075
315.93953437841975,296.52308092175554,9.265137798234832,7.50720703682282
312.9019395546867,297.04897791743025,9.06292279227415,7.36369515114734
316.9185940258676,297.34213486951853,9.054627139821719,7.601691664092641
320.776124041368,298.6473492449968,9.321405863020004,7.199308789142378
306.0,290.0,20.0,11.0
313.7690811265324,292.6189428295007,9.558111004274508,7.448480389568886
316.601000094779,296.03205499618707,9.54211034881962,6.5917759891832475
315.05759682511956,295.8870793529104,8.750717025410097,6.609895918992606
311.84020305481647,296.4776592034526,9.227605237774526,6.3439624189243204
315.99948800937153,297.68159857783553,8.71833817445497,6.360603875922379
313.21605013165794,296.5535284720265,8.565621891579553,6.329477267133825
302.0,290.0,21.0,13.0
306.2799900321745,297.4960993592032,9.104450364414902,6.120808203957154
310.45248945034973,298.6795078927843,8.493338117258702,6.219487551479915
308.9475268411859,298.3690890362774,8.151357742527352,6.368766394768272
312.5587915196431,298.0555257667189,8.296509801153604,6.274941189983338
310.86043447636274,297.795975663115,8.214010345578515,6.473101026383688
312.3445803518256,298.92482225430297,8.325007369147102,6.116727328463185
301.0,291.0,22.0,12.0
307.1043638716171,296.2086588557494,8.419133859471685,6.545502902108524
306.7244609514664,294.238294118491,7.928723759335298,6.659323805459849
305.0963763340349,293.0791349050727,8.0448124362062,6.875575223433316
302.169735150845,292.8140178072445,8.358749868372797,6.789650861727864
299.5985870314234,293.14792305092874,8.120962715363305,6.954667521329952
296.72996340598127,292.8903049888961,8.350737029111542,6.853032677416593
298.0,293.0,21.0,11.0
304.8588797980666,297.5900014694296,8.463461589832264,6.391067525617018
308.8214657016292,297.8462097230572,8.241970722991823,6.88186675397219
307.9675294639733,297.69669177188746,8.643262786415562,6.8804046484070795
309.7111988860804,297.76597715563,8.327561404429503,7.146670497003015
306.7226551205731,297.4247999242788,8.447284154760723,7.152453766118697
305.12693221792097,297.2596187183326,8.358094681131092,7.139473346671366
303.0,287.0,22.0,10.0
309.14468844301877,288.2945294614701,8.315606316324136,7.061202308556858
306.03155370369547,290.8148136935838,8.690061716486014,6.314559563481907
305.57602486430005,292.2410853606013,8.76675395980783,6.3329516016255525
303.7580762663144,289.92443401137825,8.694417736173534,6.915980819212905
306.12017890442985,288.40801478883327,9.28228546177047,6.8828205109907685
303.69009764367286,287.2525536760958,8.068124340908867,6.858958414858705
295.0,263.0,20.0,16.0
302.04938751824443,267.73423627105626,9.114142438262206,6.463796555280169
301.95017687697646,268.5308952770931,8.117133469806959,6.3240620117057915
298.9738184192917,269.04669689403454,8.173568161653236,6.185132509122923
295.76972661268246,268.6244191689275,8.676863102298853,6.241805290902562
299.79513924511,267.42673188837097,8.381688914071674,6.196372229238477
303.44975312151143,268.4731022512168,8.31586512300612,6.455189801719541
281.0,257.0,19.0,14.0
287.67605449331916,265.4477701288665,8.145838302967434,6.084739227227033
284.5245481932493,265.15477161764375,8.799858690060205,6.082609519808159
282.1252263698757,263.8872580572613,8.300963368222142,6.3955512782160895
279.45064999908436,262.78624648784097,8.319832834279055,6.384452130190937
278.8995499118447,263.5064013788538,8.26998027086529,6.382557463360683
276.26615264430427,266.40739682852035,8.241378754046877,6.368483728469869
285.0,234.0,19.0,14.0
292.0330219500001,238.40650612054162,8.183993400529914,6.331146746237465
289.47397708161475,236.45266461732672,8.030667544890719,6.405720141440156
286.78022182348434,234.5647344586646,8.145881946011002,6.318123443414663
284.12236386010477,232.89378862309968,8.212365950472986,6.009046091345226
281.5719076945684,232.75502226763774,8.114312019631086,5.87735601338386
279.033463348245,232.66755013709076,8.026554556080043,5.695518508230123
296.0,236.0,16.0,16.0
299.4151994140609,241.37158388161333,7.714217036385435,6.150869283810607
296.8918608719471,241.9829325529496,7.253744817074903,5.788008012399928
293.92845216264016,242.59072063846315,7.742421126549516,5.518461239308408
291.0975967797324,240.54186093084974,8.267375719445909,6.084532513329037
294.9827195860057,239.2900095778496,7.60743566049598,6.432893728406924
298.4565908706452,238.51074215336394,7.584779656427713,5.826337354078532
284.0,240.0,19.0,14.0
292.7190354497525,249.28203991294322,7.059460812082079,5.569169633421097
294.7978964113895,249.52848483800176,7.375537637145612,5.470127922939696
298.1846744288398,249.3523757887914,7.193863318271951,5.373300162254793
300.4637480655521,249.40557511356062,7.00674571988003,5.954762986650138
303.6010090669012,249.83785929534628,6.962329131547165,5.96270270039048
307.1271087283519,253.28318223948796,6.668268665645769,5.51657103575414
280.0,241.0,19.0,14.0
290.06256911112325,248.17481322740468,7.4779678870851285,5.549212281957807
290.8632511752053,248.05230098115896,7.08507072515215,5.897263796549225
291.0317026785533,251.21527765891608,7.50553030267946,5.607022746355369
289.5210786443332,253.26973788078317,7.801883219632089,5.525964440379312
289.33422184363906,254.67787677008232,7.331921991726915,5.512513897524514
287.05963551031107,253.6892825898732,7.19327176209913,5.611756065072996
268.0,235.0,18.0,13.0
278.4876172534498,243.2220906407715,7.302008427105989,5.653073962191115
281.706729123969,242.92788653613255,7.289005006846196,5.5923327526702735
279.46068584220814,242.0245598799433,7.24933690970613,5.578990405112307
282.67174195379073,245.2083514111598,7.235326043408918,5.614546981782382
280.4121823940163,243.58951141892067,7.2370455028695915,5.59448300711756
281.82205581981094,246.57263339281116,7.165405004035733,5.588979452761862
286.0,256.0,18.0,14.0
293.5385685519132,265.20722588528946,7.01361155074693,5.504340621733604
