376.0,280.0,18.0,11.0
383.55695129930973,285.6907826885581,17.65306317061186,10.92976300790906
386.68275403261873,285.78663802404253,17.260159405823856,10.835131641956423
387.0720911065746,285.7344947584387,17.32779265042268,10.777636539393711
387.2705928746848,285.71944395882224,17.23001446888634,10.762244024647998
387.3962409825324,285.7559760630659,17.26185128017812,10.74335985305089
387.54447598510205,285.82673514392354,17.20034331088641,10.719481860872293
386.0,286.0,18.0,10.0
386.46622515778387,286.4018366828135,17.327441994477283,10.603815328624933
386.7832932320498,286.4750135151039,17.153688345641967,10.350632220420835
386.9831761722587,286.5914933277277,16.995680341327216,10.27866752302964
387.0387428168804,286.6515997959481,16.958227464896765,10.252755042223555
387.1447398034361,286.7064734077394,16.852808371346327,10.258780981595919
387.22813240701987,286.7944021917807,16.683832947533688,10.221567179577278
387.0,286.0,18.0,10.0
387.3258210701381,286.6215153897906,17.231270509060778,10.534693159371272
387.8091257769845,286.66338906231687,16.976086404564228,10.325848416684323
387.9360467101039,286.7722716669746,17.042656206263985,10.305698601136157
387.91671567934964,286.9155733695562,17.04568032826444,10.312015064747243
387.92173866179655,287.04671307180206,17.077838529522978,10.300598351670033
387.9006144475243,287.1600339189672,17.13521019343898,10.365587891583345
387.0,287.0,18.0,10.0
387.3933259723792,287.4698965969354,16.893387109415983,10.382185981463294
387.57681036291456,287.69342179155956,16.9878946122235,10.303384725149044
387.58263391451476,288.1047375387657,17.245509802453398,10.578812853179443
387.7977451906212,288.1417648238888,16.809223558087183,10.527675598480528
387.7516914698572,288.25268544354685,16.870649911223154,10.470386460041254
386.8919448934146,288.32100851605765,16.10029713416202,10.261684826621945
387.0,288.0,17.0,11.0
387.29465327581664,288.81310553844924,16.732656778690966,10.785826843000564
387.4620969316047,289.0837244750594,16.699854274645077,10.547947754700544
387.4709451666834,289.16672861187294,16.66816787033821,10.600795439462445
387.3848206445267,289.28141328816537,16.88135141690219,10.586564657934105
386.40785107796546,289.6260639940865,16.378510448706947,10.834335689132786
386.6882034342915,289.7328564715375,16.535198716445507,10.633713948667037
386.0,290.0,18.0,11.0
386.35952035222687,290.71339624679297,17.350864316011155,10.809487077125311
386.39575929450746,290.9626761792564,17.336761835057757,10.3937856070404
386.40904405201275,291.1289516526067,17.11875708137461,10.375256586277146
386.2783089436882,291.2805437398812,17.1889669657553,10.394117694909255
385.05351803935775,291.5339606051323,17.03959920832517,10.92864163698897
385.1161383503645,291.8517397677472,17.530648196988864,10.472637282106177
385.0,291.0,20.0,12.0
385.4090643126083,292.23053650576185,19.0615584464515,11.054874847695828
386.0001474708679,292.4804289108192,18.112981131418337,10.741810412482664
385.86279096044746,292.84910690868696,18.36705622021691,11.431307341052388
385.90942411720005,293.14040158442083,18.188239746572947,10.962883155183135
384.0130523520987,293.3906865279291,19.17596331307675,11.42450943439809
384.4597184279223,293.5747372593146,19.180495695054276,11.186656984021283
383.0,292.0,19.0,12.0
383.2106558913132,292.9501332899597,18.398807133171147,11.307534806385775
382.8736123782255,293.3933286457891,18.774359049427062,11.676041028497991
382.8782671609739,293.438242278654,18.563785776501618,11.56398115980835
382.83862096282246,293.62821203835324,18.479095806880196,11.407672617216804
381.2080033152781,293.9029294912001,18.493048328675627,11.775752350470782
381.514779137287,294.1088773498735,18.772407500364636,11.551374184397446
380.0,293.0,20.0,13.0
380.45387407041005,294.1674421158971,18.981749347003415,11.59744116650677
380.08234187524124,294.613419992098,19.40787627535309,12.101996173656744
380.1587130604106,294.679356615892,19.23787855539831,11.96886257161708
378.585811016378,295.05941621192324,19.003255002814967,12.227254478321413
378.880309399069,295.1756575480267,19.248137040688107,11.987215548572294
379.10765261617036,295.271978873094,19.027759132697213,11.933476533589328
377.0,295.0,22.0,13.0
377.29957288496644,296.2547246447059,20.693716856862466,12.398265429884702
377.5949799397516,296.4235840541528,20.34964593352487,12.181412042695683
377.27918316139835,296.8751127117357,20.545387173622487,12.627450857940858
375.98816875613136,296.8543451387733,20.018100923343923,12.341668520928692
375.5407154007587,297.34649699711144,21.40395240042892,12.707102628551183
375.6592969325186,297.3681660668565,20.971724722675958,12.63464735380171
373.0,296.0,22.0,14.0
373.33650113937927,297.02617121812585,21.086925512789207,12.770441064114209
373.00944812349974,297.51324405096375,21.324995112793545,13.261176512594432
373.0613689615011,297.6019034214796,20.887737754458612,13.079550343176834
373.17167852288026,297.66219296831395,20.57561545310557,13.021048832504164
371.190794998072,298.07547158763225,21.202663663314866,13.000670892873018
371.6444365686532,298.17436844024496,20.93769748624743,12.811701555721356
371.0,298.0,22.0,14.0
370.9160189079423,298.80184290279215,21.688423637286405,13.71095183048044
371.37799020903003,299.1080387865054,20.68699708152917,13.311556819352973
371.29687650478627,299.3061327433569,20.322355738353508,13.148533577704939
371.0794195198749,299.53822039560214,20.242993256345983,12.850385285450557
370.7632683169158,299.69956201615287,20.24921541562361,12.610292775581001
370.9344120165854,299.8874275548186,19.532404177215312,12.349854711444038
368.0,300.0,22.0,14.0
367.9751605288103,300.9651667357841,21.80436589514045,13.469660556358633
368.21494285828066,301.182662169133,21.71837794021542,13.161354531501956
368.3683265962143,301.22227747270847,21.238340582031583,13.16837582652181
368.51662467709986,301.3086905310936,21.092716342924348,13.135025707434352
368.72762401164545,301.4128907440953,20.832960746535207,13.077071878239622
367.76860344904594,301.8360774372177,22.1744444377926,13.70479159723601
367.0,299.0,21.0,16.0
366.83205859006705,300.3522023349952,20.98958530981463,13.49828657918664
367.19534527104986,300.3857926324308,20.913821330622,13.464712923564548
366.8103178553206,300.8646476635636,21.9776633114908,14.190079081112856
367.109525442277,300.622508319786,21.961262838452853,14.04203157624579
367.27530343152665,300.7581990655731,22.116573995196575,13.682118371100387
367.6609346080504,300.712656410159,21.993286040355997,13.634599874543312
367.0,300.0,25.0,16.0
367.5660935226705,301.3498861488406,23.549309333001588,13.481909238846129
367.87308224923083,301.7629738186457,23.93541069549542,14.218468367050264
368.35478934100956,301.7199835083046,23.774771893146863,13.71236645529325
369.00805868818685,301.7086341407231,23.663300310423892,13.51997712891648
369.56796717991006,301.6809544019634,23.76616041371352,13.424110669601305
370.1394427143165,301.6785657106793,23.6706663820853,13.298518154134626
374.0,302.0,26.0,16.0
375.0960493586842,302.9232975320406,23.818746480476705,14.903652376754792
375.0626975395337,303.7169547685071,24.8407527817875,15.28452336170858
375.5038864437414,303.5673601218343,25.145429428754937,14.88145184854119
375.7307646111167,304.1290096779021,24.919197050431308,15.48086875711624
383.0127813621302,303.6447016546815,23.9940024243607,16.06875585602097
383.9275394108393,303.15669769986516,24.49623648541069,15.924173548820363
385.0,301.0,28.0,16.0
387.4974381679633,302.1022682272305,26.412883609020014,15.716600815617198
390.290322652299,302.0261014008041,26.33645045533001,15.781843777578956
393.0831901083491,301.8737070383573,26.46313361676647,15.903970485122443
395.7878290777019,301.721136765774,26.39991243218128,16.021059507617963
396.5013131656164,301.61299856437046,26.39075178792416,15.864419427395035
399.62645148631236,301.6139938842016,26.84578314823193,15.979719705679258
392.0,300.0,39.0,17.0
399.3977650856672,301.1851200264391,28.053913089779826,16.847898634179728
402.6927240959923,301.1944338486744,28.547163770882946,16.799750489310327
406.0249558565956,301.0514815375923,28.68321123498481,16.931128229344267
409.34580065327,300.90561500020965,28.940593129903107,17.098723459585244
412.6210851778782,300.6812954204298,29.13691216177949,17.2920835580461
415.72345282934884,300.6994256207147,29.81752797683714,17.28377229717489
411.0,300.0,42.0,17.0
418.4887892989931,300.76180783212425,30.74418872882518,17.561656712896422
422.15743409440563,300.9631486760077,30.851983690703662,17.611266153621727
425.6847657459422,300.88074861925173,30.99330867183454,17.71791801969539
429.3200896643284,300.8835644411538,31.259859113370112,17.861080926873
432.8964156122888,300.8333568428013,31.577943376857718,17.936102676267183
436.42051612724083,300.8845079618336,31.872555663082665,18.01959363776166
432.0,300.0,46.0,17.0
440.9870061933884,300.71617921962934,32.14179484581064,17.89917796708096
445.3304288329577,300.89426980640724,32.52466776723662,18.137276043312795
449.46074417807495,301.07657811207343,32.837335586359586,17.967107428335737
453.4449644833712,301.111337668524,32.92753117661766,18.008267816345153
457.4410834563739,301.11863015872154,32.92900033275413,18.140523980137857
461.4212904607666,301.16234809623177,32.924830781289074,18.2138966969311
457.0,301.0,47.0,18.0
466.41689723118407,302.0064373579147,34.12176870191047,18.49515787795241
470.287043411171,302.2131491656812,34.932541332941355,18.632412544329156
474.29255646725505,302.40277558432354,35.34471109682045,18.688083226932577
478.6223152537866,302.5202363992614,35.271932537333214,18.810364366598833
482.70755377064984,302.5455096091789,35.86659841239498,19.006325292902375
487.061631868683,302.63195766682725,35.83415358075672,19.051118418311546
483.0,301.0,51.0,18.0
492.8521413608246,301.648972921168,35.853810085438454,19.27259029992456
496.93890861389264,301.7602381627339,36.54127332344524,19.432316631991057
501.43269170394615,301.8945244506815,36.840103535455455,19.52826476799771
505.85256064299733,302.00544614833666,36.89291181566148,19.62534694347113
510.33086881325016,302.0942673763848,36.67787057692158,19.700561368359104
514.8501032991726,302.17138230355886,36.17384331069843,19.778711539722963
511.0,302.0,50.0,19.0
522.7571888033726,303.2707527156522,37.39166498720647,19.801269227522084
527.1660547604731,303.3870015450916,36.89715705858384,19.965707055196162
527.9783613435551,303.03582608219585,37.22454869930368,20.224163707758635
531.6683591796173,303.23871043543977,38.75674645190702,20.51530397197098
536.0684316218394,303.43770574178916,38.245527783257785,20.490726297073934
540.0454832648716,303.4880279295518,38.677490951197456,20.775617492652884
537.0,302.0,50.0,20.0
544.6246503290611,302.8545997625538,39.37790914160723,20.890330356917843
546.3484558523462,303.14929938766704,38.21035977110182,21.485272457488463
550.1053826803786,303.45132544955413,39.273956622850505,21.38147768374074
551.7492867341662,303.75980816129834,38.393918571055565,21.886019259704426
555.582391732237,304.0926929735042,38.663659029591486,21.71943810344601
555.2622012005234,303.9355740592946,40.14664548154519,21.828647955413203
557.0,304.0,48.0,22.0
561.8481244782752,305.2276410977838,40.6487912557277,22.48534882952754
563.5165008009271,306.0602719215125,39.18067375434134,22.727307285571783
564.9149570424242,306.4328674493154,38.722873619308984,23.047603006110876
566.2619800024268,306.8932604828922,38.646560603845046,23.21032845087916
567.3297879586999,307.4389787120963,38.843194615361426,23.26133363882036
568.3844606272702,307.98286872030553,39.04695637736006,23.391954613938992
570.0,307.0,44.0,22.0
572.4768388691136,308.3518419807957,40.521747000285814,23.240468577117895
572.3239603851139,308.89361693248475,41.020101031536456,23.199101532124587
573.2299032766816,309.3245868211559,40.097665720313216,23.3370014794923
573.7273212605414,309.74780089023614,39.8528416576105,23.471725959264518
574.0586323333782,310.44015767383644,39.24392935487083,23.457984577669322
574.043577651009,310.8566151645841,39.37802410432516,23.67013606694229
575.0,310.0,41.0,23.0
576.2044510567994,311.2671701931084,37.52975508812733,23.429954990649094
575.50832258848,312.0739235278388,39.00240601169685,23.807452828542182
573.6616141513932,312.4529040976122,41.11944578795851,24.055676878740996
574.5214069682877,312.89347643343217,39.06721066053012,24.43102983055155
574.0612887649916,313.4273856025984,39.28038739941644,24.466165497749444
573.8966981518415,313.91918367067933,39.08922675184613,24.720922034236196
573.0,313.0,36.0,26.0
571.3138857451181,315.10081618874483,36.11459586087835,25.491251090078606
570.9073225525858,315.9492549910033,36.31230264949727,25.679101804356605
569.3631663451965,316.847026499496,37.53583236332315,25.571744959226407
566.4140053907529,317.32446286125924,37.222600476223306,25.4818137248094
564.9158349769491,318.134297908583,38.54234412334563,25.813121253758823
561.448940672597,318.68181946593995,37.55523181302624,25.850347493700895
563.0,316.0,34.0,28.0
560.3575837085937,318.88569223883167,33.85836166971421,24.959826487580017
555.7143315007361,319.28514723280523,36.116265052382005,26.442959235287617
551.5776425661938,320.1170865146487,36.98106222626586,26.599279824104542
547.9524235496008,321.0550637349927,36.76029655594971,26.777384592772137
543.8889887754976,321.9157961913511,37.08025188538397,26.950525420464373
542.3703871019826,323.16628819028074,38.66794524993577,27.101761382745053
538.0,321.0,39.0,30.0
535.0482727722078,324.37126415095724,38.82177916210412,24.961042318332716
529.9591923667392,324.69198869773504,39.192018962128486,27.07606174195098
524.9644420535791,325.7804083416047,39.837308132805674,27.492869765597106
520.1618827226232,326.62643520145093,40.57020724796894,27.77721932169584
515.3957064366997,327.4195167020789,41.29649215403492,28.174742651171073
511.0415542351202,328.2618415717502,41.54788022383764,28.515498721652648
506.0,327.0,43.0,32.0
501.98475401739864,330.91084602329147,43.382241041435975,28.82002395618224
496.9912199490395,331.56559279967587,43.651270744105375,29.367820787735468
492.1203758776833,332.30617477797887,45.7973481171947,29.87476812369323
488.47603305600614,333.0268959176956,45.480078582259694,30.4535453236565
483.8201278238667,334.1076678979341,44.590942902458835,30.950939119577697
479.6364757440142,335.00768524997693,46.421587277556455,31.358623488176818
476.0,333.0,46.0,34.0
471.6586255024997,337.2389047087636,48.325983534576835,30.987202181015164
470.38523373338955,338.03735993300506,46.563477847231184,31.64780997138132
465.7340327145396,338.6521051217833,47.370773059350086,32.25829621460946
464.07608108198883,339.7880307095893,46.70355130182088,32.94280992863196
459.3628067069145,340.7760346431319,49.18857162576569,32.88684758780914
458.55157444713404,341.90985312468183,47.20644263236318,33.41354819849289
457.0,340.0,46.0,36.0
453.2309865436587,344.0698529489282,47.34716167073623,33.815814459711305
453.0082588768781,345.5758157068103,45.849085412921056,34.07973256598268
451.51536467217966,346.9183872970873,46.717844422180406,33.811233292494194
450.2425294827942,348.1003294295365,47.588694761662964,33.81748628728462
448.5508947901598,349.2848627983294,49.424697043115486,33.89964188137492
447.396583605913,350.45743368523017,50.215143287394824,34.09882801027129
446.0,347.0,45.0,40.0
441.1970005890837,352.40478454772983,48.813917178836164,34.81585959823542
442.2509878898662,353.85590402765274,46.44995678255157,34.926548138666135
440.7100063526233,355.5654367394782,47.91501974780738,34.257981531777546
438.3084056490561,356.9922604044468,49.83178239004428,34.22617116386732
437.42471791571097,355.41874626834056,50.01334593980016,34.41425232508254
435.8763998126434,356.8889538850061,51.16366583242166,35.39831236194436
427.0,353.0,57.0,43.0
426.419126405759,360.4370941716302,50.276227418247174,34.76558984829069
424.5224620876761,361.9710481876864,53.132337080118305,35.05668408638144
423.51124229468877,363.5412181654797,53.445043940845096,35.048684940869634
428.9905311145965,361.48475230355393,53.73352028984186,36.75059717409863
421.7300256185184,363.22414435560097,55.4440788988241,36.49239129938667
420.98623961332237,365.25531230629406,57.031503510274035,36.51858491451242
411.0,362.0,75.0,44.0
418.13463983767383,368.7002426760055,60.463908387497156,37.867101883881105
416.85464192234383,370.16969503336804,60.592089977565365,38.38140775705517
416.05182891677657,371.6185664881966,60.55346993343636,38.941064906398935
420.5822298828298,369.4968810269768,65.56045837598776,40.06042222501867
419.72482914136503,371.2875909573926,66.19614724795133,41.097869543356865
420.61671378293215,373.35932990537003,64.39492651396523,41.65479226646107
407.0,370.0,92.0,45.0
419.86151879001784,375.0420441330309,68.52707334381063,43.14961589307029
420.2060639157171,377.21693714792355,67.85831507876901,41.84961268857501
426.0597477422882,378.9945615197612,70.44481300068605,42.40142513580406
433.318331526125,376.4576272351628,72.48241655421339,44.75202689519165
432.81929493521534,378.37647884662806,72.35998916262122,44.05807597631696
438.9086654100238,378.0615421466752,75.32844975297348,43.70698943393876
413.0,374.0,116.0,48.0
443.15350845637295,379.04237135283086,74.9196463957229,46.58872408602747
441.37666117022854,378.66395169022076,78.89304765402721,45.17956719557151
450.96067782851765,379.98020935789407,75.87490501404181,47.16534754248573
448.79006361815357,378.85545291531355,80.54450855070513,46.49615883410081
458.3851596668992,380.9834635465969,77.73459726544252,47.491092018503366
456.2750408295003,379.2168281076198,81.77219372249851,47.9258063996175
439.0,377.0,122.0,49.0
459.4033388750213,380.63663077733645,85.63948442268884,48.889806348221555
470.1529961691763,382.67810800350117,82.53551553662089,48.250525337799445
467.98084431349,380.4590620635322,87.9180407808417,49.236777154621905
478.67023553398667,382.21294414421664,85.23592955579716,49.219071286349845
477.07846291540454,379.9072791224618,89.69822418597721,50.23220826662805
488.273717557169,381.6096908624229,86.23484765701869,50.24465835269257
463.0,376.0,131.0,50.0
495.8212982774746,379.1445504905362,87.52950489595764,51.36194175704645
494.0628295511874,378.33834599730017,92.54696298237968,51.23804456244409
504.8220291821575,378.1501666676704,91.32108155569529,51.86751767856549
503.9672239493325,377.320221256306,94.46243028757704,52.103762706876296
514.7336814551377,377.1912994788522,93.73008281047191,52.84892996261988
514.4102352216448,376.3494153673046,96.24854497172169,53.18225950712986
496.0,375.0,139.0,51.0
530.9178661103306,378.38943219678447,93.75075890835569,52.8591036835428
529.9293843062205,377.52086263960155,96.64525033977588,52.369281011807914
542.3542628382202,378.4022976017309,94.03962000242973,54.33131485230115
541.6032017783491,377.76396742516863,96.82781774635805,52.773549722209054
553.5188747751363,378.4350244447021,94.92541702138647,55.080361236973204
552.533261063837,377.47761366084194,98.43109116851065,53.632897676645484
530.0,374.0,146.0,53.0
567.2967649327866,376.9173721813553,97.3412419560882,55.37823535104724
565.6225627069452,376.1200244964788,101.66594352470042,54.225895222397185
577.3140085839714,375.2659826967338,100.60271031463935,55.85253408649987
576.6796634812454,374.288314104645,102.40854797120483,55.07204249727272
589.3707614574237,373.4059875021337,98.61092163020226,56.43552924238372
586.8098017643069,372.34604235476013,102.37543049694659,55.60019243976387
556.0,369.0,154.0,54.0
596.376231300671,371.1904692121984,99.47477021536315,57.37963052737541
595.9310894752763,370.06114250824544,100.56238895540434,55.66143836970451
595.2534225335789,368.40378584642656,102.38088341530101,56.078147878886284
594.6569232034963,366.53938714145045,103.72329244782918,57.01569161132147
608.5272165770407,368.7456632533442,97.51128850500618,57.26034904258938
605.9460011192564,366.5356172156295,102.08976696172226,56.34541624386918
576.0,364.0,151.0,53.0
615.076510030462,367.0140765040757,97.9941693310708,56.47367761541972
612.7911046304191,365.18980231970636,101.91957213114335,56.32546610273721
611.5372322259007,363.22800146948475,104.14477560254113,57.229743444609085
612.8714816188556,363.87598928842704,103.51367796180853,57.94167580516478
612.3306448568453,362.2109031295797,105.21981197465061,58.06624241980012
613.3509954137635,363.44222297379747,104.91976243759154,58.34204563044477
587.0,362.0,159.0,57.0
615.1504030607794,364.97324592545243,107.70151475834791,59.11571404012574
613.8129342285097,363.41855359391104,110.75306241271255,59.58677608835126
617.045545092958,363.7471771932733,108.5265057606523,61.6786724558674
629.1671790431794,365.6542477800591,105.59676017361824,61.691298064609896
626.0748864120812,364.215827446165,109.94032160546033,60.92412286575899
625.2397431727795,364.09689474942115,110.94514731587424,62.59329258079697
598.0,363.0,151.0,56.0
620.0898171828094,364.8761434297507,112.83856033353914,60.42275487947671
622.0650566822078,365.49424048107767,111.65660982663803,61.576150008533205
620.6982438247514,363.9597258246754,115.02977195763242,61.61436833800235
621.7906395162495,365.72832793334464,113.64645379843978,61.94433746620825
623.3858679596632,366.443594711327,110.98737856402852,62.8215714220496
622.8785641758725,364.8456436380478,108.87839987744042,62.93052332693952
592.0,364.0,152.0,58.0
611.7183546339415,366.83023523444433,116.89520032307428,61.67401727913955
613.7166099438437,366.7788888487694,113.93999827510015,63.93483789878292
613.8570979469146,367.28309527109377,109.76962366298153,64.91875380522106
612.0369110114,368.0684618666395,109.07353544205023,65.29948422775078
609.5666551726918,369.1075235443458,109.3176925297139,65.26218445112977
592.0098584901089,369.713088826511,119.62255967961255,64.68990357111852
570.0,370.0,156.0,63.0
590.5020535063204,374.4204977218622,118.80946429187338,66.26619876266142
576.2741722686269,375.6255525685036,122.62840536790372,65.62727987494748
575.4457982994627,377.74182976769447,124.53473757522806,66.98181058996568
575.2958322224492,379.47012776880626,123.81026995699267,68.32399197130934
576.122294117517,380.6553200572789,119.7495659246897,69.82270739970772
558.755669434031,382.8481095010442,127.9867065641738,68.21933197066346
541.0,383.0,161.0,65.0
559.4037141632066,387.6495046079408,128.71578241378757,68.84399462114271
558.4611072931293,389.92733063385367,129.62141112919494,69.13906291544754
557.8726199805324,392.02525749997494,129.03070701147044,69.66771428266247
557.540439348593,395.089188061183,127.35260018500765,69.439775610776
556.4427757418016,395.9694734149314,126.58187267837639,71.29689761985674
554.3966626514739,398.6156166742235,127.15133756399518,70.8883439986962
523.0,393.0,174.0,72.0
544.7515210614883,399.26459090499344,132.8109355281731,73.61496089963799
544.6082531943703,400.7448765367583,132.1355802017806,76.5197150358182
542.7528595125473,402.6314368521985,133.4828210411954,76.9759113079889
541.2047460426461,404.5998227386282,134.49386775101834,78.47256947616904
539.2118777694366,406.7768247411261,135.66392066329684,79.0244002700274
537.2544735801539,408.9079461199385,136.81237647467378,79.8223393930972
501.0,408.0,187.0,79.0
525.0802972867109,414.5847135579187,142.54584662119214,80.5139265431788
524.2201175851933,416.86622758498356,143.38669170281628,81.9858547049177
523.1601860072415,419.0174674702698,143.76777903835466,82.86954184808053
522.5867712057661,420.81553350033437,142.87341104973166,84.02789534411693
522.6706378323303,424.7927180911328,140.4146548539103,83.70860397412105
519.5203919158184,425.4733567008284,142.02316800456742,85.74269080469259
476.0,424.0,197.0,79.0
503.04666377671583,429.25929092191717,146.84704481073686,82.69892504925508
502.7099610501218,430.3854486913251,144.9071402706063,83.45896160885786
479.7822239953957,430.611781968453,156.3154287253741,83.12332188109565
482.6529703444685,432.15154609062205,148.78629484941484,84.17308814671168
460.73839546310273,431.440345114097,158.3819039041739,85.14524170594268
462.4694486898318,433.2585196314085,152.63766592412958,85.6504468693372
413.0,428.0,206.0,83.0
420.1954535173245,432.2619966282875,161.97047597721757,84.16102463204612
423.9630734795328,434.11900367820056,152.1369655120776,85.49834235767219
400.2618864700087,433.1239427358396,163.96072473748075,86.67211637293985
404.4427985030285,436.56178446795957,152.2145593051755,85.30258518351377
379.9563195663684,434.73546582984454,164.44280993276664,87.9487123251447
360.38940688617004,437.5478992145486,168.06117818885104,85.70868735007616
327.0,436.0,214.0,85.0
355.814865899348,441.19026773253404,156.8345192559591,87.3592519982792
330.724417823953,440.3599233018829,168.80548578070602,89.06887074888004
335.4530348353011,443.08182623532684,156.36306090491433,88.61538997648495
308.89911778511873,442.1325439204643,170.64292927209806,89.95310891329802
310.58621428069614,445.1530151328175,165.24915417537625,88.74984810774322
288.30065431778075,443.75695351190734,168.233745020274,91.38275562921399
257.0,436.0,225.0,89.0
284.39296336338225,440.05819103014846,172.7202341709551,91.30115381676251
284.70594390765837,436.74577306649894,172.52571723812252,93.79532461598615
282.62666975187176,437.6191568992617,176.15378314367626,94.10560179938057
280.8571993111002,435.2773515663446,179.98979662712895,93.18365043659753
282.3899844137427,431.4068879359179,180.70437339505133,96.72957446529153
279.3342059397328,434.3120268772889,185.49464066499536,95.57672869893861
269.0,432.0,218.0,88.0
285.507233975708,435.8656014069729,187.60720051659973,92.1941282404332
286.15983535373744,430.6073929862655,187.13289612386234,96.72095004188122
285.76914743704765,432.29597547275904,185.82694445315929,98.08360259024795
287.31606424055235,428.9772995573503,185.65801289598733,97.33408192954448
290.2808607484394,424.97170979199973,184.35775662638935,98.76469180376819
288.2689108476882,427.7976170214188,185.70003329220413,98.81809335178878
256.0,423.0,238.0,88.0
280.007349249051,424.9255569493887,189.74518470776718,96.07360092777913
277.9643308363993,419.5844573238795,191.17632982779514,98.84943159096395
277.6380299099187,415.29657744664564,189.68502050688585,100.82419030002825
265.6265202261615,416.16503043005747,175.81294114724165,102.04351741503746
262.64856659627446,413.486025050546,183.32728025751828,99.54670326891028
260.779262332366,409.36184950967913,187.26144127349016,101.16867350173413
252.0,411.0,210.0,86.0
262.7920393049667,411.5077595488207,182.17348220838835,97.4804746301487
257.9975303491135,406.9549868328713,183.02582654096858,95.37045416932006
242.00915657345695,405.21441731400006,176.14807250547466,100.78818640689889
233.54636680992712,402.698697951452,192.98340729251942,97.49217789064653
232.56899216237275,397.81030161343733,191.16624431704986,100.60192258169008
232.46406636122776,402.1584768900375,180.14799027099946,99.74399522717613
210.0,399.0,207.0,82.0
218.21398296193672,398.2157663308193,184.798848667011,95.6126468904082
213.83174714135305,393.51961778237455,185.58632934895581,96.0606742374705
212.27667700461825,395.45586726988495,179.27970799301505,99.17442787981781
207.6548571446619,392.3049536497217,179.92925659922406,94.79967081188306
204.2969105757124,394.37217945896634,177.49953701102112,97.76749244641985
200.039266021883,391.03806428868256,178.14585063090885,95.16020054007299
178.0,393.0,199.0,77.0
186.53591244617627,392.3240407756193,178.65176393934962,92.67126307080161
181.5984969205888,387.64225905248804,178.05787772953045,93.2609439045255
178.63574543985578,388.81754968906716,176.93641772267165,96.79992660633616
174.235852541035,386.2747295840418,176.24006919787251,92.77732050231498
171.7050944708878,388.60025780762953,174.63932978526884,95.09405031413189
166.6434102994026,385.1542214683632,175.535860256128,92.72977800031867
146.0,389.0,198.0,82.0
154.14456471461745,392.4966519934429,181.4846998605467,89.9477899768425
154.615793952635,389.8829418999426,173.87477910625222,98.13387797730502
150.184802530551,387.96026532445353,173.63459573811866,96.14165592993777
147.34752180216606,391.79821750527105,172.0795395734052,95.52442275562123
145.4028957275127,392.6743308865332,167.7356443629584,98.41715124270672
144.95361145535605,394.443988791828,162.3410970207093,98.55814277141849
102.0,395.0,214.0,82.0
118.29314606663456,398.8402161854417,180.15442166644686,89.6335193419817
118.94093029727537,398.9645154135296,173.8268047710883,95.55940077383639
120.0641865408843,401.82114670801667,163.7695784725438,96.25489492975845
117.45273572937754,405.02390296140436,161.8301085903954,96.41650355628542
89.01286199233925,405.99284737755977,181.36995329468164,96.57904347389888
87.26163944507812,412.8644494450632,184.87820130316533,93.19049114856739
76.0,413.0,211.0,86.0
89.39553185793284,418.9034631005736,183.4599155430143,95.9341735200602
86.2903846133122,425.4726868598982,183.256798682085,93.52788300026543
83.4616110579575,428.4749396160771,183.40663172443112,95.7868244300671
79.8837708285887,432.72107726068566,184.84756372849108,96.08897251328244
76.29754065947236,436.7417908883731,187.16849424439624,96.48380538931406
72.63271286789904,442.4173207670169,189.66107908042886,96.11569826140612
55.0,443.0,217.0,84.0
68.64491207839546,446.49151977316683,193.51919870015195,96.59505402840216
68.10097207752779,453.6693089136088,195.3035511218029,93.72384071103079
70.0274688527154,458.38749284541996,194.15204914555738,95.42379141785955
92.51575082164447,464.56344740684017,181.04805503555735,96.85389089387627
85.94181307048325,465.18704733017154,189.5053994483095,101.26579933932129
82.86557463577446,469.52670659953037,195.58917970227867,100.0815625617306
79.0,469.0,216.0,85.0
88.99257213058445,472.6618306532828,199.91535840009055,94.71828449931331
111.70819783961724,478.9788581785324,186.73507913692708,96.49428395355699
107.46755786652545,472.8402866837944,196.49878093926588,101.77344095730882
108.49532470310487,481.55722064209965,198.27911749020222,96.18206025216114
131.2670250787162,484.86749438007223,182.86273216992322,101.33025946126486
124.06609629756053,480.5548856051978,197.75868284895273,99.35467546779512
128.0,488.0,243.0,85.0
152.7957678268353,489.4890447531666,199.0253305656442,97.06517530811868
181.6682852780098,483.6232304772145,179.04244555456793,105.32550469959199
174.5624953090857,489.2642926710692,190.99295453101576,100.91264378598208
171.87559708727576,484.5152110489139,198.03145504314227,101.43600891752396
171.4638994782831,489.30458459671695,200.53230308271623,100.1869444177729
200.11342235510443,484.54126989899623,180.34222792111365,102.58377293178432
164.0,487.0,197.0,77.0
171.48028875590484,484.4089340317364,189.99434932458684,96.39985081729492
177.22294375035568,478.48029439493394,186.06251299785885,96.65897776907127
181.67291030572636,482.5721160568237,184.8842310744663,97.34662370872957
182.07867736057892,477.8594875059048,186.93684464063267,95.09322357628048
181.868854770736,481.48917890300345,187.74994482274764,96.44530867586172
181.27801418962918,476.6891740184715,187.87541936336538,94.80855651383558
175.0,480.0,197.0,76.0
178.22119187994576,477.7681356912831,185.41740527705406,94.18304038217684
175.05807640141597,472.5640072348849,189.66670631643206,93.9664064737525
173.2495892970278,476.2049396919067,188.57678256789416,95.29719624493123
170.6925629634045,471.8305148042855,190.38853780346324,92.17055703116148
172.60630795374595,464.7029455304596,185.9828079232626,96.04089383896849
172.1438989473288,459.76722665205307,183.62283341078842,96.68055046368158
164.0,466.0,191.0,76.0
168.4414025492315,453.5738457238622,182.8176581125278,99.27988399548667
167.3587635283135,450.36066152395506,181.3484645473476,99.59919819410959
166.9296805362464,456.12247870770057,180.9083021266847,95.99290066404797
163.75848078233707,451.5671438796737,181.00331813324902,91.76838624835068
164.44394450944264,445.526347148334,179.47419560734886,95.38693676090998
166.13846107668343,449.19800051547804,176.52897310135677,95.57408602518899
166.0,453.0,180.0,73.0
168.8080232004769,450.49144978981167,174.09140108872185,90.9863826193232
171.37943937046873,445.29093555468216,170.91792526597374,92.63696219829717
172.4692893282249,440.58377661901795,169.3616684518298,95.61667631473028
172.53818863957397,447.01740164587727,168.47109613277948,91.75640848811645
173.73062573456974,443.1165528000779,167.74512297694986,89.68838991064308
176.50419096501864,438.57361077006,165.94557434592494,91.61743703147931
175.0,441.0,182.0,73.0
180.8986404724384,437.75749634172615,174.57112117677434,91.47659866384816
182.05231900946143,433.95316494168947,174.4576918402854,90.27611690454796
184.83191502077023,429.6396491886908,172.17226532670236,93.24002977153907
186.83305187176921,436.8842203164569,171.71799579783448,89.01633106758698
190.24216387875276,432.04460349043916,168.78017859347892,92.6712693125728
193.35877239162411,439.07341542707945,167.6831545940586,89.04894016494563
193.0,440.0,170.0,79.0
198.85351025530494,443.30159287090817,164.39506100043607,87.08287118118471
202.6221731418122,443.2241422422874,162.31579980248307,92.76962106552543
205.14612876271462,445.33513018015265,162.03326182425712,93.50631446956731
208.83966723131778,447.44916813347345,159.63148362312495,93.18493171092564
208.3058707109647,445.5570246412408,162.188188155405,92.16506727498086
211.90426598557139,450.17703813416745,159.7981517822339,90.62133547015435
211.0,451.0,165.0,79.0
216.14103558923057,454.9523837074902,160.94992668721864,85.06598045220414
218.5473503474185,453.9107216546262,158.58863976515886,91.32541874734181
218.30776916959405,451.97575153037815,160.3735276559148,89.33955090842471
221.69865992183142,454.95588584012467,158.5750304227611,89.08428131633741
224.09255048218114,456.34775338236113,157.3797420467534,90.19073747206289
226.37870277659275,457.79991513098577,157.11846315938297,90.82669028397441
226.0,452.0,162.0,88.0
229.49618928830873,457.81137450732894,159.8359915742101,90.29890837823069
231.30744793324504,459.68604043651436,158.77661934493403,90.51587483540374
232.47447579927928,461.31713094652,159.67444502280398,90.86135734525374
234.6330187006261,462.8088795958338,159.79934547405014,91.34668321846675
237.15925609293006,462.61995796570557,158.72067045955552,93.52202694580342
238.23797638703905,462.8541992882965,159.2782905954993,94.46362242036139
232.0,458.0,167.0,90.0
235.73766623803442,462.96208697567744,164.57983635178465,91.2360729059697
234.094009582206,460.52609848040004,168.4474369591657,91.94835819039088
234.59109628905998,458.1427819035134,169.53208429484943,93.54144696181447
240.65128199255759,458.69466184779594,165.035647654029,95.42552036730194
241.72867247033898,456.8622984882795,166.7266828108815,92.28883021940703
241.51785988539154,453.6819618390098,170.04555353200112,92.43653965020235
243.0,445.0,172.0,85.0
247.76433804251005,439.59748833096364,170.12657815492432,92.52280490220164
252.6598429751033,436.02880103300265,168.25797505863824,92.36512299113497
255.03298337731388,431.9007560431537,169.9663844368137,89.27011263721295
258.8035822066967,426.08275501289836,169.4567567381901,89.33921813625489
264.48846299760305,418.98342594479186,167.50952137760316,88.87963792316327
267.64613777483555,412.5897584840591,168.88379901380142,88.57325965968016
269.0,404.0,173.0,80.0
276.82193251355625,396.7762920231546,167.09309436420767,90.94886310406343
278.97950761821767,392.80576265256354,168.66324421379068,87.53802927758466
281.98478530553825,387.1778627482199,168.9703963164909,85.97358412276662
286.1635918700247,381.17321026707043,167.27575019807568,88.33296081206367
288.22293933139895,376.52765824116887,168.40590990129726,88.27717551838714
291.1064510648186,372.0729214258531,167.45153792471143,88.12119815374638
286.0,371.0,171.0,72.0
291.1163995519405,360.69531406968076,166.1763576223483,90.40195599345049
291.92500738537166,366.5052245478122,165.28646507476827,86.68413514206316
292.5721424090484,361.64521676615584,166.05790469702015,85.16079317496406
294.4334165778757,356.3873672119853,165.32587276570786,87.63253296274206
293.82922865524097,361.74016196350317,165.528474857486,85.11292355289265
296.43297776107374,356.407453875124,163.8172312983636,84.83641022978077
277.0,355.0,189.0,72.0
285.74917769421654,353.52594723641886,173.50882960855984,86.70478768279412
284.02138874362913,349.5448648079432,176.7276207582097,84.55946459494305
285.1761201817808,343.3443442622504,176.01964660171234,91.17638384585075
286.49412045027475,339.7699902248063,175.7108716599696,92.55245490428274
286.7133970190573,345.57158383726255,176.4158530140088,88.39335190987708
286.7846824677272,340.59251978443945,177.53370452392937,86.69360846866766
302.0,344.0,164.0,69.0
307.301839552847,341.41289349501903,156.4360664747078,86.67576047679404
307.5626237958556,335.8380341568543,156.30938666887272,85.12775388736873
308.83677391954893,330.5421669287259,154.30808746843906,88.4519855897247
310.8705377182057,334.98886773963386,151.51165564253017,86.27809193406415
308.4850692482451,331.34903639627,153.85008774807,82.23570919758674
310.8331144042252,326.2040045565004,150.18523649670163,86.62064597844079
307.0,331.0,157.0,71.0
309.9975737785188,330.3867855198907,151.42210733826283,83.00268052354903
310.3553068452154,325.91088125284614,150.3860155645063,85.04570749116954
310.1446555020102,323.130894653983,149.88766781506,85.28520028380962
310.24966233544944,328.28985925557583,149.04750052145653,81.91974801453205
310.70933763395624,324.41722656571017,146.8857937925119,83.73643388194785
312.48853582920617,327.4738313163427,143.231405705253,83.13144538410342
303.0,324.0,155.0,87.0
303.9828771127311,329.8492782578189,150.85581099063813,86.21121222318561
304.7948802331646,328.8571498129145,147.42005859328526,89.39466105676092
302.21622216686137,329.3218904002497,148.00270257137595,89.7114008477729
301.7966707125378,330.12238693848997,145.56902723771117,90.17802349039528
299.9980861352011,331.4235506424393,144.37143743576155,89.68072380440299
298.1839296726488,332.4721404398347,143.3575473890611,90.21445778309112
293.0,327.0,152.0,87.0
291.0804711535751,333.1130978937159,149.55697617217987,88.54181044204722
289.7329964690571,333.9725746609565,148.17395937944985,89.97722400356906
286.89526126277633,335.2447459469083,147.2650637667059,90.99840805454073
284.41746783873657,336.75376039337743,146.4053192515912,91.984699557851
281.7711990869234,338.7002302388813,145.84578766790332,92.54486623364255
277.62341815240177,340.89372118244796,145.92839587300602,93.36222431046122
274.0,338.0,144.0,91.0
272.4137380284612,345.29102698006557,142.6843767725947,91.00260357925868
269.0099341830668,348.12746741954516,142.6170179411696,91.90549835550883
265.9899875903021,349.8650697949064,141.80087580951317,93.605720651306
260.98627325280586,354.72931323606383,141.6778495791234,92.12426708259534
256.9883089965049,356.67102431776357,142.28705205752522,93.66868741621386
252.86665894372481,359.9000543785494,142.58201376002262,93.6309905487276
250.0,355.0,145.0,98.0
244.10010110194605,365.0427347427933,148.34203491756193,94.87151904438247
240.89626536418928,368.61752747034734,147.5397523403626,97.31169237987729
237.3960132775244,372.0696545905971,148.19293219712586,97.02991382373443
232.36205586909193,374.9514364368662,150.0478007668322,98.16003949250637
228.4793052699759,378.4192019628813,151.85161099350444,97.99534624433494
223.05200992977188,381.6039622896517,154.95960321780035,98.43787376430527
215.0,376.0,159.0,103.0
211.1481302756464,386.2084406437714,160.48835014903943,99.72951616943897
208.50869637958624,388.77868540282384,160.84094990716363,99.49543904914634
204.58314216981125,391.0955208368457,163.1012629960651,99.82984729730913
202.32616447528196,393.3038382118484,163.28748066857466,99.82630347411941
196.63937707146,396.3629881661968,167.50854409394242,99.78595519844646
195.41856973682957,398.380091876129,166.80828042887572,99.81798337788643
187.0,398.0,175.0,93.0
185.6395159748664,403.9934959757718,175.03735765878838,96.68873245580346
186.08947419886255,405.6137344054837,173.83589286724526,97.33696649823264
182.9765128169529,407.2930404579305,176.19043695323444,98.02306981785785
184.81837750950217,408.2526473804136,173.796370611074,99.77683732371042
179.23828577434995,406.35052230378153,181.28940148753645,96.9086747046133
181.20261294935972,409.89626008835194,177.67125124303283,96.89780503900681
179.0,402.0,183.0,93.0
177.3791269273304,406.27503764047424,185.08190682397912,95.83560112492023
180.3681410678704,406.4488568918857,181.32365002881983,99.49355908077109
179.40595166395747,403.27751210086467,184.3106213844154,98.47629767210822
180.22283717276076,404.9413751192162,182.8898150800502,100.16217464156512
181.47688676623432,401.57979308573294,183.53301221035326,99.32626544836671
183.10212135521473,403.220970626555,181.36120846597535,100.69312071800738
180.0,407.0,182.0,78.0
184.78503085767738,406.6670719685819,177.06882208217075,92.3321357594807
188.31699217259253,400.519380771545,175.57995779285707,94.65381156618355
187.48371540936853,405.17227865652023,176.16777977319146,93.34109701320665
191.047836813784,399.161527219411,175.9216967295314,94.16754659316712
194.0160228049326,394.514042815892,175.48815204241933,93.75352328801819
193.05496546874906,400.7785496477991,176.70544735501005,90.6660612464184
190.0,396.0,185.0,73.0
194.69194731835898,393.68450579558703,178.8443026727805,90.63081883014547
200.14547116565302,387.4236296209465,175.04253232073927,90.39629634387575
201.970601575878,381.7615996238601,176.14146679031052,90.16691664999303
205.99167171654506,375.86557927235094,174.18561324651444,92.11683659527444
208.5983196218421,370.83437511825787,173.8935119333429,92.88056534626224
207.1897148672706,377.4891288840927,175.9983241425466,89.20287493337037
210.0,374.0,179.0,77.0
216.51882804927504,363.776547445903,172.08121695132286,94.11968508747037
218.61105055816677,360.57757963294864,170.4493021860551,93.80122914666464
220.7902358086251,357.1716050623236,169.9376179895123,93.45014258326773
223.1841654327099,353.86737643022707,169.12068814908326,92.43368602884863
225.22914165156908,350.8748386683001,168.52334290696308,88.70343355141449
227.57761423626178,346.39772018358144,165.79356113809862,89.34137311830614
226.0,351.0,170.0,70.0
232.5369506637723,338.5578281202854,161.96694161732813,91.6782095721303
234.41169529269422,335.5624463568122,160.71035576252217,90.92312264177616
235.97046723042087,333.02030856780857,159.98412769011924,87.48194989205018
238.1531462003836,328.9967413934073,157.82257132890905,87.93673575296413
240.82751145594048,325.2647556582565,156.31344050686366,88.41837859293162
243.46805303911407,322.0287891873709,154.93182067668306,88.04282109952419
240.0,327.0,163.0,68.0
248.26969340979002,315.5442458082407,153.9548693731515,88.25157703889965
250.24843133178308,312.8704364629398,152.82581349530756,87.70098299336178
251.68568309664118,310.3385005626624,152.3257758021333,87.02648370117305
253.20615232428375,307.78713240998513,151.9903980335205,86.53912467705004
256.2015442406787,313.35901068453734,148.02004463643328,82.75780852724495
256.696626604685,309.31617805370706,149.9457279405422,79.0463382305295
256.0,308.0,155.0,72.0
261.8528069294174,307.70921556039053,146.86813466038984,83.07638058396077
262.49342130424156,304.73811605315655,147.89390116124991,82.27600659074483
262.1799952594464,301.39171317802527,148.82435347758923,83.27810098460998
262.7296112289487,298.7119187268595,148.38098407052058,83.16897740767695
265.5887447798216,302.45635741303005,145.39642443982893,81.43534474874883
265.9642392644663,299.1963674841004,145.34733655246214,82.05480289122374
263.0,295.0,151.0,83.0
267.75497668193293,299.6436000591491,146.50291645621292,83.16232676775894
268.9974507330521,297.7244846094909,146.8354514948694,83.42630198492145
273.259345063826,296.28540182853044,143.53380829828313,87.17406192156795
273.06365941674346,296.2836879085189,145.60979425302236,83.61714307407738
277.36443522239,295.29987124942477,142.04168892163904,87.28695241198159
281.5145229719419,295.76336406872724,138.44222934530399,87.70816031140112
281.0,287.0,145.0,85.0
285.8261711039863,292.6098271724878,141.68513735284932,85.56631848937792
287.6842735575801,291.58006694625146,142.77893744414268,84.93377837726439
291.37821241398746,291.56544626649656,139.3181229925363,87.54863771591044
295.84714742260053,292.84603823001066,136.04247492050376,87.29719161276842
299.4697771625615,294.1496929106497,134.1557436238545,87.1008415715786
296.0436366994644,293.6111103920821,141.3908220638014,84.69220918961867
304.0,293.0,131.0,87.0
303.6587292557008,299.8931205918599,132.92328684807728,84.83090019485655
307.6982349855356,300.19909759915663,129.27965609112874,87.66167965882005
307.9319719802179,302.20339049417794,128.62002783794264,87.25465147099703
308.777162163261,303.89809933933225,126.47875375393687,87.24756531105515
308.1669171173521,305.71856215041635,125.97798654618964,86.92451545869062
307.8144333272503,307.69481872450615,124.73758490693626,86.39157067149495
308.0,299.0,120.0,93.0
302.90889809800893,307.50893191711646,126.99632189281255,89.74319527869113
303.7433200551468,310.67721961114603,122.76674542472392,89.33383909003851
301.1339320784652,313.91826513679734,123.68843183586506,88.17873894253398
300.2847191374585,316.76811607001173,121.73286405845374,87.78592415519813
299.32935399885355,319.3688799007982,120.63394522336603,87.85785960298398
283.2656095741454,321.96725341513593,124.12278933271352,87.74290772310275
290.0,311.0,109.0,99.0
280.5117088813704,321.22433661078776,127.43074755741418,90.87732746847655
276.6917849987493,325.18233917397447,128.84689411956163,89.95629025506787
261.28735552798594,328.66434559309766,129.04475858130115,88.84635723782549
263.0669876579369,331.6979993754526,124.15459080770859,90.42490703778594
261.4195214209162,335.0784938078127,125.14432904472505,90.27908988263226
245.7254568430057,338.7599896265549,127.48853710945104,88.84582382741553
263.0,324.0,102.0,109.0
252.2886067592135,339.12983631532575,125.2089211988042,90.89015841945275
249.36417369899755,342.97556683026744,126.52958121354436,91.29318738724271
248.79373670939952,346.49221545264254,124.70642784812327,91.1119343209848
246.3971801160406,342.5911733317033,126.6281012518246,89.57791788823272
244.3313654511195,346.34569330156626,127.33163504760262,91.18561097947065
245.2278094122222,350.09592454834933,124.74308275356134,91.12436170596038
254.0,336.0,104.0,112.0
245.11279164111335,352.56002469275927,125.66056600257423,90.94761640503634
256.99201132033613,348.72248785788213,129.95844881970243,90.72509590669597
260.99863437173,351.8930192790192,122.92093868263646,91.9481920245903
261.12139679586477,348.0736632580449,127.5097900577619,90.39838593059653
280.2848387881777,352.34917380834486,122.88657116746367,91.71852409146527
289.61540405840924,347.83131729742195,131.02565821367125,91.72227032744718
304.0,331.0,107.0,113.0
310.79818218202377,348.80659683822523,127.43902188463949,90.61935164764736
321.34859117682606,343.4097835676931,132.54252208533092,92.26724302027174
334.69642608779253,339.6344884860757,132.76353222003087,92.71731850530387
347.38548709543943,337.3898580453073,134.62861287668716,91.59869954694386
350.45121571419895,341.065481518571,128.66500034126238,90.58210891101623
369.99649754894574,336.24249900532413,125.98552767404215,92.97409742859872
381.0,323.0,114.0,105.0
374.0759724626305,335.90556112417926,134.85412278511154,89.78520126881165
384.5475100140811,330.48912425160836,136.78273880902452,93.08252184530852
389.2330468139246,333.71323918425605,125.34571995381498,90.2546136815231
383.9688449738044,327.4498493946762,131.0468301817284,93.07130432633585
388.3131218376825,330.94826893182744,123.00281287291,89.98048762097665
383.3508173637445,325.52590046447176,128.78566951887166,91.63714964053611
380.0,313.0,122.0,102.0
380.2713478586462,324.40289845518055,125.5494770128314,88.67927171690644
377.8417846740652,318.59882137837235,129.38403778725723,91.67458319239836
382.4176899566228,322.27152055771353,124.74576385893306,87.36305567816333
380.5185075196099,314.35160116178054,129.003743434297,92.16735247355552
382.1235035790403,313.59558513056186,130.99661851821725,87.43657688814642
383.48056838083926,311.1869250498909,132.03484463116934,86.83709120951028
388.0,306.0,128.0,95.0
391.70647263136414,313.3428039042865,129.9751759507193,86.98520813577124
395.00742157739637,309.3218806823778,130.8987264150851,86.76909829062208
398.8584564798048,306.2632925698539,130.96112162772283,86.38627476439535
403.65156590118727,303.7877235103567,130.42550384876768,85.85447968087396
408.50038374550604,301.29228300713567,130.24140581181246,85.49991641093857
413.8127039227902,298.56033239651515,130.1269712593852,85.39395165472479
424.0,292.0,127.0,85.0
430.09072975907293,295.0318871140446,126.61484029273538,83.82739196392379
434.7658919783428,292.6652993332973,128.56212707409395,82.4307928278231
440.5083191286292,290.977925446761,128.52627469611537,80.67785826451325
446.49415675941077,288.55199045587835,128.14359068803435,79.98873629208953
454.7437252388438,284.812651741029,130.92908459904106,81.68104854082952
462.71505433494394,281.35834662724204,123.52379701978498,80.53981122807426
463.0,275.0,123.0,79.0
469.04194487920176,276.6137956142361,121.33003778159923,81.16148961542513
471.56397899982403,275.3935480495013,121.53711841537438,77.00883508697746
475.40388707530246,272.16778774972454,121.27636847178621,76.51841498455849
478.93438724149973,270.9906572501677,121.2849610786767,74.73276007071263
482.6714095165487,267.7617117867924,119.73785660105818,75.00977650303793
485.849817173244,266.3671219619687,120.31934092876497,73.51199663592342
489.0,259.0,121.0,75.0
492.85627758947146,260.4607019756395,121.73326418422278,73.55156025692884
498.84325198461374,259.52233082347084,118.68248540491345,72.61576558815432
501.6692597994429,256.15819489562136,117.6303812298039,72.92197078032291
505.05131825219905,255.09016842055917,118.82086592250437,71.5889781386818
508.05661602953217,251.34022423152078,117.26315847388264,72.51454965439734
512.7295869657971,248.81117041618563,117.72891606163626,71.41577935274677
514.0,243.0,120.0,72.0
518.2595636148034,243.81077878358565,117.60134351656245,73.72849065488958
519.579596670415,243.87279378008378,120.27883732034024,69.8857647210599
523.6678352287818,241.69312388639554,118.59419893926315,69.42959263651125
528.2598463301606,237.8816984941966,117.2003410269408,69.87217553914104
529.9880082095618,236.64111408534745,119.1971073324379,68.27220618546369
533.8807445934799,234.59219045834914,117.85436239295814,67.70055020336383
537.0,228.0,117.0,67.0
542.100786790223,228.8533882956183,113.82073365296935,70.14089613224428
545.3376656346602,227.4181448081265,114.96738304621397,66.53669856374523
547.9601934910243,225.37957142507003,115.21150939102881,65.97949264102795
551.0425134330762,223.42183169116288,115.08235715521539,65.51359024842054
554.3382764758887,221.51257488615522,114.70039887851146,65.22649428356635
557.5097578660009,219.66026223688743,113.99261842715873,64.86505910094866
563.0,213.0,113.0,65.0
567.9053449867723,213.7367133525687,109.35516526142533,68.34533228504307
568.739493364471,213.74549980788242,111.2202281825887,64.64724650161884
572.1755820799694,212.18994753907725,109.78174030365585,64.63848433543336
574.4771641291177,210.75768265435948,109.14262232289548,64.39822744262608
577.4775864198498,208.46416096001605,107.56347988947948,64.17880753844378
579.9174985102802,207.2658482893006,106.80221579154465,64.39006560933626
581.0,202.0,108.0,64.0
583.8210831831557,203.75116798138924,105.88469859728104,65.52701310414432
584.678079516289,203.5169193408184,106.14311144274996,63.95683639489869
586.3273024242078,202.1601102539737,104.51031781299514,63.19639794382823
587.6757812777491,200.77133232183382,104.11450182270494,63.58483292893311
588.853089053528,199.36801390525488,103.29649841425362,63.49411401757243
590.7803537194832,198.19629399586273,101.34829490928314,63.229940191690446
592.0,192.0,100.0,65.0
592.5245560881799,193.63755402356196,99.6183044260456,65.17635729962018
591.8636346113876,193.77200165610083,100.37100925945515,62.87015274345572
592.1997684911303,192.77211765858976,100.53790915657942,62.559498715630184
591.6337190103469,191.49399642822004,99.39260296341888,62.60790350952249
590.6745891145679,190.60803703516012,99.90844374874314,62.005379056397715
589.9605510913477,189.65120638442875,98.8322132283754,61.54238327368614
591.0,179.0,91.0,68.0
588.0742466829934,182.7845764272322,95.41200317668245,65.73707150118366
588.9219097137582,184.56822712624637,90.76158398392931,64.16921665705956
583.9888783960123,182.51579435285217,95.1028694459626,63.80040574209008
582.9029266965571,183.7288942146754,92.4641688992466,63.60796032129417
579.5081507532842,182.13896338098613,94.41856540487322,63.4280694588947
578.1268330865763,183.39808786678486,92.20915242642616,63.54930350116683
582.0,182.0,82.0,65.0
576.197297572186,185.87219756098943,92.24344925554806,63.63129501320779
572.8829557029376,186.98632593503032,93.31425486209355,63.37282489935288
570.3089621370436,187.9408393234607,93.32322982615642,59.823103940371084
567.7741511943686,187.56280177458052,93.23360968758152,62.94458012686863
565.3247538854629,188.65682983147553,93.21954086425433,62.77256051873579
562.7408615401042,189.67953570822442,93.33977363592646,62.766868169529516
562.0,187.0,80.0,64.0
556.1776269997188,192.79479591621305,90.90984299339402,62.9948386166987
553.9697860672729,195.7857626381773,90.90376942376793,62.99296356726154
551.6497148405736,200.28358908969707,91.36681806225374,62.35068295606496
549.5918099747792,204.6215116517105,91.14199117388466,62.08760644449674
546.2978935480502,210.42650537014833,92.84612153811133,60.601631065601225
544.281472375018,215.43209866898346,92.23048672797267,60.52675257830586
543.0,215.0,85.0,65.0
538.9633852603564,224.634132079825,91.51345341400508,60.33330781674351
537.5199986064418,229.9455658446215,90.08230072398749,60.440812571761285
535.1890313878462,235.81092704861453,90.97470626586119,60.25115656363903
534.0019193279859,241.32108854386752,90.17321888174592,60.07678683797462
533.3678592724173,246.45301781701397,89.41624628869613,60.035385298959625
532.2426494123281,251.0736586658421,90.00060870848688,60.17192491597277
529.0,250.0,92.0,66.0
527.9799494541592,260.72556800583493,93.45375627935368,59.88525104918267
527.2322664843701,262.25517058694027,94.38287164375163,63.55786838645599
527.5498158290176,264.8841836408716,93.75853798332753,63.09418747931335
526.8691288958487,266.7220739965089,94.18643287105192,62.25544227589194
526.855171982057,268.0980466869264,94.34220526549075,62.33035853547733
526.972399297671,269.516723931407,94.54571549320872,62.11536554511463
523.0,264.0,101.0,65.0
524.2438718928819,268.74326545778285,99.64892640958408,63.48358690145176
523.6701033445308,270.0998516771815,100.30981786172879,63.133901911291105
523.2840714562101,270.9468660502423,99.941550389324,63.05684437489259
522.2759790042861,271.61626489916625,100.80260296978179,63.30039660589307
522.4805118703769,272.3646073097566,100.73265500015714,63.16107051087988
521.9462942454916,272.891676663643,101.49389585879112,63.45943475047602
517.0,269.0,109.0,64.0
517.8689031710799,273.47110760499345,107.46405441065417,63.82599630972709
518.2154016185377,273.93781841771533,107.84412999554604,64.03516192436712
518.2171566717277,274.2184660133032,108.04072208611615,64.45306383753598
518.8343073945819,274.4499027653526,107.59474763738353,64.92247956919346
519.7997427141444,274.74216137993903,106.98799783842787,65.22223954542108
520.5693138478181,274.98515898728215,106.32576640688296,65.57527903398636
518.0,272.0,113.0,67.0
520.1925104624293,275.916359604636,110.4150917203633,67.03674121691677
522.7997036023261,276.79748442570394,107.9532747661516,66.1562018473968
524.2880865298141,277.0953529000476,106.65853761185679,66.3174138245995
521.4733409370692,277.5227286206991,113.54013589667647,63.971515958824966
524.9000507231849,276.51493743241326,110.07088274331545,66.81869424597244
526.6522403297193,276.73162955555426,108.55496179394879,67.07903242771658
526.0,272.0,113.0,67.0
529.8459274077816,276.36559294759525,108.666412987473,67.19813942145561
531.1808242640275,276.59049751897965,107.83965053289046,67.1726403731459
532.1712164773188,276.87073137356856,109.07477935613224,67.11714579673935
533.6170419628934,277.0564633097822,109.00548484082401,67.32983830975797
534.5404397980335,277.28403040188846,109.29880910676002,67.48066402859638
535.6139173676536,277.5648318798908,110.18875122036286,67.60288544182595
533.0,273.0,116.0,68.0
536.6039307458673,278.14348299896403,112.71109702528156,67.68392417280546
538.2224452673071,278.278675778618,112.40462763844596,68.05943208896224
538.5187599962917,278.4486973335279,114.05804698333384,68.48933832854709
539.1795485101716,278.7974704505086,115.13161096115255,68.87517311991178
540.0183032858556,279.39950431688885,115.57132360305945,69.03659897550733
541.0002970491108,280.37770113036777,116.07878724479804,69.30858156825207
539.0,279.0,118.0,68.0
542.2306966954882,284.23631950150315,114.93752321253703,68.43509376334009
544.4466477764197,283.7725046235237,113.8465273045964,69.98621832224649
544.9190506054986,284.07284162965675,115.54138010366273,70.08831141903158
545.7287600257412,284.83153912877833,117.58373100432789,70.08720511551155
546.711565627341,285.7373015885021,118.55238803589975,69.99789431361194
548.2112566924172,286.3940064124158,118.85419359138587,70.26872362738459
548.0,283.0,123.0,70.0
551.3844581836446,288.44768251401166,120.57799847474973,69.82725136432708
554.3074659630105,288.2176500057476,119.79572751905619,71.27394084740922
555.0336506657377,289.08780713589886,121.53171459723035,71.02408553558348
556.5170115573962,289.91869477092337,122.07847343259459,71.16938309725754
558.4906047220793,290.5935781534645,122.44809018716296,71.57902191090398
559.9209350881627,291.72455225618376,123.10014417682055,71.36561050232683
556.0,289.0,129.0,70.0
557.9666589755225,293.99720712142476,128.62942448373997,71.26646750557694
561.9248062169656,293.5807377225657,125.04114172311756,73.05942544840775
560.8893683835313,294.6712659693769,128.50128209918785,72.53154703803762
561.5779546545252,295.9274145178106,128.9578886462857,72.31543322966945
561.3838249428313,296.9797060232654,130.01794277269846,72.7397752252233
560.8969004228029,297.6368588484993,130.75395403991388,73.41777261561663
561.0,296.0,130.0,75.0
561.946120910113,301.3621660639636,127.80281003152811,75.29626706609645
562.8452878245936,300.95166995910404,127.88838604024875,76.68844210812938
561.785446082806,301.79505098431275,128.72809935455177,76.50415659106443
560.62078659482,302.6520317795006,129.22244823794608,76.5430920651778
560.0790743021544,303.74234632249045,129.3861145770893,76.32046652949066
559.0047179046904,304.15060920473354,129.5369881388557,76.99930930116795
556.0,299.0,136.0,74.0
555.7753988636232,304.0194027669502,133.0960199097683,75.37327475753841
554.7290030972574,304.549183249758,134.11036470399745,75.89343994715512
552.6731382907183,305.30519498292597,135.01979668945046,76.1962662045878
551.8970269046713,305.7463958232911,134.5029185488239,76.91210371027228
550.803482393206,306.3644949730349,134.324974990628,77.23390283004414
547.8094737112722,307.03328218587524,135.29121586225983,77.39212887674512
543.0,305.0,140.0,73.0
542.8692286615324,308.6491895305518,136.42465267658622,75.71325781131361
539.4897059252119,309.66168632091853,136.50681296376524,76.00659554982417
536.5406943211619,310.4349506308596,137.18220412725964,76.41938693318309
533.3097213393928,311.08206514235326,136.23447119108778,76.8818864723221
529.9080775112795,311.8834243725298,137.15487275124838,77.02111832737523
524.3752698050957,309.84431257797814,140.51698788664532,77.40820872955737
520.0,310.0,140.0,74.0
518.6045090623825,313.83129929660856,137.5004996883756,76.41231611766318
514.352386182182,314.6059318050625,137.2920363900821,77.25699110806318
510.20435111484767,314.9586922634927,137.6685916897169,78.07598516895439
506.70145813965246,315.3361629668532,137.42651725470034,78.67324332550038
501.0641819951011,313.73601382174866,140.58452985887413,78.57841310257982
498.5079782363464,316.03188301376804,139.24310991228867,77.7476094977792
492.0,313.0,143.0,72.0
490.119143552442,316.20758355269345,140.24427463878646,75.43975320867457
486.7812525702577,316.03352491703936,138.44292545151825,77.999453266807
481.8283327555482,314.00171839468965,139.49701763108214,78.19414913896338
477.3124532896163,316.54889693850663,139.41169826097325,77.21097519707581
472.8934619295246,317.0340982519274,138.41771062373095,78.45330907576226
467.45014390387655,314.9318580023612,139.85469883823043,78.54177848901406
461.0,315.0,146.0,71.0
460.80443232422385,317.0670310799413,139.95190406325264,76.2664932641049
456.64943297607806,317.5345884379709,139.51222587757616,77.99210897631758
452.1440052099929,315.3243687215015,139.13248304292836,78.24621620916162
447.17245154087914,317.8533550884217,140.13271934101692,77.57866504493904
442.4673345613214,315.31339342019555,141.14721476854334,78.41815769438966
438.64280046895215,318.15876085272504,140.43443686720195,77.58638742731404
430.0,317.0,147.0,70.0
429.54766574125574,320.6137468486213,139.8973082363259,74.02486727296309
425.6836707490154,319.9709423829705,138.4846977723057,77.98812497846882
420.9080621203766,317.8089922601391,138.4918112849873,78.29529123240223
415.82038123908615,321.5301077331753,139.22420622018717,76.13394850720874
411.31401600426295,322.45075079400317,138.4631019942433,77.64833886605265
406.51203284032636,319.80937672791833,136.7457505448847,78.85828274112941
388.0,325.0,151.0,68.0
390.3844886171412,328.29759607489507,138.74891285773788,72.8362577808872
386.57772656390455,327.22925611707797,136.047701512534,77.47698342237754
371.49316297612086,323.9710076498286,140.88798028352676,76.552706422558
367.7111873634126,330.46010077448045,138.97716322255303,72.82782361834029
364.2820621982851,330.0300546323841,135.91360765257423,76.93161267181665
348.05400180018046,326.39659661580447,142.020756644549,76.74977061255049
339.0,330.0,151.0,67.0
342.0806845023378,333.6251271615764,137.34069035645962,72.01264966360293
327.67322144055197,332.2922021543484,139.62507828050104,75.56977049423563
324.5563305889741,334.26489149541885,136.35814684840375,75.84295062477167
311.5774140031354,335.1170441680919,138.24728492107482,75.3846735023879
307.5279076485931,336.8435111919123,137.76059415658665,75.99453816929986
295.1533789951997,337.92846258715144,138.39155375368506,75.36835157343762
278.0,341.0,155.0,67.0
275.0992526177883,344.1543956235903,140.0064059823979,70.87410181478947
272.02766286534074,346.38709788824815,138.44539454653375,72.85857531771671
270.3059241135179,346.7994268791483,132.8504221657504,75.73046234367007
250.33780726268856,347.62714411864334,143.46525320522346,74.97744514747609
249.22455211139868,351.05699953139356,136.49334354102967,73.77700720499615
233.4819134780205,351.2992369429304,141.20893857502915,74.85359028945015
220.0,352.0,162.0,67.0
228.85763898407276,356.4367148042164,140.3789380963907,70.80479623881831
227.12984120821682,355.5762990051767,137.3975824343661,75.81384651650251
209.41296948601945,352.00878296313135,144.49451149994383,75.70290477321328
206.53762109246713,359.1175766185404,149.88399963067593,71.09165056180086
206.59199307752272,358.237332642149,148.4089496669926,76.20540826273316
204.29295390045604,355.36737881564727,150.05175229714484,77.21265693232175
191.0,361.0,164.0,65.0
198.34040682115506,363.61551517426165,147.31073257044136,72.43146452749863
195.57834981222913,358.4884501354645,148.93890637470633,77.7649016230771
193.5407249685179,365.4614849816526,146.52887999693576,72.83795230218402
190.09380153875895,360.4325875190284,148.979413479541,77.99803188091022
188.11324755148053,367.20405778439385,145.94712857759077,73.3013003490928
185.7611965326289,366.704673034139,145.19229710976776,78.02153694520712
167.0,366.0,169.0,68.0
175.7280842742382,369.21987655440273,151.06607317588782,73.51607286753324
173.43112810638593,364.10204196077757,152.5474467707968,78.88221176644538
172.4357260858494,370.8968399880765,147.90028507657127,74.31214012067187
171.3773919482315,370.53023560737853,144.32051893977456,79.01450111495973
167.17975522107133,367.75778205647475,145.72418058673134,79.65021940797362
163.75852522103105,374.36494243004927,144.4542202037478,74.79897286595542
139.0,371.0,173.0,70.0
149.22926452720617,375.3641055765813,151.52959728509927,74.3173900087022
150.5338866392824,374.980702949053,142.71965656163377,79.06190303109861
130.90230938648529,371.09483218229525,151.9402362536921,79.44043024372354
127.63145375171484,378.4190732654548,157.9802235314437,74.62619454938647
127.50661628317187,377.3779803679032,155.3841199100592,80.23412465838067
125.84011776313798,374.1370190274771,153.47870668111136,81.63971196882756
103.0,379.0,176.0,72.0
111.56462268616974,383.0157286222096,157.9875735916903,76.86498605920065
110.97428578176368,381.69392684879585,154.75841933723405,82.427287714969
108.07903349542494,378.6437258517259,155.0971519654803,83.07610723731523
106.1372729902397,384.3763493180089,151.5081501491402,79.26241930662081
104.26587376584337,383.74496681965206,149.08987974726176,83.49846549452081
99.58435560528869,380.55984905297055,150.9120480281588,84.23223826242861
76.0,382.0,182.0,75.0
86.82038335238303,385.46695446477685,162.31405934165969,79.98630130981275
85.59713913169412,380.4151414905531,162.99184524981627,84.63439646215022
83.84168828843531,384.7208141185033,164.29913542202303,82.6067151449065
82.28160582594319,380.10081924408155,165.58398335807112,86.20635457325335
80.24490927047236,385.1995133692705,166.4050233202288,83.51606570078894
79.13020960476251,385.0539676247769,165.71203279945644,87.14613295390893
66.0,383.0,183.0,77.0
72.51123415190386,387.2732384482655,168.69529510611483,81.9464327479443
71.91943492463793,386.1857789338832,165.47225511739578,87.9514677759044
68.4354697895601,382.8789068687298,168.4346050406259,88.7887333547614
65.86797851892516,388.41707875197585,167.15151789758056,85.56189850128817
62.87252092664448,388.81628259723607,167.3259575205151,89.0278767510938
59.953791415872956,390.28625981626533,169.20734084717935,89.81504774877862
51.0,391.0,185.0,82.0
56.32887799753348,396.05560534513324,175.75329638497192,85.91021198529938
58.4235275296881,395.39933080821675,173.23837399428663,91.90115466759607
57.155864941989876,393.5215423110801,176.46364770135818,90.67130213359502
59.921933223712585,396.6049024446557,174.16650060246593,91.1234645864451
60.35970024122901,397.56981901762975,175.0155634503061,94.00670373482268
57.80328564740307,395.49640191947424,178.98028848057038,92.96554963062391
58.0,397.0,183.0,88.0
59.200666880263725,403.41423878779256,181.30079029027547,90.3125577517244
60.78837763934507,403.74656292354393,177.87036911188443,94.87760731948015
59.70199327925047,405.3110507342592,178.9419986556918,95.891952768485
63.14542933154439,406.9927727125232,175.19538854149926,96.75402608452714
63.466144881615946,408.5414314798446,175.60416722477044,97.50932941021665
64.99494178300236,410.17115766923405,173.53891815844904,98.01117962127728
64.0,407.0,179.0,93.0
67.59650735224795,414.066413180774,175.78764584610326,95.22923245934788
69.32573819217882,415.021554623195,173.38225839603223,97.22384133499486
70.28819552260885,416.8527997482855,172.62761333730938,97.46429245860611
71.70584951858567,418.7028024108249,172.06667817184584,97.88836506732105
74.82844578289476,420.3154730022102,171.1722007798709,99.9177098801
78.59206809047618,421.6363743250521,167.09014717596358,101.51446633972432
79.0,415.0,172.0,103.0
84.45831311380009,422.9935335654926,166.81324171036448,102.5458719440577
86.18583633637377,424.1476200987963,168.13472299216141,104.78866258267954
93.57868600889867,426.55495635732564,164.8047878454803,105.16836819129287
97.78124641496959,428.8124886978094,161.9839936472829,105.68030943948952
103.76894691158213,431.29763583647036,158.53964005925832,105.56165729869485
108.06341248074636,433.8399675265073,157.67477485945494,105.40745939725821
109.0,424.0,162.0,114.0
114.56940237894213,435.06283894669946,161.38592584980756,109.50997259596056
119.36339658580823,439.07070722605624,157.66719446927357,109.37497890765997
122.6714319747648,442.79460131133715,156.33131350854137,109.40513145254158
125.77306193446304,446.64826751185274,155.83286211150846,109.23214131157044
127.98491424894462,450.54303395184024,155.89166595152807,108.95922283224968
130.4844443667689,454.708157929605,156.2880747741092,108.87006569497294
140.0,437.0,146.0,129.0
138.1936859334786,452.02746262517076,157.40041882981905,113.0339158344691
141.02555250292886,457.0547367075977,154.93210599225438,113.62342931695662
141.8403048982584,462.617634110729,155.87272995606253,112.08316099338163
140.9035891331489,467.5385800404574,156.99505999227972,111.56105681848965
139.9578531718363,471.7146935079429,156.56970650272308,112.23896935208165
138.77640119773562,475.81165153331926,155.78830480732844,112.93952316556818
146.0,456.0,142.0,140.0
138.2115835076981,477.09584644791266,159.2363708485604,112.54090909777187
133.66990505677995,482.44373110791116,162.46098803990526,112.45987569804743
129.99367716632463,487.5389044096828,163.56990147093302,112.61071232096401
126.31238420508438,492.3862920947387,163.98930504648845,112.98394173300983
122.02815742050308,497.23940478362783,164.9900719676637,112.85591060565639
117.60379139387685,501.89490950119534,165.40996252710244,112.76412897515229
120.0,487.0,133.0,154.0
109.74324739040742,514.204172409477,158.16553781625146,115.22793644839112
102.71438189009237,519.1208899734597,165.4004251651114,115.52273770651118
96.83076532457164,523.7405728639715,168.143217073992,116.15814303483057
92.19185105159818,528.2366398490985,168.91790103074868,116.9656088366728
88.33997034871717,533.1546227089125,169.5666950575028,117.65259688572678
85.76528780970605,537.851248506624,168.77232636334654,118.42412904046796
