1020.0,230.0,11.0,7.0
1019.9453461645171,230.26650194451213,11.149528064765036,7.213258372619748
1020.0992785288656,230.27627575987117,11.381843475832966,7.226157148588385
1019.8269616346001,230.19449285397792,10.900747578946948,7.263308292011459
1020.0078092637741,230.25685923563563,11.348168729243298,7.251677689305637
1019.3474404244635,230.0650741579418,11.238948162518,7.294363130568399
1019.5058722578019,230.07580278306943,11.721239082580496,7.275956960109568
1019.0,227.0,11.0,10.0
1018.8853957842849,228.09030061635247,11.342921292539927,7.772175508796181
1017.8563618198623,227.7710226626698,11.420692281209995,7.927392753095319
1017.1651354036024,227.4850708763081,11.268361603388144,8.030201747951025
1016.3483474691079,227.26486737829669,11.363495140031773,8.115694824238517
1016.3856823824408,227.10187388534115,11.893219389027308,8.193488016268248
1015.5575855709844,226.78283483827374,11.717986665704302,8.312222286134556
1014.0,225.0,12.0,10.0
1013.312360589335,225.83823709688318,12.037266025629151,8.414940115133959
1012.3694411560709,225.6825101012405,12.225374581619462,8.403323726591623
1012.3012739651497,225.63734398171846,12.88091469146434,8.428184947556474
1011.4052926960684,225.26279581119076,12.631589637308593,8.610701696014985
1010.5698424051934,224.94162117780797,12.593640176393023,8.735167653348697
1010.5482390020372,224.72080991331313,13.260440410172805,8.92639071065355
1011.0,225.0,11.0,10.0
1009.6578757847717,226.07442431894265,12.462901803564591,8.758070573092311
1008.9252636249157,225.70348011394526,12.390953481388124,8.928267429917469
1008.7907805224563,225.5220058559159,13.134076631210974,8.984041222902533
1008.0607811729819,225.2111643102362,12.41014409390823,9.028986105729018
1008.1793397048738,225.14716256882008,12.903589159954777,9.01594929222938
1007.4253168005714,224.8628460983905,12.438776172019516,9.108022286856908
1008.0,223.0,12.0,10.0
1007.4344828927931,223.55379634040884,13.076992810523961,8.958751662460884
1006.7034017549736,223.39081534438424,12.617810087980615,9.021937104692825
1006.6117183717485,224.12870421753513,13.321909981368663,8.745494638890676
1005.9476520292546,223.54467449236517,12.65743062322008,9.11846381594296
1005.949570732939,223.36945537550582,13.077913994973414,9.022717223460972
1004.9008118642255,223.12714493466422,13.043514105508848,8.809599464677007
1005.0,224.0,10.0,10.0
1004.2862201401722,225.08345276853663,12.29152296081429,9.084298849567915
1004.3936173837901,224.7948159840356,12.809883132694722,9.135019988974136
1004.1800000091922,224.76989345720767,14.106739650771374,8.84189070559546
1006.6418921031375,225.20562082960214,13.664731581327601,8.12571096383573
1008.8019720432678,225.3196394568829,14.047948805597798,7.868378757597384
1009.5056876645474,225.19886950394948,13.662965916156168,7.797173051812933
998.0,224.0,20.0,11.0
1001.426144490762,225.05631256064135,14.164825100803569,9.100865767531559
1002.1038420979163,224.9157402382914,13.59347878960807,9.112506450051256
1005.787465408687,225.16816744234757,13.663557622245776,8.74722974585086
1004.6263214129121,224.80793941211508,13.495055905423442,8.721636562366939
1006.7726046427441,224.67444190823127,13.445044869411618,8.710950758471313
1008.9843639304587,223.73715877340618,13.55055217419681,8.91271948766041
1007.0,222.0,26.0,12.0
1011.9072102268931,223.53527714022744,13.095180781007684,9.866651408862992
1012.0144055048986,223.38227081576917,13.772497443996144,9.85685911918739
1014.0434205193428,223.20055276132348,13.780474058349228,10.120607999742106
1014.505134347464,222.89376216703158,13.448186423776406,10.295812066699739
1016.3434966395346,222.7086098402616,13.8696274813326,10.398245045431793
1016.6972313213365,222.36961694258548,13.799390478526561,10.494204115721004
1015.0,221.0,27.0,11.0
1019.6948275748882,221.64632852135924,14.282801313643176,10.555431964633044
1019.7952551600174,221.4133590402712,14.706221420855854,10.630349578655398
1021.8221954092407,221.20291720498176,14.853304500171134,10.671585505065764
1025.4165298995922,220.4487501021036,15.996626130634468,10.450210354863259
1025.374138511817,219.93559420615998,16.64268019049473,11.03115203300672
1025.9615459056295,219.59193917285563,16.277269425250324,11.155557321926722
1025.0,219.0,26.0,11.0
1029.87609277566,219.2382103126473,16.55356580458715,10.879239700386393
1031.7600977066536,218.96513730452216,17.42533871292835,11.167012900849812
1031.8391868307308,218.73975863050282,17.79576874000395,11.18364021338266
1032.2599910435165,218.4619659489328,17.807276140855265,11.325942541236032
1033.1072539619959,218.1987691794085,17.11052920198108,11.358495105763268
1036.6842091798371,217.83019054784552,18.605950606653778,11.438852508274238
1035.0,215.0,26.0,13.0
1038.7300038628132,215.83404593253857,18.388398948073473,11.97566504834964
1040.996231006925,215.6130296134461,18.985245520272656,12.31763688328624
1041.3065233676252,215.16328482974592,19.1110540997538,12.617151760597324
1043.5704790850014,214.87881376455562,19.772259222866523,12.680386879299022
1044.0105944514262,214.42292283591155,19.684587344143438,12.798268311118363
1044.2626159453284,214.28956447632038,20.01692489148354,12.783162588109349
1043.0,213.0,25.0,14.0
1045.6695180082825,213.56002080822708,20.38267376674048,13.306404657720918
1048.204072850749,213.41688032345724,20.856126728929667,13.372022564207839
1048.5296666487861,212.95874895089537,21.06253500239427,13.517738735359217
1048.6505022694037,212.8143597952112,21.512717567326035,13.474389178380079
1051.4405554138084,212.4794962936454,21.64877572974092,13.5667145090475
1051.7920931360798,212.04354987326104,21.93301475528733,13.586359612055759
1052.0,212.0,26.0,15.0
1054.3039108012144,212.75621238556357,21.12297817620629,14.305622856845332
1054.592696941712,212.80886704104694,21.760719453753154,13.883527322326188
1057.0115467796054,212.3391123261658,22.24290086722226,14.38903841025018
1057.4834953474506,211.9855559828182,21.985605590539762,14.29395796811599
1058.6440633970774,211.67986036820932,20.98992622424271,14.275650193180667
1060.6281725447707,211.06515323182202,23.00406798387894,14.688145083066502
1060.0,210.0,27.0,15.0
1063.6500932140557,210.43335175906117,23.700672802511235,14.098323675209372
1064.2657521712006,209.963437256508,23.189817868743376,14.61070122346436
1065.3269258915095,209.6293239561419,22.242372198960084,14.766376855936869
1066.2931596840263,209.33760633261454,21.59187872241955,14.743381212775603
1066.7452074632092,209.2335390259086,21.74890672203219,14.601222373524365
1068.7024602072115,208.9462815252629,24.178616741708993,14.837692903962107
1069.0,207.0,26.0,14.0
1071.5513353120987,207.28116995240418,23.7040351948458,14.550893274369741
1072.2455920448472,206.95309783727132,23.25712962262878,14.531850057430518
1072.440096465979,207.06338418922905,23.358851157016943,14.236562159430093
1073.5267705438182,206.764214422534,22.391885512169665,14.372339935789853
1075.054166180696,206.4992027287104,20.799985414228104,14.207124745644336
1078.938981006996,206.17499285445507,23.98194510077269,14.519419414962783
1076.0,204.0,26.0,15.0
1076.7338777252116,204.5722175585056,24.36151527738275,15.131127702029033
1077.8771768985982,204.47714505246276,23.84025935470504,14.97652901024631
1079.2091121606468,204.14279058983692,23.362393706245257,14.981430019861818
1080.8340431788688,203.83354606249628,22.113596767588888,14.955491484303963
1082.2182015434737,203.51940737443752,21.402185075377474,14.92533580136481
1082.5520136669234,203.44471057376242,22.18644118571774,14.710550186165904
1085.0,203.0,26.0,15.0
1086.6605875993964,203.38623915395146,22.591942968301282,15.291719639376424
1089.1842395831836,203.28973240296045,23.131504809771286,15.230115058871633
1089.4560375643896,202.89812519028925,23.33748847583547,15.038573845733652
1089.7999786749672,202.66785225381352,23.114279896118433,15.167498161881156
1090.9832495353571,202.3628798044358,22.030087016250036,15.274376090641226
1092.6211290170922,202.19251236183084,24.554097528366583,15.20499023685781
1091.0,200.0,25.0,16.0
1093.1226008387748,200.71280881622852,24.129263594804797,15.022871650749039
1092.8410663251325,200.72660378011665,24.34076562911696,14.986456068269149
1093.6400602287008,200.3395877467384,23.80572595527383,15.526446270673546
1094.9565597580358,199.95383205279876,22.658602581132527,15.64267760206252
1095.3267278933224,199.55435295176045,23.951440137713917,15.570303174657113
1096.0006467617734,199.10287592635422,23.705559378609223,15.708137978360867
1095.0,198.0,26.0,17.0
1095.6074564549845,198.41866611644855,24.250654987180496,16.69796428022312
1096.1205826015553,198.3207820343158,24.211951773132114,16.27104384612028
1096.7767882368566,197.8508521107735,23.108174990080897,16.420702542699956
1097.0782146164,197.19632440549242,22.848829526813233,16.643821479163876
1097.198835562616,197.14434304257747,23.105914500680456,16.230767868921703
1099.776561480495,196.75894265942404,24.377327492104314,16.501137763962248
1098.0,196.0,23.0,16.0
1098.2285352513236,196.4560254019707,22.73306207985297,16.03573564584363
1098.5028626766407,196.05447313508853,22.39214660847483,16.195883474496327
1098.555171562505,196.1531594361712,22.425871454948037,15.865269863578334
1098.9455170511283,195.75233600703964,22.1553500510272,16.027152609331637
1100.094020546072,195.45300095618248,21.35615221038279,15.939539402305257
1101.4048122486574,195.35744233046137,24.606773725772655,15.754601273385532
1101.0,194.0,25.0,15.0
1101.147539992366,194.73332251113368,24.76080918643629,15.194214390877619
1101.9297618644964,194.86561301709526,24.039330810191814,15.121695315835382
1102.7265741234803,194.78853107525703,23.518467700668452,15.274890001670087
1103.808191376671,194.97368620197733,22.540376543910497,15.110422623542604
1109.1869271418982,194.8383113967786,23.844569537278858,15.37313491478423
1109.3257373338042,194.29133882557477,23.813813214380843,15.38597366430389
1107.0,194.0,24.0,15.0
1107.7184895983382,195.08992460907567,23.432027889807614,15.16049999809539
1108.4491080078674,195.5354270538151,23.110311868251756,15.452920337216142
1108.9049065222368,196.08257726996635,22.837237920003417,15.512627284600057
1109.2436768054683,195.88577679249272,23.188571993533742,15.406313612978863
1109.8901705786445,196.60191854203998,22.88484246076223,15.602066220286076
1110.705297617854,197.41891815951772,22.265019476062434,15.575150928541689
1114.0,196.0,24.0,15.0
1115.0148682377767,197.59294399734358,22.858800678453917,15.056143140201414
1115.2341320052126,197.81005295395653,23.364457956007755,14.80386470978192
1115.5977446663705,198.5257949564097,23.31374885857963,15.247273153680453
1116.9671600625697,199.62010149562215,22.060753455350095,15.163961882173993
1117.8405245591384,200.60451009770742,21.528317507063548,15.079715041116629
1122.1694808318134,201.75053733799552,23.734139446759855,15.193832770111698
1120.0,202.0,25.0,15.0
1121.498617164818,204.0876699801488,24.278731616592495,14.997631389373964
1122.1184121828617,205.1964353934,23.796607813892706,15.333348018206806
1123.0261404930638,206.38138692870226,23.148224227536275,15.373675492224265
1123.9248556717903,207.56350382895988,22.464247790342824,15.372150492891365
1124.135792920384,207.3814431422181,22.857210280584013,15.334961745295942
1124.906856926866,208.7459444724224,22.489239692368756,15.268392552499762
1126.0,208.0,26.0,16.0
1127.1244239263751,210.12257769416374,23.24896917764363,15.678409725451502
1127.6415751888371,211.34921214544391,24.120625684964352,15.820429631954482
1127.8403347635822,211.2744519829006,24.479362856639,15.677578798618924
1128.574593935121,212.3086231248655,23.950960059524505,16.006531488451998
1130.0274662831102,213.46255319226634,22.51779562847173,15.918779366437604
1131.2115515105324,214.29170050714953,21.798536439586314,15.954229634328016
1132.0,214.0,25.0,14.0
1132.0168040227538,214.5455232350022,24.78153408943922,14.714719677671695
1132.8252241869834,215.53892567350536,24.102859305493666,14.743503195128739
1133.6443565552902,216.47292749943315,23.462264018560063,14.755380524967876
1134.7057986117106,217.28510463904675,22.65538049276165,14.86570536898276
1135.9247223434409,218.0450654356821,21.698789468573523,14.860565464292677
1137.0835374028693,218.0203161360423,20.93346241575773,14.472274519013979
1137.0,219.0,25.0,14.0
1138.8885097792881,220.61648332532712,23.691658372488746,14.258975502488823
1139.152428984625,221.50307393572626,23.422472455204115,14.534242227121297
1139.6731512382453,222.4328207909761,22.983049513639344,14.61025848784601
1139.872565545505,222.46731348049764,22.988683570397598,14.379597831107816
1140.588746347622,223.2991557275168,22.480799008280428,14.64229469656533
1141.412790913797,224.39109202738126,22.082697375225052,14.544511033100633
1144.0,225.0,24.0,15.0
1144.8198771330763,226.4460588716829,23.162727094373622,15.320745345844443
1145.0391131677234,226.85228809666404,23.479063402772,14.674528246818852
1145.4264609933916,227.6980943747386,23.498086322524614,15.342959450229586
1146.2003048296247,228.33615962146712,23.18063960636755,15.623070338493847
1146.860350520792,228.99424341166923,22.729159898811304,15.653408002879928
1152.4103986348778,229.4601048783376,23.470170117150246,14.88485745688277
1148.0,226.0,25.0,16.0
1148.8973716898108,227.31723416748656,23.655794570157923,15.68664115599276
1150.1474147632166,227.35282644518134,23.235728997580736,15.322382281440468
1151.2377971866536,227.03173784076785,22.683750490884904,15.468006458945354
1152.4773957133903,226.8385992996711,21.888747268267252,15.416049279343554
1152.5601241929155,226.8138716283219,22.440424155599885,15.076973928362605
1153.9882952371527,226.66138327149213,21.171324209211434,14.952571835743925
1155.0,225.0,24.0,15.0
1155.9358462175087,225.6159254148937,23.085123744041994,14.474085487481034
1157.3626205705532,225.4937483580577,21.840717158823736,14.59706624507487
1157.196808360104,225.43731347703965,22.44255560491206,14.615410775184955
1157.9358576417062,225.26707048711847,21.711794103691773,14.596408247350126
1159.2665762780262,224.96615704880833,20.49339668347966,14.524995836536505
1160.2483378713368,224.91976866520673,19.94577054407273,14.181776572966783
1162.0,225.0,24.0,16.0
1162.244872417516,225.7561667247519,23.103316419993007,15.59640188395963
1163.1555351648576,225.79005273113245,23.170672790770368,15.0998264006559
1163.927178810476,225.473047168035,22.72232891567728,15.281853673868909
1164.8716854266536,225.33121299247264,22.272048111641425,15.304086909096355
1165.5289848640841,225.19341080931773,21.58971480288801,15.339502981305117
1165.7543826167134,225.15148129028978,21.532101032356422,15.263812631690826
1167.0,224.0,24.0,15.0
1168.0090172918717,224.64819200794994,22.75586410361211,14.90684555993596
1168.4800096520325,224.75978338180153,22.75967267828446,14.685515224242863
1169.5203272126123,224.7238351144823,22.279130265740378,14.660821211406017
1169.830302692706,224.610559028873,22.474859081708473,14.718214807292497
1170.5990575303822,224.6166746727689,21.93572073456562,14.65915983704133
1171.381136207597,224.63176754925246,21.51025331983419,14.522523554370537
1174.0,222.0,25.0,14.0
1175.1814723570587,222.6169788156443,22.34094633110817,14.398233696431646
1174.9442108543476,222.79222940165806,23.87211849918458,14.096755293795837
1175.7071406829068,222.57528529862316,23.309193469006004,14.21130649821555
1176.568624297479,222.36016956445792,22.756640972330842,14.184709230995708
1177.295004936732,222.03903347667648,22.44847002006668,14.205475873108185
1182.6034139662788,221.7259651748589,23.111037497371626,14.506970284306504
1180.0,221.0,24.0,15.0
1180.723926092273,221.66865634134433,22.511687071495317,15.137258061955691
1181.2325889109438,221.97506296859467,23.19401347991038,14.4402510467296
1181.725850211929,221.90850259376623,23.16808611966576,14.484464833340667
1182.6659776005908,221.99356606433838,22.713283688116462,14.378023460958048
1183.6011794261956,221.87041821166775,22.018864436403646,14.487132813936654
1184.7933107610042,221.99694817163572,20.98058476206461,14.228688251608219
1185.0,221.0,23.0,15.0
1185.9725137995028,221.66980026485635,22.055959733398595,14.991835941685622
1186.6567628992202,222.0279749953712,21.977014418014278,14.36645305085301
1186.6266409805012,221.8983089237645,22.493981091677597,14.493719485561087
1187.4436372539365,221.7529580964914,21.985382574501273,14.556480478873254
1188.1261866038885,221.48036990036627,21.53619066361307,14.600464075042822
1188.844014314498,221.19932972379166,21.093997428935836,14.555643785359422
1191.0,221.0,23.0,14.0
1191.12944122202,221.65058116459707,23.04487255401682,14.16536136968952
1191.9091334952334,221.70865976137338,22.428915722679676,13.999018534060838
1192.7713223198577,221.4106430578852,22.010297745148137,14.371446683713913
1193.5144308591844,221.63310830655928,21.781859102843782,14.048614203226464
1193.699241165208,221.4160519948693,21.611609504784383,14.272661496946682
1194.2389500450186,221.47017513415312,21.065541359423605,14.161305318408722
1196.0,220.0,23.0,13.0
1197.0131085423855,220.31396407474045,21.487853809936496,13.611500779424716
1197.8224391305669,220.28557638670054,21.341117187076634,13.434413059252904
1197.873942604248,220.25509521527317,21.683994108565457,13.448810120562115
1198.473064464451,219.7573325837542,21.39806476157264,13.672483106529654
1199.2825477157685,219.594075041074,20.784882216888036,13.574781104868208
1199.973316657688,219.39895436673163,20.42692414790031,13.50062115089139
1200.0,217.0,26.0,14.0
1201.1100124551872,217.7510061449575,22.414546088660245,14.093223103286789
1202.1163331354019,217.53709685487206,21.73737809946283,14.065674089301297
1202.86429741414,217.46333097314195,21.66491592750549,14.034248489696807
1203.473310421283,217.41666816665435,21.808857787563056,14.002829899037863
1204.284944221588,217.4858756392191,21.54038931504715,13.897967816181733
1204.5336858226553,217.40437858256735,21.696606882022706,13.940799380943076
1207.0,217.0,21.0,14.0
1207.253413149816,217.79658640133334,20.290561656267982,14.154051293158773
1208.1034473860545,218.1758355851971,20.42029381299335,13.754072686925497
1208.5052843926942,218.10866904029592,20.74613249609456,13.95858169968676
1208.6629549706754,218.02339959858455,20.96415469235444,14.055565841644011
1209.091336438065,218.04466368576877,21.000239838288962,14.014829214656032
1209.67183857005,217.9264638869604,20.852804168504235,14.101113723545495
1211.0,218.0,23.0,17.0
1211.8574345953202,219.25923484222244,20.56790139898112,15.26087654562457
1212.0305103791795,219.3249151205624,21.52124755778982,14.661537485767127
1212.9726877594012,218.8961716366136,21.068282839690028,14.926726062120395
1213.431354944979,218.60436125133637,21.223523832137744,14.975892380910949
1213.9330470205332,218.4200599979406,21.019409275005728,14.913175014605258
1214.2921063787026,218.2689178529991,21.116570552673693,14.801630408608219
1215.0,215.0,23.0,16.0
1215.7697314064067,215.91387671241193,21.94662184526578,15.60051275075233
1216.904698042501,216.04142901486603,21.345366935891434,15.022808717485646
1217.7510581717097,215.94432264744594,20.90745053453361,14.928079324573872
1218.5594468830177,215.71405179750295,20.769696605946137,14.920570072820084
1216.3694159438455,216.09650468860673,21.279200692986706,15.315979113014691
1219.0433321465325,215.505509083483,22.194427338085006,15.83801879845521
1216.0,217.0,21.0,16.0
1216.6500076814784,217.86230726265433,21.62697172050798,15.54103178914329
1217.2457219991848,217.55306317520296,21.34940496281979,15.42141692571306
1217.5331497924135,217.58079473151844,21.129752695521347,15.100898572802578
1217.892537524473,217.44904745993836,21.301384804731697,15.052110629486378
1218.2256091354736,217.37972070316323,21.67914574247561,14.935187503797124
1218.4928675319563,217.28937841439105,22.17136703985716,14.86445197181368
1219.0,218.0,23.0,13.0
1218.7494252922843,218.37268421279953,23.157798510063003,13.776309223284102
1219.762855078563,218.27156292754353,22.900903108044986,13.955922487309465
1220.4077705340542,218.217979325658,22.65662543207327,13.8758675719493
1221.0170000137514,218.13061229150657,22.496831657575967,13.874566367672145
1221.6242294146778,218.02906339271993,22.2273918992978,13.83174273758533
1222.079803556635,217.95448372716805,21.98951011362442,13.851270820684704
1218.0,221.0,19.0,12.0
1217.8313081880015,220.95622283931425,20.17357913968317,13.574642583527634
1218.4414920168952,221.12792683024645,19.861935839305715,13.133245638703102
1218.593321399001,221.16447023369074,20.518725188379904,12.918074044523564
1218.8131517120892,221.17686207241366,20.510315524970792,12.821698522788154
1219.1001794742792,221.20495136698628,20.49855665117161,12.634849725332742
1219.2804696490757,221.14472546785902,20.652282239525448,12.618468457465724
1219.0,220.0,19.0,11.0
1218.9759984973934,220.07693541913582,19.26249902456061,12.73442844922883
1219.205562619605,220.2824897343204,19.479454274357977,11.98941793338895
1219.5771366513436,220.2513533896369,19.427187950047937,11.902404671687947
1219.9147281991018,220.25478942951509,19.356354320670107,11.839983886481377
1220.282195425146,220.26524758944856,19.296175598781247,11.779767407247505
1220.6700795306374,220.11669104058035,19.11456342198335,11.714808199350045
1221.0,221.0,17.0,10.0
1221.4617801323984,220.8857180065188,17.335260654151625,11.719057245982185
1221.6658413199552,221.05394835690907,17.840671844113785,11.123563404103294
1222.0364928637027,221.02871903175355,17.85580280913132,11.022445242003528
1222.3934003905956,221.032470123576,17.77061210012107,10.911706782371255
1222.4959297547375,221.04665497729053,17.8716675403939,10.832799579179095
1222.7753018343674,221.05427233850315,17.68738005723435,10.778097711512572
1223.0,221.0,17.0,10.0
1223.2765083889385,221.16202527124506,17.326308278404667,11.024754874694281
1223.6682185909262,221.35009914002916,17.217797763752742,10.715495280709831
1223.7719863218417,221.39652592929224,17.34982102566846,10.633923123616881
1223.840453821511,221.46047524722076,17.474451382695406,10.56588086826224
1224.3006815725312,221.53393636846812,17.068916584998078,10.60172824219319
1224.7237633896689,221.62659777686997,16.916015935281393,10.536574414371017
1225.0,221.0,18.0,10.0
1225.2709369041556,221.1988973538232,17.7117938845754,10.473506705101897
1225.3462986791264,221.54011459076082,18.12394234837211,10.9837242656954
1225.9891094907266,221.58553479349462,17.705860652879892,10.590489187692839
1226.193557012708,221.6910760725761,17.89418550659775,10.560634035208238
1226.753816152337,221.72885941582263,17.634734891975313,10.555170236948044
1226.8062991645565,221.75174436269447,17.93738047851366,10.550400506526444
1227.0,222.0,19.0,10.0
1227.8195088845519,222.2697087181828,18.24830052959055,10.58959421507356
1228.093086596296,222.39452269287204,18.480894382855013,10.592210563841462
1228.3434749303651,222.4335024706479,18.63734244358784,10.584759346913984
1228.5780213518465,222.43494824066488,18.56112195962669,10.590534653840848
1228.7975831898739,222.3908191697717,18.633850783801336,10.644608060494704
1229.1378512103984,222.22854864747364,18.76245010259936,10.688044687181986
1230.0,222.0,19.0,10.0
1231.4976842912047,222.15922475242962,18.312839472519727,10.591836779134951
1230.375135826498,221.96486238318107,17.870147647138538,10.686955174223016
1230.9476430091142,222.05955028898893,18.06090583187256,10.672944054178572
1231.4160510999113,221.9833285040915,18.350387526164923,10.605031923821059
1231.7935705300633,221.93944835346838,18.58652863748125,10.587483109332112
1232.1430960604475,221.81636902207163,18.73033451295123,10.634312946115585
1232.0,222.0,19.0,10.0
1232.4451721843268,222.22150450604687,18.13066804034156,10.83955174056507
1232.699762242214,222.36431551018188,18.831765737422757,10.494925239154895
1232.9830824997603,222.28509080338688,19.14274886817566,10.484446337288034
1233.4294577924775,222.18496014455445,19.150862661579595,10.557992983094948
1233.6486719397008,222.1495985891994,19.063442376382227,10.528470188540354
1233.7934490862913,222.09867755237315,19.32215667056198,10.506270761191843
1233.0,222.0,20.0,10.0
1233.6555328224554,222.05279058292842,18.899480983512603,10.921353528301836
1233.710738297575,222.13980111913054,19.713567710486586,10.77769333857205
1233.8100069899538,222.14300307626127,19.976083678134273,10.71803020468883
1234.0034433377132,222.10221519657716,20.228493750775215,10.686767052166033
1234.5220061048217,222.0066952309657,20.10339837785068,10.797230117867457
1234.7731753736725,221.9300976386956,20.27304756310741,10.769674100784897
1236.0,220.0,20.0,10.0
1236.1502921370284,220.1212181805207,19.3316753891213,11.4141041947222
1236.7379809936738,220.2304643686939,19.325038435719534,10.972858818838915
1236.9310853294028,220.1083474178538,19.78009106747595,11.010500231292468
1237.2628086663235,219.9777952121413,19.872164449679985,11.049060401990289
1238.1083002843613,219.88727680816112,19.325554677420314,11.004212822714749
1238.1236753220892,219.80997093817314,19.771932731087418,11.020848147389017
1238.0,220.0,19.0,10.0
1238.7951762117382,220.04708701019536,18.18563586371488,10.895706367237494
1239.104947424817,220.03541147306578,18.620992757871818,10.928125072762725
1239.5777316013832,220.0445876191322,18.595308153167025,10.821847248062056
1239.4923984416018,220.02532415983262,19.014368515795013,10.815819641738301
1240.1543046413333,220.02758537855243,18.603775439100673,10.779975064105201
1240.2734293412987,219.92635859824077,18.904185860105827,10.831836265881066
1241.0,220.0,19.0,10.0
1241.462353799906,220.07731985945992,18.979629048840252,10.922183140076015
1241.405761886188,220.1828044349213,19.29356187916096,10.735178318909732
1241.6487769848782,220.1924578967152,19.238011218567408,10.744771108459759
1242.0806613917762,220.17041627806378,19.14436097390262,10.74422944037164
1242.6934852026852,220.1141866161721,19.001458931011257,10.650169794125361
1242.9627777102432,219.99573880121898,19.191430425125873,10.688570681225428
1243.0,219.0,19.0,10.0
1243.474342659409,219.12079999952925,18.703670785810118,11.32437566936278
1243.7563893164915,219.33089699176423,18.86752965989581,10.870160124195479
1244.0978889646153,219.319732902979,18.85426030218605,10.938906992625562
1244.2528473904185,219.33917745547456,19.02792510004383,10.94201906165108
1244.3813209074588,219.35179511764284,19.041223572628496,10.920828254536843
1244.7481027529598,219.41179020202458,18.832014752045325,10.945644803180812
1245.0,220.0,19.0,10.0
1245.1892801443983,220.54155436542942,18.897544796341663,10.752743881448055
1245.4604717846032,220.97596093513403,19.248870112128316,11.271222878285698
1245.414435875006,221.07634686502513,19.52138362655637,10.73462577842804
1245.5687973918057,221.03754154502354,19.37519204224145,10.734689329862363
1246.0051604495716,221.01236148462561,19.03273876260573,10.871300267344907
1246.1187813226643,221.3870630000523,19.431758277754625,11.391091270216066
1247.0,220.0,18.0,10.0
1246.945648311369,220.16201902540575,18.157043849741058,11.457222848699587
1247.4319720059966,220.44020814419605,17.86165333441204,10.94916018607077
1247.6952311386945,220.5350479314526,17.899192520560064,10.920359208733089
1248.1515433290742,220.62995498815326,17.7271738639497,10.87399571907099
1248.014918526008,221.04190508878116,18.343761617948076,11.263543310138743
1248.1702439179503,221.07837863211523,18.299355138171222,10.848852090144192
1249.0,221.0,19.0,10.0
1249.327864432028,221.01675178805078,17.980585130022973,10.908030470162089
1249.6018893394194,221.41629019603033,18.64533013901655,11.35179104431495
1250.2268602873748,221.57018310092008,18.551445679653398,10.816464849759825
1250.3668244415753,221.54323134629078,18.813731455606103,10.806943760409013
1250.662294851537,221.58408011651136,18.84501198814405,10.797140917061427
1250.9557432321576,221.62234724009136,18.975764660151754,10.86777325330388
1250.0,222.0,19.0,10.0
1250.643918530233,222.24657522103928,18.30870088901679,10.80542257051576
1250.5337676885515,222.28301792574325,18.67041515500614,10.885866939525783
1250.810439733773,222.37024627053256,18.511035691936286,10.886257323950929
1251.164300040076,222.46477238347518,18.34563208543136,10.866586970168612
1251.3664620398818,222.5498651109255,18.45044390046587,10.860362007656477
1252.0220290715379,222.6375410447015,18.044759982126607,10.835234341596731
1252.0,222.0,20.0,10.0
1252.4613397503445,222.1001292814709,19.277083805035545,10.956392001530617
1252.8082473900695,222.24420733746547,19.267112580639605,10.859676469485038
1253.1415481556924,222.28356781744424,19.273052412750076,10.883445663254406
1253.4345119886457,222.3387775914877,19.35829909752283,10.913230623907253
1253.719157953944,222.3770328695308,19.33283292072747,10.88247953408532
1253.8359618320696,222.72537441124086,19.684461122230005,11.433746468513391
1254.0,223.0,20.0,10.0
1254.2953003088032,223.20182787797603,19.05825755846581,11.289723105016947
1254.8828395171086,223.3731641152907,19.029949749947946,11.012785082211906
1254.7536464797759,223.41323228892367,19.76222436770513,10.982585899185153
1254.692472314935,223.7842305597385,20.214822064468535,11.560135730635238
1255.367940183011,224.00237080408323,19.722120818252506,11.164757658582971
1255.4478563460061,224.42424595678995,20.25514697890594,11.690846976888224
1256.0,224.0,20.0,10.0
1255.9729578850583,224.05912139985116,20.222902073383466,11.644463653876755
1256.3207912044609,224.65166178098679,20.320016347441197,11.810317689188878
1256.55345816706,225.2633051471392,20.317530859833823,11.892289715327365
1256.7899529565034,225.85625094240783,20.57225868469868,12.02337070012851
1257.0249449160478,226.49782536388545,20.637814507274015,12.067696882063444
1257.238551274546,226.58106923105657,20.46399977792794,11.27564544564575
1257.0,227.0,21.0,11.0
1257.3686815969195,227.9526081156357,19.908479114184274,11.72424212596303
1257.7868062661107,228.704899523532,20.23299769428536,12.079960201878237
1258.0472926684051,229.47617892252933,20.67604084231425,12.180384260677073
1258.143419032659,229.57041915546472,20.793143919513113,11.836591522151366
1258.2517897848734,230.3357852049266,20.89086925894094,12.15228022253143
1258.435635447991,231.2982509761987,20.848713782128925,12.156929248437507
1259.0,231.0,19.0,10.0
1259.3636838745244,232.0322841988335,18.972890919548036,11.58338322314441
1259.7505678423458,231.90208716848576,18.77323025138594,11.821434088627484
1260.081919397006,233.4373492094487,18.795380500245756,11.594830797174922
1260.3098690359823,234.92420966818082,18.761498005884505,11.34233767565712
1260.6237821924908,236.30872230802294,18.57516929702797,11.148309949289086
1260.8358019907919,237.6312396373118,18.470570849101932,11.240573312755913
1260.0,239.0,18.0,10.0
1260.703967618425,240.23205498749917,17.290575431319667,11.334497407928438
1260.807118544159,241.81014333575968,17.814786541225203,11.04401408371973
1261.1886206686688,243.24618166242828,17.64970601944492,10.96145465695156
1261.520687407421,244.58592609884488,17.54738584575398,10.869805597576317
1261.4130279368987,244.60744755326937,17.840339043272024,10.80853332828653
1261.9145896789069,245.97607659818073,17.23399606815292,10.850381077987151
1263.0,246.0,17.0,10.0
1263.4507529829298,247.02074671210403,16.198959288910828,10.673937071668433
1263.784272559849,247.88331779099963,16.446807239988402,10.716837496857522
1264.1708307201402,247.8612912637014,16.00175347057848,10.584386726710989
1264.443010223376,248.58959893302557,15.763349315226606,10.643295157859768
1264.7114448782222,249.28832496784753,15.524913698404816,10.611749007605681
1265.1026971185915,249.9497063386043,15.268141907061363,10.642966752782513
