636.0,278.0,46.0,38.0
636.0094499218394,280.1048866370693,45.81677526718704,38.16314673516899
635.9923020849253,280.3041527512796,46.014216190397974,38.49245918732231
635.9277089191664,280.6434409621179,46.12141567758954,38.53941163921991
635.7130908424324,280.9975969918587,46.257114209790416,38.591075668286976
635.6583841031493,281.39679254238195,46.220959952165,38.6889328663342
635.5229138888469,281.69673586365207,46.276899408325335,38.784333654806005
634.0,278.0,46.0,38.0
633.5878605491571,280.0596610939938,45.93992474628976,38.62047265382171
633.8601965026862,280.32816262837605,46.03681287973791,38.47696886935046
633.9052540027367,280.553272323059,46.115934163796055,38.51580881176221
633.8806503639446,280.80478593281646,46.12315416754018,38.46797912205545
633.8411377550324,281.087811085049,46.11139486216109,38.39212408101173
633.7080835663351,281.34387461924507,46.18058979906618,38.394502574036096
633.0,280.0,46.0,39.0
632.7357907757341,282.1892401681016,46.10460822269488,39.2030641690576
632.926847779531,282.6622777175062,46.207881665958666,38.80255890794933
632.9653424490568,282.90414772552094,46.295888495354234,38.93848101223466
632.911898595562,283.1980032627762,46.3376231507109,38.88075822479732
632.8228602088739,283.4694428625901,46.42517426102677,38.86647308839065
632.7357550020016,283.72200067116137,46.3601220920001,38.868837276243084
632.0,283.0,46.0,39.0
631.9665053154342,284.79797948311534,46.023965767842355,39.217190046770156
632.1519741847875,285.2415638661821,46.31771512303931,39.03887186567033
632.2304577063159,285.5222946717015,46.45903138088272,39.02134486134389
632.2286379932316,285.7522960500071,46.46055274742025,39.06220669430934
632.1615577628039,286.0106120551766,46.56006076557105,39.055321874910646
632.0908851955447,286.239142678196,46.61930758921983,39.08935041991572
632.0,283.0,47.0,38.0
631.940907443701,284.882579510273,47.2073588344781,38.93190675516087
632.5411510166457,285.1528316017948,46.742939371602574,38.83522298266371
632.6703332813895,285.34255587332177,46.75315759134901,38.89554960542216
632.7936055619332,285.5348366665496,46.70826530770137,38.92919832228165
632.8147351397995,285.75481431992625,46.731393389688265,38.90538155657407
632.8192283567905,285.9643891405267,46.716045330090765,38.859143981778175
632.0,285.0,46.0,38.0
632.5699769891544,286.54543680895586,45.069724731424685,38.91066018966012
632.3334546613771,286.8663493789509,46.22009686987121,38.722970570760936
632.4923843922281,287.05766819285145,46.27049673139345,38.73757057912553
632.6562306758499,287.2409095389339,46.19568219151881,38.72587716853195
632.8689249699141,287.4294169578743,46.11617150952725,38.6833903232598
632.6633925686656,287.65580102503054,46.41202590107423,38.27643740088092
633.0,286.0,46.0,39.0
632.8242590188092,287.74381627182674,46.43999560657903,39.716813892335495
633.1879493013516,288.38686772730966,46.33055141057571,38.8908554880378
633.3851102035413,288.58693352992555,46.39593622822224,38.93356922595501
633.5577977779487,288.79513821715454,46.39406820272609,38.920332981120964
633.7481442654462,289.0017853288168,46.38573545282293,38.91118812019977
633.6160850478784,289.27446384846485,46.81974404800599,38.42631880415581
633.0,286.0,46.0,38.0
632.9614791511367,287.91939691602147,45.9136158499814,38.90084643500052
633.1801866210113,288.07243520960674,46.23757753773498,38.50129801597723
633.3759796859752,288.0899873777021,46.323514638061056,38.441230921235956
633.589517045269,288.11011802839084,46.30598390117848,38.401098120367124
633.7298997316668,288.1451029285872,46.33134296294145,38.346475517901126
633.8676697184806,288.1974157071186,46.35917129595509,38.26609039916548
635.0,286.0,46.0,39.0
634.5698578381935,287.8323882090817,46.40028972692312,38.91186093418446
635.1398547182462,288.12782521581994,46.1469533618656,38.70734026092066
635.3243780420422,288.312530677789,46.19919019615202,38.65331231636981
635.1909127273323,288.4255916881443,46.668780192069335,38.36665709360659
635.2850304900311,288.3984832269364,46.60389892686328,38.37357792498517
635.7203445763568,288.4444907101256,46.14338085042539,38.60261494749943
635.0,286.0,47.0,38.0
634.7855532652418,287.5360076781935,48.079395575418744,38.703744452582214
635.7073311200305,287.69032322657586,46.52031206019706,38.79397652048738
635.8431927866172,287.8945192779738,46.55135193489855,38.76836128500918
635.9978279870694,288.0926385189664,46.50252539255723,38.73710607925875
636.1759557219339,288.290083152933,46.44631082710475,38.70369538990428
635.9001088516206,288.33032984491,46.824867525664104,38.54810081174219
635.0,286.0,46.0,38.0
635.4856308910612,288.20268066987774,45.465959974118505,38.398064663751484
635.2492448156564,288.2920300288124,46.3176250922121,38.27680511531037
635.2925140645235,288.3576584731188,46.311390594783234,38.226469132029024
635.3760697778301,288.37676854659003,46.227344243652624,38.23002443371297
635.4237655206705,288.36283568822546,46.09028991797413,38.25492846714633
635.4504901608832,288.356247305067,46.0951439188882,38.23149658502348
635.0,286.0,46.0,38.0
634.9529240516495,287.9393127396743,45.98734844714636,38.62187590463623
635.1685397069311,288.27159740783827,46.15528031188501,38.01879085315704
635.3131344395257,288.3457196969207,46.132168440991904,37.950287631938636
635.3082626296423,288.39618344897553,46.15287625389965,37.93429367039607
635.2355829797607,288.40321684002174,46.127596873487846,37.91847587429913
635.2060139096799,288.38709760043866,46.11967143020877,37.892739545655786
634.0,286.0,46.0,38.0
633.9661686324057,287.5577920951705,45.84264528743188,38.492528735025644
634.0102273336727,287.686473837927,45.96469677241089,38.48645633123101
633.8258682884621,287.7847818835014,46.153639408214985,38.516664586905335
633.3908845667761,288.16977573606164,46.50388770883637,37.86638416686719
633.0781042540675,288.2313858902389,46.59273914871619,37.854490069788426
632.7847316829688,288.28310596600113,46.57739864746338,37.854677912214356
633.0,286.0,47.0,39.0
632.1965722454433,287.923213764891,48.228323940975315,39.04689754219453
632.8847533296456,288.166647906075,46.69300706202432,38.92187360542084
632.5405530448529,288.30325627301295,46.922489053758454,38.94840811256222
632.1912972999547,288.4296300804517,47.0483985498945,38.9856954851698
631.5469745092144,288.66031291430045,47.391030734641845,38.57920745399042
631.5361165794607,288.64126362825755,46.956230348933104,38.66055647237317
630.0,286.0,46.0,39.0
629.6101591455722,287.5244761890863,46.4274116577667,39.45143324106539
629.5176713678188,287.80867616523915,46.441420842057596,39.26577839405161
629.3713240251881,288.0147025224055,46.37696669567106,39.24898512053221
629.1288433610736,288.2210336960338,46.291402018795566,39.18765805663611
628.7342626455238,288.3978963952534,46.307197746809834,39.16222779571035
628.43738240637,288.598127594847,46.29260449971298,39.116773290270885
628.0,286.0,47.0,39.0
627.5230068227429,287.3645521932017,46.939823800354816,40.172555692806554
627.801679697066,288.02426974069976,46.83902466713698,39.1634662615586
627.7708357105062,288.1537902917987,46.902078863702855,39.184650692327864
627.4173270729353,288.31109097632725,47.14204367057755,39.17080576179433
627.2631090981392,288.4726250400963,47.06266084838353,39.16829691998282
627.0394705863782,288.61601429550456,47.07749148089715,39.197344648158605
626.0,286.0,47.0,38.0
626.0436231376125,287.95876716587145,46.87450036955397,38.87810617138871
626.4285064701546,287.9599770150444,46.69404054335109,39.15025551265444
626.6336997498418,288.1568892657997,46.68374064395584,39.070594851580154
626.472233737843,288.2474366445472,46.90737205396829,38.87522956459725
626.487159742024,288.25352322996605,46.85646045375802,38.85201550550789
626.8030384563882,288.4129037610546,46.61466311729521,38.93367688047874
626.0,287.0,47.0,39.0
625.852573539036,288.83702408628415,46.9478434610719,39.24571099619243
626.3352203843558,289.11745880275157,46.776592578065674,39.13264085280616
626.4372476063984,289.28355999185305,46.86637929095434,39.174067019420136
626.4971725428903,289.4375191438462,46.81848359180492,39.19803193146424
626.3390433797497,289.59320054191403,46.90227494985504,39.209013315418815
626.4130488959863,289.7607872371575,46.77601900285799,39.20604584629416
626.0,287.0,47.0,39.0
625.8111310490829,289.13277980889325,47.676052042157835,39.248194721755226
626.182602222336,289.27333422666334,47.02955229764268,39.297829892344
626.2411180335334,289.454112972443,47.04403146788991,39.290625607015954
626.2161858491245,289.62177303088174,47.07163717354774,39.30612559760493
625.8075699902631,289.68567585157143,47.5982013761452,39.08281274763908
626.12072342768,289.73002053772325,46.999860252593976,39.3505375292857
625.0,287.0,47.0,39.0
624.6484650399625,289.02324036732216,47.49399615429593,39.44688912467427
625.1916963971919,289.2064911720263,47.169282334595664,39.38523771431619
624.8544309932443,289.30966664984953,47.7859497532188,39.15127490172608
625.2595057221322,289.28436352668905,47.24360342668126,39.49823651836141
624.8068930083931,289.4190996261434,47.92012000259888,39.206489192118056
624.7992210991392,289.3576848082082,47.94396283973174,39.26716465981201
625.0,288.0,47.0,40.0
624.8728107190873,289.46881419765896,47.14419322111189,41.50803204120757
625.0257365720479,290.5313351967352,47.45364310738864,39.776636786674544
624.8808197717299,290.62729566619555,47.94776098799775,39.46358395468542
624.8503607477417,290.59777716156896,48.05073155974401,39.44090762890505
624.8560597142158,290.54905129355325,48.0776497736573,39.461971176181464
624.8722152427101,290.5214110472225,48.15942449702311,39.43817935278639
625.0,287.0,48.0,39.0
625.1212487689556,288.96146163949743,48.77877257746718,39.748962337804414
625.4848858362648,289.0539274570983,48.08194407349902,39.611970134122885
625.550253071201,289.0612667425396,48.08276203175751,39.63135440779979
625.5377269106275,289.06440517778356,48.127933921055046,39.62513046373806
625.6546829998674,289.02938426080505,48.05580917034024,39.6452095943888
625.6337758489979,288.98919813834254,48.052654445791404,39.67648830175676
625.0,287.0,48.0,39.0
624.6968547819893,288.6914980426898,49.21560576764614,39.821777796067295
625.2807790772267,288.7311538712838,48.19424798449245,39.720416439755354
625.4077590205039,288.73646465396087,48.17124005187645,39.661718158875374
625.4772470089996,288.71696791559316,48.212635315869534,39.58064318965489
625.5650211735726,288.65099380593165,48.16638909109861,39.557535567950254
625.7447821821947,288.5544830759404,48.09483968481902,39.4635853218374
625.0,287.0,47.0,39.0
625.1205528700164,288.57888974234515,46.66681834763108,39.330101831388674
625.315742567738,288.57791810630874,47.165520951522694,39.68928505023871
625.3467951669334,288.7558685224269,47.5802940867643,39.341345201308286
625.5710674530391,288.7779178931414,47.52751598835039,39.273532234426284
625.742041219647,288.7843402751687,47.48606214881261,39.18838038782383
625.779378884147,288.7366581263643,47.473517792241864,39.11921551415537
625.0,285.0,47.0,39.0
624.8057165210157,286.52345034789573,47.16018615038047,39.71841397187234
625.189505343248,286.76321314770166,47.11443675831788,39.54609117982568
625.2035876799924,286.9303702077741,47.376887122234734,39.11332849832979
625.1544889551487,286.94718029117666,47.45965587289811,39.04084942736506
625.0652306403908,286.9268668962425,47.52236733819018,39.022299766889205
624.9874918452447,286.89189956692053,47.51374184269355,39.010765125435796
625.0,284.0,47.0,39.0
624.6875973345245,285.72141329080773,47.0691588923446,39.55419987793357
625.010085873209,285.94984605299396,47.11720883633882,39.41791897216535
624.8022709740982,286.07966392217804,47.60246307422142,39.09195736754509
624.7825787834784,286.05182531597166,47.6141595961235,39.103488756707065
624.4852131025546,286.00015386168116,47.62653327242367,39.098848668787696
624.4256668977014,285.9330268714948,47.47546411829717,39.0849492106189
623.0,283.0,47.0,39.0
622.8273363845365,284.4309021837287,46.982748745745994,39.64466761999097
622.8039761829882,284.64665567138445,47.21348640090105,39.54569425525597
622.6237133618697,284.8762518967742,47.582334851414885,39.061175283590956
622.5089696949753,284.87740300376527,47.56339483953309,39.03477091894331
622.2595407518902,284.8424126582679,47.60979188365184,39.040785283406535
622.09777357702,284.7926878945882,47.57815887217146,39.04185241132893
622.0,281.0,47.0,40.0
621.8334443162867,282.55685422874376,47.19896126196204,41.11302585803219
621.4074599193367,283.45805828730136,47.97023785884676,39.234835265628476
621.3863507175606,283.39806497762766,47.9404109312145,39.27189951069522
621.2269559885553,283.3494392238522,47.88716020716333,39.30475598389853
621.0507912330431,283.2762635572085,47.81683493017408,39.35218462506498
620.8148859306255,283.14853732670565,47.71353422661605,39.45642559590965
621.0,281.0,47.0,40.0
620.5478311426871,283.09589000527194,47.626774200240334,39.93849542986641
621.0535347415482,283.30394549460425,47.262482208261645,39.866404650780396
620.760361871543,283.6283165821724,47.76258066235437,39.31070980388995
620.6138746681027,283.64349465082296,47.61782337775253,39.322675941601005
620.4703971446042,283.4930078304951,47.64837179532151,39.47311282107967
620.2662595609023,283.22831326579524,47.573789434742594,39.66867639866314
620.0,280.0,47.0,40.0
619.7612295362924,281.4395497672417,47.41437053286063,40.35835888517636
619.8930892784607,281.8477068880122,47.516344111520425,39.903745170951424
619.7603490767945,282.1441988258573,47.87672392351055,39.383428612073885
619.7345185222928,282.1083451718432,47.74014557166299,39.44150896291262
619.6737286871938,281.6245288095747,47.65217565018759,39.91616001347802
619.5710369046922,281.1052603798387,47.546554698046066,40.192990808977356
619.0,277.0,48.0,39.0
618.503778944264,278.76053301150273,48.539532818186444,39.59390235085891
619.1901077915941,278.60257041558725,47.89567686876285,39.63725251843789
619.2211217206254,278.52567932430725,48.00695597723097,39.56211442177414
619.1075474181089,278.3819947856821,48.151276590855446,39.534685783208374
619.0551319886432,278.17280624979946,48.16728910267136,39.44088812738107
619.0474068588638,277.9047835289441,48.12716757554051,39.516254854602266
618.0,275.0,47.0,39.0
617.6467657218454,276.7926029440132,47.418931504769716,39.619014012103435
618.1230656482314,276.7472024681301,47.29487090211967,39.5454124299938
618.3327335021164,276.732952452516,47.25477474987986,39.40149710563094
618.4260393712177,276.51410417327577,47.1374176640893,39.41797467930553
618.5463938935679,275.8927280426651,47.12167955933967,39.64820615150984
618.6954384780659,275.9227955326678,46.839235060491546,39.24562126118508
618.0,273.0,47.0,39.0
618.1908048389012,274.92096341736374,46.908915914209274,39.16614460010351
618.294018331215,274.90432380230595,47.24278432998858,39.05820404454528
618.4877832967836,274.8038882250348,47.17953450038249,39.001872176739994
618.661955831109,274.4980923678422,47.07841801710606,39.0193520340066
618.768690376873,274.01698272206124,47.02983149322574,38.7665977523161
618.8378598464637,273.799458580032,46.8944923596257,38.70756617318102
618.0,271.0,47.0,38.0
618.3619933951386,272.4387084024279,46.48337984350292,39.18097948785248
618.3248604238975,272.61722624118556,47.047986669247734,38.66269857488601
618.5288840401432,272.536840911559,47.072316813077464,38.58504386661298
618.579516084536,272.40949740562064,47.12737746107746,38.48878948272295
618.6086705046331,272.23606859211577,47.13850875477783,38.41348200117545
618.6463439887775,272.02437679847935,47.14379660311806,38.309462749987915
618.0,270.0,46.0,38.0
618.0129746369471,271.21094921468944,46.093222923091616,39.196531955720275
618.5119513784316,271.4581103044982,45.99213725740242,39.081585389557176
618.1913739583397,271.7949689495199,46.785430649718705,38.43661275605109
618.2841717528383,271.784892097412,46.74370801542045,38.407675649833436
618.4137409932601,271.7066612265826,46.62429056445853,38.43070201128285
618.5342652730617,271.6217362595039,46.52645542089999,38.251076101609215
619.0,268.0,46.0,39.0
618.7841699935825,270.129414261409,46.789224388203365,38.967423284319125
619.0876501363844,270.4743858296172,46.65766196703589,38.32645762619961
619.261867266958,270.52601931381787,46.612566743975776,38.27259220751989
619.4010711856099,270.4482642828161,46.55079240455689,38.32843916770457
619.5466291604511,269.32238921945236,46.40347864582168,39.269848166588304
619.5272861283734,269.8010698277785,46.56732676731531,38.280199124932324
621.0,267.0,45.0,38.0
621.8186986798638,268.3133947217384,43.80919619831809,38.584231148417985
621.2128233002642,268.62012862890174,45.51394731622952,38.41440520375238
621.2010133374724,268.8888656877816,45.65322475881749,38.0042816401633
621.2141155171821,268.9585309761187,45.59025021994739,37.94146698687837
621.2421039303313,268.9880767252114,45.522630745129504,37.85878591792823
621.3114949986395,268.8685338824713,45.51028072447616,37.86653684235057
620.0,266.0,45.0,38.0
620.030641388943,267.40018720280955,45.38022533372805,38.35065924104276
620.216612844243,267.6457475431182,45.321105427788325,38.27432093002801
619.9732478127992,268.070546842509,45.703755465560334,37.62433610885819
620.0321919825883,268.15941862389445,45.612964464318566,37.60737253009847
620.1326164250204,268.1849318178988,45.484667635264486,37.621087847394165
620.1445018903678,268.00468269066835,45.40941522236608,37.79184913536437
620.0,265.0,46.0,37.0
620.1014724117781,266.40426724625604,46.57267808896904,37.98104320702578
620.5993130463046,266.6697031251306,45.67024416989079,37.583081331727044
620.6649636800666,266.7681152612049,45.625265138364284,37.49510747588056
620.9222975269568,266.8005289960722,45.440175402988075,37.383469375697246
620.993033381922,266.7753649996682,45.40620546813784,37.27832205826917
621.0918574149307,266.73423755366275,45.31534818389059,36.97304660379086
621.0,263.0,45.0,37.0
620.9057746229216,265.0220750258959,45.160051984685424,37.29420251082047
621.3341537950588,265.0094795022808,45.01176879781167,37.2265997444282
621.4876820383517,265.0207660149231,45.022300842447976,37.10665490092424
621.5627106347908,264.7694040861825,45.00695555189259,37.07789025244347
621.6819754133661,264.6298919098622,44.90688627185159,37.029402638035435
621.7038635318033,264.2541362398763,44.93832110073845,36.834663586842225
620.0,261.0,46.0,37.0
620.0987712413992,263.13108260210356,46.42565097007309,37.025799277080296
620.6439421448667,263.10550574975423,45.444206897369895,37.06254594963866
620.6262682049606,263.0096319104996,45.49575059986671,37.04536659993528
620.5411304753285,262.7830449944638,45.56301224895083,36.99183530953519
620.4704105357333,262.0835069152622,45.56179575525323,36.7311486995593
620.3556491830304,261.9508975927656,45.524224981274074,37.006744209921635
620.0,259.0,46.0,37.0
620.0542756885152,260.2713786559898,45.60268630658584,37.73278590070595
620.5801639460885,260.43904045733666,45.01732070715718,37.717404677237255
620.3447099129256,260.7960289335449,45.377266735641115,37.074205209618185
620.286877100188,260.7752325065512,45.368776726901274,37.00737246497192
619.9221536580719,260.55861156159824,45.67515707493976,36.73492212700114
619.8586756952592,260.2687820342983,45.50375291360808,37.02749653760236
619.0,257.0,45.0,37.0
618.9434876852993,259.0414502560644,44.94605760691866,37.080307727035574
619.2113274269731,259.13071594594294,44.81282667514108,36.95786951941318
619.1436297196798,259.0117428572785,44.90908527490376,36.91567959176814
618.9858702645386,258.37739653086084,44.99689308999393,37.2060267728574
619.0020064431889,258.5068161826132,44.90953383985902,36.86245221771725
618.6551696128322,257.9044074231424,45.11155737630884,37.104773531956425
618.0,255.0,45.0,36.0
618.1412347665182,256.62567851662163,44.72975155149106,36.93516272805084
618.276762850161,256.6641557839581,44.66091336954787,36.802290853122486
618.2305980149719,256.6676414691018,44.745196146672015,36.683416600435464
618.125878318865,256.6045093556545,44.76874813952077,36.54048665861063
617.7893935171226,256.42872490537775,44.905867129466515,36.46207683801549
617.7469627103056,256.2149231572457,44.69600942997033,36.6135723452569
617.0,254.0,45.0,36.0
617.6966780770558,255.37094200088768,43.81138013498048,37.218242749252
617.3611675330835,255.72758717736633,44.516676327409186,36.573927174948324
617.3036781993344,255.77652670330917,44.595373752300475,36.54195615124763
617.2800540040345,255.82384296506325,44.542614986112426,36.51680089210561
616.523491196757,255.8305157618613,45.184522662040536,36.50130434903224
617.1340810971178,255.84311284928344,44.199333274286346,36.33402396655572
616.0,254.0,45.0,36.0
616.5220299732637,255.1862080023202,43.934911451200605,36.82749383841656
616.6045236406499,255.3016664909601,44.08644345036009,37.01372099134164
616.2020135666157,255.7766651530536,44.6603650725624,36.32327806255154
616.0234883677568,255.9083529424231,44.66127483446223,36.29129256348682
615.8026596483453,256.01285906369503,44.705209267637656,36.241028090732584
615.8713483406423,256.10048454237426,44.470704330742365,36.08893759721809
615.0,253.0,45.0,36.0
614.7340711900263,254.17719155995928,45.33270594916189,36.91967408389303
615.4590830892377,254.3301546297762,44.187845777392795,37.03734707285594
615.2655189347912,254.7258206382876,44.4899741801936,36.449232869911384
615.1082927142565,254.84756061208793,44.535528913222606,36.39241562189528
615.0246848082537,254.94649818402877,44.46374447573055,36.32708523543931
614.9388495209864,255.00875116784187,44.41805718634862,36.16267413112212
615.0,251.0,44.0,36.0
614.8241297973691,252.9478205998496,44.1387180917618,36.54509643654592
615.1783452753365,252.9615413196102,43.81339951853806,36.50206443330444
615.1997664212886,253.00689684460121,43.76067780473977,36.452367276453515
615.1673241574229,253.05207311998606,43.70136212472357,36.400217854878406
615.0973469006649,253.1085078233573,43.65632549908719,36.30057067168866
614.9573055487949,253.0815170187575,43.49274546315189,36.249803187838836
614.0,251.0,44.0,36.0
613.8813830891527,252.43825673020365,43.7492470352704,36.58913085931522
614.2027568759421,252.66303269430466,43.5869138088259,36.54400919910552
614.1495272472172,252.96901516384503,43.67375445725281,36.106496452553074
614.0947393159878,253.07795167116615,43.561361630715055,35.986797537365305
614.0953412584828,253.09689563414963,43.4587787824845,35.881897984233376
613.960100610061,252.95625897579498,43.485711960638014,35.88767276993286
612.0,249.0,45.0,35.0
612.5954474476157,250.75656630064896,44.140990736857475,36.00446990748799
612.6873695817246,250.69942303584685,44.081361126257775,35.95494937979856
612.7351097597,250.60276699915335,44.07018500605909,35.87076976494882
612.699703075845,250.5111689551045,44.098030324611045,35.67110990815627
612.8589802882215,250.3243059371839,43.94901128069762,35.597362842575876
612.880339403519,250.09041728741215,43.96041428931642,35.88881170918626
613.0,249.0,43.0,35.0
613.1086295742582,250.20976054702146,42.58169676375314,35.90715249200343
613.5255327486477,250.329311561679,42.502861971436914,36.12401020566978
613.4894178533174,250.68007915949784,42.85345295246657,35.53635109416746
613.6446931421008,250.8220843246445,42.7463621412046,35.311103156064405
613.6881538677712,251.0505576097289,42.722826934551904,33.79229618241567
613.8107246024911,250.4792162565243,42.51984716635593,34.90644111906289
613.0,247.0,44.0,35.0
614.5769307923447,248.66688346945807,42.05230343123958,35.55622239069436
613.8376655982411,248.93383211206628,43.38913254080353,35.01436208736652
614.1218391701796,248.69469100662013,43.04038402115748,35.06583860108378
614.2862184419091,248.44631351707892,42.968098921334104,35.02140404609065
614.2098862376088,248.03967695898854,43.11649909947937,35.18998673926774
614.3011009478369,247.7958136425451,43.02529613797651,35.05623935837764
613.0,245.0,44.0,35.0
613.717236561245,246.76140183417738,43.066715378604385,35.27055890913198
613.883602680069,246.85334806964897,43.10940029840697,35.12663046521129
613.8853826938613,246.80037266341105,43.20812069062333,35.09046258817335
613.8956714696656,246.66829929146115,43.19554254705622,34.780339863182235
614.1037757471945,246.46440418388966,42.99546997779555,34.705103651125
614.4022315981904,246.1444664120819,42.76894434417875,34.41123150611088
615.0,244.0,43.0,35.0
614.8577357251522,245.20532060625192,43.21579012682673,35.6208277781393
615.4106696828005,245.49814840136014,42.66610287829383,35.17186590317783
615.6766756185689,245.6065714717124,42.567424328492734,35.105013903805684
615.8220699158901,245.65919562636748,42.466507719259425,34.90696356288311
615.850750425083,245.50026600150795,42.43945578003604,34.29757083573912
615.9704079962687,245.25851876244542,42.34897503418665,34.740928925594744
616.0,241.0,42.0,35.0
616.0551969031876,243.11728586865456,42.201014959371605,34.938493746569065
616.4082240919813,243.0258311381532,42.03502976160985,34.952970908515
616.4459916025326,242.85166065067597,42.11569397258995,35.061104419632215
616.4768279870423,242.75755943177307,42.073297386845866,35.05334626477293
616.5585112773591,242.57152549117552,42.05827788692602,35.1323805705419
616.6689331582733,242.34436085758773,42.00744102712008,35.221304753311756
615.0,241.0,42.0,34.0
615.4686411907005,242.02138312059878,41.59969402776824,35.30250748405564
615.7575676822046,242.23813179754563,41.50330878661521,35.24830271642185
615.7476077145587,242.607004963902,41.72935775828205,34.66427798534369
615.8545340312767,242.73556112864026,41.70120691170541,34.51235495351193
616.0433622648732,242.80671495300498,41.57251154766914,34.3310337260242
616.1829365348179,242.83569767837048,41.475802587495764,33.976039587408025
617.0,240.0,43.0,34.0
616.9097892765665,241.6710394819671,43.51264059782409,34.79674394272905
617.7528602217205,241.74380348050056,42.15799966134102,34.65010796217865
618.026627860387,241.74649759926388,42.06634316277632,34.56404043001248
618.1740985877066,241.74744676510306,42.04731631951904,34.36193400018783
618.2551645359194,241.7680962051976,42.07210332343675,33.72800668228899
618.4048835471656,241.42099584784512,41.94098694854654,34.284501025446616
617.0,238.0,43.0,34.0
617.0479901794963,239.79003410737187,43.91658123363686,34.474520371576546
618.122828923015,239.7012902259337,42.18943317457786,34.64092326381092
618.272578292598,239.69581809173224,42.202618577911494,34.625686642471464
618.3415826445697,239.67395599366955,42.249847112546036,34.6111862291599
618.6455141773345,239.6151039544469,42.13468215885314,34.5422446924822
618.808540990452,239.54085395768482,42.13604305807519,34.35500853612308
619.0,237.0,43.0,34.0
618.9040143538396,238.92411158264258,43.75418878303344,34.632669190573324
619.8206992736041,238.85944123091053,42.3035722244598,34.616996207862144
620.1089504364793,238.7992161370537,42.19330978823143,34.555217084226
620.4394088172148,238.75740133531508,42.05743326978927,34.34615781301807
620.6410133701756,238.68468810368086,42.08166216831523,33.71451065671533
620.9213907337768,238.2908549336545,41.908376424423295,34.246926161870704
620.0,237.0,42.0,33.0
620.4847051875242,238.04504623671244,41.48583673685084,34.38907221348336
620.9720712223574,238.2094872797934,41.34988610408254,33.86493321890498
621.1887218351434,238.31069993541837,41.48999715090952,33.1740761345294
621.34897676485,238.14355480436188,41.56299413767613,32.82358768825952
621.5655541355093,237.87054633608204,41.49032774058378,32.868874556882815
621.8385713030123,237.62763267465868,41.37036366771463,32.39474465186129
622.0,234.0,41.0,33.0
622.4317864071836,235.77368990443756,40.7247017265463,33.56989036831146
622.6646558969784,235.8490957065792,40.770535355844345,32.894410736962755
622.7415297247603,235.64470286379037,40.80267335721885,32.100837136916596
623.0169881519005,235.05579114462137,40.55353270874741,33.106045250982675
623.289592483974,234.63041296354413,40.46376155442249,32.17260049518097
623.5752225539251,234.1181060615039,40.410668551256435,33.12198713776712
623.0,231.0,42.0,32.0
623.7797578739437,232.6603405380365,41.51044636838628,32.73758544959492
623.6198534727432,232.51133420683618,41.58096061667425,32.46219011200992
624.0621784502127,232.28280881305295,41.05680269742902,31.806836893067214
624.4250296405667,231.64067026739713,40.7570271684491,32.96397516315267
624.5094201494337,231.7216578146107,40.91439943147304,32.06403598572638
624.7786206213997,231.22519143522823,40.76861455951064,32.90657504553451
625.0,230.0,41.0,32.0
625.5317570258496,230.9881374490733,40.419413493038974,33.4547399686885
625.8254535140194,231.19068592894655,40.381490520361126,32.99026623779355
626.0357258641429,231.2448319273626,40.33539743870335,32.64118022210596
626.0215111488645,231.3519978040447,40.52794745512824,31.34150915573906
626.2489756454979,230.6709595790237,40.22132450967274,32.545971640428206
626.2037614818846,230.7647925375254,40.415248130558325,31.42675075128068
626.0,227.0,41.0,33.0
626.0687634124897,229.04417745848048,41.20948676709577,32.85724340970876
626.5130707993235,228.98456769068207,40.43792650257956,32.977176977523186
626.3673989651982,228.9240257474395,40.629794643618425,33.007164034111895
626.3840492630721,228.64666245901122,40.572118996162885,33.17686216716254
626.5169876001253,228.57220224275125,40.461661179349335,33.114963321289224
626.4245307928328,228.185847203143,40.52624738960333,33.39249727386607
626.0,227.0,40.0,33.0
625.955151443055,228.2244493143213,39.955325545728556,33.527864481875326
625.856506795451,228.46081162570567,40.160641921777255,33.25450901343163
625.9345141634926,228.55699066545822,40.088254081107834,33.240230062660885
626.0431689756247,228.65834033875683,39.91594695388994,33.156426144661566
626.1564944247652,228.75768080549665,39.7738981199268,32.87057549766462
626.2281037068318,228.7462089946539,39.66007781688211,32.45416481332313
626.0,226.0,40.0,32.0
625.9846959951244,227.10837799825902,39.90374080759966,33.18135301619424
626.1607089266064,227.29739014372558,39.85913703221661,32.89570952011809
626.2742811338054,227.520897028459,39.849500246185585,32.03268715192098
626.3071514239184,227.40028831704058,39.80340219310665,31.565764371256364
626.2318182095261,227.0617167105362,39.736056338140656,31.102030719519803
626.3147381547406,226.48112800784588,39.51467964312951,32.143512753952336
625.0,224.0,40.0,32.0
625.7191765154284,225.26284311017218,39.082322612660846,32.777932050013874
625.3075559600658,225.4914663955832,39.78854123362919,32.48000806917622
625.2749747136311,225.55990355781978,39.65199057681525,32.397228755694414
625.224615206311,225.66178933476715,39.62854753331089,31.902499955363623
625.2355853422328,225.52300464891414,39.52444319736742,32.05683634018328
625.3190786695766,225.5004554465147,39.39988367142314,31.92563436963553
625.0,223.0,40.0,31.0
625.5363591904088,224.30614132105825,39.34932182075886,32.36035669518117
625.5569370127207,224.31593608563946,39.439134247979496,32.34740525356415
625.5978921299755,224.31043847891203,39.425086087404225,32.35087192473759
625.6508131874426,224.3079200994968,39.408478577240544,32.2658137916099
625.6754315457661,224.29352616651568,39.33412466843788,32.108631957810076
625.7303673009644,224.2902993208404,39.2566287219297,31.630507800700343
625.0,223.0,39.0,31.0
625.4105521488066,223.94712950125768,38.61820907173296,32.608005485318756
625.3942314798276,224.30528227434831,38.84651920234137,31.800408172337256
625.4058410547009,224.37883420475328,38.79825436256317,31.26509685401544
625.5056760990012,224.17971668477458,38.74005552498966,31.342083957755676
625.438065358107,224.01430039568936,38.724322413737355,31.62901336698917
625.3790920918327,224.0439589487869,38.70862341004613,31.398897196277176
625.0,222.0,39.0,31.0
625.5852757648572,222.9318005361165,38.54626397790662,32.1953379636019
625.3483014459089,223.17609143462232,38.73313561606153,32.22016776347721
625.4224300359547,223.3910546967369,38.53052334626534,32.248077538940834
625.2881066359648,223.6336619548954,38.77924498219738,31.900241082580294
625.3408759001568,223.73322541350808,38.72018771031753,31.775371793082854
625.2542783802519,223.7756957435829,38.75606420589679,31.7593399105931
625.0,221.0,38.0,31.0
625.1750389753433,222.48053815096023,38.10673577917987,32.13140201777804
625.149056578091,222.66894907616597,38.283812037045664,31.876526228905277
625.2658528571416,222.75125458119078,38.202880849323606,31.836455637979782
625.302759001037,222.81467981811602,38.24405110550333,31.808258318577032
625.3374472845871,222.89248405302533,38.2051460105979,31.75484199864377
625.339783454268,222.9620641916282,38.278585359799536,31.7264958236928
625.0,222.0,40.0,30.0
625.4997220262549,223.19029967995425,39.19540705223085,31.716374477651925
625.6174340810951,223.2036283588842,39.04138621786228,31.669176516389882
625.3606703170592,223.29602587263525,39.211731019430545,32.0015241952633
625.5467106607811,223.50241451402258,39.020401766444024,31.366984574751484
625.6260069982801,223.42758000634012,38.87599172961268,32.02996995762555
625.5354195413901,223.5798087183855,39.01194109105995,31.610243076275765
625.0,222.0,40.0,31.0
624.878722097048,223.21010983241058,40.56916472553962,32.20314276115573
625.624232105645,223.3848294665928,39.20583076156936,32.36134706611762
625.5025481308866,223.49129497157855,39.37542903745111,32.2314062092255
625.4353535058128,223.51303503781037,39.40162660423266,32.25452194910599
625.4155242671759,223.5456860649756,39.40517547527929,32.265150473663084
625.422087417091,223.57719321171157,39.43239808854355,32.28866960231528
625.0,222.0,39.0,31.0
624.9250112347481,223.1014008817724,38.82686914599276,32.342398292904306
625.2358193968994,223.35083380082415,38.68895168576671,32.421795762615716
625.3134676291546,223.58454872076413,38.67975660364425,32.4571907609477
625.0636349365201,223.83840363142372,39.028121193222205,32.13739622294054
625.0403656246319,223.94349565705284,39.02605880080023,32.10264220844465
624.9720942381422,224.02237877966354,39.09516444140843,32.098321476732394
625.0,224.0,39.0,30.0
625.1880360216201,224.97292461033948,38.11608124690247,31.14669260376644
625.2530920037873,225.15009438178498,38.35495395997623,31.629984799287627
625.2362185066409,225.17913927708287,38.548152763014514,31.748615089458326
625.2575634296546,225.3054715747827,38.551130773315776,31.64917562177294
625.2127865298112,225.40388985102754,38.590490223886604,31.604336962429784
625.2427261134914,225.50790384460652,38.579373866069204,31.422559313990405
625.0,223.0,39.0,31.0
625.3195558130842,223.70000061654014,37.90835948929134,31.92826763321284
625.2168985739877,224.0824413610568,38.568382698804726,31.886103814512296
625.1358707312336,224.2819831346286,38.686764533369455,31.991331091340385
625.2107072908149,224.50913145872846,38.67557725248844,31.734631826327586
625.1951172810263,224.60469847835452,38.71819909374631,31.723943635748356
624.8800661819719,224.70355694923546,38.98664346548685,31.693362416177706
624.0,222.0,39.0,31.0
624.0360144572082,223.7951364304463,38.67717466686395,31.74222389602801
624.1718453621766,223.82749811105896,38.75287501099092,31.73084688460085
624.1360881929811,223.83287838528895,38.892760588007604,31.77458194770702
623.8114867767126,223.84554651722465,39.213506294884155,31.80504810324385
623.6599981985655,223.82726716828233,39.17293716307597,31.87237231110697
623.4575253545295,223.8126426541404,39.208929637858546,31.938837538924076
623.0,223.0,40.0,31.0
623.0369220446737,224.20953733880003,40.13335532276142,32.04286590501289
623.3940504111662,224.3824709945328,39.24732604111625,32.27377802312009
623.247811605972,224.5351813600114,39.398174478328656,32.12411140323934
623.1752976616408,224.5525718566454,39.41237271587852,32.222196665957824
622.6121271374777,224.61032983458153,39.86010315319368,32.24884831076088
622.7399290967405,224.61692158569974,39.424545593127164,32.33918333316353
622.0,223.0,40.0,31.0
622.5250463434495,224.437409121884,39.269105931016384,32.32257156476294
622.3316592483761,224.5051483880561,39.556016118418256,32.28903797999965
622.1857224868231,224.56269440871836,39.62366769597088,32.213723111492186
622.1545809404158,224.59039271443544,39.5805895939003,32.17553912656149
621.9997174640421,224.60602017331257,39.62263669308368,32.16639241467419
621.6531253467581,224.6007874403483,39.82877304138003,32.226886009106124
622.0,223.0,40.0,31.0
621.6900327093754,224.5378389670766,40.591351600918415,32.328778466242625
622.3505490073344,224.53207297137465,39.493460981225326,32.38495338173135
622.3401957888254,224.5687167310124,39.50297418718833,32.391381992705305
622.3643568616733,224.6189211156261,39.48993236434376,32.34880045020577
621.8777981612266,224.670213001408,39.929281581425926,32.36267592466811
622.0528565174762,224.71175558184586,39.543832546825115,32.30494231567275
620.0,223.0,39.0,32.0
619.9648110125217,223.91067177542914,38.53551459976734,32.84460388426959
619.9225735458326,224.1387937051419,39.05159446038374,32.88946768923756
620.0617369639108,224.33044632550764,38.970507986334155,32.91876523670453
619.8927539887882,224.73771340388157,39.33728219660679,32.348924546818125
619.6942609752348,224.8681470098261,39.35491581894871,32.327079221550775
619.6069860718289,225.00734260137244,39.309755346931524,32.28192164814527
619.0,222.0,39.0,33.0
619.0829368701432,223.07720220788633,38.71502591717058,33.04149658911325
618.9222785971151,223.39333150948073,39.18378022023353,33.425796386635454
618.9473031647076,223.84518492039433,39.34438429804163,32.99354399933418
618.7440820106203,224.17117535532861,39.611085762748644,32.53600958614754
618.6577822942527,224.26958497546548,39.617170113663406,32.5236718841943
618.6058184084686,224.3221795154442,39.6202020197743,32.56442818836615
619.0,222.0,40.0,33.0
619.6112660871268,223.5781377578445,39.3450773114273,33.22094377241967
619.174181940306,223.9242776661713,40.00052739370153,33.0559168486335
619.0996215200496,224.13516862331687,40.057310341792686,32.79204353737106
619.0086326372076,224.19940044814393,40.135858978501915,32.82258359450026
618.9689761903577,224.2452905569544,40.24279749745915,32.866028203694896
618.8546528959384,224.13276464396097,40.306112296617584,33.08481893811171
619.0,221.0,40.0,33.0
619.0548562990384,223.07705591361616,40.030244494865656,32.94846523322536
619.0785255395044,223.100996621445,40.13734206212712,32.99435972761228
619.0798369843924,222.82076694635487,40.08365215482172,33.32460030356725
619.1689469050659,222.72891299884452,40.135301496817874,33.314771022618515
619.120716443013,222.48213772126905,40.1695867770286,33.50120463095095
619.0582502016405,222.43493132140344,40.22826279643141,33.415397278157855
618.0,221.0,41.0,32.0
618.883838601886,222.8290916332519,40.11034095108289,32.9694917595009
618.8027440177975,222.93217356474213,40.35295544095425,32.265495369570374
618.7800316923029,222.65500414876965,40.38855443923762,32.58499951078642
618.4969149447677,222.49242748406482,40.64289445503516,32.27227121565761
618.5566382227971,222.1974374540099,40.46683531926692,32.79522213043151
618.7343331720136,222.13956208309082,40.281622948050426,32.65891674864406
619.0,219.0,42.0,33.0
619.322401901949,221.00758462218232,42.18458811116898,33.15897644910444
618.8257015165925,220.9059950014368,42.18259271129182,33.3884529188079
619.6481463795255,220.78375024319848,41.00706978032849,33.547441714173374
619.6965583331393,220.72788337744402,41.06348183358284,33.55663541722947
619.9898925889995,220.66936815909992,40.93754720470349,33.38378185437995
619.924294473809,220.57637638411887,41.141521713242696,33.083469703107255
619.0,218.0,42.0,34.0
618.9012166188058,219.73300720786756,42.98295104418344,33.99135589591697
619.3279344879932,219.88179184010824,41.93879392026406,34.13864503653576
619.4525719654947,219.9543684055277,41.738623992428415,34.034313909189905
619.6040406914154,219.9166735530755,41.67844769329372,34.08336117339627
619.7232394885848,219.87456844516242,41.71570277744206,33.981031514674726
619.8499156753445,219.8458406711577,41.74824847694879,33.625552687854
620.0,217.0,42.0,34.0
619.4391558906027,218.9485005045956,42.975822456667174,34.16584268358406
620.1655114904411,218.82069151496205,41.80518215913139,34.28930343276835
620.2989149878127,218.72123728342717,41.82824227631272,34.192217327380774
620.4035084772487,218.5903375832853,41.90354203342338,34.12162562274909
620.4334847971925,218.43478219093146,41.96811529164768,34.35136669505482
620.478262190743,218.3608432274267,41.953606065744225,34.315533401547725
620.0,216.0,42.0,34.0
620.104632005794,217.35583279300226,42.13575764896814,34.702290157621974
620.4790088123078,217.61145905003173,41.90559937235719,34.65743986316892
620.6168116981407,217.61904083978737,41.9242159957372,34.63851201585891
620.9187450145696,217.58636926575912,41.859107084123025,34.611698312174894
621.0476268744654,217.55920536028788,41.85887221213591,34.5720304606246
621.1333041163916,217.48992819552808,41.929012163908055,34.51351172077068
621.0,216.0,42.0,33.0
620.9717387623296,216.91381134875883,42.32814449424404,34.78561427746081
621.6401108589178,217.11572361898857,41.85068690016294,33.68069583440689
621.8824187537791,216.66268285203205,41.81530850206093,34.48545675804371
622.003679259788,216.6357484810892,41.79060367108934,34.41477370184589
622.0944430369573,216.61011435921637,41.812013920742174,34.290047818780636
622.165772392572,216.6994745081215,41.76613269655388,33.354001770381245
621.0,213.0,42.0,34.0
621.8223700801886,214.69495155717868,41.30617948143663,34.570310740546574
621.2852972240535,214.7810088307756,42.11623395869083,34.41090233275281
621.3298480354283,214.74274478944744,41.97849947188445,34.46794210571045
621.3695163455186,214.69065893295397,41.977626589385864,34.53561979874223
621.3181386868023,214.65832954355074,42.03144154982954,34.55267323806561
621.338303979848,214.59909320986839,42.04866803033519,34.5971484052929
622.0,213.0,42.0,34.0
621.9299294823363,214.0930199764441,41.89930308328667,34.881861577117945
622.2228389287625,214.34778151484215,41.822332258664574,34.85706590970972
622.221915096515,214.42981382179852,41.99599864217453,34.74827464716958
622.2084377907453,214.4476737272601,42.004877286098804,34.76671896876553
622.2190616676679,214.45661942632012,41.97158722811707,34.75281981240357
622.141793048458,214.45360744559525,42.004827193204505,34.73632696982418
621.0,212.0,43.0,34.0
621.4890897328582,213.2114618171604,41.928170825535744,35.041774236901574
621.0424164308097,213.49066889319738,42.69134093364619,35.01344987741754
620.9863429396339,213.68053334842216,42.707162033140776,35.09516955277195
620.7438262170986,213.7496218084948,42.8326731768999,35.00410227737564
620.5720044777936,213.82506881941936,42.83585431562415,35.27713904301402
620.3970466489659,213.90401065373385,42.86780816055466,35.15344164500743
619.0,212.0,43.0,34.0
619.735587545496,213.63804326817353,42.16571769680286,35.358409203476526
618.9959300526115,213.84246938852266,43.22822235725209,35.02052009550596
618.5106842841396,213.91114129507946,43.53453701093167,35.4078190943589
618.8293439853824,214.11880115782515,42.96539763024657,35.52816038942319
618.1118414045934,214.32510660020273,43.69655041626288,35.631457938319784
618.1679511930312,214.56397635746998,43.33304942171151,35.686619148064835
618.0,213.0,44.0,35.0
617.7416957851378,214.977306848554,44.54762989155506,35.77742009971303
617.9850155448826,215.21519591751155,43.76594690821298,35.919176263896986
617.688397839257,215.5026428993948,43.95063416749963,36.01748169174272
617.6522921801093,215.8687317106942,43.83534710415074,36.05986183821187
617.023677959189,216.4481284615955,44.390008825968835,35.96617231703942
616.9399387895137,216.7583220834506,44.23857414579243,36.1920690246136
617.0,216.0,43.0,35.0
616.7664566671706,217.68600427302965,43.422559872359216,36.1454395324796
616.8611821088227,218.5655432607394,43.42263297878594,35.87706395783641
616.8458386200664,218.84124403001533,43.479671480787374,36.171229235368344
616.6607414758489,219.8011598319589,43.512461612414086,36.000038139493995
616.4582798637412,220.46212677885774,43.528789864238206,36.2113560928251
616.3086130282499,220.90465673541985,43.61833713350654,36.30656720826664
615.0,222.0,43.0,34.0
615.2271570731264,224.25351074517687,43.08613697142209,34.94858600537998
615.3247238424916,224.81115223211748,42.97155405532101,35.06117634596018
615.2761183483435,226.39424002555242,42.91694879766146,34.22010450876499
615.2954631021362,226.03934313513776,42.756421417555885,35.61220619644189
615.228729556849,228.1305718333247,42.922600089383195,34.16220838110476
614.9425001489684,227.67282893908373,42.960119134585625,35.6248720175322
615.0,228.0,44.0,35.0
615.4524027959969,231.06173310087377,43.5876421103369,35.771457280665516
615.4631432742618,231.31828356055826,43.51170227009527,35.875970210861055
615.1906476816271,232.37363080873342,43.7796048382354,35.60979571378937
615.247778257224,233.05129147809566,43.58026244465225,35.800360482020324
615.157291455037,233.97464973968488,43.66152908493996,35.78305943894583
615.0044539227811,235.8395087905892,43.79851676519138,35.96885903101213
614.0,234.0,44.0,35.0
613.9281833212972,237.2414009787285,44.14006765675731,34.86780875964871
614.3528740627783,236.87664528083064,43.44005013400886,36.143909212152835
614.2658221250667,239.04388477355567,43.66454638114055,34.65992781621949
613.8790484654555,239.03530146974072,43.900250289705355,35.86615383214394
614.1778857250497,240.7426531840572,43.5619752615263,34.98562319435712
613.8558097635917,240.6639397152536,43.799281135891306,36.122648269284355
614.0,240.0,44.0,35.0
614.031007233491,242.82994149823213,43.761027372860326,36.030174194704045
614.1304015409746,243.0090664476602,43.530874494484465,36.220838693896894
614.0070756496243,244.67512387627403,43.68803174779532,35.14337681106008
614.0108947312505,244.53863989026104,43.555105642691956,36.152188804728496
613.9328675253488,245.9025469146585,43.69840425320888,35.45958964226804
613.7836742780179,246.06751404019008,43.67301251931451,36.147091188958484
612.0,245.0,45.0,36.0
611.8469569699064,247.03400405749016,45.729361136148555,36.96624673475719
612.3448346775268,247.69120363964942,44.484450899428225,36.69941691144993
612.2994448454008,248.74283694369916,44.51287020345126,36.37965282362347
612.314437192125,248.9777263229107,44.44288887044752,36.833497686578085
611.9439424203822,250.80662696155224,44.934678843441134,36.28597943186128
612.303511014281,250.68883309047942,44.44258209227178,36.96950284111699
613.0,250.0,44.0,36.0
612.6948359627604,252.7286967273153,44.3348749516972,35.950979611240655
613.058943168307,252.48057813775506,44.01148626374743,36.98054791811103
613.0434620189274,252.81826882796508,44.100678452263196,37.06335974326066
613.0266022001789,253.17079711038377,44.18101564163146,37.12941662329587
613.0459781019382,253.5193541892487,44.16697514137866,37.1252389842702
613.1388006530342,253.8737599183936,44.17480095314886,37.1531579764806
612.0,253.0,45.0,36.0
612.1680397601885,255.89755098236148,44.64931490014715,36.30159637840924
612.4053941145892,255.69354740058543,44.46674485351264,37.10021081321929
612.4997399941416,255.8562953352498,44.512445968414454,37.18594737252943
612.4147497099941,256.045079495354,44.68036620273415,37.239483367889534
612.469374690499,256.29966518880065,44.70439749379614,37.31256212438666
612.4154411560055,256.96283518911264,44.7473541368563,37.03855859646353
613.0,256.0,44.0,36.0
612.8674555233356,258.75045088025905,44.00859185935224,35.62513326119273
613.2274565585053,258.3234090318301,43.9370500569471,36.88717726247319
613.259186970597,258.5282767285471,44.02352936395164,36.9182464423543
613.2206691148688,258.83875168790473,43.97091789764977,36.90905280239349
613.1425482337206,259.21360585961247,44.03147806222955,36.86586673132456
612.9573835802466,259.55640707045904,44.04124327185946,36.93861013917103
611.0,258.0,44.0,36.0
611.1880392070798,259.93461140795307,44.08124471031215,36.95158266568944
611.2311831409228,260.40210387134084,44.14339553975128,36.84853285311874
611.2116447541031,260.9982948636043,44.17529785796307,36.74559311359701
611.2077168956785,261.48738953289285,44.16256747739692,36.786126539720044
611.2361856624848,262.05253287903497,44.103798450115846,36.748905175020695
611.2113357268099,262.42563808615455,44.14541495064623,36.813356315747
611.0,261.0,45.0,36.0
611.0877027868555,262.7251678046234,45.217740131529354,36.820219541216034
611.6218559246026,263.1154956615037,44.60616907085773,36.78278348274944
611.8655305143654,263.42858870377154,44.64273806094616,36.84984499953714
612.034528703213,263.7885171832886,44.63665563169559,36.86294409332504
612.1434733543676,264.2088370249576,44.67325452693842,36.86799688163751
612.2797520367941,264.5003733884373,44.636383797695544,36.9309778835277
613.0,263.0,44.0,36.0
612.7341176027912,264.9291669556592,44.58749662278569,36.89105471320636
613.2913592440248,265.1109541519868,44.116575435684126,36.936089095745956
613.5304110104692,265.35382922956546,44.09133199088524,36.949273811191574
613.661766429451,265.7223245936816,44.03638706423055,36.85649552040127
613.8623578307845,266.0384158894485,44.07657188841449,36.83787450796899
614.0163380030259,266.3400968113842,44.049349930291896,36.84121199861602
613.0,267.0,44.0,37.0
613.240289686526,268.9648701115656,44.35004308009775,37.927774003630304
613.4604669480095,269.6186994335487,44.408039334824025,37.363652541808506
613.7166876028771,269.99411314228655,44.42213570487149,37.467039305318394
613.9261902888522,270.4939495713361,44.44999893944737,37.48261421526922
614.0933264435262,271.05656778480625,44.430687530959744,37.466589646137436
614.3655944753772,271.99133516587494,44.39987370559891,37.34591612056204
616.0,270.0,44.0,36.0
616.7994435373014,272.306359658372,43.78084947338175,36.40332651909853
616.84357120467,272.46191659379565,44.119126360574455,36.84098569771663
617.0978783671931,273.1104354841009,44.0869891875775,36.611773865694204
617.5420035981078,274.64460966534284,44.133623256440956,36.16341548171022
617.9730142244885,274.64903143083984,43.989583334890995,36.68083539346412
618.3955603178722,275.06974096005797,43.96298700117893,36.700528111447966
617.0,276.0,44.0,35.0
617.2010063799939,278.952650801877,44.551672138645245,34.88951557557198
618.0375516782517,278.692498716769,43.821548276443195,36.26011511598563
618.3874029297112,279.50332061126244,43.802263744307425,35.855119729600915
618.6681759218765,280.13814457009084,43.79812969892157,35.79239087833548
619.0319874800261,280.74824686823297,43.69594965547003,35.72048898136143
619.2679876098689,281.1905390724378,43.6385844841858,35.871759598744575
620.0,279.0,44.0,36.0
620.2041017116317,281.3664875455397,44.2584186803515,37.15912573773494
620.7701194500299,281.9177157034028,43.64522638860569,36.52221379902892
621.0177089395411,282.2561630306202,43.73684251183204,36.712266641927044
621.4064756418861,282.9142884415901,43.71493404604416,36.70692190094178
621.7615714998643,283.9692744664202,43.59552617380086,37.34321582613296
621.8101204424045,284.56960598559704,43.753964526619825,36.63423026061605
621.0,284.0,44.0,35.0
621.0413958018753,286.76094705056994,44.31459190855321,34.96613530847435
621.6983556487077,286.42107950228865,43.70238339056755,36.240162481298285
621.9770243525868,288.5070039563122,43.94026503846908,34.688808066779586
622.4518165217506,288.13436005524727,43.603482053746575,36.09807754015833
622.5998942109699,289.2481302894197,43.78369621039133,35.316623060312736
622.8550530020145,289.63181001804026,43.676876513579714,35.63217721349429
624.0,289.0,43.0,36.0
624.4481544150069,291.1419410207004,43.027814971001135,37.363433622356126
624.6308080132732,292.0068102976022,43.34759566790467,36.72867800417009
624.9252584569066,292.5131266940541,43.290189385660256,37.31303715476986
625.1188028797105,293.260086321322,43.36757682307962,36.632434514692704
625.3200371143231,293.7302493826867,43.294127471442266,36.884995908998576
625.6147898887648,294.84084236605145,43.28285965188843,37.09822213885161
625.0,294.0,44.0,36.0
625.5148320562566,295.83324717548703,44.22026162896327,36.84311078905739
625.7640064788134,296.83909543546076,43.95884682323026,36.77122528283121
625.8282511889954,297.15810808898004,44.04214508028167,36.820093572878704
626.201899938046,299.1919768062738,43.86371632202167,36.59203895292677
626.2688550489381,299.31603488792166,43.88800129930564,36.7576211083848
626.3518321440374,299.6074437379534,44.02778437654888,36.826714597404134
626.0,298.0,43.0,36.0
625.8293450778347,299.912221929505,43.384291623492345,36.85420296964139
626.2103051121528,301.90280902004906,43.704038954979296,36.60136519872111
626.4073926976653,302.082113428678,43.64004323109634,36.629740759334254
626.5406727169815,302.3188913089939,43.73007315437974,36.67097534037566
626.6040085533805,302.77761519986507,43.80688426413508,36.769698045436144
626.7471640031731,303.2548853837077,43.813032231855345,36.89303236766261
627.0,303.0,43.0,36.0
627.5070141259864,304.9479918612833,42.90018287176986,36.74487340132623
627.3587008393366,305.28705490646826,43.72842427688363,36.892786701584555
627.5725211391123,305.8151464227037,43.7941196161172,36.744762968384066
627.7288004401787,306.1925540601028,43.788726672833604,36.7961205324832
627.9267152436042,306.8333180209181,43.807938771740965,36.70796727843344
628.0823101174753,307.12502844769097,43.728295751344604,36.719524554717395
628.0,306.0,43.0,36.0
627.6002866195158,307.45763592248704,43.55115447469143,37.50277828302683
628.011876974853,308.0822848582211,43.68502253105214,36.71714766348373
628.0481285454516,308.37167466625215,43.82132993217658,36.72222015781131
628.2486147543561,308.7129760085877,43.74847878260903,36.73521566628483
628.2968174359019,309.06279352531396,43.75518128304236,36.65035233697654
628.2738455165465,309.32674569747496,43.595401429833146,36.68788078577336
628.0,308.0,42.0,36.0
627.4008287726901,309.7640780358379,43.53773423517123,36.59094496247235
627.6633588422748,310.1278284177615,43.285802786171985,36.58894077702121
627.6602202317131,310.5132868521887,42.88030101138361,36.591034801192336
627.5506698649137,310.9124077402166,43.06176312363425,36.60534350820353
627.5258346638143,311.30130872381824,42.84332458713607,36.44464002737425
627.3854193868937,311.6913696638128,42.699937860188584,36.70071163963098
628.0,311.0,42.0,35.0
627.6056979126402,312.6728329830744,42.53489728965633,36.20345173346732
627.6049099230366,312.98283853571047,42.87301391886717,36.04674670190798
627.6716157591559,313.25765967526695,42.62540909163363,36.00428975701459
627.5997502251981,313.5773934276724,42.517299975272294,35.94500333718031
627.5240947842749,313.8929232086257,42.45441705751273,35.87659175762383
627.5159356920096,314.1493792704166,42.38869145471028,35.84827189144403
626.0,313.0,43.0,35.0
626.0253083155385,314.5979769741357,43.87948424450485,35.823035313242144
626.4398129483689,314.9451245204764,43.10454321613713,35.77984285095772
626.4451731656078,315.239822614094,43.0093718908422,35.76037411848847
626.3464067797873,315.47354057621897,42.963282960316405,35.80054173571568
626.2580178223564,315.72793485184116,42.96112349406849,35.79617016286386
626.0452929129403,316.0179626608028,42.945183656711606,35.76557044751246
625.0,316.0,41.0,36.0
624.4472719209807,317.8263696737089,42.873920071185694,37.16961923002208
624.536178862054,318.54875324479417,41.65128892149448,36.199292254805755
624.2940706504822,318.8599501369172,42.32939930022951,36.06609271590423
624.2729326291511,319.12591739121035,42.213385043290145,36.01849003363532
624.135690769159,319.3729884284951,42.025159568443314,35.999181064128834
624.0695922858067,319.64060385165,42.23881157758967,35.959380466609446
626.0,317.0,40.0,35.0
625.4183438268037,318.6628348483173,41.59158870007104,35.73021681683713
625.6801828136054,318.9428497382396,40.28822605424557,35.648789284744566
625.4245280910179,319.32521249262845,41.17236171095715,35.427830079395335
625.5273866540521,319.646053448934,40.89447795803642,35.423302987188094
625.4987776045607,320.02018911356345,41.06483965016491,35.226007124124635
625.6028660303836,320.32311500776063,40.63268952508599,35.12005552698179
625.0,319.0,40.0,36.0
624.5759248193658,321.01978740955497,41.24458741272565,36.70679608746434
624.6364434226115,322.01093856866987,41.60313728219478,35.192221684222886
624.7108668887208,322.2663050900969,41.38594167863448,35.09993463000569
624.6250087006232,322.5009190823296,41.42894923847496,35.06416257534079
624.6393089439694,322.7426095460987,41.58755142151756,35.005274588328234
624.572541304251,322.9805938100151,41.49563738814254,34.99349253634432
627.0,322.0,39.0,34.0
627.5615744284491,324.2596193890913,38.81201375851788,33.60604859868681
626.9085383702238,324.1795486491583,39.95434932343801,34.280438574397635
626.7902172608763,324.50696842689104,40.35498013453491,34.1472731150825
626.7195007167828,325.10084297974936,40.66498504037531,33.83533327360533
626.8446790744615,325.3310229047736,40.60308344571547,33.96515597866119
626.3847005288851,325.49194399667977,40.90931697033591,33.6384641779232
625.0,324.0,41.0,33.0
625.0018939736638,325.5929455047499,41.18532093827298,34.32504210378511
625.3172775288433,325.8884561426521,41.13494124041881,34.32190586386844
625.4253521532346,326.1489493561394,41.26304430504683,34.44679368383049
625.4594017991378,326.40591045301244,41.385783307010115,34.65132552229011
625.5173454499138,326.7334671385347,41.439864159056924,34.71736764596221
625.4735790605064,327.0266213977379,41.41928986450739,34.74394845076915
627.0,327.0,39.0,32.0
627.421130682255,328.74197301027425,38.90337625711197,33.22629068063543
627.0199539777605,328.6555153505583,39.30198806732915,33.288356947355624
627.0063815795968,328.63410264770755,39.62363885721038,34.030756294296225
627.0098816391483,329.1476599460832,39.61091803882937,32.89613677434352
627.0435761279721,329.0201245524113,39.50197088559639,33.95265487285087
626.9302960129862,329.6491962409805,39.45151198561325,32.479959158544034
627.0,327.0,39.0,34.0
626.7831152762956,329.1099023623228,39.541952717825325,34.12538674877078
626.964929726164,329.6012850961872,39.87393143530289,34.07848414578609
626.9621702040954,330.10659667206573,40.004658728675395,32.954063616672556
627.0633229790735,329.9682071035211,39.91216217436738,34.38783078985796
626.9553162170332,330.6039361928106,39.92613902949006,32.90377666814993
627.0498331995425,330.45398410629355,39.89988966350495,34.21687800634322
627.0,329.0,40.0,34.0
627.0040694146137,331.2200472542563,40.46513376523717,34.097998561383974
626.9046619013184,331.72283225737465,40.85340102998521,33.023103084771265
627.0708413238933,331.5481633923225,40.60494521227747,34.1037369411348
626.8211457753146,332.07617813241995,40.97657548713596,32.92329010045205
626.999768245592,331.81477192825514,40.756604226856325,34.154273698706675
626.6242040804855,332.4069129210566,41.179388171460914,32.682940112752476
627.0,331.0,40.0,35.0
627.1642790070969,332.8656469323114,40.04194609189631,35.429631079230035
626.3220338835494,333.93504902253017,41.74292703107392,33.282923025747095
626.3231236448736,333.91547192554026,41.82421624848257,33.267232268735825
626.7674787725862,333.45620718672467,41.06611074581588,35.05185034612646
626.356896122792,334.22125362469933,41.84307178915458,33.4526329271564
626.8418681967323,333.7729692705693,41.07781235163418,35.107692688289944
628.0,331.0,39.0,35.0
627.1841199509095,333.79136137383216,40.753596725473926,33.92926884908047
627.3283509198595,333.72913018221334,40.70613957946591,34.534129061083036
627.3806551278527,333.9583167063213,40.77464071828024,34.502580440666634
627.3666002245441,334.19900174211875,40.82155818111596,34.46963697166177
627.2650598680119,334.4023148601382,40.855695386887305,34.515348860656104
627.1292719772212,334.6282528988784,41.186139349495534,34.57765710681542
626.0,333.0,41.0,35.0
625.8613811981277,334.6648860615387,41.397996716669695,35.689904759846286
625.956740056547,335.30849346116065,41.682205189378465,35.18657735292072
625.875148751049,335.6356548701149,42.04349176518997,35.23009844485421
625.4560313302577,335.89759305615644,42.61789327195561,35.26309247791005
624.960057860178,336.10577909040126,43.26376779107329,35.529579380686755
624.6803872577003,336.3696482809546,43.627994391013544,35.645576248686666
625.0,335.0,42.0,36.0
624.3789070674748,336.918630099095,42.7565079298206,36.488431521323946
624.9144286714139,337.42618868820523,42.604087630407435,36.353738688985004
624.2810419823084,337.8566032577651,43.76987579654565,36.30832017156763
623.9739182446277,338.20023586219213,44.21252599539878,36.3976770434665
623.752251424,338.4972013869831,44.572826643789995,36.47007166320725
623.4924760869667,338.768283127446,45.01585781583606,36.65794202538268
625.0,338.0,43.0,36.0
624.6772711620633,340.8504529621981,43.631610648907554,36.433937251046984
624.4361628617371,341.04053807162927,44.40437972323002,35.91553261867739
625.1902711300093,340.94009732564155,43.48785652244396,36.69115442958582
624.8004011074797,341.2633192370208,44.31833500182984,36.60022817982099
624.3579236187081,341.5415039250647,44.94039884381698,36.65250583591387
624.424845451997,341.8812043095768,44.97006950836453,36.68985126837413
626.0,341.0,44.0,35.0
625.823430549035,343.50152719842583,44.459774478847066,35.146244269243766
626.3397349750495,343.1836391521274,43.92309537243193,36.45978461744903
626.5990389230637,343.5577886676349,43.91883985897289,36.427788899283655
626.5820859930441,344.09454487355106,44.27766728564211,36.22710023627894
626.9938168873057,344.3980550128431,43.98227832047269,36.35818511200273
627.276134332683,344.69705771585905,43.798900586466516,36.4224476404097
629.0,344.0,43.0,36.0
629.7381309465839,345.5988627122888,42.51962163663484,36.785713901954296
629.5734710280676,346.0058090575867,43.426938796596914,36.726026119620315
629.7176829639169,346.34697150074317,43.51305083978389,36.72031711927457
629.8850309470707,346.6638538214836,43.474770503818604,36.693877822296486
630.1570709023314,346.93892434213785,43.365629724340465,36.73039218485485
630.2950325387984,347.2063951838411,43.365191458859385,36.76383176228046
631.0,346.0,43.0,35.0
631.5203070072484,347.49358530554014,42.16698337151729,35.99554945365594
631.3722419928323,347.64854753222835,43.187189266791506,36.18907288511082
631.5747376150133,347.86207574220725,43.20719953315643,36.21676125284512
631.833628212903,348.0793352164519,43.15854249526478,36.2191161087253
631.9846047719988,348.3035237695426,43.21276146512071,36.21391701043137
632.2284832910852,348.53654681424655,43.14388977847875,36.18670103151203
631.0,347.0,41.0,35.0
631.0849974921621,348.2365273414987,41.753475433634776,36.28504444490886
631.128695499089,348.50651602973267,42.2072786371898,36.18164632170647
631.3631123629746,348.7756074882311,42.25224188915058,36.12565382469006
631.5253789276459,349.0728635335181,42.28772462066979,36.04490890400484
631.7939054784584,349.3539262345621,42.23010563675314,35.95842459089033
632.0854509271829,349.56216298847085,42.154828438807385,35.96661307024078
633.0,349.0,41.0,35.0
633.4211609422623,350.6759893598269,40.888160899160084,36.00313372530127
633.261973769128,350.99282476669487,41.974084732426036,35.79396914194558
633.3680613490193,351.21764508235697,42.12211322763176,35.74870612314385
633.5128297063685,351.41371323865974,42.11133902247127,35.7480309613137
633.7188551174954,351.63962998051284,42.10679459162884,35.694445224722585
633.8153904511656,351.8396955567839,42.14614214716721,35.70737575784551
635.0,350.0,41.0,34.0
635.422823807384,351.93494530747375,41.00788835426715,35.01237281891463
635.2529144322792,351.98025056411643,41.780813348817105,35.295663875375794
635.1516018794346,352.27601853704437,42.267224065813025,34.84892745903039
635.5907163459538,352.32512081052505,41.860006792528566,35.17447348446751
635.3093848580406,352.58715552951617,42.536544315364154,34.77757580502657
635.3754972242874,352.62617562618425,42.60136440231429,34.79168110201522
636.0,351.0,41.0,35.0
635.3950503396336,353.42321976539097,42.0611872504237,34.93004515130451
635.9238301671314,353.44389179029577,41.92836887826718,34.89116763554057
636.4229441234274,353.52688104688946,41.739077784248366,35.11704895196817
636.3557885968082,353.73252122694794,42.18076262226248,34.811655770573
636.7919451549575,353.7762200265265,41.793130859595635,35.10987028054615
636.961580599233,353.97098530388575,41.8531207541771,35.110624636656894
637.0,352.0,42.0,35.0
636.4569203991323,354.3423545293631,43.01999434304298,34.74177163729132
637.183127356896,354.3370179563419,42.29676357750759,34.8049690449061
637.3306470107307,354.41244854114484,42.37465566655305,34.769525299951056
637.4938505691896,354.4899997474131,42.39369504795957,34.73837007670954
637.8254284988705,354.5673431902055,42.12878883556368,35.02735877664304
637.6844662157564,354.7703320941582,42.516952279017005,34.76401041855752
637.0,352.0,41.0,36.0
636.6474104751669,354.46598617189215,41.888102315895594,35.27305148355299
636.9296714546772,354.7570672904126,41.980123042961054,35.17143083734277
636.9962065501845,355.00177443048574,42.06216581978833,35.19054795707552
636.9065548056501,354.97161028499954,42.10768393839135,35.181413481744585
636.8767212462599,355.22519124024257,42.1134964802377,35.19142198325426
636.9168461545585,355.51771589638156,42.1390399442771,35.09319935641122
637.0,354.0,41.0,35.0
636.644389539676,355.8285223210346,41.86809142079164,35.23441387482467
636.7680342041949,356.08014573417677,41.956597470669294,35.18499063355739
636.6601209252285,356.2794914353635,41.954977268990206,35.21164202560499
636.5573849745583,356.4845040772052,41.8485322420338,35.20510648662821
636.18756484528,356.75078894322996,42.20268082968448,34.795849959363295
636.3052379870021,356.76576046488117,41.85246891490897,35.198361808856134
637.0,355.0,40.0,35.0
636.9331358933177,356.5820043730005,40.23057168221385,35.30468040127789
636.5040171111183,356.93318318941965,41.33717520614857,35.14354878598806
636.587450366831,357.17849634331355,40.7399330777198,35.07904161789929
636.4032976101346,357.43152743926703,40.866564043593485,34.97400801260346
636.2939520560697,357.67711192567685,40.726361029956934,34.88757131661089
635.8889085802172,358.0166156963728,41.30138305919263,34.36480178481156
636.0,355.0,39.0,35.0
634.7538622078148,356.7190923940543,40.90507356743274,34.663263968668616
635.2253669481465,356.7039955989676,40.24041864916751,35.703919184639744
635.3875451971608,357.3135731335583,39.48156756170374,34.82505346961125
635.1436154170897,357.5627445761188,39.70639846916583,34.69188273957252
634.9593656952266,357.8089261009409,39.77321334656699,34.57663704934589
634.8140499585195,358.0693511211009,40.13539289087089,34.443388888056916
636.0,356.0,39.0,36.0
636.424286406006,358.065297979922,38.70002997656286,36.2157240877325
635.7630098252771,359.02325898369486,40.13408921696373,35.40254310744831
635.4625445638553,358.88840855628337,39.84232348370324,35.09021529787674
635.383087510392,359.18190622100155,40.10720704363541,35.852450925138044
635.0883677327326,359.5376318798943,39.656590668528,34.79745772934564
634.9635174196989,359.7363429139923,40.212418892540995,35.57879280403483
634.0,358.0,40.0,36.0
633.9270232091076,359.9300725866126,40.04263838096449,36.5253801015981
633.572806023335,360.9553109125229,41.13937010829409,35.234519777643754
633.5595005739574,361.25636779142405,40.73192835594034,35.49216810771759
632.7831999867458,361.9438082563156,41.404588022957796,34.26774314644467
632.9944043482997,361.82234010284265,41.18308144047876,35.23919618461707
632.9357274322749,362.15157814876284,40.871103324474234,35.147325698928285
632.0,359.0,40.0,36.0
631.1143877847444,360.8414826914541,41.137190823369565,36.67871657936303
631.3418661685992,361.7443369926914,41.29144335494311,36.039172051133164
631.0395700493136,362.3287112920177,41.889354641264504,34.84697045062194
631.3361947991705,362.30271759077004,40.58602877882663,35.456453689759655
630.638469451033,362.69984484896486,41.66224743856628,34.706007173329
630.805933549474,362.62040713712304,41.103118126126105,35.90500409582819
630.0,360.0,40.0,36.0
629.4298021429668,362.57540024042555,41.62888671260134,35.291777149714676
629.5850203828613,362.8201387764493,40.824404322838745,35.26164542618062
629.2940839270635,362.4085247208627,40.37629894610552,35.58157562564202
628.9082203160888,362.861233796566,41.456037413043305,35.19806500042887
628.8658371481104,362.7142402125294,40.44902559188199,35.22384936546905
628.4950109178154,362.99361290579327,41.37817138935702,35.219476099930034
629.0,360.0,41.0,35.0
628.3520407636051,362.43040546917996,41.88716900102827,34.7078497311486
628.3656095571098,362.519559709086,41.92082724864849,34.633406158496655
628.1337262714059,362.590725716047,41.8168188534853,34.61388430634929
627.7547704922724,362.65090606094464,41.875851145628076,34.6062835789138
627.5994760834407,362.6950107862756,41.91047415649382,34.61534563836949
627.3972197218473,362.750190972627,41.94846874528184,34.617755961677176
628.0,360.0,40.0,36.0
627.4846336115515,362.45957305299453,41.02148886708164,35.30582201258267
627.2795731170261,362.4072922900285,41.42440843388954,35.13282864024097
627.1962222892892,362.01803861415397,41.17026850819093,35.45406570814919
627.0951539864261,362.51432986640975,40.97550240015266,34.92477419765055
626.8396662864965,361.72228108671834,40.87111590696304,35.79656216823332
626.4350651092061,361.817342597127,41.032572335305076,35.27065714036132
626.0,360.0,39.0,36.0
625.0604427393555,361.82578520511106,41.37907378990349,36.42183604907905
625.258114582235,362.50784901795555,39.61086459221508,35.03240978513725
624.6859771638951,362.4426500107129,40.36970335436445,34.969943206012886
624.7213964090595,362.82115520756884,39.99621812378223,34.65783796056678
624.3562840473492,362.2951389162299,39.931556477769846,35.19606897552126
624.3139541024643,362.84085584144304,39.9874199408049,34.72485659177664
625.0,360.0,39.0,35.0
623.9641461608201,362.5235712481258,40.68713562597463,34.42979576845005
624.034320453058,362.6348717280698,39.8705406974841,34.21768009704192
623.7583114214858,362.6491332538592,40.40144280411005,34.146617668519184
623.6676913120375,362.726446538305,39.83705817862665,34.022524960921146
623.4754613940688,362.9645487731593,40.023071759421214,34.0664785444244
623.2928726403213,362.41998217606647,39.877167597587004,34.63565392342571
623.0,359.0,39.0,36.0
622.1321350056369,360.81124388575427,40.72719940939487,35.36276335546518
622.2132168231105,360.11960106654726,40.20491273734967,35.60055624190261
621.9620666726751,359.6507294890826,40.21663919179446,35.57433142221265
621.7906240407074,358.75327694550276,40.16415151116962,35.91824376932652
621.6036017700067,358.01943964904854,40.177671330292924,35.99794165162098
621.3731466968667,357.45961822270056,40.11038575164764,35.933704735721676
621.0,355.0,40.0,36.0
620.3661796479037,356.4081489473539,41.521974411428346,36.1228158916382
620.4111030388027,355.4722462067622,40.91226556176855,36.3579145265021
620.0660501669029,354.94344084400956,41.29997995027088,36.30562672539071
619.9123612554208,354.3331721135521,41.16842072911595,36.39445982462871
619.700834652727,353.75780580897333,41.24236344197584,36.45794805928347
619.399680005503,353.4976128476127,41.412321247426576,36.19923603724794
620.0,352.0,39.0,35.0
620.0938668745198,354.09169361710974,39.62031315219747,35.16856185550205
619.6502286116922,353.15788956249435,38.99945751211976,35.883465704877835
619.0143550194051,353.35248036740745,40.486224310926104,35.10898069381028
619.1294839815843,353.0375014691913,39.598873296598754,35.229476261778245
618.7465963052086,352.89937506118304,40.072506590015564,35.04380659016704
618.549747142599,352.8165644037574,40.15316395356581,34.85245164839591
618.0,350.0,39.0,36.0
616.8723931806508,352.41755265793563,41.16107459216437,35.145147149617515
617.3807215590189,352.779551061587,40.26826375209362,35.56554848080475
617.0799758515136,352.4024715913662,39.96004894136604,35.58767661680065
616.9366480814316,352.8949120291743,40.0479316746804,36.07649617480217
616.419222474724,352.8927817134263,40.27260216898742,35.45372636592674
616.3995932932269,353.29601914499835,40.25037193309731,36.06434926861448
616.0,351.0,40.0,37.0
615.2624639554779,353.44499856319226,41.721775346011555,36.73889081952683
615.4599219129209,354.2745626761978,41.34030636438297,36.5810433473535
615.0741865923313,354.0285241919728,41.165942073565134,36.24045901676709
614.9583841937289,354.507051522412,41.416071668258496,36.92575549297669
614.66120869935,354.55431047473985,41.447648824378234,36.16304462394169
614.6929034312848,354.91858845799925,41.41298242771393,37.06223370413909
615.0,353.0,40.0,36.0
614.7764943328832,354.6728379694068,41.081508628845086,36.957073799357204
614.6290812011866,355.61807568893664,40.94442466543842,35.50503101342656
614.4725808578264,355.93064862334404,41.33316129283685,35.36781064613365
614.5445131601559,356.2317221099893,40.94447217315201,35.22326650973628
614.382203216549,356.527876433895,40.856904991150486,35.076618075671604
613.8762107518648,356.37877225594,41.59655802367604,35.167213906410325
614.0,354.0,41.0,37.0
613.5107860481221,356.2418563097631,42.09828793604538,37.01418269911653
613.7540240608092,357.13631114894247,42.0862946134157,36.6141183920119
613.2787967428812,356.989925616904,42.62610964116175,36.252559336923014
613.4416890500576,357.43642850853143,42.25910269594999,36.37731262637442
612.9337981991177,357.55997897240513,42.57270532049529,35.84664813542133
613.0799773335598,357.79953727305656,42.4064636696844,36.34793502933462
613.0,356.0,40.0,37.0
613.165218661282,358.01951376278157,40.58928065472571,37.52831988549019
612.7059272646875,359.06151821489425,40.94419621221323,35.99003182138733
612.012750386217,359.3257747166034,42.10749851771595,35.40939493163239
612.3609277925282,359.4174840522669,41.53514768408229,35.9940551880718
611.8526544865604,359.7887041384706,41.63519866786646,35.26417298506806
611.4519307382559,359.79641868201315,42.381511441446264,35.206685095534
612.0,356.0,41.0,37.0
611.5622487516184,358.03578079318686,41.94487566308362,37.390475155434274
611.7327111294694,358.98526475751396,42.27861911116179,36.6996489247465
611.4190273436482,359.05093698307746,42.43895576999262,36.131141358726836
611.6691983029616,359.3325640737603,42.37751285372144,36.572575253172545
611.3872088974008,359.4289686629081,42.54863727865552,36.06714880858965
611.5804200818219,359.71033596592406,42.45339753979886,36.402032367609195
611.0,358.0,41.0,37.0
610.7411983467191,359.9692933457354,41.67181488213919,37.56719349937248
610.6604679508564,360.962596524967,42.46183709216632,36.16813413147122
610.3386849481728,361.1475254564409,42.81448084405372,35.74176601928616
610.7107034373817,361.287358503027,42.51501033675254,35.98793623515962
610.3402414860861,361.4314075868797,42.863974824172146,35.65531206523417
610.7225091180625,361.4630062505594,42.63349098611377,36.33511893747482
611.0,359.0,42.0,37.0
610.6862588185791,360.7846066679517,42.98358358091036,37.80365884579436
611.3247597864579,361.8242302952917,42.83478323605004,36.346072201050674
612.04018312552,362.16998317474327,42.72294913477481,36.2260718391143
614.0643168102738,362.35128179305457,42.6310503807465,35.80140312501044
615.2784004274417,362.5175118735251,42.422550961159686,36.08809697305696
616.8957901622739,362.6355991897715,42.57154958829119,35.726362610551405
619.0,360.0,41.0,37.0
620.5858587043745,361.86334711332483,42.480504645114706,37.65833201035747
623.051893932462,362.84104868763256,42.29775638455385,35.676390717688946
625.3355180375559,362.87429873457404,41.36385722093223,35.566838583818026
627.4625176108839,363.17546331348694,41.26416403424969,35.61675549324855
628.7149097418974,362.7747377978528,41.56304309799816,35.879319805973864
630.8323000358318,363.28897261334714,41.48392563336586,35.616391653950586
634.0,360.0,41.0,37.0
635.2537256413489,362.0498462763917,42.10385323563264,37.32781984425765
636.4858667887474,363.13735726661616,41.53474959756272,35.737993057719905
637.1928251870545,362.95401995494774,42.16130142620227,35.69920454315104
639.0684445849852,363.2207581921739,41.04083143173057,35.97394005202591
639.0130407026259,362.9892912481562,42.64311283970585,35.845862082973554
640.2502090327221,363.25410369528754,41.903757337181446,36.38143767466886
640.0,359.0,42.0,38.0
640.2248010405624,362.2775049548177,43.29639614070686,37.30903060601594
640.4210825435028,361.55310269703557,43.35039077041813,37.41863340498037
640.8066501914691,362.10407284751113,42.9982067681284,37.963244299313146
640.608774675562,361.8887161705243,43.58127383347528,37.513402005904936
640.8943319330465,362.4274952918404,43.25451443247948,37.352053336634526
640.7041654268475,362.13532591380454,43.40350054567466,37.334594021712064
640.0,361.0,43.0,38.0
639.5452027517847,363.0415543624631,43.95793605338281,38.57576068535241
639.4249252090854,363.9662511509978,44.81994578336412,36.624068721186404
640.0877362764272,363.921621313425,44.021725655925934,37.2588644535972
639.7343904014263,364.1898157038372,44.91424097336187,36.679169952524944
639.7992064364914,364.2158911552722,44.973015249304694,36.637774545430375
639.8879948849603,364.2212547167844,45.037567889043316,36.63839949079056
640.0,361.0,43.0,37.0
639.6715914885826,363.2055402565529,43.93437107099089,37.24459317954825
639.9263022567983,363.41545113852135,44.051329678788534,37.16968452797494
640.0911078926498,363.58396894691464,44.167025512103805,37.17728552097367
640.1094815187994,363.75683456470233,44.28652233558296,37.17648005595902
640.1931255571337,363.940386395268,44.317172867951285,37.14919903090242
639.6586231689272,364.1291467166998,45.06502016456386,36.77995279105426
642.0,363.0,42.0,38.0
641.502266589647,364.6387496070488,43.32006282576299,39.056361595196336
641.7959978667249,365.6867201385453,43.63342633050377,37.46813439035691
641.5824768750288,365.9576298421557,43.92693031167141,36.91484244307935
642.0236270220101,366.0012680099542,43.648891138805425,37.3734437437796
641.7568749954023,366.24477620043035,44.02068565520665,36.82826805993318
641.6677162640267,366.2375369530346,44.24321079212518,36.77624573429057
641.0,362.0,43.0,38.0
640.5680716730212,364.1120961497834,44.09436608132546,38.12359852258919
640.7783248355287,364.8225654595608,44.2864677678607,37.11741693671411
640.7098659760579,364.5815650463977,44.70400528224093,37.2933454653695
641.1031026314342,364.84894082062874,44.3486402544811,37.18951047213295
640.9606194341533,364.7255847947531,44.77484045995868,37.22520474630528
641.0148754751477,364.7440707914818,44.828726556887545,37.07855715139772
642.0,363.0,43.0,37.0
641.4023546730677,364.23168772716235,44.216796653792244,37.96403554860092
641.8261087135791,364.8174487213323,44.174241870306105,37.2610599597474
642.1792490525221,365.0496840823371,44.11304708290038,37.192654320844554
642.4237040553321,365.2550907039101,43.95125891719181,37.14944894233179
642.2385704186147,365.43145089096447,43.97051089015315,36.86816224800475
642.1505278298575,365.47589167861406,44.41475095535134,36.78453977651088
644.0,363.0,43.0,38.0
644.5013785912491,364.92601493575125,43.47910191819017,38.35861084243737
643.9170805748688,365.7086890908754,44.62502954277761,36.813275942017526
644.046985895313,365.66694417614553,44.7106264704189,36.85255514570372
644.155188046924,365.6609098362817,44.69032778675296,36.846206812159494
644.2301207946832,365.6087797373657,44.63531839635948,36.896897166781855
644.303126235736,365.5152664527411,44.54549110454718,36.976916934578185
643.0,362.0,44.0,38.0
643.1582847248942,364.57626468380295,44.64240103439124,37.20755461125327
643.1656051644967,364.6355323894452,45.13505119005515,36.94832732740986
643.1613190256699,364.6012160884027,45.25369260435605,36.96077482269686
643.2264040031862,364.4772060274645,45.14745707276575,37.12218413350911
643.3786313393031,364.3998536206177,45.148261561271624,37.150275277529545
643.420286601106,364.31503461219324,45.11817102846635,37.207539857097345
644.0,362.0,44.0,38.0
644.1417874537382,363.8160522281337,44.532122760004654,38.41824434027831
643.7762485552591,364.49366887339966,45.53901574591555,37.06097568711925
643.8379368736089,364.49285809807407,45.49802229799286,37.089196841632884
643.9656482875487,364.4869757174056,45.40362819444806,37.11600051699463
643.957517778138,364.4702753128222,45.281321940835824,37.16626588908866
643.9473432500606,364.45569523058725,45.25324250033361,37.18440522597621
643.0,361.0,45.0,38.0
642.543256595395,363.34006167167263,46.001680978092736,37.71914800329523
642.5872020364549,363.5894562807621,46.05545763543785,37.23212088509911
642.6440393197995,363.5618593888157,46.0490262637021,37.29529131638253
642.5578693296778,363.536481386936,46.136020708395904,37.36459701108629
642.4864482080297,363.5172453417026,46.13679084895091,37.429044967611844
642.4196436888816,363.50272422344824,46.10295268687889,37.48565048651869
644.0,360.0,43.0,39.0
643.6231753456636,362.1657923685034,44.12811088679564,38.8735302202831
643.6518811516186,362.8359993912586,44.536924739424876,37.91960697194554
643.4469251959396,362.8291878641094,44.5477616991958,37.77796470239764
643.2746258711131,362.8028035036425,44.688909989122294,37.68647166413757
643.1560718257201,362.77629429086085,44.508675139069055,37.599539090621874
642.9469824170726,362.73387945787965,44.70978702499269,37.520603223824764
643.0,360.0,43.0,39.0
642.0997042554322,361.8111679318963,44.85826002221165,39.63870958586023
642.5640803321066,362.6847378538796,44.59503331573012,38.5535008587035
642.3830208850525,363.04349521217387,44.3996174631784,37.7503202904179
642.1141280810061,363.0061512896882,44.76985580843939,37.69566119898036
642.3627379607051,363.0249166385247,44.48549763834251,38.30118052976309
642.1621503663806,362.60077745759895,44.10806190630649,38.47283348618248
643.0,361.0,43.0,37.0
642.9362564278412,363.0692992425113,43.32547249761876,37.40363167490841
642.5582221076041,363.13526814369106,44.50949964888741,37.24029941404842
642.6887972385666,363.1950609722644,44.0715496328412,37.15045161927435
642.6078078725391,363.26847437110337,43.95254362910987,37.046713179746575
642.5150668165617,363.3385477287716,44.17907764130996,36.93499681036508
642.5457870913042,363.40279229774296,44.01285958261269,36.85730245444756
640.0,360.0,45.0,38.0
639.7548005493009,362.7071137635421,45.63524541458719,37.195357775323714
639.4963067631195,362.7283048327379,46.0385053112841,37.03121779648416
640.0407666764709,362.7471808420239,45.24908359600647,37.46107200145593
639.2262798075644,362.8098117225711,46.35787340712898,37.256931144836926
639.2502644702554,362.7646415252316,46.18238576987005,37.2977255956921
639.8148463882474,362.78454657734665,45.419400312959624,37.71835334475645
639.0,361.0,45.0,39.0
638.4441589253338,363.03460080824925,46.26308450526403,39.71873687909198
638.7707660593567,364.04092224456326,45.89140322205117,38.163815064327764
638.108925676377,364.24415621125536,47.03009978355169,37.67971825879317
637.928911779516,364.21710825516675,47.13196162322629,37.70528402945729
638.5670904130493,364.10470718201987,45.97564911206382,38.37767258430506
637.8006302365752,364.4143194077028,47.127936078472885,37.78092198890795
639.0,361.0,45.0,39.0
639.0987070946344,362.9720674416774,45.368996679986594,39.26977621794549
638.8214008762226,363.5358828950657,46.0685463378054,38.571867210290975
638.8396426362652,363.76326221177146,45.995694940986255,38.52324771957569
638.2986858412173,363.96815771130287,46.61855616200762,38.110936895195664
638.6869243104658,363.97466886328493,45.92653113560266,38.52153433966487
638.1964410635222,364.14980243545324,46.632432227180175,38.154848807288545
638.0,362.0,45.0,38.0
637.6739533458367,363.511741655979,45.38573679105866,38.700574301669235
637.752037331975,363.7977627563632,45.77091289814075,38.561054041852
637.8305149704393,363.98533898112555,45.8733581090346,38.55976978553258
637.7572480158022,364.1576285876956,45.93570016735214,38.57284651761995
637.3031870847333,364.39120433723633,46.53717431420273,38.0895568436506
637.7474183210918,364.3255174872138,45.786239111883106,38.55707113298661
639.0,362.0,44.0,38.0
638.5897041077696,363.62119658909796,44.71498438008712,38.58808280874655
638.6334026952418,363.9244186584094,45.31316296297666,38.378804252057535
638.7922188883109,364.1339500242841,45.23442760718797,38.3240292575116
638.8650601528534,364.3475721499517,44.93485293183403,38.227582520766646
638.8484221422017,364.55329079539615,45.04779794419858,38.15464241519294
638.5942895584369,364.7487253024019,45.273223260801615,37.800652594919484
640.0,363.0,43.0,38.0
640.6795687999753,364.7740964289135,42.42676363827229,38.25010376952878
639.8307561434153,365.179576566705,44.48650466507206,37.95243323935722
639.9858087846035,365.4711407053237,44.14320493058153,37.74859900401043
639.7349738771766,365.71243542886646,44.371468888023855,37.27549273153954
639.995473347183,365.77312807323256,44.26156918892525,37.52432427149131
639.8628904315309,365.9863088111797,44.316585725422556,37.10139591462985
639.0,363.0,44.0,38.0
638.5636866729837,364.6346762690846,44.70634338854188,38.738725919944045
639.0782149022726,365.43677864093684,44.605280320944644,37.567027444918835
639.3565210939237,365.6544959013536,44.61621394063798,37.53635269078302
639.1024016642587,365.8695466274103,45.28367642267085,37.15203178777642
639.1329824236286,365.9015166568647,45.35661707628208,37.14408702185847
639.1574318071869,365.94978565781685,45.28094021055995,37.14166813821862
639.0,362.0,44.0,39.0
638.731867746294,364.2250948071137,44.67720578856006,39.52875095340448
638.9964858025254,365.4204350011896,45.0362479438146,37.61280014604745
638.902868857055,364.98650451878484,45.38072100500335,38.081026392833564
639.332271767979,365.3563185585426,45.02399812592046,37.882109806737844
639.1945331844921,365.18762987867467,45.26268880961504,37.954956172460015
639.4290336832146,365.47210376209136,44.793673536157485,37.87514290621277
639.0,363.0,46.0,38.0
638.3681068387295,365.1609232516905,47.78440203316541,38.06981578942748
639.5363872514773,365.33281841212556,45.8087953913647,38.15942708866396
639.5522027421492,365.5104446031173,45.867833126027904,38.16790333797485
639.1553147740715,365.6855534739552,46.43273437329049,37.836780188630655
639.5676304018467,365.6656139039228,45.883398776173294,38.24337088363359
639.2713915419195,365.80138238269683,46.343142557578176,37.99064973880422
637.0,364.0,46.0,38.0
636.7098045196071,365.3794052231369,46.19984580968003,38.88825755955281
637.1198639112605,365.825046090511,46.00248827492521,38.5454376283451
637.2181244496497,365.9994865766714,46.089897044402846,38.65054118834348
637.2336629065724,366.17527018778696,46.10651159689485,38.69386187204145
637.2637602372174,366.3640779488653,46.09857766669711,38.69516082390851
637.2753050137812,366.54720030623366,46.09222685255736,38.69035617599354
639.0,364.0,44.0,40.0
639.7637270614123,365.84556849446926,43.306457318041794,40.79706021562538
638.8121726157761,367.0027507167222,45.52661985245982,38.96242210000696
638.7608884761605,367.2609082147774,45.221485425499964,38.392841800114866
638.7868433929091,367.2824298395226,45.42539278017239,38.9910080192858
638.7369573812952,367.1475040527039,45.30810795605271,38.81770478334602
638.9047579053824,367.35029904476255,45.48156214270625,39.2282895860493
639.0,364.0,43.0,39.0
639.7948285822926,365.91372199233547,42.93932864216151,39.44359346861279
639.0686501780605,366.63700624497596,43.64653268122436,38.33312758192335
638.8109999516887,366.9302219556437,44.49077803401872,38.12090415023272
638.7209387882731,366.9562780992359,44.3363981825546,37.906765129088626
638.8725121053568,367.1352378369138,44.61653124606994,38.03629072863578
638.7947252751305,367.0172438706327,44.27293962870317,37.973724914508466
640.0,365.0,44.0,38.0
640.0897326698343,366.77165987975854,43.84066790380416,38.546298779775725
639.8750592111137,367.3962273951747,44.8913239460378,37.75301655066232
640.01985099542,367.6033762387524,44.88129564110841,37.73610453133006
639.9443801058169,367.7251232575045,45.050204776433816,37.47075403060148
640.1622140509334,367.80162781907165,44.83544261666168,37.67886563832235
640.0541697372346,367.9047523219415,44.80786045515288,37.441202724341565
639.0,365.0,45.0,38.0
638.6698534953439,366.7199647238742,45.84629710153331,39.015313260113714
639.2391087001397,367.4970624266107,45.413505913211225,37.920327011942845
639.3325760536391,367.6617030098423,45.521532953605856,37.97645370503005
639.4607296496813,367.8484111584412,45.52571041951978,37.98256149060694
639.55558627292,368.0181443419169,45.52629205727294,38.00865554840129
639.6746518062093,368.19790488729154,45.47165370027437,38.009322790329406
638.0,367.0,46.0,39.0
637.2828540723958,368.75201897411716,47.43074070760895,40.005958482148344
638.0777029925707,369.7303000089664,46.339347944777955,38.59050341582383
638.2697143136934,369.9776264744469,46.33531377069232,38.58676986210958
638.4008302905028,370.1962328671523,46.36255237796331,38.625027646004924
638.5449943069644,370.4117319593588,46.336439023038565,38.65623052270075
638.1655063192679,370.5290512253132,47.077495352690676,38.2990050049151
637.0,367.0,46.0,38.0
636.9375027302185,368.98402046315005,46.19111034635125,38.72312282153689
637.2284972614852,369.30299447034486,46.32019868142106,38.661693058209494
637.3227336338053,369.5253310809221,46.440177976658674,38.74859727495027
637.4042095151591,369.74413047439884,46.48714445813664,38.84014181359453
637.4744269914822,369.99397405245463,46.445034427732026,38.86021342099684
637.6661943621172,370.20996128861407,46.255218807748065,38.92552366620657
638.0,369.0,45.0,39.0
637.3792376654765,371.3740412389677,46.348414711097575,38.832482653342026
637.6417524340739,371.6432885744316,46.31725208409944,38.80825259067478
637.6987416403967,371.87453455872105,46.348778769705405,38.85066392563749
637.74104735897,372.12707426837096,46.38488130243127,38.84626217038203
637.8065861315766,372.38128217371377,46.34566114986262,38.921310853097566
637.7904652288448,372.6565403015211,46.36993768870798,38.904317405298684
640.0,371.0,45.0,38.0
640.5207397258323,372.79014324435593,44.55415465802116,38.80335654975556
640.0146286812395,373.1316045681556,45.9197846702757,38.66143257196745
640.1939419235968,373.4124145783044,45.894534580866434,38.635259100597295
640.3567630264876,373.6790833889884,45.84085874639857,38.61016087373878
640.471255537714,373.93781093726784,45.77379686115444,38.59793165483461
640.538130470864,374.1820815678466,45.69325916861317,38.59370189510605
641.0,372.0,43.0,39.0
641.3679090563701,374.3827498365881,43.30002144883929,39.067503081372706
640.8473429166988,374.7309997010152,44.426274038745646,39.44068405492749
640.8910945944596,375.46005482779674,44.49103516066532,38.35693356425236
640.9205589605092,375.68130081277604,44.39405912384996,38.43073397866874
640.948982124633,375.9554156131344,44.52906907452859,38.440898573091545
641.0010798204889,376.2541135758647,44.56432372817494,38.50023794046501
640.0,374.0,45.0,40.0
639.5301914525719,376.3248395178548,46.27419503255612,40.100155537147145
639.9553913713171,377.1523945004651,45.911195585521455,39.763212665130595
639.4280323991297,377.3752768938575,46.93546427079468,38.808303231329774
639.9122630279265,377.3760748220086,46.30498599191003,40.13221444250945
639.9035350985596,378.1209120384201,46.354871471441584,39.08320443330501
639.518440774903,378.20152642366725,46.774664046651424,38.68475420337836
639.0,376.0,45.0,39.0
639.2340160784563,378.27617871945404,45.307399623812444,39.18806258857899
638.9969565989004,378.5314627736361,46.19330673046193,39.35404817810195
639.1404272577531,378.80096245052664,46.16938765116879,39.58856694654742
639.2297934617192,379.20023645034235,46.202295359684854,39.399007738684304
639.3329306563467,379.4951866414601,46.08080595306342,39.461465509006416
639.4529559532184,379.7447977229267,45.84591699791065,39.75046870387541
638.0,379.0,46.0,39.0
637.5634486411795,380.6045290221839,46.724612193405164,40.33034279510855
638.0537134947067,381.3616633143488,46.47917911845229,39.4075899864074
638.4048404925347,381.6509264452625,46.45218184313353,39.40261255310952
638.4823462663273,381.93245777195216,46.651021815543345,39.40607875229966
