728.0,272.0,113.0,99.0
729.57145463489,276.56151397619396,117.96878196112812,99.07758584199473
732.9456035420242,274.79020291999814,114.44337837465207,99.33817240555072
735.4071318666499,273.1206277989895,116.95145395736495,99.48308981736227
738.1668426994,270.51785004354383,116.7495377693939,100.44368412932579
741.0403771965337,272.988189634264,117.34324992765983,98.56533361427637
744.3030057296238,270.6394997902221,117.81234414408016,98.08348557104466
751.0,259.0,107.0,106.0
750.6866266863866,264.178478115919,112.19885074667013,105.20966233652143
752.587373792542,265.1069904140837,112.11428154876705,100.64701369727459
753.0178600192099,264.11131987552983,119.34507700168149,99.979220176333
756.1108652756881,267.3912498981435,116.2325953952037,96.95772908583143
758.3441663520106,262.75358518233816,120.9481689159162,101.0158952647264
764.4105402242697,261.0037707828034,114.31975394982226,101.17590075882026
778.0,256.0,103.0,99.0
778.0194680415925,262.2106304044413,109.33908578708224,97.21311773172431
780.6955433846324,259.1665640005378,108.15953422426787,99.8581998394485
782.6201668474368,257.7387294065477,108.19680528197625,99.2775460178774
783.7032201712891,255.08948797674657,111.83068045790606,100.28826212878812
784.0130846262102,253.43915966844116,118.68175463302032,99.48034551936655
786.6062267358184,251.9868916510818,118.75166314110402,98.5030077130665
806.0,246.0,100.0,94.0
805.1470826423615,250.5258915232218,107.16046762660392,94.26164591922435
806.5959043829389,247.9660684032504,107.85792397488763,92.74697384466441
806.6370151137523,245.50088026879553,114.43227978650066,92.32123168570553
808.5197883153185,243.06219493756498,117.11047518041846,92.54610164753655
810.0672849716,240.36251441236163,119.44741430156387,92.47088584937342
783.2675470217291,233.01889358297933,115.84073579927144,92.6733229887584
837.0,233.0,97.0,92.0
838.2727781938638,237.7873582838638,103.61859165717351,91.83089986912023
840.2737237611796,235.3529190997698,104.79223059688763,91.70351038464133
843.0874293890047,235.71946962194568,104.75800473951949,92.93034676261561
845.9523680913335,234.0537658391246,109.01245121199281,90.70252796675004
849.4437713234104,234.84265107231988,110.2635171944853,91.77931119835978
854.5314033626578,232.69085400630422,109.16876977248876,90.08145680937821
867.0,229.0,101.0,88.0
870.1289181045731,234.2048005532979,102.9143334740246,88.24789821346258
871.6594588810093,233.27992357871722,108.57667778922234,91.72489933162865
875.645119723067,230.77278267751547,108.58190088148967,90.45027136965689
878.7754187405701,232.54039768524632,110.57550093602777,90.55867107971136
893.3618309848971,231.20432962633845,100.7466567906522,90.93423535673139
891.5246767947818,228.32550264264137,107.51514571243035,90.53101450175836
903.0,226.0,99.0,86.0
903.6663808616686,229.5643209466428,103.38172420739511,89.95995761889895
902.5879183503952,226.9259443480438,110.29400191354455,87.74363485206732
919.9636719121459,226.9187835594832,98.01416405314058,95.23534398115811
918.1575143632977,224.2712197853213,103.34746672931783,88.16942904740318
930.6069113104055,224.81564112713994,100.38476371543095,95.42535850932461
929.7359367160443,221.74111501643765,103.13390159910114,89.74820359535013
944.0,214.0,93.0,87.0
942.0113961334512,216.00847739685798,103.3321375930916,93.4002241752018
941.8109022365306,216.02643216396064,107.19591971887075,85.37830985812934
957.1808394174268,214.05183689774424,100.79134208998539,84.73963486984661
956.2456284773716,213.16703209132106,103.89702203001434,92.57003386732305
971.2334314249574,211.01335473112374,99.9825471019185,88.22605711431436
972.7085646980145,208.7155194783768,100.14195618650206,84.31873711457894
982.0,204.0,91.0,81.0
981.7645155758821,207.71900504982247,97.7916224866467,86.7657101428413
991.849171239754,209.82957673109814,101.52284627795734,91.82513238909632
1017.5917109071556,186.3135420635734,100.56964706126018,88.74755602933132
993.640998710302,168.17995197136543,97.98635939689711,86.62255907894817
993.5473427795289,172.71444026879627,99.01371578302178,88.77480550861665
969.1641875440789,141.4756782166814,98.03638543662464,87.9230813226377
1018.0,165.0,111.0,84.0
988.1023783812925,132.1675513414914,98.6209478299445,88.87748717550866
988.298152500092,105.22559216686525,98.28969979319766,87.67474056940233
1000.7043991989426,78.82802914324625,98.48408306828287,88.20438945977384
1037.48762896652,90.46688026536259,100.03671848519184,85.3501943819993
1001.3334767864886,78.88191202282445,97.41397868836509,86.90220860540933
988.8618887865046,104.43423508969207,98.12633939445413,86.23294021453705
1054.0,153.0,93.0,100.0
1053.1689185077362,164.93956225436938,101.41199197569222,88.82608883708463
1017.3048323533893,165.35510984571368,97.42475290204663,88.39312792919014
1016.8897323995653,182.2645464655743,97.37914122996688,87.18238993502939
1016.2000461170696,176.451144243696,99.40144865328239,87.46332636661649
1029.188577770141,183.14035814588055,98.03104954797209,86.68836764953846
1029.0348380031603,187.1704040577979,98.74858987426273,87.50958378633129
1057.0,158.0,89.0,94.0
1052.2680577240621,133.78525847189087,101.18055808341865,89.57104636399052
1079.347253646931,165.5060180688756,97.71948318191107,86.49054992479066
1114.6809298607989,153.26723959512992,101.29897261387828,86.7374405415166
1089.6622104114815,133.38671199542117,101.54593777759283,87.36896845048176
1079.07425961643,160.49759320178697,97.9199673786029,83.72527922218467
1040.4312863138603,137.701615776781,100.82077940250701,86.52134725553915
935.0,167.0,118.0,83.0
918.5641478034504,168.94033519573094,103.64508621956384,86.27415061417929
896.8084402476164,170.2089027395516,98.68345324889299,87.6159433184634
909.3157458111025,156.8899194134064,98.89519465305148,84.74015238990256
873.5391256019806,155.74508094582717,96.14538987308208,88.54617476971106
838.1723800386721,156.67951577794605,96.0471279619619,88.44878129752317
862.1060723892234,157.1535550377041,97.98977300133163,82.95430754489792
839.0,169.0,132.0,80.0
832.2505183956596,170.95516504449853,99.76885369654815,81.3266083169463
808.3288700764258,171.25692158226693,99.02923711418578,81.28444644416791
795.8057795369841,161.50558420773672,98.9408461525594,89.65971758140364
771.0838309301198,165.1470794337554,99.58911660773651,85.86035753712042
770.6253752853479,170.23828179129328,99.71349484153632,84.69746368216943
758.305336382882,161.74938524049054,99.80782605947218,90.25420533088857
764.0,194.0,131.0,84.0
768.1889213180929,196.72703836227853,100.99137563174236,88.09620933264083
766.2696145572772,199.09763746618523,102.98872121194961,89.48637997604158
754.2446655533074,192.39548136570363,102.38414824258439,90.94272974757234
743.2634629541183,195.91973355504098,100.8092026711073,90.64596869235487
741.1956529681356,199.34073043353533,104.04925356052149,90.9791780080206
740.2201237094305,193.8697014180962,105.08162114390143,92.91183513876234
630.0,245.0,102.0,74.0
618.3777012567921,242.3970637240792,106.14535680394238,89.73417095550019
582.9159603285691,276.7048270948878,97.2845080783161,89.8626258693406
619.401127573073,321.9109619227567,102.50226143158,87.60868602699077
658.1025359517275,332.3807068986436,102.2738413137547,87.94426922201785
672.2131617628834,317.035433913693,102.10790098885218,88.77403242505875
672.4335662387734,322.7535298621176,102.83845996959292,88.9658980809429
602.0,304.0,84.0,46.0
582.9975738778328,299.5689260838982,102.17831229237504,88.65468835685425
584.195554916453,304.98619421350975,98.3645853766053,88.69230846248934
556.6120562275862,295.3833758930251,103.85546176443665,88.76885966858606
544.7846832077381,297.5419768555287,103.53739989034625,90.29192412951181
545.8362716661209,303.5160322304881,100.99546072373471,88.53382507459355
531.9888236583378,305.5926631363153,105.74849750507985,90.04870507258659
576.0,286.0,73.0,63.0
551.1415430174501,276.83623445252897,101.50880746889993,88.64749416386303
538.8665497051948,257.4135666521913,100.31942111823514,89.19006593217853
525.6897592587779,238.501376476833,100.474205206188,89.80176834394774
513.2541084592775,219.9839190965311,99.76933808242666,90.67455324415198
487.2216930927004,200.2595444060637,102.09355975840919,88.12653391904746
475.059729219236,203.1724905881822,101.92269247267114,88.51216076858123
637.0,243.0,61.0,71.0
644.1702112545888,210.17232509009523,101.12188355215949,88.95175476686063
631.543043678477,224.76202736603258,101.13973238081132,88.96104190346833
619.0117744341471,206.1418070430728,101.0454326828135,88.8945942806011
619.5144255859101,178.44162049159226,100.5739408518267,88.26000361873653
594.4150282107144,158.7226056186386,100.63116949003302,87.78893980813547
594.7336646279487,141.5164838799186,100.40599688942245,88.23704197250856
668.0,289.0,61.0,91.0
675.6909186906962,278.72343337912537,100.5458828723581,88.22470152047254
663.2032309304091,249.04468998773785,100.50286584798641,88.34651765233161
650.7781514233085,219.4081222460623,100.30589271483655,88.38615765222579
625.8185989923423,188.30497459540945,100.13536956368694,88.24710349738544
613.3640308766123,169.75442960161968,100.15746283723979,88.30423567898634
625.9821209909086,165.54755602283228,100.32029547747572,87.99301280228988
598.0,209.0,79.0,80.0
576.7920391137795,177.50468120002202,100.22968776810148,88.03714330170916
551.8230788801159,168.80873693832234,100.10813046045814,87.55119612400898
527.0453985114973,171.0176564019693,99.74826540398703,87.34623765958833
539.6265752794909,166.08516617302178,99.89694147586192,88.13109506513456
539.7903004661741,138.5164995837556,99.77668682406079,87.55470189546247
502.45155606248693,117.11310440325008,99.57527381191323,87.39845655779945
527.0,159.0,89.0,84.0
523.1088190102715,130.48014677323243,99.64190485989684,87.70026222664296
510.6798505557407,100.95717122892052,99.6609946144016,87.83884980935696
485.8408082157536,70.00981742551701,99.57770682710083,87.78083042408812
473.5040971547909,62.594314624245584,99.505090730897,87.52679544539888
461.11437487386587,33.393488748675736,99.50188863658553,87.32766026227529
498.65555753130104,10.929184977814717,99.51137379504235,86.48258281565532
507.0,134.0,103.0,76.0
523.4776539110919,104.00414866062428,99.25269824051952,87.64720050860731
560.9143738103188,81.26870004894768,99.26373520032132,86.89339230457732
548.6388682000024,62.694348258661606,99.1605663596639,87.58282300161228
561.2698252627088,69.4546303325468,99.05901951624617,87.61007989470542
561.3375706460779,53.036609245242786,99.06830037288228,87.38497731274127
549.0062289925328,34.858228769867225,99.00167653548613,87.5162902264843
514.0,103.0,104.0,88.0
492.92354572787065,96.31115553409344,99.13438942074913,87.17766789511373
493.09884813642697,90.41331298401322,99.03508963551138,87.19477745559588
493.1925883948096,95.42678525953572,99.02488532491896,87.22799041149763
493.3230161828609,89.67780412699052,98.993459456898,87.01417396894563
518.2855749519246,97.82179785184701,98.93217005987549,87.01846274262067
555.6340909979581,118.41263704614559,98.88932844984345,86.86041508392967
498.0,17.0,115.0,81.0
544.9471984760967,26.27936264153497,98.99314300514379,86.57491006620434
582.3625182955599,11.557866626195107,98.73075683337652,89.65690247717211
619.6662235773766,12.195604239981268,99.04349334143205,86.42160768546852
632.1634315086258,7.921909883624863,99.08411462588936,86.47647335461258
669.620053600911,28.192305448169396,98.80212819564804,86.85690331697529
632.5936567927166,1.5518305443081317,98.67948074098263,80.51716478818014
542.0,-1.0,105.0,56.0
572.1001120260225,5.903542884691291,97.82733814308278,83.58459000089624
584.5823832654501,6.104235623754903,97.51816396535048,79.50658043524851
585.2564320595823,3.2138961107144155,96.47779807874849,78.51895898946958
621.8995741684348,8.042858776204952,95.48908830726407,85.79526712765241
645.9473477581654,6.137703804097185,95.74520615265908,84.04295970054721
658.071253052407,4.146126472473981,95.71366438256007,81.87331743624277
536.0,16.0,92.0,71.0
572.5880603794548,42.30241363972584,95.22890985868594,83.2987670787893
608.567022303059,61.85039817617545,95.2102287645605,83.73877955079396
644.5707944051155,71.49287864509488,95.1743434914481,83.11082859903298
680.5302683715361,91.13532704507348,95.1409688556098,83.53962483103022
704.4843269452822,120.02841471626374,95.18079668069402,83.15050954453949
728.4980823278132,158.88068492657015,95.008768769835,83.63387094050017
582.0,22.0,71.0,80.0
595.9497141133567,9.693592331714534,94.83074837605898,82.5907858700819
596.220935790463,5.421136228721025,94.54200389161406,81.72653561386336
620.1103938423753,33.35683361790976,94.44941516582844,82.63433721179206
596.6685080387741,4.42084868863769,94.28962376217225,82.27493373885261
585.1150448282858,5.727886124445661,94.08321619279991,84.8171548729345
597.0017333279372,7.760677679454716,94.19016603745308,77.12307498533369
577.0,0.0,69.0,53.0
578.4829623851565,5.0629029880557255,93.27790392352017,80.84123982806229
578.7389885181146,7.930423015909739,93.03745319062443,83.51590193891919
578.7240310896728,4.289726535302123,93.25327310719422,81.28586990097037
578.9259699263608,5.384330981879117,93.10162053459442,85.73333869084523
567.0156969044689,3.278152905468687,93.56937861236929,78.96864409480608
567.4443243558289,5.736947123667093,93.03492145509551,82.88659941538737
579.0,12.0,68.0,41.0
568.6508291124285,5.490260583785812,92.99431462583107,84.94578273765583
568.639077529976,6.5674378111307306,93.35521707194039,76.35494227318097
569.2216612170901,6.346839995412665,92.53008389977776,84.21306029956145
569.1733515932956,11.71607792544171,92.92807872944809,82.44819069371495
569.2771216848636,7.101665987406911,92.9528094257804,80.94843924981257
592.797864415063,9.299613488588307,92.68365232487952,75.89832144171945
577.0,-2.0,51.0,27.0
593.0682898156905,2.0799448308339095,91.96903582234347,79.83963850077808
616.2951375349978,0.373661585836885,91.80706863804585,79.65738851020325
582.1306534219357,-4.601662917742942,91.46258889046476,74.70686503767718
571.33053157749,-3.2414758271123034,90.57191970547262,79.1639328018575
571.5437704200705,-2.9111132664534125,90.42516038000906,84.1943157635726
571.3826294315317,-1.0686636956194775,91.03436676238414,74.28332686476216
608.0,36.0,28.0,35.0
579.1623166577588,5.562246797801436,89.97175639761554,73.48374561737683
579.7504474591049,6.2434072858064695,89.04851911146659,79.95687480560188
591.0202698520474,7.520738946429191,89.12675141446073,73.2951948584933
591.50577578138,4.984152197252342,88.54501235627356,72.36306097947865
581.156606557315,5.798180463895561,87.45272179598044,76.98655936564134
570.3379922943802,4.199125740888064,87.47575919942597,71.3452700471851
605.0,1.0,24.0,26.0
586.8956604499102,7.028513273263343,86.13493459614915,71.56248811837355
598.0412925919713,6.176910419597334,85.80841392715536,70.17945083613029
598.6264296647076,6.446545171138226,84.95176825386409,76.71364244895203
577.347909995964,1.937107424590451,85.12895366766759,72.52573746811393
567.1408572862697,4.237766503016857,84.72154852653466,73.83989573613714
567.4281150232373,6.9263909673525745,84.5397636000971,75.7861690135457
596.0,4.0,30.0,25.0
570.6162316677044,5.487601740977922,84.63541367630978,72.55074884565238
570.9765876354015,9.044240308078287,84.30782394585242,74.10888373802086
581.7920132532389,7.273078496413476,84.23897444946238,72.01896112646473
592.6373109225027,7.104760074531782,83.9724695912912,68.92080319817443
593.2166502096586,4.803145577520809,83.19327284534324,67.83491014370968
593.8317873567812,6.656387392324204,82.34059527399131,72.5022692719897
596.0,6.0,31.0,27.0
582.6054053698354,7.193552718235878,82.31976926197683,73.6537461032691
562.2701699394735,2.1472667459147488,82.12191831310372,70.68057128424743
593.3765735697851,9.80255364586791,82.12849352673754,71.72820111976787
614.1831020315242,7.95677418191331,82.08242995883188,71.32446108445782
645.2810891220628,8.446706320706767,81.88902957631728,70.37033970609654
676.3242330817793,8.524227932345411,81.62652639092823,70.15340674757195
587.0,0.0,36.0,25.0
596.5354610517988,5.7216254145211565,81.3661108946294,70.62854981678683
627.3406151704928,6.0178865568261415,81.23513361053233,69.85195268206002
658.0940340656882,6.0749109066513824,80.93353785228385,69.64166364545525
688.7777754415174,5.989370248831591,80.67366703901337,69.57577323308445
719.3420949256373,5.940895914358194,80.46480057698773,69.47076168920482
749.8304155261104,5.964522003903255,80.2610258062108,69.25889482701515
575.0,1.0,40.0,26.0
557.6932630657434,4.128543963244269,79.43514795313718,68.19688046345875
558.1155053898981,5.679557254613968,79.25043089723113,71.74348864183168
568.0556668935403,6.45875662499742,79.72628790466001,66.3847124682067
558.8613127380527,3.487367502736049,78.83684096750585,64.40671415240816
559.5275309095819,5.5727318851571255,78.05763544673425,68.25698859688863
559.8852277098683,5.201323599005917,77.90915423100023,63.68563192482503
566.0,1.0,40.0,30.0
569.2810833364116,7.266499744258109,77.29707676478267,67.26417563181604
560.0722055966296,2.863098150487758,76.91193204259935,66.33633643045368
569.934946583994,7.430456795270857,76.88514538102572,67.60453239812051
560.8522368006588,3.167333494341676,76.43681268434943,66.20462772623381
570.5998605703157,6.5901509429152725,76.5511750211532,68.59902981090259
570.676795994664,4.166502451490629,76.74750890532005,66.07563383560316
558.0,2.0,41.0,33.0
561.7284108675667,10.248467846932854,76.3808954281235,67.29695192829033
561.9635525129944,6.427672896770957,76.37409721844449,66.47959580877779
562.2646354514654,5.3269896653450814,76.23891924986458,63.09180132163634
562.7706676183137,6.671885432632621,75.65240237687874,67.51104597377201
572.3595985433055,5.581278051359078,75.834735744721,64.95017443670051
572.6979489142557,4.745795674716874,75.54805236125685,61.56230228607734
560.0,7.0,42.0,38.0
573.8897908590659,9.139771988341607,74.81314113538633,67.18595830927046
564.6342201722384,4.629159530287287,74.96944330200176,65.36300736075388
583.7097860399285,6.657195257043668,74.78744886334175,60.99503619394173
574.9611216173269,3.2992597062901723,74.12965687703468,60.42567557999871
575.5511164807751,5.40961267132775,73.40575900022395,64.02679465828606
575.8311340227189,4.998301903775314,73.29581674611768,59.895024406099566
560.0,12.0,45.0,42.0
575.4508995222748,9.043110755687948,72.59462403496559,65.18612602996289
584.6936308243226,7.027141288769789,72.80155301265165,63.37523911661385
584.9423140956081,4.1809267357215845,72.6983264571794,62.306701648473805
576.2438956413812,5.446717509633192,72.403251275598,64.44643021471079
594.6070457148621,7.288244966877329,72.47731616210876,59.99199292579915
595.1191238370754,5.013883029206639,71.88448441060495,59.3624111822281
559.0,17.0,49.0,44.0
576.7071581189283,9.164205285280854,71.38363994321992,62.1871254641388
585.937026074802,6.287907968644932,71.26217550431215,62.14431040171971
586.2269031210175,4.185446431851602,71.1069201900043,60.24804104725433
595.5196108794148,6.921606667236446,70.72012476888153,63.44896151130635
595.621631178459,4.8234135343574565,70.92393665307975,60.8397635700025
604.8710784037478,5.218051638600372,70.59855573086509,57.593499518020344
559.0,20.0,54.0,46.0
579.012121709548,7.315205097451624,69.99064968015409,59.861620035822455
596.87308719972,6.273158526019294,69.69952308976963,59.819678344814584
579.7902408285458,22.38190296730867,69.44299364217864,61.07290565303281
571.3016545175306,3.3324115613201,69.43197007174422,59.744779954154666
588.9801371906968,7.444739709175565,69.27051920862198,62.176437796663805
597.8694877598809,5.7778955264435155,69.36074668585934,60.20033890173143
545.0,22.0,58.0,49.0
541.809301988827,21.353359419490758,68.65796675430602,60.16915160077953
542.4065607919691,17.09452414678612,68.38125893774816,60.91805104684871
543.0521007268972,13.042804712921878,68.11372065799787,61.8790263171185
542.7643322521317,17.402016941846178,69.13334098277846,60.165417408710105
543.3516141825863,13.074668099508298,68.61936810786699,61.4934600146934
542.9637801305155,17.322076735256285,69.59866645718694,59.81772552004222
531.0,24.0,62.0,52.0
528.7253017383991,24.51100559198978,70.10381124335254,60.05941992213416
528.7812501441584,20.802557363269443,69.79264015473052,60.52109821119684
528.5038162861817,24.186477002348482,70.17823147430613,60.14581186112484
528.4346593811704,20.438106450088043,70.06233620281091,60.70003087148362
528.3334418568425,23.82804330410422,70.2091160267887,60.32684446059668
528.4195797195368,20.092089206499836,69.92740566713883,60.84937068955857
533.0,24.0,67.0,55.0
532.6595171034826,26.19662915555587,70.92858233999891,60.40887685059458
532.9030308038616,22.575433761117075,70.22929816744863,60.64961655254137
532.3506172024016,25.782957336984524,70.91351876015221,60.644783328563236
532.7548783407797,22.191183804774344,70.12296550602423,60.784344047930006
