550.0,207.0,470.0,438.0
551.0109260468744,231.0254317750223,466.06411397689953,438.48692642105743
552.4467271031953,227.4452376497511,464.3810295359717,442.97556286063855
550.8589731515706,226.78325320303338,466.5584287647655,443.76348325024765
549.6004436469152,227.24251129757204,469.5175260472886,424.46752118310553
552.487278690535,218.05680280953675,464.15724929540033,441.78458512929956
551.2220132313495,218.83567973898607,466.33268490510545,442.9841875633392
542.0,177.0,485.0,472.0
547.3876193491069,207.50825697245733,472.1789838854638,457.5194214139578
545.8508165591464,215.45738878988686,470.350226334896,423.27856151004653
546.8402657515875,204.30681415894128,471.79879676847577,458.7409120072439
544.1377366543234,183.5350188923602,474.4568183047526,451.3678731322185
547.4140673353122,182.56450416354392,470.2929372390224,469.11221976551474
542.1087126860511,193.6493679428752,474.93617310666014,426.6382467434581
550.0,161.0,477.0,468.0
554.0556893533494,194.80086857575225,468.1796168165547,453.48563536946074
552.2500421464194,199.10461619811736,468.3428719353867,462.33096199501233
549.543020449124,206.17043974133685,468.75185843873965,426.68474823842075
550.1845339141191,194.34873374016024,467.1850570282377,463.5379126444859
550.0537543115062,202.99962694148257,466.07618672200454,453.5449908622727
550.0918108108544,205.68842315042411,460.67678754414794,426.45003471668497
546.0,181.0,461.0,439.0
544.0713390017308,205.48610915324593,463.3598963029099,435.2601849894737
545.7683830967819,202.85264492035435,459.91683898795463,443.15278113328634
548.9824556056926,203.80818797954043,450.51261690462206,416.2712293489509
549.5496704225417,194.06010646730192,449.56392369494836,415.0571403408395
554.7617622576033,184.4820941299995,441.0278368150192,415.6064236765874
559.6593559413125,176.47779082675083,432.39460223032006,412.1722673987215
555.0,139.0,445.0,431.0
553.8405878082738,176.5522023633298,444.67076483973517,422.1284190168717
557.4318753674013,198.28771397109514,439.2533826825012,411.59694084667217
555.6520356086261,207.5252873822592,440.31189037464264,412.5956861764589
558.5722299121194,204.40800719948447,434.3625203786478,398.34068619447385
565.3008306975762,192.75798967691458,422.86283587186244,400.86450736735014
562.1015656982311,194.47770657972978,425.03240434636496,401.922135026452
567.0,164.0,404.0,390.0
564.1163132318047,188.90912766950305,410.16907104292704,383.82267160254594
557.2426778755065,183.28457397585998,417.68220609790365,397.81395434388344
564.416081286766,211.33991277039797,405.301850183435,373.270972126351
562.7279916517327,234.6730549942772,405.9178077235774,367.0932330652222
563.5416457357426,256.68771577623806,402.7924480893271,362.69958988772055
556.813511070977,252.68308473903426,408.10074806504986,377.45876943895496
569.0,226.0,390.0,367.0
563.9167438686311,250.58613662714492,399.98833069422585,360.4746810551226
561.6065118752433,244.23563728401587,397.77995256324505,375.60056150085666
564.7052719859527,242.37680018031097,388.8387316580785,352.3100998293428
568.2079755522211,263.67866862128255,378.76293204156923,351.5598167180709
569.4944429212985,287.42763589625565,374.51233756449574,339.054298170106
563.9649320492185,282.80190402196604,382.55482580120463,354.79414813246694
576.0,251.0,361.0,337.0
570.05358173512,269.64763848625375,373.54271324371337,333.53659088190807
567.8940102584818,260.1482849460375,375.187869808169,353.9846344218347
570.2436922225797,257.26460306546346,358.4898832664146,329.34677130253203
568.1077974345457,251.3902434560939,362.11696070888536,344.8806292551026
573.2148650149111,247.20058672059668,342.6047848001126,321.77550991090925
567.3326284336677,244.72200175293187,354.0390009009129,332.8326458277303
586.0,213.0,320.0,316.0
585.9489494258296,232.30533289968275,319.28246596954796,310.5456135277475
582.3877031676877,250.30895296335075,326.64000094911125,305.5880766366063
577.8519739819303,244.36884014464022,333.3737511471452,320.26426608262307
589.5597465208887,242.6355363317016,316.2820100204476,303.29084430178955
587.0320131357457,237.6334806986922,319.61767154097834,313.6218135064619
590.7429153006779,239.61380436543106,313.5988004584033,310.54860899379173
583.0,227.0,315.0,297.0
581.1472435780461,244.50837051007693,321.4781376925648,297.8848116777008
580.1788242284051,244.98666008553153,323.72480414242284,301.4129903173514
581.5280550171751,245.35114913855568,321.6214814462571,303.14608937719754
578.3626605763089,247.24767388448788,322.71928241413536,304.3392891303131
579.4296167026728,249.98683434543682,317.99708588624026,304.21179457976405
584.1700853704785,247.39788252328742,309.20723278549303,285.96767897821167
583.0,232.0,314.0,293.0
582.1817520770376,250.9332408311053,317.36496629212525,287.35688286606046
584.7427685959885,239.39687465568045,309.204876095441,289.485931534255
582.3446910268008,243.82368911449294,312.89152895337816,288.17661487913483
584.2053346524574,237.65430173960704,306.66633711817326,279.0682035402301
583.3060586420386,239.7886887659106,308.54271669192417,283.4668572200894
586.8117270600419,233.49315273587763,300.37253413003555,270.5224385320978
582.0,211.0,291.0,259.0
578.3232964496998,222.2220629873069,300.7777983402383,262.17848034306746
582.9477913937617,210.99844011667756,289.0100716051603,265.55882050225125
580.9590905225535,215.75138450663053,292.0418502031637,266.1658292829238
583.6416105897354,201.45212936898633,283.9351460442515,266.8100464598341
581.8661910333958,210.29183681178256,286.16165406305936,258.5581242569424
584.8569146787681,195.44043891493493,281.2641953452501,262.65388452416255
582.0,193.0,274.0,236.0
579.8079080508398,210.69633401767442,281.21982618631637,233.72589936121494
582.8539744531186,194.3117177694212,272.205318493709,247.65079025299804
580.0796083313505,205.44000007054757,276.46020881670825,241.866187021317
583.948778538354,196.81637337203506,268.09148150556746,240.88757215397516
586.1980143654473,180.77750022812705,259.7303846911127,260.3378557496981
583.8016163781865,208.5931890566589,265.31209694982067,226.73813028514024
595.0,204.0,253.0,206.0
591.9936921647119,205.9473350186234,262.2099737200489,227.46255608737016
599.7531957434489,193.74809617039335,248.43690172183506,235.00484333825517
595.6936229670783,210.90493819628682,254.21158715885792,220.07749118694846
598.0334585201286,192.8316040914441,248.28647474178717,235.07462532902053
595.9672209920988,217.84297420237635,252.11574571646577,209.13054001104297
600.1487883006919,196.49255856881592,244.84836732213807,229.34588740279185
597.0,212.0,239.0,189.0
595.4745203629145,215.8015902299221,245.75547485020525,206.92410592639771
600.885154572916,197.66057638139637,236.5205500061113,220.5211430368978
602.2316176343493,184.5460956469899,232.6740310115582,232.75245689823464
598.1640276271976,210.15326948888992,239.96622365491453,203.20533809559674
599.8253760457133,192.79403245299602,237.16248068234063,215.32450308059583
599.7457937772806,215.25149397345865,241.83860974614527,194.14629118245136
610.0,191.0,217.0,192.0
612.7316462654724,198.62684677675458,215.9256801436834,199.04883898250966
610.6379295084203,185.36695944829046,219.05130456734412,208.08328169027925
610.3406835003141,193.9778985097925,221.07255110795165,200.2701288521783
611.6255571499137,180.54406130388105,219.10979339175015,205.2742317414606
612.6485530195425,189.55339891153847,217.96468594300234,197.36945281640772
613.8007139802385,207.48862599465951,215.47772511051357,193.2245033551152
607.0,223.0,225.0,183.0
608.2466162381124,251.96000594239558,226.21485943944356,191.58459794950977
608.9886987678453,243.241017213717,219.93158349061446,193.3759502249036
609.754712306647,253.1626862387917,222.32290259355068,186.84087508967002
609.9250812554196,242.38958440904025,217.55246524478162,192.3239563724033
611.2157625961637,253.64916156647843,220.9663644853864,183.70077155268478
611.7112328220958,243.14038813221816,215.37339739170557,188.7652040814924
627.0,242.0,198.0,172.0
625.3328251783096,253.4554502157332,203.33806903491495,173.11906937744698
625.6724863908423,241.51127974674637,200.09544257076436,183.4184717743592
543.9630438058317,211.4579832157533,207.18441616020652,197.47217719953642
542.3221223742435,222.9469193462913,209.40142165553107,195.37827853147868
627.2920255965676,256.4984372432014,197.85679343020774,170.50432806433332
630.5950452325932,244.9880395779985,193.47672511410724,167.33908212024858
644.0,230.0,179.0,160.0
645.7444226849739,237.2176357735039,177.25302788168528,166.3963349596375
645.5282643489631,228.3173644584873,175.94768474848934,169.91237080341125
641.9219154340212,231.49828973972757,182.71753642161343,170.06886925390205
644.8730232458552,222.1961106132377,178.03619913092643,169.04244428087281
643.7654095086084,227.8766083694008,179.53422223411258,165.12602772562417
647.6309967841312,217.48150791570453,172.88272185683843,165.93648464047016
640.0,216.0,181.0,151.0
641.2048390970051,221.0376381898845,178.46004992048597,159.4299099412392
641.2350541033661,224.64784543379866,176.70052555205064,160.04214846570963
642.8902699032044,219.2602514754821,172.2250733179892,156.17853483357948
642.8849035334989,221.0634864198713,172.7464859625178,160.011051289512
643.9978039391899,219.24148900772423,170.78842175596878,169.24475169700884
645.4615471681668,219.97009954912733,168.70377667555522,150.97507384580103
649.0,234.0,170.0,146.0
650.2028186390337,240.25952979207236,169.24247681215115,152.3727386694505
651.6748003977382,242.60690896076005,166.9349484686154,157.0918547928096
650.6779554029272,242.40725451635853,169.94858737052732,167.78996105892423
652.164337513593,244.29047972651642,166.76541745320844,144.39412319657868
652.3860792419498,236.20105868359565,164.19124986975862,150.4927660973962
653.7724227768017,241.0731732795951,162.86835382214645,150.32463877555693
658.0,229.0,154.0,140.0
660.0576044411705,235.15989591928815,153.66532008408808,149.11148643814187
658.5157671830748,252.95590772151309,158.55061905759794,158.75481937584004
660.6542566522802,272.93287931320174,151.62296625397346,142.5714931779051
659.7842826598799,268.9077133107385,154.31164689473894,157.7867438331259
661.2424495685663,270.2911625736265,151.48258336219203,139.6256623719595
660.5300580612059,268.5500843585702,152.1011396009102,152.1364125013244
660.0,260.0,152.0,127.0
658.8634672080833,264.8868318698014,155.42053398556106,141.3261907713072
681.045872947717,331.67754350526866,152.64817933004338,141.85998859768802
683.2291773244827,338.5421164252464,150.5850901731244,144.29603722831763
684.2418756161842,348.79953438725613,151.48461496432765,141.612261466243
686.2523670288834,353.784123120521,150.58068196427587,144.6369298473067
684.5636130888137,347.0866690486093,154.55265783838354,140.06814243821293
660.0,250.0,152.0,126.0
659.9333939300263,259.121721847755,152.4490010326026,129.09712428732564
665.7195901079758,313.9145020847885,141.60842491580752,141.43342580437297
684.92981027826,377.6043241473732,140.9454325585607,139.48249086949784
700.2615895575481,441.6030820290491,146.72148305718008,136.70678591374667
700.2033010062405,466.63999748607694,146.35188912318335,137.0351568213688
700.1925295185921,491.9659317719196,146.0628575581843,136.95209436916787
669.0,307.0,147.0,123.0
668.3196582395784,315.9320021828644,147.42415541531398,123.39293368688232
668.4399741527698,315.7891585985914,147.86631808517086,131.99065767531437
671.0824726468817,312.502513953169,143.32392176433507,125.49053885828607
670.4048542015496,315.0224357666932,144.72375963654542,129.70264471731048
672.7499798026248,310.9819494189444,141.45875010726616,124.0542678519634
659.7450515477276,363.14457603057735,133.96611872722247,128.8101189762109
679.0,304.0,133.0,116.0
678.7137048292461,308.9167063341454,135.50007735889346,121.52219715638489
663.9848939548356,358.52922577461135,129.48637068348035,129.56081480679416
662.4031781077745,353.66852747976526,129.58098958493315,123.23714624459075
662.4634493822459,359.26834082433214,128.7765690134056,126.2441504362983
661.2339546770645,352.78106322013355,129.7654147419596,122.57736607889638
662.2935943309446,357.0156556294855,128.34228896276045,125.68395973832304
684.0,314.0,124.0,108.0
681.7668414012483,337.5894144824829,128.53926493898962,112.59077363795268
650.6857630776707,381.87477792418946,126.06078282050214,121.19427086558181
651.4442774058214,387.83432640859127,125.71549494420913,122.75764703169665
651.5887105045186,381.89316387036246,125.03747365254264,118.36593383185294
651.6996849202492,386.72572744042554,126.1249896245206,120.81976712371397
652.2962687158654,380.9244780041334,124.46461237786025,118.09106505286002
687.0,329.0,124.0,106.0
685.496384429779,335.2260317202972,128.10789685633836,109.11589165909118
654.0847752369107,378.4999971488919,124.39437475010766,118.69441148281055
655.4903094557121,413.9490267796373,119.47881321229261,119.09865168965052
657.0411108341204,451.81701338999073,117.21492176498123,116.2490147229289
657.3343778765027,459.1488471082903,117.75002633203258,116.0991248752739
657.6480206889042,465.95905050619245,118.10753273641694,116.02364487198969
695.0,330.0,121.0,105.0
694.8958238619043,335.52049950435276,123.28637144596291,106.5652549677227
650.3704762055943,373.93540846020744,119.8279318603536,115.48924217749675
651.3668419076083,424.883257008437,116.93326681793235,112.9059656413084
653.3834484594081,473.6887978564626,115.81632925891176,112.37563522781232
652.8798398616636,452.4329639549229,117.19987597316867,111.61547904355166
654.3721115559366,486.6697620052872,116.07999844297251,111.33610458355861
699.0,324.0,120.0,100.0
699.3726521305448,328.5714303050713,120.44819340645563,102.87036426759869
700.7259803727993,321.72166123938814,117.07697775341057,106.01309589733415
657.2326194729806,361.24783208812056,113.21994296112416,111.48459998451182
641.7815580477218,366.16193517759825,114.18369314036863,110.90890612083007
641.2530055049763,371.74412471195683,115.4139069066714,111.48810975219897
643.6193142969712,422.0614152454274,109.47455731203195,107.24557596812167
704.0,320.0,116.0,91.0
704.4019463619868,323.54422063778793,117.7531665307904,98.16872985648615
708.3778698472025,318.1546442727671,109.69099714722972,99.69729244156747
705.7947674722213,324.55742750862487,116.01695623763635,96.38657491302865
709.6546991353819,318.02660189720336,109.0365235015721,99.22109818715461
708.0698179781903,324.756227613292,113.21165056909797,96.33154728485738
711.7202136887385,320.9040825003052,107.21813690170757,93.3917193959063
708.0,319.0,108.0,86.0
708.3998797552292,325.3004169263369,109.48621346795244,88.84856402325101
710.8546927162315,318.9096114627937,104.33289357845717,93.67669654388499
709.4454961318295,323.63770440132106,108.16030966351173,94.03271149504309
711.9015872784862,320.8625550152615,104.22620377765384,91.41247507726342
714.2188551944928,315.7828605565037,100.57699178523399,93.43465270995222
713.2405759685527,322.8569550295156,103.57614938564427,87.6986196994842
715.0,319.0,103.0,84.0
716.4425621079182,323.0270102606773,102.14097274881146,87.07025029805499
716.4029128367426,318.93531543067365,100.62077792757191,88.8022187641144
717.0813985901337,315.74337758445336,98.81945004511613,88.69110140574071
715.9497699902016,320.8332278939233,101.5724682259713,85.68626827322555
717.8810592542029,317.0230166453157,96.87309905680809,85.78121969584367
718.2795614215702,314.0491062576157,95.65579198132059,85.68328641774411
717.0,310.0,98.0,80.0
718.1209618405492,313.90692422994846,97.70774365487341,83.31484457237707
718.5667116534796,309.48231185296856,94.26506497560126,84.71065645595479
718.4202426020745,304.18674152871574,92.59009596508918,87.92937353385923
716.6744247207446,311.6465633916797,95.23052492681359,80.8081379490551
716.9714250626018,305.13739970170354,92.99794618508804,85.10618132133351
716.1733448401826,310.349422704802,94.02818806256721,81.12673567177967
714.0,305.0,94.0,80.0
713.705708466849,309.2165261691185,94.70158695454165,80.70215413267982
714.4886891499518,300.606898913438,91.19915289123503,87.80982654835151
713.8560489079294,309.18311921095074,91.93678684779343,78.94833321616488
714.275720712285,299.86178799989284,88.39042110115975,89.32939629707107
713.400644887233,309.4568101968325,89.83137970163182,77.97846255252466
713.3116330130727,300.84454875183116,87.18486775914812,86.09747342368422
710.0,304.0,94.0,75.0
709.7894483194632,308.0359177286797,94.1059374448588,78.02726782043294
711.4946074938666,301.85982278347205,88.63107068086174,82.54252306492646
709.5807007516328,308.50087497050777,91.47168602202123,76.61373153315185
710.9954159114741,299.7422384070737,87.69579139023892,83.98768531795326
709.0622272071672,307.1997508099248,89.82051043526201,76.62009588304318
709.6065106432843,299.59799743036956,87.1936055600645,81.8406222177257
708.0,303.0,86.0,72.0
708.5023711499123,306.34121268538627,85.6295719058437,76.36430948409395
707.6474541977267,302.4148155492197,86.01874667376171,77.14247009040696
707.3636699107874,304.1759753069267,85.32897915396768,79.1640179094444
706.9298003996269,303.05066148952324,84.10809551225839,73.09854194901686
705.6178550471922,297.74369704450476,85.01730011738107,76.78914642477031
705.7443236202015,301.982656977239,83.36949356731157,74.65553047176718
704.0,295.0,85.0,71.0
704.7476760843427,298.7362837226203,84.55963456603024,74.00571720371659
703.8613081500921,296.41045236966465,83.74253079405435,72.51513386899433
703.5295278473551,297.560946043262,83.07898717882324,74.8884396428366
703.0904662215078,296.3503472063986,81.90016825754583,71.63650862453687
702.5049302232655,296.75916302261356,81.88340154823709,76.46247256189048
701.7324142735428,297.0096662764722,81.1258476423518,69.69885345668422
699.0,295.0,85.0,66.0
700.5842849715882,298.6104393100102,83.75057678774874,70.06966624515553
699.7251861904806,295.3532449943966,81.55679976171086,70.4069053997523
699.7268758119885,299.48283570203034,82.30732479711378,70.08930439852747
698.7427983954894,297.2530935294799,80.84621706079179,68.65732977908067
731.0276013680914,319.8333952291475,77.36889750059322,75.5781053261075
698.7009517266397,295.3985816268485,80.86098547695292,70.36278487250246
699.0,293.0,78.0,64.0
700.138205148373,296.39204517713097,77.77970873196693,68.93306566271804
700.200198152953,295.6736890223624,77.40080683727149,74.93374726850885
698.1276847026843,296.499500472004,77.17891445789587,66.28137417153948
697.9186546966255,294.83863993842476,77.35480821286615,74.40716639595541
697.1947007636372,295.6873031158459,76.58665086318433,66.0500084067175
696.6689510156796,294.16005889171277,77.12707767407608,73.51552612157411
694.0,289.0,72.0,61.0
693.9595883585532,291.4893662509103,75.65616438859092,68.61462069486112
693.3041394950287,289.3157653272748,75.31136928680462,66.88137753179348
694.4421681601382,288.82613425660827,73.866058419041,72.9098480045941
693.1776821011165,288.73131909723816,74.98463960984543,65.74456600126365
693.7102444423786,287.90656537520226,74.33535846293034,72.37319341733041
693.0760661889535,287.22530521687804,74.88119151770059,66.28936373386932
699.0,285.0,73.0,58.0
700.2856384905285,287.1938169703085,73.49118927313293,65.88300480997987
700.6940602720726,286.3734735163455,73.14100938189506,73.14830763646955
700.2805898715583,288.05292903447753,73.55920817977085,62.93458228945474
700.8973806802485,286.46009673021206,73.12220204334858,71.9330411057449
700.8326947324392,287.50168305667876,73.4880034795292,62.926572933832745
701.7205543337624,286.2517273714093,72.53336825094755,70.94442882905594
699.0,284.0,75.0,59.0
700.5955227494751,286.7866798208348,74.40482472668828,65.18675713828173
700.7365965578921,286.70040939934313,73.51711795667313,71.28278844019508
699.2179571054777,286.6295104121008,74.8422074272795,63.80802079327276
700.8565269448692,280.7313607284394,72.11839921378703,67.93080394662286
699.7122988556632,285.52513045566604,73.81740416352989,65.74223992752417
701.4605242963914,281.30008019313806,71.12810963502807,66.72123446864776
699.0,283.0,71.0,57.0
699.8831477907672,284.4456002147808,72.38688943442594,65.3182002478377
700.1302827686222,283.99237863205633,72.2271539517568,71.54911954134019
699.537257736047,283.3774797554289,73.19619281887094,64.53163689217945
727.3417819588678,297.3046883020805,71.87125356810566,68.3337939988125
755.526840367379,289.7983062592816,69.33715444020618,65.85541281507813
755.539959115519,293.32634390444514,70.35834580929725,65.81198863902762
705.0,280.0,61.0,52.0
704.3872484061503,281.8695082107879,65.88357703373731,60.68150328432239
704.93759032261,280.4024794083077,65.27903993515793,67.74734262729231
703.53665261273,280.9253945340997,66.92340091636856,60.42427667889251
677.4023418280826,303.2206996699928,67.52491924409924,64.03930082815322
702.3317495882585,327.6763993170432,69.44111973148699,62.15287264322558
728.744132397245,343.13942997670347,68.25148526883936,62.00381629905496
693.0,240.0,41.0,65.0
665.9592062729066,238.54491980204102,66.31340894234427,59.64077012966413
650.5121672665413,233.61540524656573,64.07429639984446,59.49576217668687
642.8687507950742,235.51690603419408,61.44073440654506,60.283299291242685
655.9856610571564,248.23955107923558,69.34867319751629,60.54724297928061
634.6870653433749,233.7545158760506,64.3901320650898,59.44484906162907
650.5543151895645,239.53705922284075,65.05577038342199,59.364789024102606
686.0,219.0,73.0,51.0
715.8473454282578,222.9202838408994,65.91932037113293,59.53496961680787
734.9603338960687,220.9437726689254,64.2283697097264,61.836214918004
744.6205371806675,219.90188610888492,61.14709617179301,60.36961806456429
768.4986435513015,223.8411492677401,61.32699337065287,64.18978659889768
766.7390505992898,219.7832034313389,63.02110632694507,63.14192224051226
770.2761071730456,220.72569703756983,69.65984171868831,58.25168553013714
735.0,190.0,69.0,67.0
746.0234073753622,197.27878371253178,63.70992862028015,63.8559814898278
754.1929924561506,201.44379830497212,61.18441072999815,63.84186463872794
756.9907635759319,202.61613225187443,57.19674483605513,66.72791619494507
753.8714963300467,203.28647466916436,64.38683773362982,59.458544948013696
770.6646953381031,226.75759557132824,62.88267771840276,56.30312519043957
787.8249960772108,254.32966143548606,61.77643409459506,59.794403150169046
800.0,193.0,65.0,73.0
809.5952052526144,203.14822834958323,63.632529790795274,64.36631702133695
833.4219788775052,227.192662656749,65.32715523286117,59.670159343589944
829.617986099147,253.07878717902577,61.17289572601703,59.52044546180446
853.3712905056727,282.5188697552343,62.98496902543968,59.235990547954714
860.9127115735473,286.40731574083736,63.75149297633777,60.70315068602781
861.1663031571725,283.7329021080662,62.94302320065901,58.65046059211062
820.0,207.0,63.0,72.0
825.3114267436649,215.87538801635992,60.66340334265624,65.0057249136666
825.029089741637,220.35816084887006,61.168131391489965,62.953421251868235
825.2558779208152,224.56688045984555,62.338123951786656,61.574284177086554
825.330563547356,238.4705699498408,62.10201416188761,57.74195508517852
832.6860476985948,257.48013882533996,63.450510565762215,59.199379869820405
833.43170313551,259.8433696312403,62.970994246396344,59.830609250270754
819.0,227.0,68.0,70.0
817.2190948241714,233.46539693338525,64.06050192920588,65.07457063565192
811.7645069420146,236.8490297981573,64.30251625150413,60.460328361790744
810.7814206634539,235.13453575556036,65.92056218156449,57.62308991892985
805.6156350529591,245.78413082062642,60.61752000983779,57.023597625469364
828.7032522759837,266.4951626492398,63.13433763712692,58.636909909847645
854.1202417475645,297.207200176427,61.01429775242025,56.407218459951935
798.0,243.0,63.0,69.0
794.2933060160974,251.63054980773555,60.74385216689541,61.197479595749286
788.4387031823608,254.85836888812204,59.84032683199439,58.58058263514371
787.4164241786805,255.8918989967484,60.50187862951748,60.554048909494156
780.1390476067484,252.20003830937435,60.960507560062524,58.70056844241873
774.8409200590845,248.77555139431092,58.39520038444675,57.81123966084408
768.9930358217107,251.77210484991215,55.848065864881846,57.38458893045711
772.0,237.0,65.0,72.0
765.8588762642958,241.56289417895297,65.86633008650438,58.249413614661336
765.9390265216198,243.0953873335094,66.54886720044124,60.421096516656746
760.1173194664226,233.12349021944146,63.33286112206372,58.60608011138038
753.7301588812239,227.08179131541715,60.22526866313967,59.47231288195343
757.5306726565841,232.2913405178392,65.56597407423783,57.37072243172841
753.1279856629885,226.2852314371505,59.01084786170304,58.31893597182332
757.0,229.0,88.0,67.0
768.1172111301048,237.80507202751056,68.2163058229271,59.059951846404545
760.2138757602934,254.9183129909901,68.8554170747193,58.17904752714446
740.5675828796109,230.8290638816258,59.782113623832856,63.31249975702377
721.2449189556653,235.08811857390026,64.96124569616791,56.50592425779007
706.2119583109553,213.04635168485558,63.47791040500772,59.053434489849934
691.0387357158568,200.3032440889436,60.93830624858788,59.21606471353749
741.0,289.0,103.0,64.0
758.8982616499106,293.7396100444322,71.48021566768875,62.50799282103844
759.6349780234191,292.5881569524854,70.89837976970011,60.890270821736294
767.1461537612727,296.6864940753969,72.02836177473637,61.56061832066314
759.501041698758,291.0601757309834,70.3017727006254,62.77001524430767
749.6339295708103,293.6814107950304,70.6495055962771,62.22209528292922
744.7091468130877,296.1891671496213,66.94711939186789,61.90296201082549
745.0,302.0,100.0,61.0
751.1563304704414,303.9069460171145,73.25568611668587,64.94803683407861
750.6759210211221,304.9964518769174,73.54565030977392,67.65758250273916
741.0789502362509,306.32881677340686,74.32519010271449,67.67369606929583
739.295031531818,310.5290309268793,76.09896685844842,67.5423459115791
741.3250671052434,314.7898497066104,70.87049726081148,68.15837409913536
737.2139087908727,318.5259570435537,65.05170625411733,68.37919205994609
728.0,316.0,108.0,72.0
731.6733637274747,320.97040670073966,69.25032856983626,69.66450727989013
729.7261440483867,325.72583863777606,70.0508202693959,69.0733791173102
727.5556974862972,322.5035352460063,71.05555390632787,69.3945828591527
727.876425837921,325.4037490807267,68.63050481069467,68.89548040551813
725.8909768505298,321.13690892956026,70.78064741674939,70.2287554550013
718.8627647402432,318.6165600827644,69.47816406959146,66.83930865432399
712.0,303.0,121.0,89.0
718.8425636552488,317.53594511099163,71.61213638869754,68.97531890301161
717.5169902818441,320.9909759695556,71.73404429007428,70.76946350262062
708.1238610769858,319.4153666030113,76.11599463705761,63.711174791662756
709.6547385645096,321.841880654524,73.48873436039423,68.38163338108046
708.9307557542345,318.898515068057,74.06222894663802,66.51222997930705
703.5665445818811,322.1014846565221,73.18131736684973,65.67661926466656
702.0,317.0,125.0,78.0
712.28020048172,322.28628832427603,71.90179541833493,72.75315738573408
725.7757332413239,328.34762026305043,81.16113241023777,71.95688191376746
717.0048402215511,324.49267622446405,80.9617894121493,69.48784173992726
736.0737747991666,330.20953669531053,81.41844110898478,73.8326566255617
716.3830207273822,326.80061307705716,79.77241899512899,68.67014533514265
705.8093763817596,328.79070072890136,82.69550912022987,71.43868956402457
687.0,344.0,137.0,91.0
715.7782586548383,355.5100394506625,83.66547402938,78.4414531836045
715.403232263372,360.2741096969416,86.24238265637996,78.40803981698815
710.60745201438,341.54046808126805,79.61117839896792,79.86714609914361
711.6898176721479,326.06462426711846,81.55287278507967,79.38820390287663
709.8700691524673,309.6291215266647,86.9317950373943,79.94011762134414
709.1616696283834,292.85081870332806,89.92890217383388,81.10036162118774
673.0,284.0,153.0,92.0
726.1570115640943,297.6963181418173,89.14446064913909,83.01694938058097
733.3258267866354,301.29169983945314,94.13503703493302,85.39257953124638
732.2450187592992,303.07629731557165,95.76764432066511,86.48012262389955
733.5139973628175,304.26623989897735,93.62844053725553,89.76966596737469
742.1460142255348,311.64421518775634,98.32624734619685,88.34519839729182
732.3601518437924,311.9531161689539,97.99719081284252,89.69588557148342
691.0,301.0,176.0,108.0
742.1979756214018,318.8443612925347,100.73346817248273,89.93065237327323
740.1695429870224,322.9473469194489,103.04076046090177,91.84465234166618
706.6546000463713,297.41755501247326,93.74624109620345,95.54876031653112
698.2638241324482,284.68584723390643,90.84706581537989,85.40120787992004
699.3196223555292,274.50350847928075,93.68307363284146,90.7071186136759
704.8032704328325,259.6420805742214,89.05418547873592,86.18939854834605
698.0,229.0,215.0,121.0
722.5108120551447,242.93292382660667,92.8269907174074,91.0341285696498
713.8290695195619,250.32974977664435,91.2266796678864,85.22323840861606
721.469308382769,257.64040676183333,96.3792033228475,86.72882050677805
721.6018247560453,262.85844201444706,96.05729056613143,85.11999267774064
724.4690552164724,268.33393098275224,90.54564696428997,84.79994718148794
720.9923459725123,273.47837768590114,97.1074227076515,85.55819347823274
690.0,257.0,258.0,154.0
737.6271129643574,322.87603604630704,99.17350869904567,89.61393644684324
700.6358824302106,288.9571293045296,101.27262971120581,89.08414866431423
677.4344894060407,298.1205525424957,99.62983112729319,91.34220726396234
658.3113269661449,303.3261607898529,88.45355046045802,86.88484219020711
665.7282136261724,319.03248168068967,94.39441792788602,90.61298865921259
653.6250929850075,322.7233648439085,96.95368273915938,91.55277057842858
605.0,286.0,311.0,193.0
679.2926572605029,325.07987966074734,94.98679918609616,96.39073953036268
640.4049359024064,338.75106596974734,98.39515159884616,94.03198303081041
640.4683983639386,355.03544781735184,97.34137799341443,94.43706780535501
639.9203068305641,348.50332187984463,96.83093235359433,93.5765914663408
637.8397525069154,341.83902548170363,98.29934144630352,93.15512181871327
635.990675886904,335.890545257099,100.688728546922,92.53243894817001
553.0,248.0,376.0,240.0
668.5253547262323,365.09931696494186,102.20669449087018,88.65334225618255
670.5161250306604,401.0697096481215,98.9456957203555,96.30918238109257
668.0635638264723,417.86468106305483,100.793563042085,96.49898032760973
665.3833494202136,434.5448746276178,101.38827687479306,97.2343551678398
676.6094450537129,442.96299312578105,105.45937754376553,93.74254186985752
700.1858157702081,417.18053562699447,107.02589140853604,93.82764915367318
502.0,252.0,449.0,313.0
715.5044790612194,414.2073410160847,103.02730016245664,88.8159834374469
696.723019808227,450.05598004529145,95.34516753558546,92.58564860031788
700.4925563887352,457.00407830963144,90.93208651801592,91.04604165312747
687.3595899371651,495.5054518573734,95.31897533881693,89.91165187239517
689.8757018887893,510.7318725174535,90.67147089698756,91.74518209772344
690.0058455592491,530.6333603768298,90.61775872683734,87.05488438511065
449.0,285.0,457.0,385.0
607.9851916309829,469.83854877666124,96.06934376511413,89.94675580188891
620.9494516598737,478.2337588275932,94.25240537928175,87.76779517840771
633.1201626985664,474.7103914052859,93.88276652293519,86.83448093794141
644.8152270916776,470.6566728891869,95.64757583645621,85.64992749336898
610.2562809808843,436.68087607024046,93.66840899097099,86.95057728361445
597.9527333893477,439.5602991216547,94.28731552066552,89.60035062128225
456.0,215.0,482.0,393.0
617.518061574263,391.2857978054358,92.19348704991273,87.44526548685462
616.8420197068191,429.711649923133,94.58989463966361,87.79579106738981
629.0049459343523,436.8209109999288,93.50359816098864,88.02993345021292
628.7998187532285,441.6306980127309,94.57229076374358,87.42009858158832
617.4174844625184,467.1025924969508,93.8390495633248,88.77974906496115
617.6286710088203,472.241427974646,93.54995948852854,88.96328719993011
484.0,224.0,418.0,394.0
671.8175060578487,419.87791397423234,94.02375341479137,89.52060764114549
706.6356878870893,464.0615365902154,95.92473618035342,87.71192684071696
707.3151281982246,450.55719495019184,96.35314844736922,84.23356224514373
719.5588483696188,444.498189536372,94.76920093908564,87.20528903734169
730.6980655752673,436.740448844026,94.4235003941842,91.17902890555956
741.8496374536853,423.58611683723205,93.66149602881353,87.90502719093428
504.0,205.0,421.0,368.0
705.3622700603984,378.76725952023054,92.61305811934528,88.24523298285101
728.2019324766961,399.56253830137143,93.88478529457598,88.15728132696603
728.3912514095252,384.93527265274327,93.63777072244056,86.0797712253954
739.5606415658942,379.5021216453274,94.3054255776866,87.65224097047053
738.8351802733166,372.3594681289705,95.88471690152141,88.02004379289855
738.5021229867502,366.1775450068601,96.58542600417422,86.75159942305413
501.0,177.0,436.0,341.0
698.1105986474569,324.64009242917473,92.1881146917882,87.50341580464067
732.914199578362,334.03309655564266,94.53629165144173,88.39469175717693
733.4667668404703,339.19824837351393,94.31625294126934,88.69639304479233
747.0123676277722,348.03219662803167,90.2632262804741,88.07395664743672
745.677934885624,362.88942430496627,92.84010533068533,89.14262966354954
757.4806508978983,380.03321875189874,91.60192235908494,87.78814834063098
530.0,236.0,412.0,319.0
726.8690496274959,375.0030605389648,92.3160700514776,85.15427072994959
762.2823409394484,362.117822399283,91.79798470877427,87.05859489892191
784.5897770902244,337.5109884716508,93.78790026252375,87.93671877642038
797.275789051446,334.0852044495797,90.15270790753902,86.76716512818336
795.8230864343952,318.66393066121276,91.74784556299892,86.11305067929362
830.4816813171415,350.7956932478523,93.07979137889231,85.28793388046171
577.0,229.0,383.0,279.0
690.2905802845926,316.020403813966,91.40743632430713,88.7038435383289
655.0025350439358,307.80582869118206,90.62900178111988,85.68861232403987
655.1698065455408,326.35640119501045,89.68419924308319,82.6899470418868
689.4503501746228,366.8567433702437,90.09881232480825,83.88232235262592
690.5273701656577,393.6976655389304,89.45909547100746,83.56879680959179
713.3232140667328,431.95231959958926,88.83074611368,86.15820751215517
572.0,268.0,402.0,236.0
696.0316953200577,365.58778896288095,89.60797100452828,86.10831453489345
696.5240696099827,361.88410799895496,88.86783051438806,83.51262397881732
697.9659749577107,365.26977616912427,88.1964867207098,85.4271598213071
721.08204655849,403.7305908026531,86.23988737156424,86.95276589885992
752.4705769004281,425.943610644365,91.4949624063679,81.85450534176789
753.8130654725448,419.3558568908143,89.75674826277952,82.57502958071416
578.0,268.0,366.0,213.0
698.7919136503922,366.4890086789371,86.42648716859799,86.10278568355278
710.1926773817565,394.2961556069859,85.92065629462127,84.16557187876316
709.989797116555,409.27084899586873,85.5460136717694,84.60283362451412
720.4640231994354,449.06440037187554,86.58334755834858,81.35661016580434
742.2090548399078,467.2846093151658,88.58864398478295,79.97800632769912
709.2584992622571,438.14886210576765,89.02905944539543,79.72147602755274
582.0,299.0,343.0,228.0
703.0324604798366,396.83842301674224,83.35747096113096,83.78843052497587
702.5583228995242,433.3807703326131,84.45354690066438,82.25565735812938
723.1914523427077,463.5932176902963,85.2314338604491,79.39892589635366
744.913681743656,479.93099427555626,84.23037380624714,80.60390448091073
712.3709231721176,450.19153031156884,84.28017373222997,80.18857548791641
733.2791212599899,477.6557532949833,86.35531982108489,79.33685395269748
570.0,325.0,342.0,213.0
691.123101426637,407.90956979649786,83.61193451417137,78.32593940734694
722.9577390840118,446.3829182486795,82.69428464482212,79.32275466453689
710.4435591175949,440.22214078022324,86.50182159591895,78.74325719505003
710.6347681395293,442.4608302976119,85.26261003451339,81.11439972443134
690.9935805202124,474.59505276777463,83.21773034875298,80.16293972067751
658.3023810852461,484.59783507358577,85.31983578560641,79.20769984805338
586.0,314.0,341.0,210.0
727.7294543298005,388.711965199211,83.29409364146113,76.61923891489118
726.6898376167973,422.71876071511866,85.90894266248836,77.69201348817177
738.562320087829,429.9272569423149,83.4107952483796,76.49438804148957
738.3199198807786,431.7155187981727,84.82344710357552,80.3447054139229
738.0586805048597,428.4967840214613,85.86213751713217,77.24500833712727
739.0472283675506,442.6690288809475,84.31351624841079,78.60043242000336
609.0,346.0,333.0,211.0
745.9949499911766,450.6356860956066,82.40176753200694,77.43062458500503
745.6168292325689,453.88764067069053,82.61624634956081,80.01594169401085
745.1431960197908,459.1701915992202,82.90784806332283,78.16674242857391
735.0229622103966,443.2138096462431,82.93573542504782,78.20307311323671
726.2296308604591,455.92130444513236,80.84491351419592,78.6415593157742
727.800843945495,461.06821956298876,78.92506851670191,77.35021730276577
601.0,341.0,336.0,212.0
739.4614749319376,445.98535396440224,81.81126457665323,75.90664118707838
740.2874256906514,458.9165724842441,80.34938629251951,77.08845691430446
720.0636745297061,490.1557309971479,81.15499690341119,74.89381390009794
689.4067931074098,498.9666780550324,81.01992790679515,77.23225939393978
658.7912375828753,509.2930893192825,80.80944473523425,74.37070855020187
658.8909636165357,502.8677662586821,80.4945954138841,76.72297623367751
606.0,326.0,329.0,213.0
724.791756686463,416.9467007753278,76.42049476369266,78.9959358659878
725.7418062059842,440.2585043472027,76.98640679615119,78.25471240934075
722.6625304465679,464.28409566209814,82.04759679831761,76.44629987304302
702.6711588745251,485.5983440186822,80.95142331450961,74.3185059886028
672.735014591288,485.91674876069476,79.76554648764807,74.79494183135978
652.4701820242574,488.00394137945455,80.12389172251233,74.38017776273875
613.0,319.0,346.0,212.0
738.3013675713942,420.7196677545177,77.51416107395198,74.25103636899746
739.0534614708814,425.7792480866457,76.92913832840611,73.51352313812004
739.9572625571554,428.8304155513172,75.89781162050622,75.16463228999396
740.1943862780602,425.09352871040426,76.0788845796867,73.26028409105339
740.7287269580247,401.9809124788102,76.62229498571355,73.93058268659627
741.4773595735728,433.7650265136548,75.63272470135496,74.06101910497296
621.0,306.0,352.0,215.0
741.0094980839915,407.92310478606817,76.36136391623188,72.36132016824308
741.7416824321297,412.16141791608743,75.13926500498087,72.0736963643385
741.4310474909605,397.47896170399133,76.22853062856188,73.72654769287465
732.7408229209047,427.9441478352961,76.0178139007262,72.78571853613465
733.2207982781936,425.27274055991643,75.38518879253581,69.25749122498223
733.2477620365808,427.21793104431356,74.2893129297845,72.61063906630852
619.0,305.0,353.0,210.0
740.4228795599224,395.76572102217034,74.65899780972495,70.27824479601463
740.4826537475849,399.9700365923866,73.97527426862666,69.76273828623027
722.3828661125626,418.3427348740479,74.40746486190255,71.1757239608337
723.6123003767343,422.04312710395567,72.88335113490439,71.15187024107257
723.4073016554265,425.6400411106121,72.61805551922441,72.0360749320443
694.0742673291038,452.9180001230333,75.67356827079527,70.70346845567252
616.0,298.0,349.0,220.0
726.4440835297187,400.0333043060127,74.58312942620682,72.3770493270722
717.2401145337147,401.8119616842059,74.91909461991884,74.34464424299449
708.9123213727122,434.7894622102667,73.22461463746242,68.8077457507718
679.9409223042305,461.67434188042125,74.75706454096326,69.10084319057717
679.6947416638395,465.60496790897963,75.53399782568874,69.41297703754714
707.9759021669001,482.2647169875369,75.5270464447201,69.41476686752026
622.0,293.0,384.0,230.0
750.6359037459752,390.013797899662,73.70498112749647,72.54722773238825
750.2846434545586,392.6587668591401,73.97511773450947,74.40299795983628
721.7138750204001,420.3392949208162,74.8018678527203,72.37212544603193
693.1354147551779,448.98180662388404,74.88426234513292,69.69990783157891
673.9970635186259,449.5257587920678,76.01483541772416,71.1735858080367
645.819827231169,459.48634220452595,76.23242291635154,69.93935322895095
651.0,289.0,346.0,227.0
808.083839671467,358.3488557740013,73.23437791898664,69.93660517517856
791.0396877059138,352.2443045940796,71.91960224101081,69.80164223930058
773.7190787882839,354.2242729248592,71.54278900083091,69.95143913552681
782.7138103532197,369.6511907376424,73.00293366687924,65.49876708901138
755.0257585423363,360.11843808716173,72.53445378220374,68.81028663328891
736.6623954089615,361.3931073810005,73.05307662953237,69.50943626018034
575.0,284.0,330.0,257.0
706.6904254057152,359.2507621033916,71.19670537595084,66.97889991596304
724.9291080874935,374.12680016367483,71.91285387224536,67.13352725158552
725.0371574122134,370.4427929530027,70.60258644664441,66.94989757857985
715.3563885739636,366.0116968939676,72.7137260859563,67.06518784960235
715.9919441445311,369.2434616178741,71.55256771523057,67.92829777134187
706.853304295214,365.22457644295514,73.34198406471,66.72401894991697
571.0,272.0,303.0,253.0
705.9200534091817,366.572612770477,72.39838530039037,64.14269833250842
706.2482044272139,362.4188020018517,72.11487261338755,64.34787447363749
706.897738602125,359.24789523862637,70.9424874412922,64.39153214090055
707.2237261528612,356.6321266459008,70.35102449256328,63.806886076716864
698.3104470319929,352.4669407289699,69.43855389303849,63.7217845335972
681.0000495468739,347.4007388815645,69.41909134541675,63.13066356846872
544.0,258.0,315.0,270.0
643.0414083061505,346.42104438458193,69.51444526151522,64.49004928381294
634.5132874540981,349.21853465401495,69.72376904340024,62.80175227949252
635.1176205847817,345.0332424013381,68.55824813088907,63.333301896972785
617.918777195964,337.9305469584583,68.91013692097567,64.22717228433083
626.979907055063,343.795532519919,68.15418868733332,63.253181731458426
610.1885835455969,337.2344210947509,68.12186563182536,63.41413442682659
516.0,245.0,307.0,264.0
620.3558928940819,334.9815517363613,68.36093338544515,61.70646953326525
612.1466092397345,336.10694696772134,67.97339266113624,63.299645792109686
586.8502461648725,322.1136848299405,67.26989960994865,61.136244643601174
579.005569614777,339.80082953965257,66.752060028178,62.72085112349032
595.5280625969032,337.30040809576394,67.35845853080673,63.355120855166206
587.3656495638924,333.0685557879159,67.18317797852421,62.48748666775015
467.0,235.0,328.0,279.0
590.4524065765536,332.08172316006255,67.12641077114654,62.384322718530086
581.9406100646357,335.2434916727749,68.17528706711857,61.854034843855175
565.7808530276099,327.63525906301027,67.34766055759633,63.9031271742258
541.63555170062,336.54364793438737,66.15304307143799,60.993423768355626
558.4620209372288,326.3391579838056,66.85726834067907,62.709165338067066
566.5922379447372,323.619605341405,67.45501242639148,63.022178236802404
440.0,228.0,361.0,292.0
571.8662010385218,322.8507317400872,66.68300660425882,61.76692600614405
563.5459455008357,317.8382394374453,67.43282698588337,62.26022899104686
564.0751957533577,320.79597015973945,67.128979519616,63.09058542060302
572.7697259918493,318.2831933606192,66.06502568123108,62.219238061440876
564.0956328331933,313.252807492853,67.30634458890995,62.08288510918635
564.3642903567537,309.652214960401,67.54827517866715,62.144596262802565
428.0,200.0,388.0,292.0
564.8380451086275,310.491114946642,66.8387246655443,61.46613444973303
540.0868368375504,296.047498580989,66.6692008420481,60.622689554540386
548.7212327559735,292.91532691159205,67.32894952828713,62.082906482842304
533.143362059785,302.42185266933956,65.93631717586311,62.124321816481654
558.1566966099725,292.60903426981224,66.48234916295712,63.241158431050565
558.4670262089176,290.08546170155023,66.28744596028605,60.65646143550839
438.0,181.0,408.0,307.0
593.8236619451504,322.58850858729244,66.35536730564479,61.1273713220084
577.3443734607376,322.3224340195586,65.82377568416518,63.61497193592368
577.3226312062068,341.79542278806076,65.97674437663227,62.724027326397334
568.9350606510598,361.23097213893413,66.4077789520112,60.76475542871748
569.773902505106,357.61364168922455,65.5317485729438,60.674656990666904
594.4442363331627,354.9148045034337,65.79026586001407,63.48394199077319
489.0,250.0,366.0,296.0
657.057017705288,375.3973575585852,66.82908914500933,60.509284305157394
649.5582420006868,362.8916559312886,65.993627751497,62.39254407393878
650.5501554485397,359.3936424896449,63.50445766938833,62.82547829681744
641.9978472107416,354.9987046856378,63.73239655473492,61.21760104797602
632.9587029557442,350.58890599138783,65.50566700688773,58.49600538233199
634.1403548342473,338.26300005463327,62.97062044038512,61.80899246442914
423.0,221.0,376.0,279.0
605.4584381814241,322.9720822919305,65.17665499336272,61.91797172024218
605.1527342807713,334.9025322852768,65.68517989165571,58.830494560002705
597.4248807050883,345.02239307042765,65.04597020770109,60.9156462038365
589.8185411171067,370.54669774400736,64.9124091494491,59.48755792142458
590.0808918260253,373.9472121889192,64.84976824427349,58.29040885911621
582.9559757461349,367.9732159905006,64.1383283829042,58.72267950962413
398.0,249.0,356.0,295.0
529.8375282928057,346.50853334164844,63.7094196097039,60.921146961009754
530.0204658367476,342.58365005653894,63.632989595946015,59.6123292552935
522.1046914849685,329.66579510978,64.41112918702493,59.57784582951081
530.47807464829,311.3049442490482,64.65209948575989,61.250914244457135
523.0506594122235,322.16758407700155,63.198470102716556,59.75312530027264
514.7704449611482,317.23149444077495,64.55799494661971,59.987800594610746
377.0,225.0,333.0,261.0
490.0820701446196,306.060042832563,63.26567929175724,58.61263511966865
467.2642321891072,283.6221648096819,62.46142636605754,59.56990877330895
490.6318959557088,313.7307417229921,63.80823652436328,58.37817531200136
515.268039408747,297.7669897394001,62.53937544913447,59.82130239572416
515.5070506375549,294.2799755495482,62.315276275934934,58.74736563222939
491.5947538253537,287.8547001587792,63.31234807731971,57.85048742770118
411.0,223.0,260.0,228.0
488.31104859706676,288.1656464366238,62.894626010270315,56.496325144746606
480.988568575157,283.1291183138112,62.33868700824513,57.587103204942196
505.02612538820983,290.5790057363329,60.71746449760735,55.01299718983955
488.8705427437528,277.245718454024,62.566496431271275,56.32014298593322
474.3739155801677,272.05967794822686,61.593747058775875,55.89148865188429
490.1270333360668,278.2883214759122,61.34897792730328,54.06322782337429
391.0,199.0,253.0,212.0
481.99785416267343,260.3768851606276,60.09944676773614,55.95549097053504
482.7041402465077,256.5542033121625,59.39420993930628,56.31396654946775
482.86105357778206,260.1219609856339,59.733175882542014,54.83013493455985
505.72356751252426,265.8292255671122,59.337766076296816,55.928352384694335
505.8853466652648,262.22911816668864,59.47658468508064,55.20358469304074
498.3820503202588,257.8746128228822,60.318059582528235,56.5584312008516
420.0,196.0,231.0,193.0
507.1997726975074,262.8288412148624,59.80229722024154,53.529312567448244
507.4742883686513,258.6197065257177,59.68992202001118,55.605028923526845
507.76889303301175,255.34340873079924,59.619237068056464,56.76222129011279
508.0136503787759,259.32134258520955,60.00751661686911,54.377094191238484
508.5618843987695,255.37599794447257,59.78249046532653,55.00489559547523
509.0020295834716,251.8451625661778,59.454217476636416,55.374397239289806
429.0,185.0,217.0,188.0
495.17167806240474,248.50613781112705,58.85254544825324,53.8125716511602
495.2837541579084,251.97106817794472,58.439124554862644,53.84650968670675
495.66242963236095,248.69235749759625,58.00847623559696,53.834292270879445
495.86480190489965,245.6005595388668,57.91224127718567,53.70276508292628
503.0591566303747,250.94244966491806,59.17030308493804,51.191172121359614
503.82361883424755,247.38152751630605,58.56013218162775,50.97350721082421
443.0,178.0,203.0,181.0
524.6613174112339,241.7141722422769,57.384083121123695,52.4703163356989
524.7759740102103,237.66386323730796,58.399487293088214,52.3877116205399
525.4254194728658,233.69969270976557,58.448676287804574,52.7212009706889
526.1348383879911,230.65925218016287,57.632371368462145,52.84358760361499
526.5985758779277,227.66491307525757,57.596653438635485,52.836864811211456
526.949557666868,224.7997700279604,57.90832630289344,52.68286720302865
422.0,171.0,212.0,172.0
494.58378741787203,220.705757325121,57.492011384303396,54.338776783098524
487.5195553303388,223.1953143539615,58.28990649218156,53.38958103000127
466.24283590378957,216.58831562782188,57.87151229233996,55.37543625007197
459.5363659997666,219.6634033915376,57.55121587818161,55.157709792682056
452.2864786604819,223.04372434415296,57.6675040473084,53.00897218777226
431.17346036884993,216.15881809320678,56.52263808503898,54.591690056982145
316.0,156.0,237.0,183.0
428.6919190924541,220.4829114857655,59.02497058440605,54.50840482202847
429.53007988990214,216.67661233282172,57.604130330029534,54.896797010824855
430.0643550710936,208.3890872481785,57.40267816292021,52.17429657104606
415.8056120039803,207.9041541560776,57.70748655942896,56.229258638675105
431.17823327238756,208.01862651802006,56.243862153686734,53.00041666131304
423.2340341376797,209.8896785087817,58.76828129261679,54.912433745470906
318.0,143.0,220.0,188.0
422.83245646744734,204.26284519459318,57.10449403067764,53.35097267437766
430.8845402968489,215.8884793750069,57.63521132673844,52.796211732674976
417.20580596840625,195.78966797150883,57.03754931288972,54.08469252543807
417.3482744052983,193.3139464729195,57.10786598310233,52.57425284981366
396.36188787498116,186.71910064271742,57.23721048526079,52.24461774993034
390.35107374837094,188.1235815378077,55.256610108043844,52.548237672991604
254.0,121.0,247.0,207.0
359.0201535047131,184.50735230129357,56.424678705523604,53.040399235496636
380.93011129636056,209.3129350843515,55.734763983606285,53.91480094188634
374.06080736486194,204.0896258567783,55.05190042011088,55.943091785085414
359.4108541727318,206.1358057046291,56.94458586626649,55.054878014133465
345.81955182532937,207.86903383633313,55.692416258932155,55.05704650259986
338.6313339648886,216.89490045905723,57.10081278642713,53.74087873952078
176.0,131.0,258.0,207.0
300.63139194719923,208.44675753035244,56.07920176485112,52.97522991427297
286.5282482763081,210.43032503489883,56.33576588452149,52.19195557076807
301.28446585122697,236.4410172200624,54.889627998114065,50.93029199812895
294.15014998669716,223.85071155245532,55.05238707945358,53.19526249123328
272.86824255428644,223.81851880739504,56.299183373865446,54.09972654637994
280.12201419385644,229.32899310117955,56.46180538872886,51.71220765165333
168.0,151.0,253.0,218.0
275.3065682453869,232.33204157522874,56.182486126473975,53.640383884144114
282.3071144803897,236.81571855072184,56.644625679075205,52.576572445053614
282.9852899663608,233.3730910155121,56.131617265790965,52.92754788287937
282.7610309255059,229.74019685995384,56.741373234374635,53.509091487560255
260.97527017461107,210.13697072142452,57.82595979719929,53.37232794979917
240.61460186369447,217.78104037189308,55.92928888469555,52.4702675972199
207.0,142.0,249.0,218.0
318.81513280341795,224.14610854372165,56.82100889054715,53.19416255725463
305.4772588535715,212.29009524935117,56.001559691392174,53.21414140330734
283.41137672915806,198.6276822960096,56.66430337030056,54.330825953425546
278.261746532987,195.8239252940783,54.83651728691018,52.23899779489392
278.4300539561995,193.06213736067454,56.177102783617954,52.009437036446855
285.1521830918634,196.01519325298148,56.435545826036616,53.6269949601832
245.0,129.0,232.0,197.0
327.79490115118057,191.07133084251393,56.42648749907136,54.51150986489341
342.41512556090123,178.00872439509777,56.016861263732665,52.04313829492895
342.2488259420046,186.57456472493448,56.87830070093497,54.108842609674156
334.2895783836484,168.7110888220307,57.271291981754075,54.26407264870238
358.47120225906065,161.76244505441292,54.20962792245405,54.32042769854158
371.85492706095033,168.88617304870627,55.27650460182008,51.671198251342275
272.0,184.0,200.0,180.0
324.0563804936337,230.05677468726697,57.26961020488193,52.883258089841036
304.727070299098,251.70922608465588,55.33600387155195,50.90539026303685
310.5123893267031,268.0385298079194,57.380183626713006,52.39560896063779
310.4346114238183,277.15032264199584,57.368207706422254,53.479510875283154
311.681751952466,280.82063115153613,56.14980557496153,52.277550183979486
317.50333232967387,283.33063544712957,58.174169726444234,54.92902731266611
284.0,251.0,187.0,156.0
328.2579467729303,291.5089598721747,57.386092011450216,52.23946181860208
315.9307719384499,299.4779012647504,55.657251313315385,53.25579904317408
321.4277548952457,304.14345206612245,58.15907883790817,53.10852652796916
321.25259325966965,308.2206218392849,57.8108370502938,52.36776927754664
321.53126871680433,311.1464541364051,57.25924113310111,52.51984435769367
321.46240501579143,313.6631233499485,57.518329765507815,52.12683410212867
300.0,273.0,169.0,143.0
337.518222549009,302.1538383624327,55.90266408696647,50.907949856314985
330.7340280957177,305.1523925815636,55.47509897458167,50.80100367738527
324.1120813291042,307.915852772723,56.160478404185085,50.534029003299565
325.10746969672533,309.7601919473507,55.2581748417694,51.484040103046254
325.8037136674501,306.04936868466007,54.969983873738556,51.64036674836893
325.7403309113621,303.58999091610167,55.54525112199104,50.694402418988886
309.0,274.0,143.0,124.0
332.9373012630006,329.560908085994,55.911964969390226,55.00891128348303
310.74404999345757,317.530626949776,58.005304789813295,54.073101929589484
311.39455632396835,321.97092414442307,55.87202878700623,50.252181791323096
313.6992885216632,319.2648147360318,52.71844679228337,47.80996645582343
327.37008046312076,316.4950984587689,53.40775071279205,50.115282941495366
333.8015168345429,314.063032849244,53.88739690054064,51.03965065515422
362.0,270.0,130.0,110.0
386.9609207211428,294.8248747902967,54.25718732659914,53.10332974440598
365.4002439666097,314.97030446375334,56.47009503848233,50.615574361113204
362.28364364338563,317.91642288615094,51.659271275265155,47.80368541943005
368.899713845979,321.45804657405705,52.655652764128035,46.96138800794057
376.62291073506344,320.70568923013343,51.22118437278482,46.223078322982474
395.9191668930312,325.27327930271576,52.289716909324966,48.76662096164233
415.0,285.0,113.0,101.0
425.87546139205386,330.91037632294314,54.149357768732614,49.80309066732343
406.3055851351219,326.374600340529,53.812215300562684,47.93668149268501
412.7289525812064,330.5390976893929,54.630352933629354,47.69700139729622
416.84851775641346,328.1845368643049,48.63119382635148,47.527784142797316
423.17411702467996,332.51235756548783,49.77387494728208,46.58742579277657
429.31899138928094,330.2903757707761,51.274822003268014,46.569381630015585
444.0,292.0,117.0,94.0
479.5958914582334,301.64184141479734,50.93276978048925,48.455581641020615
492.155017607324,299.801394745637,50.19579011240603,48.37590463177207
491.7434575746862,297.6661189487372,52.14304285896958,46.74213276769052
499.9462877542221,295.47180330514186,50.93391790479211,47.17477316672347
507.32769495319354,292.9600491631862,48.80481307522729,47.8674488780639
500.7764270143558,289.9222382456956,47.97223282572429,47.00703118887509
434.0,285.0,106.0,94.0
445.53184376047557,304.86374232772437,49.005297989515384,45.704811773065956
426.7636627943862,322.34860490343726,48.67384636545876,46.300533922333216
406.42237823882715,336.04863582159214,49.270004484450055,44.948202426891044
386.01908611616,331.84651632304303,53.03749713520665,43.15928778043599
367.52030620575124,338.8692493679258,49.41615881309383,42.248251446264135
350.0140744394954,333.8876752323397,47.39143932301272,43.0689885100536
299.0,285.0,97.0,87.0
332.827268945358,294.3046578913121,44.018179382023845,46.045116634756596
315.10570207294245,301.6138074765673,45.326062448711696,44.12889235763333
302.9616732293183,318.43143354380663,46.709382830287325,45.35347306046248
303.60146346605984,321.3019311929845,47.29942251510363,44.7535350845078
310.59017447230303,324.3445134828374,46.61980007437046,44.99065759961405
310.9428795276582,328.5814430458886,46.48977002958816,42.5208473677194
323.0,299.0,101.0,83.0
338.91611664356753,331.91512090663,48.43191784304395,44.643071252443235
329.2175399431926,321.6586997837414,45.09582454581778,47.37395417166948
334.91821002098993,326.04783213102064,46.49504076419703,46.387461164740785
334.80997852749204,324.3817006458311,48.014843923436956,45.60446546873493
334.2329779497086,326.7254016879506,49.9351871296908,46.22468498140097
329.094798263456,322.3691540367515,49.40351962567286,47.57281169036855
327.0,300.0,87.0,77.0
338.0897653015945,302.1240869387973,45.07383321942416,43.390882882883034
325.516751975054,302.6541856351052,47.26508971197842,43.743415797579985
315.2164343437211,299.1930600227326,46.54727288153782,42.971327157342444
310.33191933937434,299.6269703181218,43.93247595767701,44.12336816105267
310.98033559465307,298.5711381250867,42.50937300204782,41.57237966209891
311.37759268307445,296.8781191478457,42.35476954756359,40.80817335860627
291.0,289.0,84.0,74.0
314.14380491120846,294.8289870866429,41.67644748416342,40.89753184413257
312.7785243007945,295.7562476909171,45.74419432190729,43.112659634648764
320.99725054280805,294.45843237737813,40.25326489039219,42.468966893410084
321.5604257447434,293.9502228264208,41.4136031043048,39.903619202392576
321.85350933892005,295.70817913444455,43.74504776269754,40.7463203335771
329.533519015348,293.7887806951883,40.41815106436877,40.955252105812974
300.0,293.0,90.0,72.0
332.41968695030647,298.2537359342088,39.96779031237912,39.77239301937726
332.6795317906992,297.44599886942115,41.421302198083026,38.46947542544342
338.8920260603595,299.57455724752356,39.29555056573713,39.23493539930962
338.9425033791804,298.67409805701425,40.68234237821832,38.08645029250613
339.15929655848237,301.4833902515047,41.90770738524685,36.81885353250891
346.0072482909377,300.5507877984595,38.062278918974926,37.47151839079788
330.0,296.0,76.0,64.0
350.51934489956835,300.258047560611,38.803128241555385,36.28107522771734
350.74856182638905,302.191903933206,39.46582612064958,36.559244174159005
355.7308275297105,299.97414543331774,39.65418307134428,37.905062351724155
356.6048846641247,299.08034573988095,39.354524933667676,36.4902209305875
341.5400031020454,307.71591711835885,39.76012788489811,38.190662849844614
347.4489171384654,306.507006303548,38.53122862759324,37.71548069361131
345.0,290.0,90.0,66.0
369.14198510954884,298.2262023894828,37.02467261644631,35.65280238932161
353.54239414085464,311.13699216781123,38.319600083361934,37.06082448165188
358.0811012900243,313.77595586079764,38.61315528575136,36.26955477807826
363.04919593317885,311.7345640241735,38.845740261907736,36.92430061834676
367.92561228457265,309.5666307267395,38.91802654093016,38.35617420740357
374.8029923902436,308.2736965975132,37.231280965583835,37.91059075472549
380.0,292.0,92.0,62.0
403.7618776604388,317.0415099751608,38.63860426638166,37.0406499185392
387.9107822905289,307.1743727412734,40.65009746624128,38.450647947287905
384.77561156389413,315.12754623563563,38.856013286141604,35.19751808912025
385.780931389912,317.6269865442993,38.11697278209908,35.0458333699392
386.35732880802254,320.1245378155636,38.24813883396945,33.960114164650804
391.0127583721224,322.66834793839394,39.07159493589296,34.9287563016199
400.0,299.0,94.0,59.0
429.9950236899266,302.28187250550786,39.24510001718795,34.19873678272836
430.9996078052709,303.98188631775133,37.98958374128756,35.172488554420454
430.7502368250618,306.1487695828286,38.19574370476613,34.75301911391762
426.4864790763687,304.17947356853324,37.891643599239444,34.985776870122095
412.82190491452184,305.0787342731851,37.53872665797553,34.39300494650786
417.8917980816706,307.6276690667177,38.68961622106093,34.977030299382534
382.0,306.0,93.0,58.0
411.77951621011505,309.0490995272919,38.16929347606549,33.66204712676506
408.1158760439248,306.8849986977134,36.82136427477565,33.81050490418028
403.249256509773,308.23354523089665,38.64202259726426,34.0158217443626
399.5385253835209,306.1236429628766,36.86682778000011,33.95403784784264
394.4426851336025,307.6119720502175,38.56167333340346,33.507473761505366
381.55724895609666,307.87953993096187,36.54427321419581,34.017093028272484
356.0,305.0,94.0,57.0
385.7805498892608,307.3517478149398,37.305481602752934,33.61642000091467
381.86539907452413,305.4181633997324,35.76925089920098,32.81830064342637
381.35326057635734,310.4669435948417,37.08420737452434,35.611872024933746
372.13869267808036,307.2960830985477,37.90564102259765,35.5673906672547
367.65121087486636,308.8085346744092,38.80891358389431,35.84055167001111
364.1821466446867,310.4797435608738,38.45259098736875,35.862714138064405
331.0,312.0,92.0,55.0
359.2732072481935,315.98399007392516,38.33791218860125,36.02213969002554
355.33013717650863,314.65283364157403,36.995278833871055,33.93766005601901
350.5880820180293,316.8679256740852,37.89406844690404,33.94126303905796
346.6264152850847,319.14478196424557,37.36098972600928,33.784868160259634
342.51605173948883,320.4738963126263,37.705338002823055,34.792571424565665
338.012173058441,322.1983467665429,39.06292425651236,34.35505432140906
308.0,321.0,91.0,54.0
331.60684513262083,324.03197826849123,38.90213123466276,35.102864431881926
322.82574970758446,320.7743654172582,38.38171958799859,34.73892169757073
328.31231781705696,327.3285890794475,37.12551780676176,35.681869434789405
332.30886025553843,330.7942872727378,39.78164789586583,34.72815321276954
323.39260657163777,326.7351577847378,38.41227609596274,35.780425560600975
318.69474318679625,328.20929901992344,39.51491893447127,35.92689689098074
281.0,325.0,91.0,55.0
313.8710701718702,329.33889733763135,38.44796559357712,37.30349501741915
303.97268748748377,325.664137593607,40.07520100644683,36.583805772105904
300.62266824090176,324.66597256005036,37.99320169646495,34.66872308592315
296.07472459886094,325.89099833492145,39.296202073201584,35.36422631652357
296.9782937410387,327.05905775733663,38.22367198502923,37.04684805317606
292.35206322142074,327.6123681164279,38.34349847842145,38.311027164571556
262.0,326.0,86.0,53.0
287.1926920981416,329.22293243285077,40.300359622713586,36.49492686972877
282.7151503608567,329.9320016084041,40.48871070317466,37.7997699955439
272.92498104992774,327.12312525415416,41.26984713919671,36.61950260345725
274.7796227811554,330.35593672951154,38.06809195639033,36.4400291705856
269.65747852902,332.48009895719497,40.02031869628394,36.1850921993414
265.19382554717987,334.6014626728392,40.21382714545126,36.25800021161501
238.0,334.0,86.0,53.0
263.23467204119464,338.3560927722442,39.19622984139983,35.20565676771969
258.91481746268187,339.50917265546144,39.43656579257663,36.56734220728026
258.258091840711,342.35299048139234,39.96686176083642,36.62306706154794
254.24756324877603,344.47204786247164,39.509344007009986,36.15197059314437
249.84421771030475,346.55335699272837,40.25645557135272,35.24688839152077
250.62810324987032,348.82411613147156,40.07788182474786,35.88748014697654
223.0,351.0,87.0,53.0
235.5357061885779,352.9266994949078,37.523884483344915,34.967939726774375
235.6754579375072,355.3334177158224,38.840566012087265,34.78335297646254
245.67465516268626,358.35825183960753,38.050815755128525,36.343354929400334
235.82153099565414,359.53947663900465,38.94264535038269,35.382244409357725
231.46303557900046,361.8474019449561,39.21940818509847,34.11888049991171
231.97668035967172,364.28298656449454,38.83206120662493,34.79355901026571
216.0,366.0,87.0,53.0
241.50547693668057,370.5056633401435,39.19108656135012,35.54668120806235
232.19158059460824,367.38558332851875,39.97465643850967,35.33994792168045
228.76526637206047,373.8637125792723,36.95449168236388,34.64846503358592
238.28474531781137,376.486979818362,38.48360823747578,36.71417172157106
233.92458292993058,377.5122056518976,39.218871673507294,37.21490137655326
238.92387904675007,386.3643150366024,38.9446991295743,35.278011238899296
209.0,386.0,88.0,52.0
235.35444781908393,392.3486541702466,39.50911129406268,36.78280709520351
234.30541802330038,395.3871248401059,40.805253416189316,36.512415701886255
225.51686616827237,395.4785715455246,38.463925358995766,38.360221133927894
224.7684427578608,399.22952985396194,39.88091736022275,36.64583037097083
216.49701519779933,404.7978426152921,38.17432272827938,35.869761310939
228.56438231559298,404.12828462841816,36.18936965117564,35.70582978234057
204.0,416.0,80.0,53.0
216.6922821067679,418.44197301216127,40.17347714705926,34.443091741480316
212.68445314975006,428.3863945043363,38.63242068606567,36.39236485980746
213.49020644214943,428.70096547930734,38.277658205630416,33.01512285832905
198.92069700123662,436.15440990840716,39.495429410540254,37.49049947710182
196.28213030875156,436.4469155836132,37.4177212466297,32.927140856557116
186.8004539974889,441.6715032686176,38.32962994759524,33.207469720472886
168.0,444.0,79.0,52.0
186.6160360256392,449.97321850124393,36.14335708161869,36.06727784987328
177.10018144111012,452.22025566666093,37.52069831077955,34.371447877188814
168.7016891819452,457.36474839482764,36.697542646591785,34.705863472990245
168.30420255449806,460.3765283642392,38.593905334378434,34.243176255254866
182.36449823043043,464.8753058468203,38.58608121918721,34.062391532708375
191.87469255172263,468.04559933384706,39.63565362201311,33.83645949157341
195.0,468.0,81.0,60.0
219.48970709492383,472.36164238067704,37.774574978388245,32.655410137247145
233.54329392943416,460.6323735039341,38.320843240352104,37.36892689786055
249.8115579449584,470.8909190470215,36.99199195466099,34.08058999371474
264.60237003819464,460.34104763588675,37.76935282867487,36.575280204813794
250.87469464287844,475.30298020487464,37.45508432264714,34.46479964536434
265.3060257432525,470.77317597409115,37.82144423301901,34.78380321169038
284.0,370.0,73.0,48.0
299.201313344833,375.95343649359904,38.50163494193026,34.542474115367895
284.75777527466107,377.24812198122163,39.331556583236704,33.07105271059845
272.3880309481501,381.5600092817657,35.730625447688,33.23106978138196
258.1020901920001,385.876126566033,36.620245628968235,33.817978033673626
249.12895338675398,394.59197829717596,36.19335688595939,35.970690575078606
248.7906255679543,393.6919569404939,37.66961248975815,32.6863938361447
224.0,397.0,75.0,43.0
243.96222686832112,404.31286420476545,38.98858859998876,36.82126132416079
249.3435928854742,407.36105307395854,37.68960454853652,36.83557849063135
253.41806535571183,410.0522508984109,38.98168191118501,36.901191535587714
267.9330485710646,409.21911157291584,39.253618832929476,36.915296559411956
258.9633914549197,410.5497806424396,38.70745366368857,36.643525299163
253.70880835475566,412.1469218819038,39.88134663535817,37.040087491685824
242.0,411.0,75.0,41.0
247.02430532274815,415.2871041769357,38.740011391406426,36.4385706706189
237.78548378933198,421.111989767561,38.67090928173104,36.58658110762917
233.06337045390302,427.26349308650026,39.09632165467917,36.816509946067185
224.45409835929894,433.3933883212235,37.55624879916013,35.64717531008171
215.80263675807802,439.40925671757736,36.544419908399846,34.71749717591774
211.76001435353328,450.60307802772377,35.91786055487938,33.195943107104085
220.0,419.0,70.0,39.0
237.79221794375098,424.1302374365373,39.43591141640354,36.9548157879251
238.6612704126723,426.56882698813394,37.79169905926318,36.898841461907864
243.27797021807882,429.5508214311001,39.46522314850827,35.74762394245431
239.3973440162404,427.74345355826637,37.856688794233975,34.694486401559516
245.14446638482244,431.08911033117795,36.227770916218816,35.3757995295112
250.12523640220297,433.63929305777856,37.08620031254702,34.909499384209994
249.0,433.0,66.0,35.0
254.3979511037594,435.63098506904635,39.989415878629416,34.816060433231826
254.25448224383365,438.28510991885355,40.47575750725781,34.33833128891172
255.57617638031516,437.33472054559945,38.18449314430498,32.96418245175886
266.39947243478605,445.1256942432649,36.12631322807829,34.213594196615986
257.3838638378661,437.95449091596254,36.47984560632244,33.78249347135244
271.73295297264644,446.38176322982713,35.754262357472385,34.67292800600421
248.0,439.0,58.0,35.0
255.67813145986634,443.03572816276943,38.388556890189875,32.91938114128101
261.42241475574343,440.5726357860498,37.07266070475583,35.17634325032844
262.67766041360267,439.42872996376127,36.24160366667604,33.91107898962366
267.99871097877804,443.3388819221441,35.91998628640795,32.11597559127483
268.95483952732934,441.4913342790827,35.326835070113475,32.75874168802403
268.55097867947404,443.0675734150933,37.06029425215968,33.26616891340416
272.0,433.0,51.0,38.0
280.8052646003662,435.37689706624707,37.31214909931134,32.935103911215265
295.61969325673687,443.2615683805384,35.19366265203041,33.2431231014034
295.83211789566656,440.8044118439873,35.69294195830906,33.50638996293401
296.71045145253674,438.93092908091336,35.134108100628964,33.14610694360664
297.610894224003,437.86574015101127,34.664219208536,32.116949369834856
302.5157778491528,440.79358207724886,34.069437590433324,32.16599767458678
294.0,428.0,46.0,34.0
304.346945445915,431.87728608149337,37.37508816628542,33.869498648846275
308.97994881156774,431.05522897911897,36.20544705399061,33.524888787578334
308.37200436207263,432.63430949893933,38.44855316598637,33.67116984945602
314.0943693455283,432.41661340838834,36.08489109884431,33.38068067113289
314.1025881505252,434.08657264576436,38.04675982016761,33.88139950458651
319.6667907432484,433.0184376893441,36.55201942947451,34.4237537448862
319.0,431.0,43.0,32.0
323.95192577195456,431.988186466504,38.46733915220631,32.97695152784388
324.60256062819883,448.0143688543909,37.11575130123009,31.341601199290608
326.69720416763516,447.5617955284988,33.89529332092445,36.22836678545809
327.15445766050925,439.66378821691285,33.671304896250604,30.796013584955404
331.7665868185308,430.347716968075,33.647459811447504,30.494234894604233
328.14930605402355,420.2348929982795,32.50343343609359,30.494031469830816
322.0,423.0,46.0,32.0
328.82508113621503,425.14889786967797,35.47484641660668,33.86396341698173
328.7399333277681,426.0311061322868,36.17097382195243,34.36288048798724
329.3225635748778,427.20485908690796,36.15769783001463,34.70614797687767
330.0787541267625,428.6336229254904,36.13701160846034,34.740377309272276
334.1150855473282,430.7826841995634,36.920799570413635,34.928934280266844
333.95613827281494,431.41485110716076,37.64022564656699,35.86918310378678
354.0,368.0,44.0,29.0
358.27142148531607,368.3478131611071,38.56018395229887,33.632427545611506
359.5672249728443,370.0865036795044,37.53478080643788,33.24338772396959
363.4365661421564,367.89050739539766,39.40795491879908,35.66133105161089
362.9388143848357,368.5557330579642,39.943826328370506,36.59324229168908
362.653001519236,369.76648220491825,39.48616390320797,37.010881566702665
360.5226088920317,371.02409645503053,36.769873294579156,36.706290637661425
364.0,355.0,34.0,29.0
363.565607747571,352.63589550387314,36.26252930563646,34.322492248283424
363.1980540482641,355.5824453433763,35.558040556699325,32.015116762784146
363.26901646246904,354.46659258589443,34.28984637080737,31.830220570304505
363.0223161498393,353.38494083276964,33.758047260520925,32.40434496256694
361.51852475451415,355.3440804035933,35.37640984429163,31.36148944344808
359.1395599986456,353.36709301976146,33.53553945301894,31.40162098147863
359.0,353.0,36.0,29.0
358.3702949128292,352.7982813775234,34.55463769972266,30.636218968397202
357.24545226245687,351.8605082395063,34.608550925079044,31.1710544742283
357.1229183205775,353.11238863997875,34.044171571802906,31.10475105581378
356.26169115485527,352.21943614540396,34.56142294529468,29.167168044817117
357.23440938985493,351.1565897527545,32.51459145083095,28.853955263540456
354.0925745285499,349.4879707110449,32.75810884289524,29.384893900868406
350.0,348.0,37.0,27.0
349.87785654550265,347.29642737869176,34.1343666309524,29.70862982675277
348.48972287416063,348.445699905927,36.04666862231511,29.667574207519465
346.43902330105925,347.5189836519148,34.29712244875839,28.786161538832857
345.3453544906997,348.61732916292556,35.5030768630084,29.071904110856053
342.6006021450259,347.47349099374605,34.930564259718096,28.55236570588079
341.85341476078065,349.56985719802026,35.63159633773864,27.961725749984794
337.0,347.0,38.0,27.0
335.8931352574864,348.28569609715487,36.60868194700129,28.628792452305788
334.0414339203895,348.70396222481907,34.70632284139617,28.859367765701904
334.71357320628744,350.78453067771136,33.531828493892476,28.06787877266504
330.08087469861084,349.38767387601547,33.544389819943376,28.290900177690503
326.1658897090747,351.4681664677795,35.028773091069525,26.838615369998138
328.3831009145664,353.30612683815013,31.804997129850676,26.88916028335086
316.0,352.0,40.0,24.0
316.84409509957186,352.691547092483,35.36128439971981,27.985623901671033
313.13674884819966,351.7050073201808,33.89509610698764,26.573444843731295
308.433855486619,353.9679515146654,35.62161307481506,25.650960424163713
304.84140616212017,355.5146516330242,35.71774899164211,25.574964233484934
301.94777365872517,352.26680603347813,33.46338619872034,27.89067689498779
298.03584535436426,354.50092964746784,34.0195021262594,26.83207708256259
289.0,358.0,43.0,23.0
290.6775456832436,358.6208991035435,35.28353493624854,27.144633924377104
283.5557903637234,355.12954188128066,34.35773171957567,28.84420253151478
279.43043860176704,357.8728493079468,35.15110985023921,26.751092026320293
281.65961535741775,360.23336750051476,30.73246891103264,26.272584723394516
278.6096726365845,361.6348437125862,30.230359682808285,26.20073523298015
274.86005797127325,362.5284976462004,29.44229250200999,26.620338990650964
258.0,359.0,40.0,25.0
254.64949882539986,360.1852063593931,34.64138586888794,26.660118783600183
250.76164828676087,360.9681720556539,34.85451194499478,26.887255393892247
246.80863779531046,361.8540299169281,34.939708024438005,26.86988833282885
239.63248267105052,361.68639729795154,33.966116466187714,27.598292553675492
235.78432528785834,362.50202003511606,34.38415228298254,27.713088146578002
243.9242875625435,364.5942116140486,34.113379951072034,28.03763973954574
259.0,363.0,41.0,24.0
276.94737126044987,364.5425044286237,32.98019443801587,26.22466238817958
291.34226160763455,364.80245388676985,30.241036392097897,26.650998720318626
303.98576699070406,364.4777325719806,29.95356999952412,26.682066200169174
317.3353342588846,364.6635865256453,28.866790263422786,26.351546752977697
316.2852807501149,363.5584275523397,31.85937088852876,25.794697888907194
310.66264946438326,364.2762850744284,30.225685737724632,25.94813590164074
301.0,368.0,39.0,23.0
300.0659468510163,364.9208571768074,31.191056237817065,28.05493423173658
293.62806992292303,366.42440067327925,30.713620690950847,27.66136864686382
289.35953710005015,368.1848429775804,32.27484332979145,27.24010137535339
282.38254569467927,369.1037557194089,32.233385643078236,26.497385943707172
278.6540499130824,369.8585459641489,32.11081819456649,27.15958647908758
272.26018664356695,370.8036418966319,31.16878968840382,26.612837493674647
262.0,373.0,45.0,24.0
262.6914986965635,370.73994621719964,32.019331584987185,27.920436098911637
255.7521586916655,371.7914037291206,31.40677760052995,27.84229998066013
257.1955599587406,373.51572182602445,29.075003336423435,28.16386359921222
253.04727673038275,370.8740812320119,29.68689137848031,29.267880445347032
256.9560243550631,363.1839731097116,30.27175077058729,27.52635673980876
253.67060079805913,360.47297285733725,29.856244209082547,28.405546682764907
225.0,376.0,43.0,22.0
234.29285975637896,370.08785285727583,29.12221601381873,28.488095593816297
246.14748544276674,363.09953549856255,29.220983369416246,28.08492049529093
234.95230678256928,353.4708663839628,29.792663245808626,27.38920333311512
239.09575384570257,355.9855210213318,29.82595473909828,27.210196686242853
243.29586748333762,354.6980243075097,29.73328362268299,27.79611754690069
240.01584604964012,356.183045865748,29.562101516734174,27.3820258899882
250.0,377.0,41.0,24.0
268.85937502549734,372.65980931337185,29.818694670101706,27.815685885439564
265.4703644113183,370.54570927029545,30.020390666363767,28.487048083680747
261.79423423409924,372.2539498929274,30.42846417696461,28.259842331608127
254.5906049569308,373.2174698938287,30.5762031715916,28.34884962982187
247.5787429179411,374.098302458455,30.518745778885886,28.54518006024614
248.36847873329418,376.02666345898854,30.302495822654464,28.440656742532667
224.0,384.0,42.0,21.0
230.90629761952414,380.7483535173469,32.54946743766226,27.134237514449467
230.9928643499793,378.0795695430319,32.44406347494646,29.578677310048704
232.58220031917315,376.37612223920814,30.667090529714272,30.53128503537414
236.05283630837778,379.98982943058684,32.50751706336143,28.53294311092577
236.7883974425249,377.0437951496085,31.93685234979921,30.56154472359333
240.46800344807343,375.90399213187555,33.340493039658725,31.1404206346578
242.0,384.0,36.0,22.0
245.9770008967368,380.5811026652791,32.86207890582324,28.081451535543238
241.1018754048016,382.2597823052147,34.29461154341277,27.028053798122528
239.41959939532455,379.5926779983465,31.669366821701317,29.22287589613279
236.29785874479504,381.03464347751355,32.026462120383,28.24250324287641
234.18738623027957,378.73192749966336,30.995842257429103,30.15638984439431
230.6377530372065,381.0209757666513,32.080329160136216,28.26755001915842
231.0,386.0,34.0,20.0
233.48967772018182,382.89905739738606,32.89742193453253,26.265440646825937
235.25502745798326,380.7745408944764,31.05109162129611,28.40078125042328
235.15400974769113,383.3063950429996,32.307938233913774,26.654431030108753
236.66074558449748,381.6195720014339,30.795357550687754,28.161347523490576
235.8270277284197,384.2620915040434,32.20830716222554,26.446234127280604
238.49646800066483,382.91061401316165,29.727738021185132,27.248993632955205
238.0,387.0,22.0,19.0
238.55821595105408,383.8895250347896,26.845338346995618,25.808145782879365
250.9193742336663,384.3363252978626,25.970231922722746,25.015552558778154
261.1233838734107,384.5076245318369,28.52681484514102,24.976272870136995
272.03479802873994,379.9250714669831,29.352717079816557,27.210922406020813
283.3471174883223,379.6318074248376,28.32221907113052,27.211913008928605
295.73985836117504,380.61105432523834,26.763076687321018,25.630832892455146
240.0,383.0,23.0,25.0
250.85957119590435,387.11762337319715,26.808987456282892,26.436953553435842
251.00631184740152,389.4212277001486,27.290438918012256,25.856387117667964
261.9734822181373,392.91533974832987,27.26182928294662,25.729128858076137
272.90834008960746,396.13331815179725,27.10364352902343,25.876110129578365
273.14748755704954,397.62512321287136,26.8031498743685,26.086510503855948
266.3724560979708,398.79673908487723,26.91380778900998,25.457601457561736
240.0,388.0,26.0,27.0
238.1677445463586,391.3270104325453,26.748344670668445,25.98943093736267
242.650387293989,390.4580051580267,26.006397482969135,26.187358969270804
246.25331091978035,392.97341413205015,26.620230509026896,25.61823689443986
247.19545884332604,391.674480368771,25.94678876532464,25.388124171762627
257.40023162458755,401.74209415833576,27.19960701530158,24.57458167234944
264.5733340915239,393.96235516916494,27.50978438344879,26.64052165087452
221.0,398.0,31.0,29.0
234.9801781213818,401.53432881353604,28.899734588645117,26.236607266509395
243.04447876540235,414.47203303802553,27.47620246382087,25.30354252868449
254.84534124651697,411.5050930440847,25.157902740391876,25.195358477683442
242.53167439627646,421.46001666023864,27.193203918079462,24.245667881132192
245.26424452272,426.96781276295224,23.174704451255593,22.785847581172902
233.3890522916838,417.0473359402816,26.621449771397238,23.77360844744038
217.0,402.0,37.0,28.0
235.64112335748672,407.0376577018394,25.251436388335264,26.882367380769892
224.14930029314507,398.3868675214801,27.72682556540201,24.45087182732948
236.1908638922173,400.95161224221283,24.705455572016035,25.136519300793964
226.08684247232875,405.1989552767344,25.715468403732103,23.54282898311874
219.7536895940749,414.6790090301748,26.073125081756245,24.850545422194728
210.14193688692563,418.2167703710064,26.370368010653124,25.095594718791517
203.0,397.0,39.0,30.0
204.54647946254556,400.95920663309676,27.70763167208571,26.349100328434588
198.15442029102772,402.60188430249775,27.93959664766311,25.55776737115525
191.90781085117874,403.9708575240511,28.17693492086977,25.778843352542253
196.00210390644088,406.6316883855675,27.63625987297405,25.87806959745967
195.74590438398002,407.50290278334865,28.763768513601917,27.27274551336194
199.23095099091597,409.1871624243256,29.34291657210852,27.75465705758944
213.0,410.0,45.0,32.0
226.68588261807656,421.75995412492875,27.661283249901658,24.736389670472306
216.48752706236695,424.79602687394186,27.721471675459668,26.1139467388183
206.04690619336662,431.30068313579795,28.933924003421907,26.41900888078908
196.028664267882,436.3915190723228,27.40771141296858,24.672993517391774
193.2110980878585,448.2162692365067,26.186975236570788,24.354130488281328
183.75585303403426,457.38977060979994,25.380262318250914,26.255082665069267
198.0,426.0,45.0,41.0
208.47322336661634,434.6620372075366,27.605018995840254,24.750161166979467
212.5664026887261,446.0029780287973,27.080210314828633,25.562867898546642
202.98392828779288,437.1084751197609,26.920415677497658,25.284435583966456
213.97706982115477,436.88699283046736,26.482184318498753,25.576212723306583
204.36255797349367,437.37197343514083,26.015659927369853,25.348973810942255
211.6167858167859,436.62794356757684,26.00042850950655,25.606471150824518
214.0,390.0,55.0,35.0
227.53404587088198,400.8870401017416,25.595265043677756,25.376478394551214
217.85813677983873,400.7445190856861,26.46396923909532,27.007095972244315
208.46534753980276,404.70244847017403,26.675005637955422,25.4745493940963
202.3073625969867,405.10199269215036,26.612752277485924,27.06963443716404
192.4814809102302,409.05912530593105,26.763767073066532,25.578515988904655
182.75225612737418,412.2402286159954,26.424895841396335,25.425072468169674
258.0,375.0,51.0,44.0
271.4151495900402,388.6215376257095,27.49668032414752,24.606393996247903
261.7228151440353,388.91302167780356,27.390830833595658,25.146517254059233
255.59569554855176,392.8083590779612,26.9165508568189,25.4560770124383
245.4655212550623,393.47542635126,27.94120354385757,25.25808178068428
239.36318425940237,397.23059435719983,27.412562979202107,25.68312326676454
229.4184848243793,397.8518594865812,28.136140948044982,25.50289976169097
229.0,373.0,43.0,50.0
242.16505673598954,380.9711834489135,27.396937839133955,24.295074284900693
242.87225612057716,381.96979964661904,26.634520755099402,25.322504412793023
236.35699478265212,382.5026129266754,26.997264629120707,25.496290113359635
230.2245028049199,383.81688281861136,26.75940768015306,24.953410965357307
223.91215502713683,387.4553904874148,26.583254929306236,25.266071658333544
220.72788742554815,388.61981641057275,26.850195370770763,25.21200083720862
206.0,354.0,64.0,34.0
236.455360421802,362.06790328102625,26.88554706057161,27.11095768242717
229.80511821714708,362.43066119034984,27.914042588952952,27.515948843313254
223.422092082157,363.0408762437878,27.676406538629976,28.03916801553305
220.1642723925486,367.4066826946296,28.3270203041952,26.91733263523861
210.43701487805168,368.53271458560613,26.279396899208734,26.331041748145765
199.6586030889187,372.3393548784529,25.819940188819885,25.095130752316663
156.0,360.0,57.0,36.0
163.05583415129533,366.97539179150544,27.99055606442576,26.045756095917568
157.4586391776107,374.37838350832953,25.335523135791817,25.353446918476493
161.86819614057003,365.6753555727846,25.108130213393167,27.400098917773903
162.56784349884754,368.0698864064832,24.675383601589374,24.834974913065935
151.83655923434486,368.34168932259945,25.428325544216307,24.24233765196027
155.3853419451434,359.9030885043053,26.051599065608116,25.072830486059956
169.0,386.0,60.0,39.0
185.27231677837136,395.3533016778274,24.864146641404545,25.24996098525986
176.07402927755857,398.11672969745837,23.466734515638564,25.710365165512144
165.29384107895933,399.3238512754557,24.612867217818092,24.397987316732895
154.1603650368395,403.01394999544175,25.811482685424153,23.9990539560431
143.42520986635884,394.2150729797427,27.59346159892999,23.106653816758353
136.09656693059162,384.65830490087376,24.013085052317365,24.245213073603622
200.0,380.0,63.0,46.0
213.54744710034333,389.058147411738,26.923466400113796,25.308225277452266
205.2224717131204,389.7015787996016,25.620303826510423,25.51395472360906
207.76723098495756,394.794692867265,27.335601358832037,25.708922673953793
198.84357201695516,395.135518414857,26.05312249441687,26.20000776640103
191.35513463042753,397.2046799424017,28.678095329603252,24.768392406417945
184.954211867484,399.6053572955011,28.72294294822609,27.043789216542336
208.0,414.0,61.0,54.0
238.17830696982296,439.0105375116955,26.571958896423695,25.049711051119232
234.70253878340128,436.9706599543383,27.346141915516625,25.56378315384279
231.37531594764897,438.3539854763999,27.669491870647278,25.645441909263468
228.24654958008892,439.7048935823701,27.642786468067186,25.800932000898285
228.58183166730655,444.80871654753355,27.60704329793535,25.475543340639206
221.8466794966681,442.33375521144353,27.848990214170982,26.00977218949754
190.0,461.0,50.0,39.0
202.17680729306517,478.0214594455998,29.15175493611929,25.534655219452986
200.02317757934452,483.05715533847547,27.03865509988873,24.147900354470266
196.65681808720848,485.06122708566977,26.78879183921157,24.302651402108495
194.69692895453477,489.3286225390747,24.59210574909912,23.840744257035112
