575.0,258.0,203.0,244.0
577.2600939590484,269.66607168198965,198.3861526986584,246.18094609967017
574.3592124755278,281.7438122776485,203.0721303258622,243.61386858112672
576.4007412290855,278.79449316918476,199.487714061097,246.60862164626826
574.4749369770851,279.44336033559273,202.24741380221076,252.36043601159565
576.1398317379192,290.9142350072975,200.08479875550677,246.65681224440482
575.3292979385328,288.7770772662443,201.40653795461049,254.25507185676634
584.0,268.0,184.0,281.0
581.2993629932449,288.28606645422644,185.47963013987408,271.02343042453947
578.3017623728588,299.00511030918165,194.74380331630482,268.92512951716435
578.8452012514333,305.978214337312,194.9949620613893,264.90624264091855
579.3174625437824,310.79540836181695,194.86943401798294,265.04794861379753
577.3270307070861,306.29954532500096,195.37614272254928,254.30781221808365
578.2857234109165,308.1137693008998,196.5468029140187,275.96236731782756
584.0,295.0,184.0,288.0
583.1712996356146,313.2904805676785,181.94206280356593,279.53023750454554
572.9010149796227,316.3490968183679,202.29683903520663,253.30982481412263
577.0388491613344,317.29311884637036,196.38188694786322,276.8291680576385
575.2404235018018,318.1311609017224,197.5184836116557,254.0876648696261
577.164542327157,318.70744021498376,197.2648209666106,275.5546640638795
575.5125094982951,319.6624203811974,198.69755267458515,253.73884793119657
578.0,286.0,194.0,303.0
573.3327103309501,313.0659113796564,203.93644959660537,279.46102767901084
571.5036262221473,312.66650789723633,206.73333913618524,257.40353684439754
573.9656352882812,312.2007027235527,204.02932670508017,284.0710888439396
571.7139610788415,314.49942974099133,206.23905414805506,257.8971088974771
572.9433147002565,314.6334856629952,206.00111364714394,284.6087176390256
569.9662931424309,314.9571812915688,209.76571824925668,260.6337847716031
579.0,292.0,197.0,306.0
575.6082810824066,317.36829735782976,204.48547401328028,284.9796269750891
573.8775964928045,325.37474929834775,208.27907524597322,282.16164260329447
571.6229068480604,324.6810076217731,204.55268056760747,262.9567401191887
569.1423573309364,327.431598628452,211.47046230338606,283.3345120679942
570.4428748435337,335.2129652695312,210.41044587011788,281.7715368910035
569.494709347844,333.97623188165767,210.09132565426842,263.51313615773336
579.0,321.0,194.0,299.0
575.862238613279,340.4971969526673,195.4345010957561,288.1796369409119
569.7822770465139,349.9747468291521,209.56746343136274,278.987319314934
568.1406415113483,347.1144656059603,209.86384040699932,263.5220297621752
568.6127522311835,347.4412243262759,211.19362267433326,281.0877082973698
566.9259122562744,346.6862434192616,213.22217382752888,262.0329490948467
570.2489138975498,346.69742869781567,208.64692443624244,281.21404804254064
579.0,321.0,200.0,302.0
574.8920171792092,341.9162958567533,210.71885481234222,289.1868806780194
573.242677413238,343.21040859961045,209.24997486871803,265.6829417280376
571.1323633992981,344.65645468016214,214.0454058161995,280.70464135779787
569.1891711425562,340.6129428881693,217.55548229369435,268.8165015038378
570.5644719313533,342.2154355869029,215.54840813791498,282.71174102149155
568.5131814661668,338.8547834163271,218.56452157741433,266.53229206096876
579.0,313.0,194.0,306.0
570.8130265995917,334.4961892609696,201.26651476526217,295.5444868799906
561.6494817258686,336.6822067930615,216.05602836998105,269.0686537245389
562.2351182346349,339.17372889096214,214.98341207855515,290.09277231484793
558.5789161515949,349.1783519025105,218.03715629590977,281.6817015609852
556.9362577032457,344.4145934848665,219.4507503918312,272.92569329216656
557.8279980403729,347.97723296831236,219.5346220318038,285.719970386114
580.0,319.0,195.0,308.0
573.1016453383781,340.15462098710907,202.33049133201712,296.9484514516756
564.278494924989,350.0714393404123,220.54407260032758,289.02084359491766
566.4549483230735,350.8070286870188,210.1845423992886,267.105659227929
564.0370283925295,349.12325894426885,217.2095488154298,296.4589125539169
562.4088169184708,357.5964643719856,214.13482380983828,290.2569090847363
561.8216401123452,354.0826089823471,209.7348036300732,274.57721864046687
570.0,305.0,201.0,322.0
559.9727549696725,331.12738543987155,209.7257237312267,297.07492760608045
553.9597580628888,329.8728312185323,222.50192442095772,276.8697534273468
554.9858549797534,330.34203466503004,220.80671785842492,294.99122384476925
554.4011603608495,327.0133380620733,222.30330978628206,280.4737715090583
552.7788623296501,326.73796330617074,225.34613931465628,291.5194274648603
556.2051171779534,320.5215394788893,214.87348857645486,282.94664855594283
562.0,297.0,211.0,301.0
558.2083411160113,312.5289942615209,213.36208318091644,291.5726880322611
551.3342813505071,319.72159659490353,224.68906744652782,263.50774029109425
550.9359814412269,309.7408911433404,223.85793989330205,289.77299887955974
553.2888190300619,308.7070812045049,217.76238457115142,276.99496348553566
550.3840325637075,310.85247203953736,212.51057836249356,261.273645691827
549.03394439043,302.40018667999357,217.31425205467576,284.361031653811
552.0,281.0,209.0,294.0
547.4132254801118,295.0794196356567,212.512184114923,292.4129031329569
543.4177543415409,300.4870115394924,220.48982735178527,289.7314819096423
541.1260391000806,307.73484532282237,219.06236872303225,265.8619109947085
540.5761406709848,302.0761616241398,219.06795154831116,287.5246839351214
538.7456816307578,309.1984183736249,212.30117189200826,264.62591859489464
537.442928499205,303.09017925829426,216.11574234094473,285.1278093213814
545.0,284.0,205.0,289.0
540.4604012285936,308.01498191590633,206.5267042744954,275.30893241115666
537.6406040685149,308.31075938756476,213.91475496237786,266.7523292130045
534.811858712419,303.0880600651226,217.97834676932143,282.4576336086766
537.8816656749095,308.51627043181816,205.57081698100183,265.73632043676116
534.9298245874418,306.3696679614741,212.3248963866431,263.4854015543283
532.9111411994487,305.69914870940397,204.75594897166582,259.35940547768485
532.0,282.0,205.0,279.0
527.596115651961,294.79902227930916,212.05520821784546,276.2995449140469
527.745260342876,300.5873738218379,209.37209723868546,258.62201776089796
525.331378859745,298.02229014417026,209.66364742647488,257.2170157279288
523.3980771201159,295.46069955545136,212.2249708964912,256.50170133607753
521.0381879068985,292.7362682199746,211.47202449780104,256.29792208163417
520.2466609247128,289.20780830444073,211.07680593974828,256.58350249178284
525.0,259.0,195.0,274.0
519.5475492851997,274.3289088429574,197.0141332021626,268.0851943605825
518.2302881971293,276.5599312880024,202.34985856075332,265.7529303470037
515.1067643901374,277.8095700399833,200.11414798920805,261.6289666510088
510.8739965118112,271.21020783318363,207.54072507585482,260.688348008287
512.4051391647622,269.98871651692116,200.52872962562935,271.2674398324035
508.8256787190745,269.61205676567806,202.10189296538783,258.88906772790756
519.0,249.0,184.0,269.0
512.3357055633783,266.75950228211974,190.18315210452624,260.23118745288724
507.6416817944933,269.5945476300293,190.01790028601175,245.7748119788845
505.74972811856736,265.51541700623693,196.58616071931357,257.84737029181974
506.72598397037723,264.02170289715775,185.30501125596243,248.69468567678132
500.9173824933574,280.1636528778781,197.35272330377643,255.96831500129724
504.88890184269985,297.36340767325896,184.04124328662874,256.75045596083055
505.0,302.0,183.0,269.0
496.95729829588424,335.6246138750067,188.069068520099,248.71520554174134
495.76091515041253,336.2535738499305,192.24585659513423,256.7614888067419
492.946910553212,330.8778994661941,188.16212822868,250.596805447733
490.4363729305903,323.9240563075855,192.89888781370632,248.05756975101758
490.3554392452588,316.6940307090831,183.69195088116612,245.36549805915456
483.5988485096068,318.5259826344518,193.3623239374473,232.10869727080444
490.0,287.0,180.0,255.0
484.71277452497156,295.6123281807086,181.51554756988116,251.71364786866434
478.74506697110246,291.4054612880854,192.65831616736568,241.9467399966705
480.88626285148666,291.90188341028943,184.80564418646873,232.54050340801336
476.8549478368058,280.9371502162828,185.66092811984714,237.61461396563232
475.6097188679016,281.8977697536752,188.31576308263698,227.47217101371461
473.6480625049668,271.2188913216471,182.62241983970137,233.70326122461483
484.0,245.0,166.0,247.0
475.10358098118,281.96519794272945,175.63946543436225,225.45621995214708
473.4521556194523,294.0471377360964,173.7796385811352,234.93014718645395
469.0816285240528,312.22840507810116,178.1914272112674,232.08061848271228
466.72239559003884,328.91306964233263,179.4989552516967,230.96221752398378
466.200528371069,345.479427489715,178.70350191780938,230.4068279676252
468.6322247713217,361.24918494684766,168.5847902580424,231.29472636072774
470.0,352.0,161.0,233.0
460.73534649392434,361.3401498165131,170.65529149447445,234.5002058453582
458.7091278873076,367.02698177906655,168.8999928518395,213.3703659276532
454.76436279958034,364.91702364187677,175.93399996936932,207.20300982214212
456.0634469159885,360.8342442366338,169.03857046396126,206.37221247727666
454.0996239759923,356.89454456984276,173.43963213585192,204.94032146063523
457.08621551248126,353.07002025066004,163.1702656245622,203.91214105526012
461.0,326.0,161.0,224.0
456.6067945703164,333.01647820828384,161.89492833653026,220.98157492042844
454.0394999198465,330.9648779577144,167.89111556753272,210.49556742311552
451.81829017299145,331.48535440345404,168.4630485871382,200.9341048532542
449.6522432147955,319.4120130846162,170.09508249313546,210.38650582383366
448.3216604859599,319.3508859437052,169.05362054876605,203.26644483939162
449.27225744308134,305.5560133233556,167.28541639182413,210.79100433315318
460.0,287.0,146.0,213.0
456.14434211173125,290.85933449441654,149.63861997373874,216.1964071389873
453.3369227702102,294.5946884747218,149.14117876448756,202.03546529570622
453.78292903564227,282.27483782426316,146.84327349514058,208.6053979361559
451.95924761404603,285.9585361313855,147.3199547336544,194.50291898465957
451.26307393033403,295.63193641418366,145.57031276474686,202.94316192589577
450.5243080944838,311.11019387097275,147.89991491169235,201.33538201022776
444.0,324.0,154.0,200.0
441.03933021325554,350.7459549983673,156.16147460155537,201.2056110262023
439.2581861886508,366.78080143474546,159.3940507312841,198.61771284401385
435.5544174809854,391.4201457402555,162.6179371656475,190.6637250001014
438.02822027278194,401.09769812823333,157.57029905274658,197.32832630495227
435.2558917594643,400.6550424999657,156.74017557431415,191.4973927129363
433.9985136965613,397.92150345312166,157.9495203926183,198.32375736834138
443.0,385.0,141.0,186.0
438.308402585283,392.25306490566203,145.56034920918427,190.91692517276016
440.5818560317655,391.10779384219063,137.8353617360358,186.95135984750812
438.614428108968,390.17284623813225,145.59321223994652,182.69881849684998
437.4489992983731,387.87310462517235,139.62501564900094,181.56416950520315
436.09495604409335,386.5867567356672,144.52840369443174,177.68444208009169
435.3858311798365,383.8646497338509,139.99153140647172,176.42623496084002
432.0,365.0,148.0,183.0
430.70158054118997,370.79613757198854,150.67285919875042,186.9865534812859
428.45396944412346,387.72283903192624,151.2718804166807,182.51820692309548
426.27325283925893,410.61906358823467,151.9264844559666,176.7658078934403
426.170178184333,419.6004987681935,149.45938918431608,183.86456386218305
423.77926770860444,443.1573746065287,151.29061268951483,176.98946484407088
423.4219627685736,440.2906341908583,149.9548762873402,177.80887234884267
427.0,430.0,145.0,178.0
423.8405040465,439.3199769661221,151.18461256333262,178.36346824092607
422.3137765661288,437.416280574394,150.56248348394445,175.66590609360333
422.09007402816735,432.8859470964778,148.43777575936247,185.96751172321888
419.3138327428469,433.26615177672556,150.30165693791605,187.60866534072397
419.3223413768394,434.39458683485566,148.92751894335652,178.64280854262392
417.9720770534806,430.95241700823044,149.45361057241962,186.96795613249697
419.0,424.0,143.0,175.0
413.8917517272848,435.3821957976341,151.0371885168936,175.9658829059528
415.1130658403886,430.74230241390796,147.45721418152038,186.3867419996791
412.58657452655996,431.10537724220626,149.40034798362728,187.5421916134028
411.18638076237414,431.887954767323,149.39186639196555,188.6650699912807
409.00455818833507,432.89648708721506,150.5321665030624,188.66978390521626
407.99991345959916,432.57600918695994,150.53934553034605,193.97649530914293
408.0,425.0,143.0,181.0
406.0085381613899,434.02344934904613,142.28360811129096,184.3766695444366
402.5949567256059,432.9524578330834,148.11312013776524,187.6360541954142
400.24740498666,433.35681101799173,149.64352843892067,189.2668759693221
401.66889064938283,435.59877135836837,147.64241792510182,178.6972098068503
400.515268006817,431.88910851434457,144.91459420179285,179.35866878954016
397.4166042413355,429.403428389116,148.84606400132287,185.68445887374696
397.0,421.0,145.0,171.0
393.7681297273832,429.81141655142926,149.99232252026422,174.47932334340783
392.02867447902725,424.7287357001153,150.0902066328689,187.05510264105192
391.16537079413547,425.6628925229895,150.45156425746404,175.21323417981876
389.0404621096144,421.1999326875098,151.43300456701456,185.77339997400372
387.5314047714124,420.6061286480558,151.06005815165503,191.69081710551427
385.8620624732041,423.07978756550153,152.51088173107985,175.11697749352322
393.0,414.0,135.0,174.0
387.9687920216368,424.0271140027901,138.53348641000252,177.65928890477744
386.9112173573233,420.90657473953206,142.22760392894048,185.98950736419613
386.08180022380657,421.83740554964766,136.22394892830016,186.55705115097794
381.7269729345621,423.3585446625723,144.72265982129534,187.73404646667905
384.6770442792622,424.7075415972532,137.8050535922921,178.81961717813556
384.21894518787553,423.6936092112412,134.4007080353433,181.54812919964343
373.0,420.0,142.0,184.0
370.2708774104815,433.0027462753674,147.70980350898287,181.44416969158272
367.1852735188347,434.1693558410295,149.25142873938626,182.45824112935134
365.1069963863667,434.55593117637113,150.16133554203913,173.74970662655164
365.87383851668085,431.37391632705317,147.12434918241956,188.20864523671855
362.1041591828706,434.337852599318,150.6735593627027,184.1927377183946
360.181372969864,435.14313732133064,150.97700982620597,184.23333959152035
365.0,423.0,142.0,179.0
362.7487605466816,432.35485000625636,144.18964956214785,181.49087991110218
357.7530002176941,431.62904529412117,150.83817549940318,184.54822139900807
358.83634729238725,431.65595818930535,148.4724562951643,177.14706578812843
356.17721306647775,428.42697077353114,149.90829779845262,184.9961498186217
354.31301444259805,429.04952127917613,150.25489617004996,185.30777314287445
356.14767475619806,429.1752971509127,146.15337201094815,179.09897683033296
361.0,419.0,138.0,178.0
358.7222338329845,428.5878620456881,137.69038637768818,179.68284160586154
356.86541777538747,427.9103514618473,142.7642382656282,174.25206992595258
354.9138032724612,424.84090758318575,142.2608955318375,181.11796427419847
353.35002534572527,425.3950489156996,143.35263852166634,181.9062062787707
354.2055601877289,427.24074420991565,142.25673032521826,172.85210982773424
352.5063923328983,424.233835104832,138.69541226984524,182.18110216896855
350.0,414.0,142.0,173.0
348.7638676516799,423.74642537893254,145.21500096519912,174.93212377386413
346.69884894666404,421.7998922433544,145.68653929475647,180.482968828911
347.47229677887066,422.63520030791847,144.15825897557966,172.91732190217374
345.25743702063187,419.6875566005144,145.76897085371604,180.4411598302437
344.3041432409336,420.1831354839999,145.52113951258673,181.82067218452175
344.3428391992357,421.42173306687596,144.30897249499696,173.68697414979852
346.0,413.0,136.0,170.0
345.3748477027452,420.3885725501134,133.95504922747432,174.50276756958885
341.20229988470436,418.57582231974993,141.4743033785996,181.28657019879824
342.2047633069765,421.0571111935444,140.39207031594515,168.7865954124976
342.6578363703578,417.3998340499718,137.83374348502247,169.49064987831446
342.07373360156015,415.1532895590408,137.95343048794138,167.73628428446364
341.46197604333287,411.9959889481995,138.33330458521033,167.6294116924031
339.0,399.0,144.0,168.0
339.34440425075445,408.67552767575154,143.62766786361544,167.68279106075335
338.4588765590455,406.6161076565513,143.31652047671315,164.43836506348384
337.64159757387165,403.4491849360934,142.3201072134965,162.4239775780178
339.0722708809158,399.34064237819985,139.533350702483,163.3910080527421
338.5509882889987,396.1231624467132,139.79299830362095,162.64047021053352
338.57133130809575,392.6150692990941,139.0686082460889,162.49752290171045
325.0,382.0,150.0,161.0
327.7283533348118,388.56324343981765,144.07320611002103,165.46227015468372
327.67930786812906,385.06767520339565,142.99063765984926,162.11430447077316
325.76102026453424,381.3089657460898,144.26272495562137,173.74448281672744
326.2546426701032,382.36000293048653,143.6341136025137,160.81730826613875
325.88180443555393,377.0111593769507,141.91607900605226,176.93697045754107
325.80280171321283,377.9009220135488,143.39076258411114,161.59072237241708
328.0,369.0,146.0,156.0
328.97025835753993,376.3564893078801,144.4776204255154,161.56695928846239
327.5706136143883,371.75737537827854,143.2090660814867,176.40926237533643
327.93527730981305,371.5898007664556,142.47929561925537,161.85878172744185
330.1563229171881,365.824612956945,139.4039083585131,163.0613403916651
328.23187631037035,366.9864901279444,141.41067409517325,168.8487669313156
329.84395885618744,365.7645077341226,138.6626316224274,159.28155398508466
340.0,357.0,127.0,145.0
338.1984427427484,360.2211682515208,127.70955373946788,158.69048408656204
333.5227034355048,356.17136678962834,135.27611415204592,174.45456607029882
337.53481458542456,376.94155875591423,130.24678633538508,152.50700053376568
335.88776737838714,371.18714559738714,132.75735036588833,173.9935828349527
337.55994873873465,367.8252716119342,131.1457983465292,155.90235583017568
336.35970482054375,363.65313840273075,131.30928310978658,171.51868296769885
330.0,357.0,136.0,140.0
330.44422088197825,379.6921675618663,135.91175188663425,153.66955789388635
330.59582614725895,395.3590600230327,134.55424815720716,151.54954560804515
330.09990094607747,410.05072887573533,132.67698760066014,171.7837141351398
330.8771057093869,427.2074860121098,131.9821548526233,152.74501077311413
329.742124647991,422.80186412320654,132.56442057926904,169.59603764610847
330.0159611444578,424.3745514931061,132.32571347551635,145.68873684028358
342.0,419.0,124.0,131.0
340.10560735799885,424.54198235017304,126.72676520438387,144.1394483411566
342.21703078744747,438.0359849898084,124.18634279403318,145.2867010998417
339.60378287833504,436.48715949544567,127.63385953705608,159.30557132829563
342.25808813783397,437.5409125454976,124.1693126551952,138.33008994789634
341.48911428390176,430.62624985465845,123.67938564099398,160.69190363048733
343.4841318488485,432.988100629178,121.80093189928971,136.69327710592597
339.0,422.0,126.0,127.0
339.6670579414342,426.65536532224405,125.48723278473096,138.31345370073393
341.76961156364376,420.13539652186705,122.31721514891302,140.5519943163522
341.08276600225645,420.4695350437246,122.99495627045553,149.90513795646916
342.5667650358287,420.74893374362,120.92276148464111,132.9596425286618
342.48666821209474,416.2298049923411,120.96458402938237,150.5745108880219
343.6480081673128,416.59338407193263,119.87567540764394,130.65064679766056
348.0,408.0,118.0,123.0
347.1791467775853,433.63869894254094,120.63878988367134,127.96505917720424
348.15652377319554,444.89761901618726,117.52425309548505,147.75861297228016
349.01671930971304,464.4696009546426,116.52994693402604,129.70442709555323
351.43500014002024,458.0099667076097,113.67570815106029,132.88996910037974
350.4517398123553,455.9076365147016,115.20272968738942,144.92400854339405
351.93376198740344,455.90939678670236,113.58527136298136,126.64018185004898
355.0,448.0,111.0,113.0
356.7189328377203,449.7694537453772,110.73188092579761,128.08444258492273
356.5286025000905,445.7083308972278,111.49069083593986,122.2165170248777
356.3845877278387,442.703616136856,110.6640801748124,138.9737422635469
357.88682922980706,442.4139522102687,108.89519145838256,122.05739217560449
359.04929990222024,436.6351703695218,107.71281984842392,119.86926962251255
358.4889814558653,435.18166634353645,107.456273710814,131.58205243584632
347.0,429.0,124.0,110.0
353.9199569953362,430.67486996624166,114.4168532329594,123.7715465284607
355.3329753089083,428.3920490591777,111.72696239388097,135.6667978655572
356.5197827991642,428.96285444013824,111.19319952386542,122.46371035991433
358.2861605701723,426.06755501477164,109.39605271991951,136.89740838662374
331.35927179194243,450.4067255100888,108.50121259148852,127.21475885564246
332.0965934963897,457.54019810979025,107.29651466879841,128.6677844252847
361.0,416.0,112.0,101.0
351.4927651854282,443.52456401446693,107.87876278694728,126.8359989036419
324.6605890543874,477.5283362203536,107.83772020147592,129.82391891631278
284.43577416725225,494.6225854453444,107.427644307082,129.04141026596199
244.6912943985147,511.5049688130024,106.6704618333205,128.45964986249146
244.9607048764488,500.68014732798656,106.5844133682952,130.32348786403122
244.9357902702005,540.3428269399435,106.80118515098249,129.75639241155432
373.0,402.0,108.0,98.0
374.1497590856508,402.69043396427105,108.28312731505804,116.35955867580242
373.94512165069534,399.3435796636679,108.56234887448738,131.22606657506594
374.04357815471303,397.7505431243769,109.25702667151239,119.27549983061863
375.9637143598202,392.18305303013324,108.05326827856828,115.4824297142851
376.4525008548491,391.9136606762496,109.9339540860895,125.76366510049672
378.68345776971637,388.9255437340829,106.85460370482787,116.27483806152577
380.0,380.0,103.0,96.0
381.21810983139306,381.0282757715446,103.49762964323673,112.47773283098184
380.8865802844235,376.55220943020004,104.61629329162253,129.20708841865644
381.3407437574226,376.5813498742957,104.15503710080287,114.5367501195517
383.01572749956347,370.34787721216253,101.66732857015239,112.03930325826059
382.1425885949483,370.6380161483753,103.62637724123891,121.71638230590105
384.53607844034264,368.47325292157655,102.50068581200753,109.93987316820244
394.0,367.0,99.0,91.0
394.0393674668316,367.4283569836223,101.8529889150015,109.45524560540298
393.43828523182685,366.47267303598437,102.63755035920735,120.58528997204837
393.71225649246844,364.573304468634,101.88348189213622,109.44825577464599
393.07464386195664,363.88253834915315,102.83416225354415,119.65673886355273
394.5677795156847,361.369839202747,102.36801183393533,109.54249955772309
394.61901573306153,358.8847261347073,103.55876215109367,121.740047406538
399.0,356.0,95.0,85.0
397.25548211627336,353.75624549114616,100.86127062754417,108.18272630305898
395.9360302064973,355.6594628556096,103.09630001012283,115.75127021521564
397.7829994761354,352.2626623667536,100.17498829564147,108.87547494059072
397.6498226144541,349.30014219637144,100.43043403792484,121.9994388421909
398.50798165378075,349.01061860578056,100.29284508709435,109.48823453777368
399.28786417497787,346.4080821665848,99.48633325381718,123.15275804400989
411.0,360.0,89.0,79.0
407.16873507009745,359.96200760307966,97.06816470852868,121.81584142902545
405.26906517630897,360.0863497885862,98.38942266325915,110.05204638514016
406.65560360735594,355.27993570570175,97.15491834555138,106.12334389042917
369.7714234941816,397.0847403037151,98.22851801225647,113.28149827619927
337.3972878743575,412.5580248061903,90.72778217235964,112.25429421623147
315.3066687230389,458.3491397257885,89.42575030638858,111.28227671796822
418.0,403.0,85.0,78.0
416.60382820552525,399.29068780893067,87.77424632925488,103.9639964282054
413.8914544277716,401.8985340056078,94.77066414412081,109.09393711370075
416.37059117310525,398.8725675214798,91.67746978802194,103.43809198711295
416.50827132479515,399.6461636992465,91.34056840451927,113.05317332066625
432.4124408356504,452.0399813704455,86.37994111464866,109.21564001136335
430.98536624824493,463.0393597443069,89.08531889634622,103.31915927249997
428.0,389.0,80.0,75.0
427.8163978887767,384.2649559655747,80.73214746411054,101.51536326999576
425.95109725745175,406.3304842563808,85.87688416083239,97.59565299928556
428.010251712434,399.39215324833435,84.32230743027702,96.42709439641749
432.3489917368056,396.0448260545006,79.86688780689224,90.98272469854749
434.60844433332113,391.4778633422111,79.11263213422535,90.91258866789985
436.4761436816318,386.46142380900426,78.25706523070517,94.4752530560396
436.0,400.0,79.0,70.0
435.9103317270367,399.6836841392461,81.52824026252824,86.59922887753999
437.7168663257578,395.2977947507625,79.28375370518472,83.4230934156949
440.5798765931439,388.519353588538,76.09174608680337,84.7777618276084
440.07130123690695,383.32718605303626,77.37915256351607,85.72639090964333
441.3267332454875,376.33318831133005,77.54022552093284,89.94606905959273
442.314107658813,372.51529997738453,78.29964694629086,86.87916466636898
443.0,386.0,76.0,63.0
444.92049459303183,372.4866867175883,76.10070220781296,82.1324282167634
444.6061724279288,366.22520786442294,77.9444945281079,85.62214514096149
446.1817398333407,373.21894115050236,75.180480926141,81.80639299228642
447.82898760230705,369.2652015102881,73.08472207789885,79.6954569407635
449.74578184867903,361.122426935729,73.67896985931645,85.60846744883412
450.7374583637773,359.31448415571367,75.25670661630039,84.5484887978912
455.0,374.0,70.0,62.0
456.6301377181451,362.27491834917066,71.49789175740909,81.77945300342105
456.40696392638733,368.2087166354827,71.2346891114048,79.39688848860237
458.67632450258543,364.72862038548146,68.8629355624787,77.90182006918303
457.91499561354726,370.59518315321475,70.00155924376861,76.69936700442122
459.0231063246988,365.53414740835296,69.09163666689813,75.99380242712016
460.3640044982558,359.0856515881824,68.01656691776031,77.6265392071798
461.0,360.0,69.0,61.0
462.1147801866791,360.3873348331747,69.5449360073485,73.80398921661458
462.48544895851376,356.53061731511275,68.40372309822499,72.12030791833968
463.22981191642657,349.88998937418467,67.3372627964369,73.81319869958884
464.4775909936161,345.01574288382494,66.7361385211725,74.44592530203414
464.97601223943013,351.2825376440501,66.25676558695761,70.74068089023967
465.09277948245636,344.56641520617353,68.41712087358445,73.45012191951986
462.0,348.0,68.0,55.0
464.5337414812303,337.16030802487796,66.06738496843707,72.55337998801025
464.59815190160725,343.6806527608916,65.92844509313329,68.87973030677108
465.30574403770595,337.83941698751096,68.20537827057944,70.99684609301221
467.5412038444297,333.9430959007565,64.73375881216532,71.27021879546612
467.8049736482401,330.7412587080905,65.1715683371799,68.42819233433386
467.5080757320411,325.4004482166192,64.73893991394095,69.16769244426905
472.0,331.0,60.0,54.0
470.96492707138987,329.7185226378797,61.16326579443012,67.75124220836005
471.2377082277639,323.2302956807049,58.59434510236434,70.77603718607872
469.99702221537416,321.5279194486575,60.055628732605555,65.78546794113208
469.6898016217399,317.2100671239841,59.23720415938476,67.63317893009798
469.54847438993625,314.4335886107101,59.022078548562604,66.69943386837645
468.2661317074313,320.63026504644654,59.34976740906109,62.86202974920866
461.0,319.0,63.0,51.0
451.72672783509125,317.76633854368333,60.830261582953824,60.72371392556897
444.78179427156124,312.2654911294428,59.07897832170386,61.40131137333424
437.5933336901792,315.497381100884,57.33673535943922,60.65019986525249
423.6374176811702,308.54902128203275,60.835541468925726,61.18128658589512
416.2026949885076,312.19582765498353,60.060621287864706,59.19914432985797
409.90615366436475,304.99756359744697,57.147154056500426,62.488568924209176
399.0,307.0,62.0,54.0
396.8385320691048,305.95527584958995,54.775231866523086,62.26568800488781
389.2073421048045,303.03974824036254,54.952528309034506,59.82346668024894
381.839594191518,303.6964803655188,54.623922581348495,61.20523411630734
375.15781800973855,301.05797067205026,54.18509555962294,59.14241419450582
368.50966842935327,297.4175346252523,55.61176008487212,59.5795320590654
361.71355105801456,291.75775320387663,56.47266072777768,63.014357548650764
349.0,298.0,69.0,48.0
350.1410682573587,287.67277285668985,58.10220408714122,63.06827991417208
342.83540504116763,292.26038505239785,60.502792198239604,59.156178897880636
336.9055268528082,287.3919302052627,59.91170686520741,59.09131921520839
330.63622936114564,290.232960620967,59.75882898687496,59.93259775168292
329.98457722105263,286.0966483920241,61.53013723967206,60.64444343905109
324.0035915664794,282.2383618399531,60.84599797039675,61.60407586543732
319.0,285.0,73.0,49.0
335.38729750361335,284.2602605343918,56.29166217048851,61.655010880852615
334.5331336699437,281.1878549461378,59.86415874235627,60.0959893663769
342.19323005384115,278.7308679837264,56.48522172125513,60.06553117216242
341.8585118598461,275.21026904976645,59.7633782253223,59.0932947995409
343.1060202601375,271.37561133829945,57.286038435631326,58.77469423293178
342.7300542728277,265.0901353935169,57.36987169742491,63.07027704384751
333.0,271.0,67.0,47.0
338.53737047440995,270.03246986601823,56.92074078016719,58.07372325920221
338.180453349496,265.39337757420753,57.305208577070516,59.12161850758821
339.1362373750967,266.5372898802059,54.697229302154085,61.57567165568457
337.85115213060976,264.88085675621926,55.37974780291836,57.13100235648312
344.1073905373446,261.4531639377765,57.18050898160516,58.97220233004106
350.5497069640537,259.03893382740375,58.867707190534475,59.073022391141194
348.0,257.0,72.0,47.0
363.5219381340727,250.19329703831932,59.3211626437228,61.30285589657365
371.62172125076086,254.30559411334656,54.807924613896716,61.158269965484976
369.91813845419097,251.40529846948937,59.24367628418679,59.5112105970822
370.3935470090946,246.45144761162138,60.16986425188952,60.3780843185053
378.2907693151501,243.51887288305034,57.53484254039904,61.8728162930592
377.6990925008316,241.04898028055737,59.88089173389062,61.37751644880814
377.0,246.0,65.0,47.0
382.6446222283481,236.890631877562,60.06725881689454,62.381404169787004
390.8037597475204,243.8787257713218,55.027443293852,59.153330427067374
388.7007989131639,239.5302062218684,59.0987012921579,59.73633863695056
389.84142296833727,235.03436471776877,59.36940136513431,60.01248707166269
390.1713702975612,230.64878689461835,57.86061357885683,62.64272559744114
389.6501499728679,235.9804535876114,56.91323570484542,60.514666995955224
381.0,236.0,67.0,45.0
386.46697440090816,227.29577187283303,59.96670531437394,59.88950048703799
386.6551635622957,230.91587333751318,58.509156232388364,60.67943105685117
387.81146024993643,227.80936286977806,58.97299764932836,59.11953114836024
394.9618028468914,224.87278002947306,58.11456118134868,61.14823877869725
395.21842616068443,220.7484572664245,58.95828555404137,62.45761960766009
395.4752568863105,224.0389864290678,57.28825604322083,62.11542946712029
389.0,226.0,62.0,48.0
393.3568225451854,219.61317133861598,56.50412812935912,60.532660586826466
392.0484566567927,224.24337843166694,56.3852680276766,58.11976866118886
391.13883999441066,219.80625127136028,56.11886769420033,59.26581265058553
392.210538252227,222.50052188242864,53.29180661848102,59.59730502893524
390.3749116959498,218.979689541261,55.01171531298138,58.08879667156447
390.7590526968288,214.5410513377135,53.647165948471525,61.56073121695016
381.0,220.0,63.0,47.0
388.9953114682275,212.71264150872867,51.269922145322255,60.9701844540358
387.51065360107333,217.76551485134252,51.77350453483979,57.04145488556702
386.7644364446143,214.6285007531567,54.116040619266585,56.94054101119434
387.91141769294893,217.29092663219853,52.77271259828137,56.82651221551822
387.8285042492529,214.85313526812274,52.987714021932504,55.8277394665472
389.43924836053156,211.1188197612629,51.43054089501129,57.73122165826595
384.0,216.0,69.0,47.0
398.49219739902173,217.70609639766542,52.85214028720134,54.89215284720069
397.86714505659927,214.25872346352276,54.442668500541004,55.83857716103671
399.07574196645646,216.0418368400962,53.15318519913035,56.540337733802346
401.6890485775673,214.16460783834373,49.6196464407501,55.74335334059538
406.1214899200652,218.09220222455963,52.28414366015687,54.9368321510791
405.927001353004,215.84747524177828,51.866308480299494,54.4554195432147
400.0,217.0,70.0,46.0
410.995478028356,218.4322047275851,52.0610794618035,52.72774843596693
415.8187995732169,214.2841818048253,55.17849863591698,58.07860553236341
417.5850512834169,216.99649195669176,50.973323849474696,56.68842173869999
419.6748914106647,218.07768428590896,47.719602065188155,57.34821149435197
422.93582317672156,218.15370672398473,53.12688776801991,54.070659292624384
425.2094229652613,218.92850640784408,49.59285518716854,57.0883894051739
419.0,220.0,71.0,45.0
435.47555658596343,221.79393928060347,51.87521225040729,53.995695854091025
435.5909451929575,219.6449455308575,51.42807913027838,54.32058091533918
440.8146050229467,222.73216649464848,53.348616363385304,55.13367670968478
441.4232654311369,220.96665291162958,52.27875971413545,53.758003918347754
443.6687967081839,222.44010735482823,50.28980424510837,54.883631682383225
442.89765657690987,220.25967661300092,52.166800600994065,54.32542616175442
433.0,223.0,68.0,44.0
443.64696214932655,223.30093085123553,52.51952741728019,52.70591490818333
444.36411737147046,223.47127070182904,51.58283901498692,55.495951213948786
440.1443340136661,220.90167072291717,49.848394287745066,52.691219440114196
440.3233179518496,224.88078627331197,50.92612950316709,51.31223574971227
440.2818946308357,220.51134450307632,52.58890599991673,54.78579938096891
440.3829151347628,225.0062757616841,53.39582703786334,51.82842880845271
430.0,226.0,67.0,43.0
439.1053936522626,225.73404051394982,51.708837862551036,52.89011747423888
434.4539218816078,222.13480360928008,49.70732178088383,52.47550492966093
430.2634874335767,225.40891656573376,49.33236327161836,50.54477060084662
429.52960212499374,226.58107613232573,50.55808004378463,52.64253267779873
423.06164734929723,222.24494080785735,52.68654635735004,53.594711502753285
418.01184549264144,225.54630196511687,51.432482787553454,51.09613642532082
399.0,226.0,66.0,43.0
400.2084151937309,219.06260802406103,45.89608031708008,53.15201666028628
394.50435091912334,223.69529373604962,46.119278237319975,50.1665319421827
383.19183616392684,223.6551000249861,47.58183559505835,50.99654596039039
378.77398257741197,220.2995606895803,44.969895952404386,52.217319341343114
372.4397340028867,223.79819011240488,46.078746112070235,49.11334326745532
362.56974251365455,218.80945414487826,44.09274419909923,51.29133233257653
345.0,224.0,65.0,42.0
349.7728588778658,222.00693995023914,47.102627693314105,50.327287166367
340.4569393763221,237.95317299210592,45.043367579743744,49.90576283886827
334.30563618336646,258.6584693645548,45.299055248776085,50.50561515077288
324.45178523915575,274.8040128270709,44.25911483944617,49.90877524919381
313.8434728765146,275.8681634987802,44.153632590083475,49.61828463376651
309.2503388768931,273.4471246090686,43.232606263168236,48.59597294198471
288.0,273.0,65.0,44.0
290.7191066106574,268.2859795084564,42.575193076305084,49.46585069826881
283.7390075629097,268.9166132490883,45.876047534998065,49.53499585542738
273.807300580184,264.9389018296424,44.07269801019356,48.65811141552581
264.4428352849028,280.4017811676441,41.75764473815707,48.56638169563172
257.84081671269485,301.2048692644621,43.733218654777545,47.90862377346912
247.7113983352574,297.8025219995541,42.98094711070269,47.78101274149759
228.0,299.0,61.0,41.0
229.2784464164179,294.1050333311164,41.946122941776906,48.06159356678597
218.83548438145743,294.74899264213036,43.40137744651605,47.383362090056835
209.41680530282963,294.6820528847246,41.38348815056315,48.73339629609177
203.79060571058983,291.5392202699825,41.77732937904182,46.8374098408558
189.24723148157045,289.89696964821974,41.273707483864115,48.27145618770942
184.4561322578249,287.9820151510314,40.52195719714558,46.69498806112415
166.0,291.0,70.0,39.0
178.57640603520335,284.7239526961927,39.08289253059377,48.22422386676857
182.5670776136955,289.18262988493825,41.359299195833245,45.85651727036475
182.75575673028573,286.1435793068752,40.620738088920604,45.99994398373576
173.9159312107839,282.08421532784996,39.966124755096246,46.507755351158835
169.73163298231904,282.5635421615617,39.90750882002385,48.29426883729013
160.93749276645636,283.4902333418336,38.532264553734336,47.380144026318476
155.0,281.0,66.0,41.0
164.83139988979514,277.8416814963566,39.52172221106423,46.150464667749475
160.10501435818279,278.95240430000047,40.54352124135437,46.20263173627529
160.20954256546432,277.275252726449,40.21392735960353,45.425650013211
155.37260104536458,277.73412099558453,39.95484026872887,46.36874540277546
150.83095833152765,275.72088967699415,39.571515723372386,44.81531917425838
150.46881119278794,278.8663173728315,41.063559552625975,43.76603377342184
129.0,277.0,69.0,41.0
135.76864464941065,272.9410821491192,39.1818328118417,44.06926659536816
136.00267615612188,276.5667302147456,39.52503534461158,43.7623571052975
122.61587370957031,276.0589555155317,37.983522716380264,44.515594420144566
118.5802825771791,278.2057501597028,37.3516807966314,43.44366782770635
123.54764760964565,275.97029399456187,37.92999687220902,43.67932354573895
110.99660980820329,276.24630979191215,36.485611244589506,43.293027888870824
108.0,274.0,65.0,39.0
122.00523956194002,276.04120610791483,40.755823445533906,42.818365846280585
113.66318923869997,272.8352484620059,39.146985277758716,42.434505984285806
118.20946984748832,276.8527500898217,39.1307179190228,42.42603834453939
109.07292387385587,273.70822137133473,39.27647676298102,41.583371817263924
109.23301821417206,275.7952913098525,39.94899227202552,43.53891596323683
105.01532448178423,272.34736566595956,39.87284602731475,44.91730111252713
82.0,279.0,67.0,38.0
84.4180129199319,278.11030728882463,37.5141864205994,43.80861915894479
80.52535891432947,280.6547927092655,37.1970382602602,42.806145419934296
75.70832722137803,282.8011414400944,38.287441479524716,42.41629527794839
71.69750205933124,284.9588537386386,37.11495343625356,41.65474142493747
67.79659270124965,287.0512338986207,36.334449176375074,41.3560361690586
64.22342859084645,289.34260362054056,35.77530740078669,40.802676270613574
59.0,289.0,67.0,39.0
62.851712736500204,289.4069886996357,35.25872438364705,42.52205633358585
58.64007380984305,291.9209862490509,35.72923349331327,42.0548241940744
58.43415635235374,294.391602668377,35.248237669105265,43.05713890310585
63.09108228427613,297.4327621448614,35.22477413637137,42.86769515093266
72.65360582999895,300.9908318892958,35.03553545017638,42.24497109408185
85.52395879876195,301.83548716892864,35.60346139973865,41.68404462192342
83.0,303.0,64.0,39.0
102.8602852727646,307.4746433336674,36.402925637575265,41.68668493300828
98.77088072433716,308.1725915308367,36.56736993564627,42.38471050078158
94.41822240546315,310.14755468033894,38.12502082601594,42.937696019448765
90.49917336374222,313.29491308189324,37.561286549261865,42.16710205183551
90.2362934308029,317.7460005666601,37.62040990938064,39.76490185590308
77.84914180539887,316.96992865720347,35.181013328519214,40.97038673567147
67.0,319.0,64.0,40.0
82.53530558720843,322.0375043707743,37.88303136387614,42.812352348259424
78.50484883742502,323.46714808925384,38.051560865789725,43.34463393196398
79.02880890757365,325.7022683005507,36.93351602711748,43.07061107591517
73.98660727694642,326.27702137732444,37.808030240935125,43.86947109939456
61.85828598304661,322.1788870590997,35.709238314721105,42.935913599907565
65.90979615502059,326.176739389479,36.4946507702563,42.54167557572367
54.0,327.0,59.0,35.0
58.29984614336407,325.37469427680253,36.22764826086448,43.03417744949206
55.153088094972674,323.88361298666723,33.38271317459444,40.62612349677704
45.44862757491029,324.5395210904189,35.97290681067528,41.35803382950547
38.12973512001423,321.8941697003452,33.41507832837095,40.30216352147983
29.38591044379372,322.7698865483455,34.858010165272674,40.72660566268854
25.27900606983794,319.8844067490843,34.9683539535772,40.221831393199636
18.0,315.0,50.0,43.0
22.494902289307106,314.4039779542013,37.12163885128979,42.21285011488112
31.895483054636927,314.65002724050055,35.52874938587806,41.07981344912372
35.83582787645298,311.0043712570607,37.454798846686685,43.668913864144656
40.44984152758393,309.0218465558203,37.983139153756895,43.309311154434056
45.320383634548094,305.3387871622908,37.836868889742874,44.99639924985212
50.5732152872298,303.1913573602094,36.760997881006986,44.34963693415074
52.0,297.0,41.0,41.0
46.27926274229188,294.6669687201211,37.17671238490962,41.72191088389991
46.36014218513321,294.79912331174,37.01132594422245,45.2255659475523
46.32928133131168,292.0941645982039,37.87360034282045,44.42996306888665
46.92673483508722,287.70205883317976,37.953279726191255,45.98266809230245
52.12775292335763,273.98243870429906,37.64476679004112,46.19031792331248
52.451021789966724,260.64035113958937,37.87186602908374,45.48667548379751
63.0,256.0,31.0,46.0
48.40072656116833,275.4356473989085,37.36608225417682,44.74634905450705
39.456131000802856,271.3018453561608,37.18254127489921,44.6560217356045
39.780981193767964,274.2845290950068,37.18774553152655,44.57919626317221
54.16638881430583,268.7418513329524,37.124866996263364,44.23998874897694
59.142745824995814,267.1700248125096,37.1409060734739,43.90694415701353
50.28582812838694,273.83405625714977,37.00303313172823,44.31480495758137
91.0,232.0,40.0,35.0
110.05933083226404,233.66917079090595,35.66337364343414,45.05136955525134
124.7008022998834,241.93957717095577,35.89800163773472,48.85736861548537
110.56540391283504,263.9556319097014,37.06075286338769,41.6849233644524
111.10039523336002,266.58399575228714,36.89832361908182,43.16116250379588
101.96749521811671,265.1924953947764,37.313404891485675,46.324160730386154
102.01181711959525,266.7066256350396,37.75560340909517,46.808579171815154
92.0,223.0,43.0,41.0
109.79882745818571,227.7440041466624,40.36610060712286,42.19378902583719
125.5731387504374,227.19248665220329,39.23938936842883,42.17150709969161
139.89574339126872,227.86658810160168,39.54156889752744,41.61104516851907
140.62418403185083,224.68557564811584,39.41122330539784,42.35623401885704
141.29392857982347,223.81973027377558,39.517999669597856,42.68197308028277
155.59132937205186,227.18922095908056,39.44670698065738,42.83538786054851
62.0,230.0,61.0,34.0
90.15033335588012,217.38840807994814,37.49094659366581,49.467109561175675
104.31684086214759,216.86031818179322,38.10147009955551,49.3660779519447
114.4104741503422,230.6225801088769,38.39019170793881,41.92963512579041
110.41685338019249,228.14967072185414,38.10097273283699,40.13852676956765
116.17542245527649,230.64241981670776,37.06621179373211,41.54841166427494
111.88007467444464,228.0023088437399,37.01089699827719,40.4621457390233
62.0,217.0,66.0,36.0
77.71384518583102,217.24722342919358,39.211421284655046,42.23973172732167
77.57255943589797,216.4810236060972,39.693459669268606,41.91252350213466
77.59374235578613,217.24199875239034,39.37340125028686,42.68598982733718
77.28782162700713,216.46768329937413,40.147139214845,42.240160584786906
77.31579477024073,217.04386856425333,39.55730684718539,43.09345584411591
76.78077274966702,216.25790467670998,40.69531938029655,42.646209027581676
63.0,220.0,76.0,36.0
82.06545871508706,220.28017903182024,40.7446399130839,42.342656833848196
77.23557206475766,218.02045357864307,41.59449799869026,43.357226377480345
77.58778449064954,220.01067196293894,41.59537337065191,42.87443165200858
77.68503276994346,218.5191053494824,41.762716314458146,43.73448518369753
77.44589955563697,219.74068782414724,42.488749547295356,43.836747863254004
77.48502946115082,218.7586717116519,42.517557681899916,43.758739795372435
62.0,219.0,80.0,43.0
82.78162251178796,220.33763281847962,40.95979990305253,46.06190917373658
78.91500640210575,219.16708161504266,40.46023291282127,44.383046304145864
78.91532772091853,220.77088535473752,41.15627091222521,44.75285266459605
78.51178871302005,219.72250833158682,41.581763370237326,44.99906248827756
78.29411690871333,219.7447477860636,41.80427221266925,46.65430622283117
77.3598188239211,219.3741636490263,42.654948249310394,45.840613991815246
45.0,221.0,86.0,47.0
62.64086394823033,222.7006405158097,44.291120355402995,47.76704873237077
62.41733094973739,223.55443511652294,45.16634798399221,47.87835420649259
62.0932086722205,223.19249122456517,45.780494621652906,49.6726296647239
68.20191288036591,223.46183557061693,44.134896541770146,49.31435811635339
57.90089524500908,220.69151258398824,45.515378780925914,49.723497421979346
57.5959997497896,223.06059897293278,46.524289165971595,49.72267219593448
31.0,209.0,101.0,45.0
54.60154375105688,209.31534471948612,47.55813869227322,49.184173067217785
54.045201318866475,209.64613096666312,48.805117090274024,51.102933712872584
53.81893473761849,208.80427082825918,49.43837682044551,50.48103817676292
48.185273859735815,208.25241803782455,50.01263878760213,52.83269614576068
48.42197435395195,207.83152058601127,50.05598300453593,51.45332045442535
47.766915243497124,208.0621302673469,51.19932559112215,53.53432285256571
36.0,206.0,113.0,49.0
58.32455031762453,224.40991412562795,48.905767174418855,55.85689606772206
57.18646179536154,244.6128323413975,50.96724227014056,54.12738146821113
56.82633416220267,263.7282946004998,51.64465019493747,54.9445391771369
56.22337598973263,282.88878892326716,52.57017360499219,55.98836144488291
50.806458677923274,282.2018814939963,51.82924700148014,58.0589484043378
50.0759775063315,283.0193763211545,53.08099987302771,58.934085174661845
53.0,172.0,101.0,76.0
63.159218248190406,180.50914273199498,48.39460953202899,61.917973234856674
63.4161630829727,183.39079900411394,48.65831830904406,62.33645374532193
51.34089817898283,176.21478778754522,48.75862609915675,64.66361418690894
57.72250360972946,180.8399970702052,49.239146388621734,64.58777075562494
45.32283405580737,174.47508185089896,49.53884553354681,65.44188827821108
51.926491084849815,178.91300543463592,49.76485377474111,65.99029907610327
84.0,152.0,103.0,78.0
131.43279602741052,175.8408792286639,51.079319728546466,62.51251341398145
151.24432137722397,159.6130338771868,50.72659965826142,63.09245787267446
170.99309385555293,159.0123020550292,50.46757886309621,63.603706136036834
190.6737237165933,166.59500166101338,50.65243308258974,62.787609987958206
203.5603213594625,172.71972222384926,51.279661904916765,62.26149865576886
197.7312317052397,167.40180892339092,51.00369341894154,62.61511421879703
85.0,146.0,108.0,90.0
135.0096178208538,175.2264242169996,51.43796166012288,65.82434492421214
154.90228779181157,160.0246927449192,51.24928383915963,63.893902088713105
174.9749565781841,174.7479890709251,51.151989525889434,63.69173721933973
194.9362702962781,189.71487088381411,51.242876748223495,63.72665086830034
201.6882748824213,210.37274088662053,51.61480743755715,63.21587439461189
202.10358519130781,229.65422236743902,51.631355768922674,63.119514497599
91.0,214.0,110.0,100.0
142.43965901442698,218.1700689321011,51.37960030312502,62.69074047842102
162.44744872382407,217.18364871025042,51.11358305733009,63.273289667645116
182.19377735398908,239.50625284851571,51.36639280279704,63.88906895412191
202.10238654928318,246.68696810490218,51.512631087544065,63.59274969376946
202.52702337873208,242.64253360837972,51.57822077513032,63.47925907198169
215.6287182553637,233.19638936692,52.04948970463522,63.48753241649294
85.0,229.0,133.0,95.0
147.73054406078467,229.7292891341665,51.45105323506573,63.32603567913219
161.282141389765,227.94973257535406,51.20499776812642,62.8917410784872
180.9788935239928,257.54181620679446,51.79904360825566,64.22808918657756
200.98330506101516,256.4625839968762,51.64018495550167,64.59916877190528
214.39179042763675,254.5400147807067,51.74222201209949,64.63099661775078
227.68500192244625,260.25417450942064,52.10645574937962,64.22614497511807
63.0,240.0,158.0,90.0
97.83258823570846,253.19892234993472,52.04693115658857,68.09060697940197
91.30701091092935,256.8530523760599,52.39206019268393,66.21748097650419
111.13437454548935,263.2368952236641,53.01271526781022,66.75950100116256
124.71791923002684,261.37699908471683,53.07299612611132,66.85117509663172
138.1378658930467,259.8236188631547,53.46384137937474,67.4191158232145
151.6495413625143,264.5653091562101,53.64305856672996,67.38874533162061
32.0,218.0,140.0,134.0
64.2236801494106,247.18319785380976,53.30838926475383,66.63687871481665
64.44326543690553,250.98970868125656,53.68971060690157,66.33493927481737
71.21701371061687,255.39427786140894,54.270940582236136,65.76776003205325
65.0302593790568,249.4030112611199,53.86567157753443,66.59893069638855
71.90550993122423,254.12150750230336,54.35334557926522,66.04445095616069
72.74708629302972,249.4822446778535,53.54312772008116,67.15987943827969
4.0,16.0,54.0,247.0
26.863006971239763,140.64661829322262,54.09424039059993,64.64783991768456
27.349470543482333,151.80984620300046,53.88030799742264,66.19406103686879
41.210285536194746,183.29007315429078,54.04273417142447,65.12849344304033
48.302447332151715,188.2740783997032,54.040478508599634,65.24482711153729
48.815263421261236,184.2590021620495,53.75351142369341,65.01063736285496
55.99459296191985,189.23873395255978,53.6961449938039,65.05904581755621
9.0,3.0,83.0,207.0
32.273634168292446,56.281333672809026,53.35300823769096,65.20447588521918
12.59052328433809,40.85719580417028,52.94845730374463,64.41282147971688
19.534571977198375,46.254042656275274,53.08144460220195,63.51822722836826
26.559115274247127,51.49896506837416,53.03024273406914,62.696167234789016
13.989434294584399,44.436919726111874,52.27985453059014,63.260354648484785
20.895394489091746,49.70386335197189,52.43279476971347,62.19022266767941
12.0,1.0,98.0,188.0
17.08062096062325,42.436573838090766,51.735093293096,62.04711146524639
24.021064621888065,47.95823123026872,51.57643344123468,61.49826713726945
37.45795713091562,54.06984663197437,51.50010083992409,60.95177747084955
37.947197614906486,50.29170709610122,51.15236446281264,60.47743293825309
51.31344162831057,56.12220669303991,50.900239786971966,60.4014629547295
51.74587587187033,52.43637931213813,50.650716699959254,59.77798967034194
2.0,7.0,80.0,194.0
38.33867306740588,57.411764014981905,50.71117447940189,62.57951089411777
58.24471620347501,41.9871494824223,49.819260891034304,61.393688978230834
77.79794569458574,48.94951362254338,49.942681706524155,61.71425627055724
96.81064334165264,49.87853793255431,50.85249967696326,59.774037785655395
110.19463363347143,54.05011760189602,50.08057374907244,62.283838930364254
110.34726932441055,50.60135323221786,50.57259311408413,61.113207969227844
10.0,1.0,153.0,141.0
81.99151037159523,28.249726526897945,50.39124126221087,59.28759437697772
88.6810012134442,26.556417844543773,50.06932867142385,58.831463235334326
95.45958698697275,47.323715803649876,49.84314800777001,58.635876648123656
108.41788147851875,73.66830535868083,49.79164714893045,61.207075817916845
115.01904262672196,93.11752531056322,49.96585467991136,60.68738971949
128.0459709758199,115.26390705407564,49.04443135679787,58.826607288961384
4.0,-7.0,124.0,159.0
63.25316143147271,62.95709504298594,50.03805713695993,63.91795423064059
82.07601867527796,85.50516060467538,51.75967053340207,63.15477066668109
102.08244857508352,92.75080984246654,50.75362017709945,62.31953065675626
108.90145492762261,90.1357420199046,50.66727926164921,62.597101839578244
122.08913459764244,96.57719205815474,50.521452218243496,60.64850763094506
122.42046572987978,91.92382018873474,50.58697892752791,62.21818023688064
3.0,6.0,130.0,135.0
63.688751485170506,48.36030666137174,52.2431998677744,67.75260415595744
84.4102252615548,55.150756944766556,51.51783887996358,67.05977170550435
104.16341385795278,61.54019568393778,51.991267889488086,68.45114031257111
110.78076698579333,58.36253023821581,52.53649828739664,68.93210518553991
118.01241795409291,62.405875547003575,53.05568238183113,69.92916239785956
124.95532153017136,59.19955909469718,53.41458631112032,70.41107141630346
19.0,15.0,156.0,114.0
93.52522146901396,45.66195075113092,53.1385986275703,71.67469539815647
113.4325617024761,52.55799392316851,55.53244196284503,71.47413611078139
121.26062536023818,48.6921243335978,55.096022233533404,72.6590794403707
141.05343025652223,55.988793177141815,57.911469723376854,72.35831189925506
162.20606623990156,62.29968950015018,59.19941192456449,72.82067084917918
176.8523828273057,59.376796655039186,59.229209262894784,74.06054204071816
21.0,1.0,163.0,122.0
59.80561946828141,26.692853091011614,59.26943541386848,75.9182424844038
73.98456951571063,33.009136841698364,59.87039120684511,76.77573784336147
75.10546392613588,29.298150800713728,59.28697924943407,74.27377025880489
97.44853624352032,36.86447324006059,60.541536833327086,76.45080767899702
113.40814387038397,42.451764877665596,60.031456734501276,75.65550085975713
128.16196176110964,39.86370816407354,61.732615271359975,77.41583502326073
44.0,-2.0,190.0,99.0
130.2708638685208,43.69408544265667,66.85562910282215,78.76083059583857
153.93936251336243,70.1067069300127,67.13985278211027,79.88964542244833
161.1156559846945,82.98030538196207,69.21070501895656,82.21438297590785
177.25569725394615,107.64671532823616,70.41657945564339,83.32336153400189
202.31772377154994,134.68407751850515,69.67113039912601,85.00388451261787
209.6686065843969,148.89985507786332,72.69211688230826,86.19670140263042
66.0,-13.0,161.0,144.0
131.22542464036377,16.490689054246758,69.31866896851255,81.0908632289773
156.95351717038082,25.331563388043946,69.49284979377703,80.37557763392772
174.55526278053514,22.48316765752775,68.74752722202967,81.44975195957474
191.71250198834684,30.059935655389733,69.22482027724067,80.44095392285733
217.48106546100576,38.41475351620568,69.65775841198575,80.65295212619117
235.13046492319313,55.99675185830051,69.0206797769232,80.68952410277825
12.0,-10.0,150.0,167.0
62.93305961346255,47.94004627522118,69.02499313788462,84.1967542373453
89.32081594325854,56.76652347848113,68.57496948850792,84.35526162844798
115.6740183259752,96.60799234147314,68.52695698739902,85.28467698309626
141.67566025172226,84.90687941818979,68.8962303952033,85.35963417549178
148.86214533245038,71.04843394848908,71.70391858069888,83.94202747621793
175.91519747435655,80.43341977682263,70.46210695001002,83.2831857478075
83.0,-6.0,196.0,135.0
165.88241359367123,48.516244933977134,69.2112598077249,86.32151507983161
192.2764768005787,58.07679861293451,69.89211677390901,85.96322228687629
219.167756357889,67.61170289415332,70.46094302385654,84.28021480964969
