613.0,363.0,188.0,209.0
613.5361517183483,374.9471157440504,187.08249422814697,207.16296892451453
614.07352499492,373.72874548571554,187.57136287890944,210.09868482631077
614.5021232822561,374.3190427024979,187.9317240164055,210.75451780806407
614.517434774252,375.298941403802,188.58935124448078,209.39032727550625
614.9319563500497,375.17027091552904,188.52385551982627,211.47986864277573
614.8582810194646,376.1025645092103,189.15223907425388,210.58235460349806
603.0,365.0,203.0,212.0
608.1204316919848,378.9441356364316,195.2783032037289,209.86070264372097
607.7491667825284,377.4532163789538,198.94530948339025,210.90223779785106
607.5347781465435,375.52920219821726,196.97364147405972,212.62031465131463
607.3892748076332,374.7920700745508,197.9923312321489,214.5837232759559
607.9795838695647,376.48728628053095,197.2964516489792,213.51436097512521
608.4110871591677,375.58948952370156,196.5123725261086,213.76107173215496
607.0,365.0,201.0,210.0
611.5119862923401,377.7996197268839,196.0713605026624,212.73320357537597
611.4711563628344,375.0692414924306,195.20688206292232,216.5077482542074
611.0168131889253,374.0985034735086,195.0550253494713,216.3180208985051
610.7696179216671,373.93128243159595,195.14143084676596,214.87564634568628
610.69480711398,375.55093784461485,196.20592969147742,212.2573882091616
610.9756024301569,375.41549022353365,196.02396329811836,212.59531225833098
608.0,366.0,203.0,214.0
612.1327035943614,379.8018198366492,199.41949588554417,213.99249885381346
613.4772610434777,377.49674616580387,196.1450191699421,216.21861755892746
613.1915206123122,376.32596717045317,195.79871038519946,216.24412430786265
612.725990257618,375.19570579117044,195.92861016854704,216.1846504742217
612.2231434086921,374.89877613242993,196.77628500929416,215.26346445070885
611.8676050095506,376.5991173258856,198.22062458900712,213.95142195083713
610.0,369.0,202.0,214.0
613.5652415063851,382.8701364753356,198.25884099133873,214.24377317911876
614.4261333015907,380.2062454980869,196.11819757767444,217.10977543885338
614.2506491926974,378.62897949238254,195.93116230115243,217.7486514401537
613.9287760686013,377.6084799799637,195.93417771392944,217.5908505393229
614.0916345767199,378.45442765117355,195.8084887280338,215.23747399253512
614.2681187963517,378.89447582402045,195.79254882301007,214.2123110041939
609.0,368.0,203.0,207.0
613.9936235544071,378.8577513631629,196.71250459360476,214.11090801583617
613.6600325822502,375.7334182958148,196.2843795534468,215.82647865522404
613.0467858738812,376.0696685951116,197.42448987171144,214.56167387664027
613.0432611547171,376.34556807078025,197.6142423590477,213.9380687867672
613.2395514201752,376.18989987688246,197.32291104430647,213.99287487271113
613.3143521550335,376.3175982273292,197.33938394467077,213.65449740719782
610.0,366.0,203.0,209.0
614.6170626460201,377.42983246888195,197.04975731533216,214.07292897222862
614.3284011199873,374.2131307940872,196.9066576876114,215.80509034242607
614.0430548539325,373.9987619871688,197.10458556901608,215.29754686061813
613.7904379244928,374.40791864473795,197.56615543901466,214.5760916137167
614.0554490771209,374.06903321626123,197.39138895867882,214.90654362790156
614.2270936875262,374.10895281915646,197.42807241590162,214.6466046893197
611.0,365.0,202.0,208.0
615.1211664867697,376.2268060226669,196.9482111924217,213.89299091768942
615.2013596000019,372.8292467918345,196.27552474378024,216.06760553521553
614.8844303161798,372.82730602498225,196.56927477863803,215.19124658252963
614.7119219630433,372.9575925278185,196.9706142767128,214.74306803016896
614.7499263542722,372.8026361077889,196.91041069517905,214.78437290973966
614.8565148221678,372.8657479632325,196.81389405898244,214.5108953471139
612.0,364.0,203.0,212.0
615.9541315391932,376.4988056602792,198.29478118952625,214.62262183520687
617.1346063611131,373.4480953891127,195.4732647882828,218.0892361494425
616.3320187339832,372.57284453286456,196.1381585007157,217.98554953278312
615.6867746706722,372.6409359946547,196.8316043378004,216.4052293897753
615.1544223190699,373.6607462364145,198.03441703022747,214.1676697267294
615.161740761439,374.1498653010394,198.32160173562238,213.55371413141916
613.0,366.0,201.0,207.0
615.9469110860714,376.97850669028026,196.70463337032015,210.67228227355338
616.1108628459258,374.8084242807927,195.7280590299713,214.4592103892719
615.6238648421044,375.14133530957315,196.23930828436778,213.65633646928927
615.2891525967191,375.08377610240905,196.45712684500722,213.56636874387732
614.8494502892004,375.5653337636145,196.95098304777616,212.89281588046015
614.6766657410906,375.54964585562504,196.77156427454577,213.13460113929523
609.0,365.0,202.0,209.0
613.1379246548324,377.3047099016183,196.573810113911,213.66594338450676
613.2643966742787,374.7524496044198,195.32252084631978,216.44291115412534
612.5082891844936,373.865495497457,195.860531550553,216.53416013832282
611.8188449349004,373.67378785588846,195.885183778557,217.54090102028363
611.1140485813265,373.5849178947674,196.18936916919142,217.42651332695687
610.5175897164913,374.10703791114906,196.43358613017676,216.8418986843451
609.0,368.0,198.0,214.0
611.4019062166826,382.1881645814324,197.043139358168,214.61258081566643
611.846075471321,379.9036590130379,194.57041830312392,217.2678869334643
611.1071550398135,378.57105011924136,194.3921729061749,217.60914348269444
610.2315205199079,377.40175405159744,194.70564518337255,217.58471032923205
609.4250629508363,377.0304684076102,195.21652985513708,216.7203867671965
608.6515831939823,379.6343970850904,195.98767185941495,213.8313029890736
604.0,368.0,200.0,208.0
607.8030920472629,380.11458262376345,195.49314863435222,213.61624152161903
607.0909747066305,377.2614455065443,194.82665877278032,215.41236237412988
606.3129748907265,376.54008985088944,194.39729298645682,215.42409247010357
605.3290615718807,376.509504183809,194.46292568366857,215.22942958543217
604.5283281825862,376.38962864657185,194.38150645802625,215.06126015913378
603.7228126676724,376.2906993977591,194.29708036982208,215.05867642874728
598.0,365.0,202.0,208.0
602.9693746240789,378.09210520309006,195.32970245196873,211.16544810487954
601.2831526366648,374.104734165021,196.2142842062849,214.70417175218654
601.52617390084,373.8002460823477,194.11463138397164,214.26327223967155
600.9440461424938,373.73459171059767,193.67170963557783,213.79180980580372
600.4041389867039,373.42146935240635,193.32884338442454,213.84836357080167
599.7795436801747,373.1896627058262,193.17931316872375,213.89547044023072
592.0,364.0,202.0,206.0
596.3968265565882,375.16689337344906,195.22085993861504,211.3580782102622
595.1450491164132,371.6251108218603,195.54606128620003,213.7524728053652
595.0858004674362,372.06426197452583,193.85245734499108,212.59682115912256
594.2203201200814,371.5884889189547,194.0241264887261,213.3369830677566
593.5271516578947,371.18491973966275,193.9243625657631,214.23689754724853
592.3895817963175,369.4108445376912,194.6802149457459,212.33209480265668
587.0,359.0,199.0,203.0
590.5409410657576,370.86588331686437,193.93051204632377,205.01436830587863
589.85642286031,365.42261941840934,193.40741487076616,209.5528256676057
589.9773623007867,368.9529781068504,191.72124268544792,205.5208400907834
588.7268116667873,364.2914494713309,192.50660946959044,208.2861637257406
588.7289012650436,366.1452289370138,190.45924103914933,207.29129508431447
587.0547744032199,363.0134233117574,191.95003264264267,206.30293365326384
582.0,355.0,195.0,197.0
585.6495386904148,366.623238292849,190.06303674700496,197.43750892117816
584.4457604855495,359.67880494234123,190.0341650798041,205.05529095757993
585.9774206926016,363.66483246770076,185.92481690762554,200.98896954463635
582.4593272547233,360.5736005286685,189.6969613595321,197.50977954195434
585.3252024488177,361.9488321239103,183.42088546501498,199.18349793240054
580.9221034597272,358.9559316619102,188.40487508865772,195.47488907173033
578.0,350.0,192.0,194.0
582.3868489277547,361.3792504591464,184.75461471062033,193.29686096381045
580.6446202374173,355.270613606531,185.4545307008674,198.6496222252082
582.1280782459534,355.70667932439983,181.43613783508147,199.0329064944342
579.457395226947,353.65921699648607,184.25559202530405,194.69641374988873
582.6401644625458,354.9606196619552,178.1142974791004,195.0688703502692
571.8274426040771,352.19429305728954,190.8948038890137,191.40259815459603
572.0,344.0,189.0,180.0
576.7798772733859,355.8800710184264,181.64207143661588,179.5948354144457
573.5740946170757,345.9272364501114,183.47357986524207,188.27953802850686
575.8104592419741,350.7897785123288,178.49706034521898,187.4523320820564
570.2919465038553,344.2186223169374,183.74849578955832,185.55439962426328
572.280441234333,338.05299781310714,178.33158760356025,188.30004181467268
572.6638170665146,344.7253565845908,177.92665523455253,184.45167299151876
570.0,336.0,177.0,174.0
571.3510974549515,344.6072412302459,174.8892845878163,177.32359747632995
570.8417166110519,336.5829536488359,173.12292558418676,182.6145581746522
571.8546815025387,340.179181175534,170.222843809133,180.7300223882399
569.7019595220211,335.11247619354117,171.7573834575569,179.00058373412674
569.1898612120422,328.99195743017367,169.73907129909412,181.96942853253518
569.2350711610915,336.51923146606725,168.3679808456949,175.62665960200263
565.0,326.0,169.0,168.0
567.1539213648745,333.1906552468872,167.0314371705665,171.71042341165116
566.5322334988755,325.99902093751007,165.51260784801457,176.76813856182707
567.0154854600833,332.7430062800419,163.36323243760307,171.5086053675546
565.899114202588,327.27847306499007,163.6831536529935,171.37960948157001
565.1631392290549,320.9857125632525,162.31729839517357,174.984759972127
565.3847021590391,328.4995106780498,160.5675059272121,168.11072850172604
562.0,318.0,162.0,162.0
564.1636196804078,324.4236198781206,159.90409339063604,166.09941935516792
563.4413080204898,318.13941926804364,158.90178487318656,170.1005838919541
564.0550966172221,323.1673060717179,156.83639896097804,165.55201788943862
563.5625471450492,317.7823288254049,157.11418576427707,165.87042048726425
566.0731424396033,321.5536690366753,153.98825230724526,163.44941322541854
566.6491383180186,315.8370883473083,154.850696499332,163.51548370345932
567.0,312.0,153.0,154.0
570.1693626452184,316.5220214321055,153.00013598319993,159.60857614125757
574.4568567579736,318.7119029026133,147.57842922426607,159.64046144436423
574.5146654724708,314.42373266638106,150.78991200397923,157.27464300519705
577.9316393887464,317.35484107349976,146.72508176709903,156.30962674739067
578.8818694007732,313.07888661992774,147.9367137432139,155.27780529900224
582.1628767827792,315.99635918915976,144.31772845253715,153.722295471738
583.0,307.0,147.0,145.0
585.6914101796966,314.8575916288669,145.50103598020598,147.82591700951662
586.634709591643,307.6195268821997,143.86199945719352,153.5165624349267
587.7079048420333,314.1202882772822,142.59779878747008,148.63310811472599
588.2489894294858,308.33899373408667,142.0527908630878,150.43291647278363
589.7634022709567,312.41743459020154,139.6505400452579,147.65293317539908
588.6748029086382,308.20506834666276,140.6628793025469,147.8075208947871
585.0,305.0,142.0,139.0
587.3987759546274,311.3872339849953,139.10249775848627,142.87051899271398
587.0561809878759,306.6942931952076,138.38392658809823,145.16394615941635
587.7398455926889,311.51215720462,136.5532927451818,142.3787308664567
587.183427569248,307.64929010652804,136.6744859434806,142.59936324228727
588.9754445538715,310.42072040550465,133.45945838047282,141.45551952334245
587.8038290056747,307.41195377381246,134.82092549038737,139.9345964905679
585.0,302.0,137.0,133.0
588.4362477408479,306.7470695135603,133.10549103906146,137.93573551854502
588.0252013282711,303.2884226238757,132.72552391078432,138.1828706377696
590.0996987425991,305.74111520181305,129.0453298970442,137.40579976697427
588.9411492691262,302.69827621948934,130.84611750929037,135.54068415272604
588.282432477914,298.09998803589406,130.57387084282573,136.95797035152282
590.2596616610208,301.5673965066734,127.08009274811582,134.48861511934103
586.0,295.0,130.0,127.0
588.808740153042,299.0788572687113,127.27457611157979,132.2429540672456
588.3957904934967,293.1051114658144,127.28821163578084,135.40321532621147
589.860834351712,296.5795527158668,124.21600398243197,132.1836037441904
588.8395680132155,292.59501428887097,125.90699343736162,131.97264015730912
591.0674475415145,294.74855240402803,121.96972222391798,131.02255010244744
589.8177540036413,292.12334662810235,124.02545928989184,128.8788143733138
588.0,288.0,125.0,121.0
591.0447878220203,292.0599744648282,121.95442842650993,127.06059980308487
592.8211416971249,293.6717627728915,118.78270389740351,127.4278369703004
591.0208591413138,290.0486502114527,121.395444579529,127.55820180328283
591.4707207536474,295.1424849328579,119.99889720031342,124.69455206501596
593.8853749232612,297.2590459987563,116.0203320291671,124.50353588124756
592.0998899006358,293.05386528832264,118.97900743050002,125.20914701279185
590.0,292.0,121.0,118.0
592.7660905421667,297.4848555073868,118.34253543476734,121.6234484664385
594.2939176646422,299.3428457436771,115.38941239586131,121.94375373054208
595.8234862706407,300.98545010348994,113.09728009856053,121.75192409829901
591.7127387223818,298.25384323441403,118.83964010474904,120.45012699392373
593.5688257810399,302.0326621250368,114.91245917870617,119.63379586497507
595.8944126340402,304.0681613665099,111.23483207952609,119.03538721342215
592.0,299.0,117.0,113.0
595.3367225164147,304.0901813026296,112.5226692120425,116.87127910333868
596.5215501430955,306.61581850175224,110.31492602990988,116.36386192539254
598.0638063587596,307.2441946316658,108.03659931026539,117.45771422344023
594.6820976445908,304.262184401523,113.3234555664319,116.50584145604626
596.4084743581872,308.88594392738867,110.00233884846932,114.0363170915765
598.6659289769129,308.4029955321172,106.94228541505993,116.73934764380567
594.0,303.0,115.0,110.0
595.4958101991328,308.14980312554394,112.23185450675032,112.43712988353025
598.2400293849073,309.0575224225472,110.19999364553064,113.64565440006527
597.9233169261565,305.2428958223994,109.94105548501943,113.73601510056255
599.9828899711703,307.7455987419753,106.44483441392879,112.12973851097104
598.5898119015135,303.85641192212677,108.99247647881566,112.65456460772833
600.6662653269874,306.3344566738135,105.57104574645291,111.06201853179186
596.0,303.0,113.0,105.0
596.2954119280903,305.8039260895473,112.51132076266003,110.54544325382881
598.9275428263594,301.61136876807234,109.55725910677245,111.70043131518662
600.4494710106546,305.37722669577965,106.547070945433,110.10963367884756
600.3812902583751,301.6379745003326,107.40965196577065,110.4618841929522
601.6739131651611,304.26331030056554,105.48829900881765,109.15871202967446
601.2989909768582,300.70677203599007,106.56893246341451,109.258185237541
600.0,299.0,110.0,103.0
604.3635840020597,300.81736087505897,104.21564697982001,109.03573356050447
601.8159520227671,297.64658748211536,107.91834919030737,108.61124781814328
603.8101256046006,301.1805698271278,105.56978384623505,107.19785930205035
604.7248637111999,297.4802794495504,103.97719023397428,107.93416598288229
606.5324198579818,299.73229633119564,102.08863345459747,106.77138341795552
605.6115957623894,296.27913046234846,103.61265656459261,106.85339602404247
603.0,293.0,109.0,101.0
603.2612903597928,295.8508114697071,108.71969540743203,106.01849316652601
606.5294887233661,297.12830067932896,106.31347099693835,106.5198257756856
605.3129412586,293.4323387159063,106.43015222846213,106.85952357849021
607.2838639056757,295.5329224017469,104.72175405697305,106.09837960003324
605.6743061230836,291.7561614837947,107.17646403328831,106.86085971259968
607.8228608794088,295.3459380860709,104.78281522071484,106.06630939571255
606.0,293.0,107.0,100.0
604.5595337528575,297.18249331568677,109.19892903719392,103.84024195170537
608.1696034993131,297.8971379084817,106.24180815030991,106.04325101631844
611.3876935852126,298.6734541328947,99.87186449144349,106.8542576064242
610.1380097269888,296.2603459916918,102.50617527862812,105.38523194910499
610.770365331542,299.9252382985858,102.07781971030067,103.99067794269399
609.6523468758944,296.2565610528868,104.14837614177941,104.86294156881092
609.0,295.0,106.0,100.0
607.64984708267,299.2576733513856,107.66397716716051,103.21910408382507
611.2652414506992,300.5571466352214,105.03885601289335,104.19872206516067
611.7685583245907,296.28184650440767,102.93908705244917,105.72650326262146
612.9406797308224,299.82748610230766,101.10716078383996,103.97960427651896
612.7775582847071,296.40391091828087,102.571974992572,104.38894199340604
614.1112910548769,299.1466986736002,100.25004417400646,103.4836045520035
611.0,295.0,105.0,97.0
610.5903360570856,297.8180456695337,105.72524984918903,102.6585043345143
614.44084959266,298.85013887779314,101.53503200507976,103.62680683305825
613.9271226749672,295.73769347618827,101.57594826409832,103.35366969299884
615.3415372617451,297.67044784337503,99.37534387947085,102.73206789852776
614.1219104949419,294.42633036860866,102.52015215773088,102.80340606970924
615.0728925891666,297.7998712004461,100.56059468914839,101.59374633977257
613.0,294.0,106.0,96.0
612.6286477812155,296.5025578032967,106.7587295519827,101.41095863665504
616.5657193353918,297.5770316714088,103.04816438574653,102.4991101432488
613.5077814442084,294.6625973759617,105.49594341119973,102.16299513202074
616.4543417992234,295.7330695492501,103.12252219558377,103.17341808987567
614.846110794595,293.2401111248182,104.29027638831712,102.0343690656702
616.9409874764367,295.2593739215939,102.28598616726856,102.38410487336034
615.0,292.0,105.0,95.0
614.3773534151014,294.7093459728226,105.56989158394003,101.09260885099457
617.9537110828669,295.7542428191915,101.90336573898821,102.47211250055159
616.6201763356987,292.69539569680273,102.8417537538046,102.27141619736017
618.3328471444893,294.54958782084276,99.76214599794184,102.1399328584285
615.5472516774462,290.7232463240799,104.49248596709003,102.99706552361368
616.2873968501567,295.1639818408978,104.24823677182644,100.61182321580304
616.0,290.0,105.0,96.0
614.8658109835333,293.85773526342234,105.92565530742922,100.47351498712999
618.7570008365259,294.774523815035,102.14930475102972,102.08839728433742
615.5364819848701,289.7521536363761,105.18881916866212,104.54216837988145
617.9809846493162,292.86988846975055,101.9743546860866,103.15348594586726
616.0835819064393,289.6190447169354,104.65313061440133,103.1230495508467
616.9317887294167,291.0512415485381,103.01536328997645,104.47730147300092
615.0,290.0,104.0,95.0
614.0525852720118,294.8824569527685,104.79662243974417,98.48118419607488
616.4065851873221,289.447712490567,101.97545331453773,102.98173949025113
616.3496526512473,291.9838554300753,101.57736547355455,102.9910157664998
614.9536997489795,289.60533769493577,104.06081377192766,101.9661719784902
615.9047996347097,291.9703606005761,102.33688385896028,102.62441998337897
615.7968747141435,293.60254139194103,100.6173554281637,102.43171895030105
613.0,291.0,105.0,94.0
611.7150257855401,294.3236872699866,106.45776004512311,99.76901430737252
615.2125963778034,294.8601211752642,102.19704576317383,102.07281055954593
611.4265472379316,292.44603473370876,105.90656070689056,101.24084377638258
614.0230338187491,295.03815898293806,103.36523416894829,101.49994752825091
611.8868293388105,292.04645609750673,105.88112011193925,101.7006843079547
613.2357455939277,294.65090637532535,103.61400870522107,101.90275382501568
611.0,291.0,106.0,94.0
609.5344034326145,293.7288613615475,107.87693593005565,100.94445426550999
613.0834434323262,289.052232697577,103.04584762062541,104.16412857687419
609.5981504659212,293.5293295488152,108.65681006601972,101.69176264934549
613.1109580549168,288.744062943387,103.49092036081004,104.79631099038897
609.450944945469,293.47543821648355,108.84373868804187,102.2165949073194
613.0020513545361,288.82247096081596,103.72348367323957,105.06616146850007
609.0,293.0,110.0,93.0
607.4509815607635,298.6348504986356,112.65288597799554,96.76499310507529
607.3650562475154,291.672727050872,110.88271963729721,104.47055078584594
609.2692744103351,295.26775949580826,109.80709401879949,103.50208345735712
606.9551984004979,291.1935314680077,110.71983039353199,105.33061535234572
607.5859021780052,294.7451347631811,110.48983370874339,104.4227605480321
606.1457372702703,290.5047776757731,110.98102635675934,106.32665925953847
606.0,292.0,110.0,96.0
604.4350261880381,295.96117584507783,111.1626149429901,101.776702854831
606.2222400988978,289.9786888365966,108.14717055904134,107.02893346045266
603.0333063760463,293.77299993392825,112.06795589526428,105.60178070301646
605.4720635574913,289.451034746573,107.90290610421107,107.53918517200918
601.4852884960437,293.53386775185356,112.30264200186298,105.74158017153957
605.0707386823949,288.9910643741878,106.79613279385615,108.21709261367573
602.0,291.0,109.0,95.0
599.9007244005616,293.53499346896376,111.07971412073232,102.96324520411088
604.1120324386175,293.2551903844563,102.68175440865548,107.0962781384248
600.6489782655274,290.02029133940323,107.34517123993442,106.74105708653195
602.392572159688,292.94112576600907,103.63814320919755,105.71609033316571
597.5856761044574,289.595947176623,109.25191671965592,106.24083888440498
600.1542721489233,293.27412549673664,106.41929830013169,105.07640121815729
598.0,291.0,110.0,95.0
596.3405708515465,295.93045796177216,110.35386001222003,99.5965473481358
597.3342126097282,289.4282349877685,108.0299270285343,106.38362047815826
594.6754242154457,293.40642545470405,109.97799222523668,104.63531760418618
596.6449691269663,289.1968820784193,106.66120037419023,106.94782139397677
593.7486418310309,292.81609929027934,109.4154067250455,105.02138984016744
594.6747266871646,288.7702112996326,107.46298131948618,106.89878856198305
593.0,291.0,110.0,94.0
591.1569393682021,296.0540852445681,109.95851284682283,98.42153315963947
593.4258576537275,288.85779875999674,106.15245075933899,106.12362044098506
589.4198834251247,293.0759700554004,109.71834109146926,103.95010751851487
591.8498677637854,288.36342879725817,106.09590578046664,106.48757054986152
587.5571751444068,292.694117739295,109.68566559344924,104.1062461396578
589.4466632819159,288.0035752041192,106.7303955283445,106.66595495133106
585.0,289.0,110.0,94.0
583.4142051623894,294.0757153178864,110.13388297240544,99.00933313842154
583.1158426744005,287.25348910340153,108.85056883604557,106.45341463792528
583.5878695846031,291.28316197386135,106.52569102032203,104.62093518504292
580.1360267839073,287.1798850778191,109.84401920258028,106.27710226394606
583.1747480734743,290.97978626240695,104.28301285940165,104.7164902492342
578.0490114723302,286.9655541935424,110.09766947852961,105.84630115472623
579.0,287.0,109.0,95.0
577.1561617477855,292.52821131848873,109.59770423900045,98.80423476263036
575.6837215499327,285.9047597062781,109.02836245066464,106.20004505184465
579.1606943930318,288.9027712876559,102.6134856523123,105.29711033421336
573.2979687934953,285.4402480257295,109.60084567835645,106.09372891896908
576.8030937783215,288.92696856540897,103.24788089556569,105.08616659535255
571.1806143388044,285.3430374366683,109.58611398804976,105.9525801638469
571.0,283.0,109.0,100.0
569.2104285241003,286.5779735207843,109.7207155792853,104.9547632365111
571.1383016923082,287.3527247063935,104.70564649621224,106.42653589813699
565.8365691962722,284.7785832671566,111.00889183493939,105.5460281848384
569.0924699761962,287.668735657805,104.82163728546868,105.64855635338927
563.659432354134,284.42834413502715,110.11142516819632,105.96052825612657
565.6021879161053,287.4658760230255,105.27587784244076,105.67975452144555
562.0,281.0,110.0,102.0
560.7070492599923,285.211988029371,110.06613104995267,105.03028512443348
560.2883424953743,285.8040290581682,108.53944286071373,106.71044788891481
556.4661108226887,283.23807500635576,111.83465245468949,106.07337967924195
558.8677852026623,285.45414645632036,106.94983463388212,106.54350285822602
554.3583855420684,282.2126503383811,110.55044714317148,106.88888149916983
557.1822501985669,284.7725850322471,105.48372170575124,106.73788146766458
553.0,281.0,109.0,101.0
551.3931706771655,284.1025345784078,110.15964252854064,105.69411979420875
551.0018011631382,285.04207614067474,107.34003272786867,107.06097287478445
547.491137866924,282.38792338123585,110.5154826912933,106.28446754855355
551.3760113682321,283.6991071480297,103.01010794940703,107.07477774346353
545.3014938243996,281.06776261579967,109.63248216855436,106.27165664287122
545.1176387595438,282.6475634301379,106.7075483223116,106.73168033936474
545.0,280.0,109.0,98.0
543.5505833538955,282.67896408324395,109.87763612892309,104.82414784562025
543.5213346554192,283.3710102785566,107.04067716249006,106.93846125095376
540.1843281291353,280.83122204421306,110.06513914337688,106.09647526038964
539.7455120560512,282.7759999410482,107.55257493327042,106.5301095693867
538.9753839457408,279.69736395582095,107.11089889385039,106.42728913271242
536.2950967724071,283.0363733219124,108.65136400004963,105.84627351120662
535.0,280.0,110.0,98.0
534.0055780440025,286.3492634719265,109.85899530869938,100.46135091614008
532.6218266435415,280.6368175620689,109.02665699585214,105.8084442553482
530.3916764375981,283.80223145708067,109.12649642833037,105.52654489205099
531.0091961429773,280.46234036542205,107.72492487930663,106.06630116926601
527.870721961257,283.6551757064344,109.17404012358975,105.68682071678177
528.2297083669964,280.3325491662274,107.48988707803983,106.1626174990945
525.0,278.0,111.0,100.0
525.2041432435217,280.9621038988738,109.52963581555014,106.20421502351962
524.5938739314404,282.3303476493603,107.12402443668225,106.77277029962386
523.4643027413467,279.43967631692794,108.34381292891976,106.33637462957608
521.6952985185112,281.89019252715855,107.9943403245461,106.1400796537024
521.0177890577454,277.9603996859223,107.33147133594116,107.22788241796513
518.348850532635,281.5733294198735,108.64820762059526,106.04723417611649
515.0,277.0,113.0,101.0
517.4265088993038,279.90064866468356,107.9335491554059,106.8880124312077
515.7419241766061,281.38837062899165,107.35264587173845,106.96513834896268
512.8247131614303,278.8620647881544,110.21329380815746,106.06995167072341
511.4174114019436,281.1400947978073,110.14801221175617,106.54788563492406
511.0542618866564,278.118383781542,109.66461698938326,106.59035458772269
509.31304734152445,280.6883196973711,109.60925986002212,106.81585829754971
507.0,277.0,112.0,100.0
507.82830248894334,279.63514455712084,109.30427472401277,106.82838603876644
507.37859234041,281.0195874861336,106.5786061174623,107.48037228582479
506.6168553731835,278.5442187014778,107.17944469853705,106.46267201885973
504.8675466342861,280.16777790081346,106.81962299335692,106.99213751162029
502.50712694386857,277.313394926392,109.7703033892094,106.57576638697208
501.84336418780697,280.72552145324426,107.9596161770213,106.02977705917783
499.0,277.0,111.0,100.0
500.02329158877956,280.06985729284963,107.90437728648976,106.0104652922746
499.50060902890175,281.5232793673727,106.23873439742943,106.67645424910046
498.94856599836703,278.507344742138,107.12302279635082,106.40461691597977
497.1428600748708,280.54156947999934,106.81703453850014,106.39285690100644
496.3218435995957,277.78444969467273,107.88501749874922,106.01215208003782
495.0380301262812,281.20881174361523,107.19453714778524,105.42179950882326
491.0,277.0,111.0,98.0
492.682119799254,279.5767456454753,107.50904623041549,105.02825182373965
492.62999253244914,280.64220597278336,104.13966811118542,106.18475407635583
490.0887540603062,277.1396474996634,108.30941188394627,106.48516011454933
488.99169494179705,280.7302374826208,107.40703067961408,105.1210158289328
488.13905705964726,276.2875947329594,108.8319371293419,107.08033225602765
487.1965677893229,280.28388727137246,107.58253889196669,105.28782260685
484.0,276.0,113.0,99.0
486.0734666346534,280.6952630828732,108.64633780821237,103.11686744480835
484.4009892547756,275.82872868731783,111.24822048231476,106.43619012376251
483.97995332229937,279.08870160848966,109.04504788358656,106.04424700574492
483.6449907791964,275.94742482754555,110.082755112369,106.3632756289486
482.7829497940347,278.99898168534196,108.04206618526632,106.3892698832085
482.1168905875131,276.01528423848663,109.02529305562439,106.42648751541162
478.0,274.0,113.0,99.0
480.66320638749653,276.8445717318843,108.19346259119277,105.56239417484295
480.5451789058643,277.8265160750616,106.00867104378437,106.93564084665377
479.3733131507548,275.2609394755809,108.42504869241668,105.95968929307077
478.8549099171021,276.60280559838793,106.51925369887556,106.82529898262419
478.89560093211446,274.03586176593217,108.49640988348085,105.97627059070533
477.40137847698134,276.34057612664196,107.40668268173499,106.43117659492304
471.0,273.0,120.0,99.0
475.5871413287932,275.89186863066675,114.36626660480033,105.79067025598192
476.99391876310165,276.63604673081375,109.99691141652374,107.69274498801872
477.15597274454467,273.5243278402795,110.67751482636504,107.80292257114024
477.1728584949831,275.09226662537384,107.66237671474869,108.28748325178577
476.08272568756456,272.3617147080963,110.22645059241313,107.8721229534134
477.1607067315159,275.15612583898275,106.60560377317017,108.13048571695884
466.0,271.0,122.0,100.0
476.1153559566236,271.755551115921,110.10705112345761,109.85810251132307
476.6252395832083,273.0628322376997,106.07752676862924,109.98384541107043
476.94432187679627,270.462069597216,107.12846344669606,109.14973591475109
478.3729015760283,273.2672100017537,103.81958963191505,109.22719355970253
478.2620766145417,270.69938657915486,103.6293393681973,108.57024011241498
476.9630253223927,273.7942001362947,104.10308834690056,108.06717200854092
462.0,271.0,124.0,101.0
472.5845251157966,274.69949448837315,110.8734404644415,105.96549986964828
477.22103233892733,275.2299118208799,102.42879558774064,108.06360245075518
475.6842215345547,272.6701995124886,105.3222959877719,107.42375070899243
476.90953450703876,274.4830484020167,102.05989841570624,107.3095883560054
477.7619640592342,271.98594652941347,102.1751725488358,107.09812515679698
478.4780669913862,274.6575645130358,100.0522524165981,105.99060727888559
459.0,270.0,126.0,100.0
469.8541103614202,274.84268498962365,111.06036075425118,103.4358562214561
474.52223800822765,275.12996963201203,105.8356484736961,106.25172241182099
475.89633084782804,271.6329062177557,103.87718660063456,107.10889345797796
477.49897576780336,273.744315916696,100.7116489913684,106.36649034489005
476.03088297447357,271.1868192455138,103.62095115945635,105.98259362495111
477.3023416112808,272.9588811140477,100.73774251390273,106.04373709782772
458.0,268.0,127.0,99.0
470.5751740806319,271.2777932121195,109.88368394364318,104.97751403109021
473.3512116996144,271.8394454402064,106.92894712023133,106.95825403737899
474.4908515996858,268.82567468899833,106.45213434445247,106.7722359761301
475.7104578321396,270.2340359262255,103.2095587100614,107.36049734744961
474.9988877522562,267.63991576039007,106.02697745265368,106.51213620723274
475.2884375165286,269.03374483521566,103.99345321716692,107.55956417619473
460.0,267.0,125.0,98.0
469.98460488140404,269.14650216400213,111.61419729409431,105.92669210010439
474.08446992865123,269.9621415187328,106.74947218618757,107.56977834957411
474.4951003790797,265.84525118342845,107.5717983851826,108.99638422903763
474.4282760833703,268.01523210389405,106.18287200644806,108.14721664127819
473.56376771605665,264.2613629652069,109.8354362393593,108.79019642877529
474.2479280485328,267.3111824601582,107.665574076025,108.44194856871684
461.0,266.0,123.0,96.0
469.1642994856502,268.3747688181902,113.38186308751119,104.75268540511024
471.3885117808445,267.8045251769938,110.73827593525766,109.23429309850803
472.79438957097705,263.6220473325418,110.96015549458616,109.57701216458588
474.45287958258706,264.35150909584013,107.48554469975346,110.90023010320579
474.26024462285926,265.98594301274136,108.64283713789115,110.67346249919194
474.91332533604964,262.74288259314505,110.29636299073445,109.55381687129113
467.0,263.0,123.0,98.0
473.8363517135622,266.27188788292926,115.07122347733457,105.94772376824369
476.4348718986598,265.47702204380175,112.00628409336468,110.89841594207587
480.0049284498838,261.3672090113784,109.93012203749583,110.92170959031773
479.6277968792667,262.37062302278764,108.57943548607318,111.99413098401101
479.44607018973613,264.15994970231964,110.14263269350442,111.70273709719254
481.73656136347086,259.8342625538646,109.67568822296403,111.66408331778706
470.0,263.0,122.0,96.0
475.0743741062779,267.8100518676679,116.72781809238131,102.22051709132847
477.14094333638786,260.58124748395824,114.463207711,109.74635564878838
478.07495394527587,263.6276985886214,113.95329856915714,109.76984320574451
479.05275520073315,259.22446117146865,112.84700400743282,111.03166447232195
478.4341697767427,262.54087927739965,114.55029452349481,109.97075060241264
477.4406177826153,258.34917386006214,116.18264972258885,111.08378647393636
473.0,259.0,121.0,96.0
476.46981089150995,263.7078518954463,118.07511442029045,102.68531628173605
476.6729197334371,256.3997369953945,117.75224481389614,110.84161107018406
477.5278737975365,259.12286634003436,117.05312772121658,110.62892163149667
478.8475779952871,255.22652776863492,116.21616868364958,111.40194504249286
478.8958000349662,260.16938674462443,115.96776950182834,108.99019483210924
477.1329233655863,254.93774228095367,119.40426416948594,108.26819548147012
476.0,256.0,121.0,96.0
479.3331662294197,260.1201521447015,117.85151858726181,103.49808160652287
481.18499471364385,252.7156589503129,115.24700598539266,111.80023290777194
480.2279639977671,257.15334360348396,116.40721697205049,109.6792893857774
479.59813512047367,253.34328369391915,118.18829266672765,107.42538644144929
479.2702878570831,257.5816519674706,119.30942554377407,107.48716161394992
480.70258962359003,252.88289030853377,117.62945223225597,107.26874637780708
479.0,255.0,120.0,95.0
483.7615654965258,258.34647656732966,114.37450324449082,103.67997694836845
483.90338222844457,250.7878533670364,114.42526177228615,111.6616613278033
483.8572700793502,258.3985974651632,114.5190998454782,105.68336189635784
483.37569426626044,252.61960252642416,116.86588334082774,106.35872641472304
486.486292657934,256.6977070555157,112.73030992576594,106.64798799262655
487.24331690468296,252.30728645213924,112.54855001468627,105.53105962470386
481.0,252.0,119.0,93.0
485.24563715688646,255.7736244131322,115.22681765743653,101.46211819659015
487.80059529792874,248.24630925873532,111.04088316322583,109.32740568754133
488.52064380707384,240.46855976916908,110.5368538225049,115.52129789467381
487.76604183366,253.94999643110987,111.46848519628315,102.79117676496963
489.03523443283126,246.10849572791813,110.47706630898875,111.36037637899909
493.9006830148634,251.0968879938558,105.38044444165803,108.15752872768044
484.0,252.0,117.0,92.0
486.96350240456786,256.02925705989765,114.2498730069724,100.124964660768
489.45060593802464,247.9935036894608,111.06605729406465,108.64145954238688
493.8548575691626,252.22045544039236,104.66346274933437,106.92111381858024
492.90902761814095,247.90568409460946,107.16767887240667,108.62369910187334
493.13824530343015,250.7475613290904,105.67457419756943,107.97533953615567
491.6009704930275,246.95711579736297,108.74331838062972,108.86512232612222
486.0,251.0,117.0,91.0
490.2328317636657,254.30982802634816,112.50660450443092,99.74349854434246
491.1191297041437,246.44477177996583,110.38620126480782,108.57620947836273
493.6537639905064,251.30649221304282,108.77899373270247,105.85953523717592
495.2428647737409,245.88016502680557,106.04114928071039,109.2744249488245
496.158062811508,249.86392939787578,104.2808862990563,107.0602919814026
494.51289824594096,245.43052473025443,106.23435364040847,109.22768265796145
486.0,250.0,117.0,91.0
491.15027930260567,253.19628238186385,111.90684339191785,100.1156098130898
491.9546791663711,246.7108006031193,108.50848839912396,107.07655534533734
493.36318275528174,249.80431607701493,108.43445718260409,106.65583109659988
492.99819082087583,245.96318275260137,107.30309439627376,108.04121079739923
494.12093074340135,250.67146902969807,107.47147601686322,105.49432778798143
492.3860211214212,245.96970521760545,108.5021607049016,108.07731418056449
487.0,251.0,117.0,92.0
491.3079976618892,254.84149970203686,111.12287057225672,99.44001882852564
489.83675895845454,248.00754636351826,112.53855095493554,106.39707647455384
489.9488280915209,251.74632322463026,114.03375571971401,105.87290927798222
489.74153923403037,246.686138861299,113.04503837513585,108.4613231675047
487.9605758080893,253.91723587359877,116.98405505660617,103.38245868133185
490.191725798884,247.3022365853617,113.3089746456335,107.27886526397037
490.0,248.0,116.0,93.0
491.96624593108777,252.8260076538395,114.46410041467493,100.46598585851484
493.72921671480526,245.62111798632566,109.85390053885249,108.70843584244142
491.4821580086166,250.05253444608883,114.43470919047127,106.6651008577407
494.0831800748151,244.8300022997655,110.29621010857454,109.80595456722949
493.1753557839735,249.09441753615087,111.72366471866496,107.90746336922726
494.7193809130108,244.2113111891963,109.34828276213773,110.55685733065127
488.0,249.0,116.0,93.0
490.8887933009704,253.31058404909072,111.74059750012964,100.3137870094397
492.29354878878394,245.5690640975688,109.76859736091569,108.68927775753167
489.4255841721606,252.69454306809814,114.4478215398558,103.06683436793935
493.7355467923272,245.74277133209625,108.67839735180075,108.80488109963306
494.83252556575763,251.35275610766257,107.20579816843423,105.12150877839304
498.5456737307943,246.32621722193153,102.4928461277566,108.25867657374692
487.0,250.0,117.0,93.0
492.87978556953294,255.10948456706376,110.30540319499664,98.82763813178804
498.89019993797956,248.57587428926172,102.01305804365518,105.30057615389063
498.8012798974747,252.74180289523233,101.14446108504967,103.69724199350472
501.3115196113992,249.61327524088847,99.02912277970398,104.49179695983878
501.1570636442032,253.49451309298775,98.33059387378279,103.02686154251757
502.69569331454505,250.55695926583314,97.29926148385044,103.35819991802725
486.0,250.0,119.0,93.0
495.56851843084905,254.46897383047337,106.90485254139503,98.48540029179532
499.09393430631235,248.3289545818791,102.38214460264362,104.12587885753277
498.31696963389527,253.160726949068,102.58523989676837,101.78483127840533
499.5581086788437,249.22230861598092,101.97040019879535,103.58442544578185
498.1568278901957,252.56430502519382,101.81252425839273,103.13753628816912
499.94396533397287,249.6266401948178,101.22618037543441,103.12069796560445
485.0,251.0,118.0,94.0
494.18145149305155,257.20821792682636,106.99844230884605,96.19412353332791
497.07612672277406,250.1228133885399,103.42456485986673,103.75937096540036
497.6440385174327,253.84521047154385,100.58161846140717,102.57402041700686
497.22990602821704,249.86863646404254,101.73726582342005,104.1538359351631
496.43270476346106,253.37359922797305,101.05666169577876,103.15496950550681
495.92115485967184,250.3024803677245,102.62092867091764,103.35822930495652
484.0,252.0,118.0,94.0
493.83046243677177,255.4659634362847,105.86243974533681,100.11232398177413
495.71659503868295,250.7307719629668,102.62796299529305,103.51650328373961
496.7449000875856,253.7638297075656,100.05195963272195,103.527277824007
495.4046842618068,254.96804661690703,99.99343498175108,103.88049147199808
495.9519401493346,251.92938347057031,100.64538890657406,103.51085050478446
495.0787351581681,254.41370214176695,99.56289123068825,103.43797469428645
481.0,252.0,120.0,94.0
492.91736788820253,254.79458336466925,104.15446677790487,101.19212579328106
494.4787046062622,250.6314174001102,102.08348371249633,103.20177107486325
495.16390501281717,253.64777259872483,99.23500377437517,103.27762171136294
494.6668107154027,251.64433452044398,100.97445911828379,101.86453357925876
495.33189356659943,253.54301255307064,98.02650718053724,103.5218291087375
492.8378383488889,252.11827822066698,101.38150082868094,101.28019292747513
479.0,251.0,120.0,95.0
488.12343934582145,255.05766153712506,107.03078929695562,99.54632029294328
489.5093999147824,255.03651343969955,104.64252098801012,102.70885306666469
489.22327873642473,251.97044485298454,105.06764851753246,102.99459894723373
489.90831096618604,252.7453311321981,101.4200814205933,104.75084143167919
486.89149741653955,251.2555173855253,107.6855967293194,102.35695077140497
488.56185838030046,253.29143645253237,102.75492380740957,104.27760820848704
474.0,252.0,121.0,95.0
482.3358565926551,258.92526880617663,109.69470518315461,96.11157473224785
484.05009702646817,252.88709612212222,107.69579696101391,102.69783058075353
486.3443853095791,255.43229235604537,101.34644492226727,103.54881613180055
484.26571024265013,253.15899632158562,105.101674934779,102.89852425981803
485.39781950991005,255.0743701262653,100.69223896454616,103.51130632589332
482.59504502724667,252.501882018728,105.92419146066095,103.20060882649926
470.0,250.0,123.0,96.0
480.3248359041345,253.24070859135222,108.18243347787666,102.53191214943158
481.70674945075507,250.25646154613855,107.43234389117583,103.20523873446894
484.93711562540295,253.3485471170456,100.35611860548522,103.96807562848926
485.1213223073795,251.1182746561144,99.59165229077291,103.39495620344576
486.4149900915351,253.1880762167729,96.42664282444895,103.77819744747057
485.2706156799058,251.3475707523727,98.31988489078077,102.38311789326167
464.0,249.0,124.0,97.0
477.7172589937891,253.67373437978927,104.68991213266145,100.82681004796757
483.04598333480465,254.60197890075966,96.92449908060621,102.74876229924911
482.63215153553983,250.9070670484469,97.54589090291006,103.5270663407353
483.9472000218874,254.22840853725128,94.58898063718732,101.6076435536124
483.46025384750374,251.58135054865392,94.92026496980247,101.92782269590549
483.23285539175384,254.17509765927946,94.353096965401,100.96057907730034
458.0,249.0,125.0,97.0
471.05060022812404,253.9507914408055,104.8396615714887,99.13371585455141
475.5055159579821,254.55320886556729,99.79818530575028,101.87349529455969
475.8996505701275,252.1718440215858,99.7921845227263,101.20736876016622
477.95541158321737,254.42093917560396,95.02092111797731,101.1154985724923
475.26357785268783,252.0529879268529,98.91220568821745,100.95014079620285
475.9312140684856,254.2197650501239,96.01103542252645,100.82193199260382
453.0,249.0,128.0,97.0
465.7216617614131,254.37186765359786,106.64424936228534,98.8902334569292
467.85102090907117,252.78363423533392,104.07302115072002,104.53419947680777
467.33582497702025,251.402509022123,106.4864773933898,101.72271296904444
468.55575257653345,253.08148572564232,103.77439315035986,102.97082184638288
470.16760854760423,248.96157083738262,103.33545172029471,104.42773886351006
471.35810975742936,252.54896964045741,99.34553217343716,103.68218066324374
447.0,249.0,129.0,96.0
460.95074072204227,253.1082803763069,107.05519461751123,101.52900914904737
461.8948694808478,249.49490443493187,107.6229463732725,103.13409052383179
463.2144768346848,252.36102778573905,107.07526861530141,103.99791291149683
464.76643309151507,248.49530352574766,105.32001113488775,105.26103576932655
464.99495006873394,251.50222587826747,102.73250953981824,105.4616120681724
464.8101651688977,248.04746650834835,104.00749484861558,105.82835458839133
443.0,248.0,132.0,97.0
460.06505794998316,252.10009396608893,106.58961393023799,102.71130335764383
459.6774335154688,247.80776097843045,109.65347110527716,105.28494184632382
460.6057020499027,251.44413775508082,108.28947306716373,105.10715447188937
459.40951584705044,248.61072035469374,109.98837750063558,105.33936761882694
459.4594903129663,250.11689730132753,107.20203054247156,107.47153769103085
457.64905189100205,247.79506461302663,111.57194843275511,106.285044328249
441.0,248.0,134.0,98.0
457.77613366040384,254.2782520527208,108.63612573262765,101.53890551187334
459.75640133334895,248.46827501992198,108.56459266343137,106.87875358232014
460.8674051294008,252.24717190009028,107.37458311913497,106.00175023417091
461.08252776401196,248.29155436211067,107.89305377820597,107.29671820739122
462.01559902606056,251.6963941020714,104.62458535020431,106.4587191423168
460.53208906541454,248.8608281708075,108.31843568617444,106.11525550956321
439.0,246.0,134.0,99.0
457.1305422415402,250.5899141477552,107.5767953524745,104.15782698545272
456.1341291265926,246.5441063917085,111.97519767400445,106.44289078863358
459.0083882703302,249.97460453494205,108.20716308444116,106.74235578940397
459.3334420247227,246.6564913837766,108.14509715995189,107.49866641655734
460.090456365672,248.97689041711692,104.51646670125137,107.70735393626438
458.81597435439835,246.2346030264083,108.78702893133834,107.18601217004897
438.0,246.0,135.0,99.0
458.2051024763282,251.09734765299117,106.42401906801797,103.08583185261614
459.00821130190525,246.5220295338711,108.77093101734499,106.17042638549947
461.17572933695965,250.2159656314558,103.72583508135426,106.11887472295865
461.01431264347,247.51931918661512,105.54693263776653,105.56844615874184
461.55165436771676,249.82789748016893,102.90211861618536,106.0420497908313
460.5425594381502,247.43070035630103,105.80760661300462,104.91989802083447
438.0,244.0,135.0,99.0
457.2815221233632,249.05141714138153,106.5624776557579,102.78673522628509
458.3264339010883,243.552918777866,108.10185422350742,107.05898003010617
459.4281534266353,247.47328172543166,106.8769500190831,106.11342857527586
460.09876348843454,244.11797609616565,106.68578719346579,106.7194628624876
460.0261017947946,246.4380149131355,104.47347528073749,107.52486842496879
458.97464169231057,244.5782011508711,108.14458714900934,105.55583192734542
436.0,240.0,135.0,101.0
452.1652426028659,245.16323469835638,110.21433908714243,105.01759358013217
454.46025399656276,240.63261411715757,109.98160760679377,107.95607221030446
454.6626083381972,243.8491267352651,111.03795536451742,107.38454731191558
456.6975885394986,240.15039727475414,110.0517287430207,108.35215051322223
457.49285986384746,241.88370694594596,105.78990591376805,109.91437149130797
457.4662205732526,238.96635096034072,108.87041636777303,109.05037608303064
435.0,239.0,138.0,99.0
451.0252829455836,243.33388103333414,112.80579534712729,105.58336323630789
452.6967903108409,238.22718789958947,112.2156579436296,109.65592324505553
453.4223038838461,240.39681084295535,113.21160202294561,110.24381982452633
456.50999463210326,237.57298362200504,111.41604089062355,110.14894708572984
457.24774759458836,238.89231992593056,111.08239565717696,111.82891367482665
459.3972344512328,235.97048902434574,110.74885960346109,111.30801230383452
439.0,237.0,139.0,100.0
454.19412654763437,243.28358499134015,115.01883813820314,104.71180754739885
456.83143496388004,237.66400807636091,112.93456514104889,109.97456025378176
457.21679791701854,238.9187990386531,114.30121572351482,111.91872911831797
460.58010697720636,235.35642776795544,112.06370319234861,112.2844267509949
460.44522296868695,238.47584672249127,110.36697969120087,111.77188330335923
461.0989244637067,234.80206185285283,111.43920094551231,112.37444138187095
441.0,234.0,137.0,102.0
455.3411818206114,239.73444934384088,115.06787712946789,106.83993834415526
457.1766968706361,233.92672926424893,115.00395593482244,112.1256698360379
457.720317712289,235.8714425708303,113.39567433820798,113.14679249184559
458.93290058045613,232.45821693824496,114.68888478038389,113.14745988876558
459.9122342729113,236.9209600105578,110.44428436725957,111.87165672532217
460.03705753896,232.57291878378908,111.97510691938083,113.73864525012948
439.0,234.0,138.0,101.0
453.23455451336895,240.6871354523321,116.58243174304062,104.8138723959566
453.90791825225995,233.52148761040803,116.8010688542189,112.22619165260011
454.49496020519246,234.6490278263418,116.10436173200208,114.23534057369375
456.3533968910916,236.12851576067902,112.71357250924666,115.26074438580144
456.5786783365259,232.9522717632217,115.80270418466085,112.94435539319312
456.92307083786363,233.52327893143365,112.03842252363734,115.70767305359004
437.0,232.0,138.0,101.0
450.88724969858595,237.80214833584614,118.03833479942114,106.55253545946834
452.9313082026547,231.51659428477228,116.79848372095512,112.17286355672888
454.154948333992,233.30268090646325,113.29031982297829,113.95486269925715
453.2270835698837,230.2545589254188,116.93095971800176,112.81253888949817
454.84731983414866,233.37415247966032,112.09789319969656,113.19705222478149
455.0947750455286,229.18747473863368,114.42855914640774,113.57177928398977
437.0,231.0,139.0,100.0
454.62975038718514,237.21233897848924,113.69654838008364,105.22353433129297
456.91194226819357,230.57216062942643,112.85254458137729,110.72916318508311
458.33744854472457,233.0069150621304,108.86196932325981,111.67488292777304
457.7424663125514,230.05818278645825,112.38216866826338,110.17231762986125
459.54812422167765,232.35971222670855,107.03692696547421,111.05029533487527
458.6684152714872,229.30014685897368,110.49571642557089,109.94696110496591
435.0,226.0,141.0,103.0
452.5974255460269,232.27458121484995,113.6138563714976,105.75803488113957
454.5094939827327,226.38581843313295,113.20639528389393,110.92348203580701
455.1962710282288,229.86196785516918,113.8853474606965,110.36671637409736
456.09353380343134,225.05048637270033,113.51083535875307,112.45024562599042
457.42191407055975,227.99898569569348,109.19934237260918,112.40135126863458
456.8116422748024,224.5597483249751,112.55521774430116,112.08359789037377
434.0,222.0,140.0,105.0
450.5469911153645,227.18090014346285,115.14980152943366,109.01107900682973
450.900873560744,222.0998189493166,117.00496495307107,112.81681469763186
