538.0,48.0,40.0,44.0
538.0392504129559,50.98022643290773,40.29486316256225,43.821187298143116
538.2406511777106,51.56989255574172,40.382340258255226,44.194846833803695
538.4981663460649,52.25707883245377,40.30438739178146,44.401244576465615
538.6371099273252,53.04032181785567,40.16494383543056,45.28248074400186
538.7347334191345,54.15897882517456,40.29466988393142,44.297180426795535
538.8265404158476,54.777193915674786,40.45205215968372,44.50036401608
537.0,53.0,40.0,41.0
537.1293985212337,55.79267726450131,40.49034737912848,42.38414742030457
537.7980649074202,56.375918460696525,39.68906194340889,42.68857853951879
537.721264931108,57.58241349459357,40.155533692340896,42.21376448127968
537.9633198584991,57.988674154935225,39.754220231493946,42.67050899899998
538.1180566623179,58.6686899488551,39.930040992344175,42.605917274447506
538.2069031227011,59.4447416673912,39.856250800408134,42.46019623411701
539.0,58.0,39.0,43.0
538.7900876485583,61.67061983369982,39.72883698251826,43.94197923435942
539.4903197210588,62.42066294394617,38.64616632711238,43.20976302352513
539.3739372970153,62.90059333670115,39.22261362052268,43.08030862040556
539.4335606242554,63.363473797391634,39.492287783303595,43.20657853698617
539.5338847158838,63.88782121913354,39.55762581742613,43.916903183245154
539.6432929448222,65.2991677994163,38.9315224711072,44.59369018604025
541.0,65.0,37.0,43.0
540.9028389818604,68.33981239198391,38.071176704203936,43.6508307842883
540.7546162171427,68.98874435428058,37.92109430253731,43.11264082136432
540.7019848741645,69.46529853383453,38.149821021285675,43.14193857397345
540.8366688926164,70.34359489828611,37.98781843499387,44.59832885483797
540.8724532440499,71.56729078533175,38.283913410478135,43.177964161188584
540.8038240743077,72.0270798331556,38.19495848706458,44.14336365650888
542.0,70.0,36.0,44.0
541.5685286017724,72.87752676577463,38.20990894019701,44.825443715367925
541.5166265650308,74.09135416196847,37.40389845688753,45.26926566959318
541.4659961861285,75.36113581845188,37.399994937764404,44.36294184147994
541.4523629442381,76.16936583547829,37.32831221332094,44.890113610649664
541.4317474268071,77.28441516333365,37.308036129819584,44.72968407466735
541.3167795789232,78.38105731912907,37.276794969129696,44.50498394129809
542.0,76.0,35.0,44.0
541.5071326877946,79.04121557746026,37.003496779528405,45.02013296530073
541.4300526321567,80.18429932094313,36.525407069194216,44.52136349784652
541.2655133024011,81.06738789769958,36.61170345961477,44.76830935214112
541.1950979713135,82.27296053051583,36.409656849114754,44.24588614624908
541.0326308641104,83.18459087610108,36.70957673739372,44.73171087970056
541.1127650416779,84.46024361216666,36.546682809382446,44.4039884761267
542.0,82.0,34.0,45.0
541.2041563461889,85.36210464721029,37.69764252645314,44.70569769178209
541.4416381126894,86.48608525551543,36.13310589880621,44.904110171956404
541.2194118104612,87.83601595904167,35.990841198086855,44.84639062093876
541.3540176052966,89.22333551504738,35.742013879257684,44.563689014460664
541.2202871808659,90.96390383216601,35.76968360256387,43.676894075942585
541.4511069492125,92.59277919791776,35.34171411437114,43.06406483463965
542.0,89.0,33.0,47.0
539.0935761823434,92.93412266881228,36.69260890885391,45.49421660841813
541.4552892008032,95.66963285723568,34.59980645631276,42.88026475891371
541.3117856063423,97.29757206364542,34.77193838704534,42.56946027324764
541.4530002067568,98.62616686088177,34.68920474464858,42.628319807266735
540.933229773529,98.11699422822963,35.4634797587388,41.375995281779154
541.5697590277649,98.92940114584985,34.45721639463079,44.787461358263045
543.0,96.0,32.0,47.0
539.8165542789425,101.10117406796189,35.83240021782672,42.606831103355944
542.1365034484211,103.28616017412378,33.75814868783311,41.401167063606636
542.8139903821918,104.33973249592538,32.91385120528389,41.824316531556434
542.1392163552388,105.54351010803293,33.794538643213286,41.5564565439613
542.2120858400704,105.67696906993913,34.02231836459441,39.576163933966626
542.2908058104483,106.68619640777555,33.725426137536715,41.82256027385384
544.0,100.0,32.0,47.0
543.7245597936763,107.07998749624727,33.59144083207582,39.36739356890712
543.7000944865135,108.30532969526735,32.841469313222206,39.61095810084282
543.3593297670959,109.4110596826616,33.544357071097465,39.1831194579168
543.0029150453324,108.95968226345454,34.025933043208624,38.35925536542817
543.2406864543153,109.61462832419602,33.71473589620064,41.21573718069885
543.3177441147293,111.73874475457967,33.57824021914303,38.834666764156964
543.0,107.0,32.0,49.0
542.6670905383235,114.09997903846534,33.487659803848146,40.01753644673059
542.6761664797585,115.35935069370089,32.5717983057699,38.96915047722814
542.3003834402726,116.27212634704722,33.42144433468286,38.70505171723818
542.2771985977035,117.04196947218779,33.60006499806332,38.85849384441556
542.2119119718682,117.91439447549936,33.12295167166599,38.83316322454965
541.8320376669175,118.76974858241988,33.674247068211685,39.07347224884114
543.0,112.0,32.0,50.0
542.4796488770121,119.22022553104887,33.65277120085011,41.127167035167815
542.4914369606463,120.99497815498304,32.82106556464578,39.743576826316286
542.0536569170399,122.115642789422,33.19894104743071,40.02508319141833
541.6430457624888,124.06935301749306,33.69203803616233,39.02824067831102
541.1582496090072,122.92626920387843,34.95517834527834,38.93415268422612
541.8003339511599,123.23963763256188,32.8570605476973,41.467335982638986
541.0,117.0,33.0,49.0
540.3736129697477,124.71997623230192,33.98316448315609,40.192300209139546
540.0961336647915,125.78208061086806,34.553958236776,40.129134141418405
540.1295194398956,126.76451997003278,34.440823226999555,39.89432984463792
539.8970673416816,127.53877222068405,34.676137939918135,40.047118596953965
539.6794596822483,127.71972827341438,35.38822347555117,38.18448273705138
540.1488484030165,128.12842531245474,34.34538176776664,41.41721243772906
541.0,123.0,33.0,47.0
539.5995360107831,128.63994659604487,35.150353950825775,41.599445215751985
540.0996285074687,130.70462665992488,34.72514114709111,39.94043630989893
540.358634441619,131.3556175759278,33.80435579083701,40.26005730227058
540.1250886884418,132.30943620212986,34.38858745441348,39.82184346787233
540.1724181803118,133.0825342691852,34.250313311220225,39.6748167561131
540.0423662687301,133.16729350199523,34.541822966018,38.30554540854223
540.0,128.0,33.0,47.0
538.8636864570362,133.80594235379635,34.90526803050079,41.14185697939945
539.4069141436509,135.65681613054767,34.38342262526169,39.76854881588588
539.7390332311943,136.35666258725587,33.10915035916241,39.52917056146134
539.3336823513698,137.02602389777076,34.40487106638898,39.29739210640537
539.5511140675309,137.6854482205963,34.005461671551984,39.26569653011393
539.6095069795266,138.3823349157725,34.20422785688345,39.07964782309989
540.0,133.0,33.0,46.0
539.0465778548855,139.06175864321813,34.774990872849685,38.87804754210265
539.5362804067782,140.32302414872515,34.165043191807285,39.09713281780273
539.5958591558688,140.74540982774113,34.06816125981322,39.76101982922978
539.6662151008943,141.03512771901285,34.29160513141187,38.20653416558025
539.9641655897489,142.14705355675585,33.31817726453494,39.074812783406
539.6029780603905,142.75939355707612,33.890388279765034,39.277288636337744
540.0,136.0,33.0,45.0
539.4679741975224,141.90627561419433,33.946521107640365,39.496700003068895
539.6443735179703,143.76858700742252,34.06093362539298,38.42255236173753
539.8010798407562,144.42757544296546,33.97485489772646,38.83964382540216
539.9161448879904,143.684431964959,33.40692204784068,38.60449105315729
539.7692639194408,145.3218491194051,33.87518470848863,38.27458257348951
539.7975794940567,146.16990630660848,33.6246234686414,38.13702301530179
541.0,140.0,32.0,47.0
539.7162053076222,146.88918605785852,34.01336355481817,39.06695622214596
540.5500700486141,148.01875664527967,33.20053466334002,39.156374195261634
540.8195000732351,148.2936555960054,32.25308816913798,37.81850344062286
540.6444989680829,148.92340911707436,33.17489053313784,38.96884801107359
540.8979746661927,149.73346436327097,32.68829704309417,38.87239323279712
540.8859007693512,150.51355532304024,33.0448484822474,38.6302914730727
541.0,144.0,33.0,37.0
540.3813810732215,145.8638472302768,34.3879119266835,37.19607390989108
540.9595564116411,147.04613217033966,33.845868340067796,37.26297270483337
541.1278895144303,147.06719325802135,33.85777794101432,37.73732175249074
541.2804400479738,147.39408657899435,33.750186340170785,37.79926844482384
541.431008397801,147.88782952429642,33.21367620544925,37.7092662578944
541.293925319012,148.26922752150517,33.636650408556534,37.82244140725902
541.0,147.0,33.0,42.0
541.0235370906066,151.20186555586497,33.38225749485491,39.43074878252236
540.9948349439335,153.3268172621746,33.920894356861936,37.507940215045096
541.0288809632784,151.71942238466318,34.131611312318,39.41405881575588
541.1134678884887,152.83178629960253,33.9843756174655,39.23836164080922
541.418277092152,154.78112281865037,32.98643514387322,37.09100700965104
541.0668982358746,152.90545615447164,34.17169835904019,39.477888362593916
542.0,151.0,32.0,38.0
540.52055301769,153.59206476358213,34.656725337408716,37.99354063230305
541.3810597612068,153.7743839213781,33.726688925228814,38.1659328431989
541.753789190726,154.04374881265608,33.06537402011975,38.210719513587264
541.7895309450787,154.38329571563486,33.3747133852396,38.20125918597785
542.0118008397486,154.76861248131513,33.274674889353946,38.485910398968315
542.3342484295299,155.2770689852423,32.076725416364525,38.25142723477052
543.0,153.0,32.0,35.0
543.0509316597638,155.69707573239145,33.0197857284013,35.6308436772016
543.4367635789458,154.5080733324686,32.236882093410486,37.339844046747544
543.2722781741155,156.52478585370955,32.742101056993874,35.17970529559079
543.4176049860735,156.4377651100299,32.73040043611809,36.29190929710671
543.5611382646712,156.9267379372252,32.77153429392206,36.23112428240188
543.856323948035,156.36995759934427,32.392866948603114,36.53099224568746
543.0,156.0,32.0,34.0
542.5157161405521,157.95217504523495,33.20436158497,34.36446783198576
543.0234243980885,158.98475587382256,32.678010488722066,34.329281438463
543.4570313671734,157.83140912055524,32.21963428690424,36.146033700094904
543.1985050164483,159.69440643162147,32.68574865423716,34.283111656756546
543.3219947359123,159.7484219217855,32.591610440040085,35.246657043448124
543.3497433361756,160.32454791896055,32.69012744812858,35.202661164922574
545.0,157.0,32.0,35.0
545.0181515652985,159.0771156308192,31.73403988270684,35.48073288031628
545.1343837114298,159.6302906556075,32.09570375546241,35.29640054218271
545.3477690787181,160.14132315173276,32.113442244609814,35.17572428272615
545.5001932400286,160.5353329571626,32.09161504289398,35.228147595551604
545.4761816471664,160.95136931235623,32.20644141189268,35.22326483984699
545.4254583717557,161.41872798792372,32.25775055808913,35.19606970610039
546.0,159.0,30.0,34.0
546.5491091289159,161.35562107478313,29.98287795898341,34.42698982660721
546.4947732853628,161.5332547180181,29.363190102825342,34.92279410455154
546.091490523318,162.16235461043357,30.56911325379997,34.55824457505747
546.3392568577071,162.59237651051376,29.97101341953089,34.44374753339048
546.2396430195726,163.0685576726204,30.515520978777317,34.23190297700637
546.4290636911179,163.4797149018209,30.45335091224547,34.165503845836156
545.0,161.0,31.0,35.0
544.9320503400936,162.9739429103911,31.38889800778543,34.65544388427588
545.4383088908751,163.94310325695915,30.98371084524115,35.02984273229231
545.3602572577693,164.90023276232637,31.296762006060817,34.04549987528969
545.3998286714756,165.49168752476794,31.369934460596482,33.86662701478417
545.4951536600856,165.90459235097552,31.343766451267584,33.95121846985694
545.4083180492455,166.61569924633073,31.54123372183244,33.63647066798234
546.0,163.0,31.0,37.0
545.6321586728195,166.3464701670202,31.60373545230732,34.8532023321917
546.0800722293673,166.9417071410735,31.18153687383483,35.2100658281106
546.1668139475454,167.89621349772096,31.31788460492089,34.53772844193281
546.1463683229648,168.82688026234024,31.465800050934945,33.99213901192667
546.4467971243938,168.0813677342768,31.199450758929743,34.86259365874946
546.2333075034012,168.65859929126373,31.472359725846218,34.92195914280933
548.0,167.0,31.0,32.0
547.8371184876999,168.6347717566238,31.474967898723207,32.91313819404533
548.3735556551617,169.6098350703823,31.02109198561743,32.839532251694266
548.2296167665946,169.75086812145548,31.25953277191877,33.501170965199776
548.2195217613507,170.12522822251032,31.240938311181253,33.62324073121255
548.2982594411303,170.73548879389386,31.248833862458582,33.413798282683274
548.312299225754,171.31273378788626,31.22103520909195,33.36645980002004
551.0,177.0,30.0,27.0
551.0689887262727,178.53466165262637,30.43902678513291,29.73206022727129
552.3395866424976,176.6706199619066,28.55033721123573,31.08103897432079
551.8526289636229,179.91316915544394,29.471340035404864,28.662968132050537
552.9404101874479,178.46956107108088,28.200276259200336,29.287391931552378
552.4988443074161,180.58145361719806,28.779777839305893,28.423438650862693
553.490544424779,179.4549815667906,27.542292566949527,28.54340176155796
547.0,170.0,31.0,35.0
548.92742826433,174.1447089707268,28.868538152129986,32.35402135269982
548.7217693100492,174.37125957183133,29.036966061457406,29.633370694810367
547.9218981066242,174.49070409535216,29.96859426078288,32.65746293701966
547.2032400452727,175.5846394419881,30.835573444719444,32.20119214552031
548.1691531506077,174.72561977912315,29.96262118073571,30.963420775024844
547.6938189699595,175.62996258347542,30.518186040647606,32.820583071562226
550.0,182.0,32.0,30.0
552.4052766786153,183.62553672255706,29.28589669289795,31.450652796883105
551.4844014510079,183.70962213441675,30.299859378259498,32.207303665078484
551.3913066989694,184.42218872696992,30.415365085997337,32.113072589332546
551.5940459508827,184.9527929971266,30.390251700883255,32.39662576709151
551.8818590888044,185.74451282426855,29.972829954026906,32.44332112623965
551.9387641893495,185.36957311343576,30.002954232491447,31.219680270267418
547.0,180.0,29.0,32.0
546.6489157535893,181.823806514505,29.722630640983198,31.880855128542862
547.3502079588891,182.54665833448394,28.96308950201501,32.58456768039821
547.735051471865,183.28876178129394,28.501363975137338,32.52097347882682
548.0299010438207,183.83440697112883,28.101509534837987,32.50124606922196
548.1501532733216,184.4691480986026,27.93179817175246,32.47638746290016
548.4358338637937,185.08795548185958,27.410666390425604,32.40604637831177
550.0,162.0,28.0,36.0
549.4900483780291,165.58412797437575,28.385169467362175,33.70027182779717
550.2468137541164,166.96628797185508,27.96525862980218,33.49527637602378
550.646680114275,168.70718846731506,27.259537349377183,32.78274099256845
550.5630735040271,166.60506504219552,27.384540135440716,34.135669283212565
550.913606470368,167.5820393523544,26.715028620925523,34.74138901875153
550.8889143945653,169.2350738015574,26.690870149779585,33.81644288593873
546.0,122.0,36.0,46.0
546.9582767781746,132.1935772839767,31.734649025619547,33.289024547340034
546.8532615668985,135.03236467517593,32.94308363245409,31.314489660582126
546.4276884871147,130.69271252930827,33.87553888894922,35.88572405495199
546.0810848935789,131.69733718656823,34.93527441709875,37.07214054437759
546.4227776572134,133.05257227770403,35.286222140669906,36.866203613293095
546.4091478589535,134.60436919281483,35.93382381415722,36.15226815650817
547.0,128.0,35.0,47.0
547.5810736816707,134.4506339379659,32.49994228718106,39.55424141542153
547.0098808521611,135.82266971061836,35.010413219430575,39.82320495203908
547.0690506856481,137.09513241944842,35.22975518796011,39.3254384700349
547.0405364988502,138.14098759088301,35.517335093025736,39.03792422269345
546.9268309978211,138.8627926095811,35.872785337971095,39.40291630100725
546.7726017297459,138.03498811190332,36.03431914446708,38.75552875499534
548.0,133.0,34.0,49.0
547.6614219682183,139.90913528462409,34.926533564010924,42.14568346528168
547.6600020906176,141.80552841315512,35.49179370104844,40.8506871932847
547.6415255546931,140.87274292583868,35.510648491344,39.738984456673876
548.0562813250558,140.89436550112623,34.953561229187926,43.97957876644443
548.1508989175172,142.8214082768609,34.96000239884779,43.44616179278546
547.6699526541538,143.23206683246627,35.54439910857991,40.27959368544566
548.0,138.0,33.0,51.0
546.4756080638458,144.5384456216466,35.45131677758445,42.6642891971739
547.9641734378663,145.59622447090396,34.102749555002106,43.40409330988979
547.7033151173237,147.03503137049847,34.58291031371846,43.016574361670735
547.6705688787365,148.52926494427436,34.9521298520267,42.55115369046587
547.4514946944346,147.70753369784933,35.071961173099,41.1667692149461
547.8917439268824,147.86913650263193,34.66020909808037,45.16972038811741
550.0,143.0,33.0,55.0
549.6366870501595,151.4968275190506,35.22622486358182,44.95729850994644
548.8705392576545,155.68614109091675,36.2477597911751,40.565542923604085
549.2221471349185,151.3096749524086,35.12861066577443,44.513420966325384
550.0712804979376,152.85987230025057,33.98263176455566,45.265181771323114
549.5434759847883,155.48779472048727,35.58836762910232,43.418582081841976
549.2480461193379,154.36370246506704,36.31317604530773,42.050396106901644
550.0,148.0,33.0,52.0
550.0510047689859,154.38463174334095,34.48448670829566,46.11768704465868
549.6893016553599,157.18993697841802,35.105135244963094,43.65296895886212
549.6237858923434,156.2374754917381,34.68111063148967,42.15448611064528
550.3536214071933,156.5736838328105,33.99199086127442,45.94132893498772
549.9042956117872,158.7640954911974,34.523565344557596,45.03897160784686
550.3069674122116,158.73757093107366,34.34253320215839,41.777051981693944
550.0,153.0,33.0,51.0
549.9105319987013,159.6516626660873,34.68232091701907,44.46848729737752
549.6861803947222,161.10452317235456,34.263802195052904,44.051099959824484
549.4343704946792,162.63154256224777,34.75380423461968,43.117772856315185
549.4090950085965,164.3963468208358,35.11455118428694,42.11069021835942
549.4947114217765,162.97960704304901,34.238734297192536,41.80670205642738
549.7805893776058,163.36877232060226,33.889738820322236,44.949176474152694
551.0,159.0,33.0,51.0
551.0588010033637,165.72677102275395,34.24232983680099,44.39411216624782
550.8025840437383,167.18484311028965,34.11430093305012,43.75391009900426
550.4455574720471,168.75375593497574,34.73531513105286,42.6598340633808
550.3519049740497,170.60392610104583,35.177426314621584,41.36156470167927
550.3157775446225,172.26679555445514,35.40666368543043,40.72564632044839
550.531552488724,170.252901937789,34.41819529031568,41.96544554288565
552.0,164.0,33.0,51.0
551.9795833207081,171.32509108938336,34.47633890497809,43.502268494471735
551.7632090017473,172.95570293221454,33.86442758496878,42.32633443986617
551.5339855397533,174.0867445650165,34.22184322617886,42.31592399252048
551.3743530167935,175.65135459316775,34.69573242319939,41.43441781802528
551.234533276847,178.2222161431668,35.13510837735225,39.45262172648631
551.6667110762243,175.22513890936986,34.07373234055228,41.88934830480591
552.0,171.0,32.0,51.0
550.0992207019626,177.0867608265089,33.943858668931284,43.85421302955541
551.9907822562077,178.67845132598904,32.509455165122745,44.348276360679506
551.3624161828958,180.75160086071094,33.04524551663178,42.17554814820667
551.1669853539562,181.9352646419336,33.23237478762769,41.62358927700893
551.0575067494407,183.20529270634836,33.33411708114102,40.83086225811246
550.9628217931818,184.0655940022632,33.63290296585501,40.86473760597954
551.0,177.0,33.0,44.0
551.431133080866,181.85639703403558,32.66232540861074,41.356820431226424
550.9227500629579,183.89677894910102,33.347672489547676,39.8953202933142
550.6088727678775,185.5120624285696,34.48750211396111,38.95447908742608
550.9378259003354,184.10454445793835,33.162873543855085,40.34641053560563
550.4174271133861,185.19077751064248,34.56426865751837,40.74550449876074
550.7030029411962,186.9182009793518,33.65687867338602,39.93724485657714
552.0,178.0,31.0,46.0
552.0799687551283,184.82365909452483,32.1629201040065,39.95978544084048
551.6902435091661,186.47009289993588,31.85844590065517,39.51729454421087
551.2783877937391,188.34817773624764,31.926961232108624,38.28364850738569
551.5680251973158,186.166968454698,31.166514915389143,39.65614769425372
551.1800339118643,188.1585067026532,31.593199630959816,38.85806626984237
550.927232350311,190.28047424964768,32.153580512421286,36.82220008388822
551.0,185.0,33.0,42.0
550.5069900143737,188.57034660849695,33.76061409758722,39.22770571583817
550.7245855778863,189.55083583245766,33.852540941136226,39.78166483845911
550.5672721446317,190.6095136212815,34.08973282562329,39.551801189828524
550.4330092383768,191.48064313222994,34.1106844344381,39.43275564999942
550.3441691583429,192.45630207454724,34.02265865751406,39.29676723073635
550.0477208454448,193.40825675707333,34.36342029850675,39.35560389106092
549.0,188.0,35.0,43.0
548.7125071565563,192.25045264316475,35.17132017890344,39.65919246396055
548.8900946238704,193.23917979441114,35.10120908284648,40.01701620841169
548.6823155345614,194.3657981466353,35.43170691723344,39.6076539042177
548.4139260120746,195.35896047259314,35.555919230897416,39.1688854248784
548.2264240047103,196.40733270503313,35.54957734056893,38.90421118016593
548.1083785182551,197.47730329540127,35.49965324294203,38.835169963538306
545.0,195.0,38.0,49.0
545.8520547763792,201.69040048673924,37.509009945305365,43.45535850743681
544.7581113546476,204.31219965801694,38.459111806639726,40.94749936538665
544.3120087337884,205.65011302155244,38.535892202886316,40.85626612631688
544.6432108257764,202.97982653011906,38.14704272037534,43.00856687453489
544.2290283836819,205.5128553775046,38.554514588183,42.15210037147057
544.3216711497389,204.84348303703985,38.92167647378244,40.14666695338849
549.0,187.0,34.0,50.0
548.7485612699209,193.01963826093652,35.03049924294942,45.57216464655767
548.4108130351956,195.3444802122849,34.483232575168586,43.809565396953076
548.4414707920615,193.90565854033377,34.67337856363304,42.7164540726217
548.3837695290704,196.32719170097226,34.677658782647086,41.94302923728108
548.277708178367,193.4653913320613,34.86874217858258,43.151720635301956
548.3886008035931,196.87886279797442,34.81300212302426,41.71486782771535
558.0,182.0,26.0,43.0
551.8509174754015,185.6278282554706,36.12490818863705,41.73334663167253
554.0336211073488,186.63494746823943,32.98682097651863,42.25656149594167
554.1294557978413,188.12719214576987,33.38668578458328,42.260307714485634
554.858022785018,185.62787913265532,32.46009140397655,41.92658206350683
554.6709756148025,186.74918604643744,32.87059934962372,42.70718670071517
554.5608437818037,188.41795380130327,33.069097676025194,43.1721097375119
563.0,181.0,18.0,47.0
553.3976773760303,186.63870581905064,34.552961761193046,42.271700334739535
554.9617691694673,188.20758370015415,32.853052497710905,42.548853762860176
555.7524645455615,186.2725280430015,32.41604182648098,42.04578609506058
556.1797260040323,187.90295238485783,32.38374962502189,41.913670021422405
556.341753863313,189.67203174718998,32.56290492290168,41.6905324134209
556.6498034994011,186.97470213133727,32.295318886251835,41.86566989354219
564.0,184.0,15.0,45.0
551.9640422370985,188.6150842842734,34.42459344730332,41.04843867551338
553.3258120198348,190.08162558686746,33.859533417310104,41.2550898046087
554.7982623884131,188.14293477986723,32.872126175311564,41.15946428076518
555.7118066631692,189.7560683920713,32.47761546125503,40.977502078349886
556.4267021744163,191.11279532525208,32.159630917201866,41.28125021319414
556.7347015085581,188.92415128700654,32.29864538152515,41.05970883733599
563.0,186.0,14.0,45.0
552.6309018016323,190.92025418055778,30.45167228028322,40.180036439148665
553.1881647301361,192.35892359447007,29.83708747626406,39.5358084584355
553.6436444428682,190.43444064094192,29.37981364814732,39.934408289721915
554.0420279603786,192.24484296843718,29.07803075423726,39.49721837397473
554.405894879108,193.9192440934487,28.773734275829156,37.99202529658339
554.7802108812109,191.5144104606365,28.419803856245608,39.13250672657642
565.0,184.0,16.0,48.0
556.4478345602834,191.85299984060606,30.945322564974163,38.98771412526412
557.7293529401425,193.63846416482352,29.725325903956445,38.60446232059559
558.3636451421448,191.48278961581377,29.61749474235944,38.675631709886716
559.4232784522956,193.02112355648296,28.89729384880752,39.054772732338705
560.0762568730788,191.84115021625843,28.87733256804836,37.02320027407336
560.5501194966546,192.68830518305276,28.792423986225685,38.903760317388105
563.0,188.0,15.0,45.0
554.7686178766969,194.1201026998583,28.141352206085458,38.35208137481857
554.9766396747368,195.96510294522056,27.961821608899754,37.355839542966095
555.4616345947204,193.9440034764183,27.410992816663793,37.65565426658122
555.7105002281928,195.54972304925877,27.262681280732522,37.65672965054591
555.9201012958299,194.16323799447036,27.15772384039269,36.70791048778733
556.3219125875726,195.55421125003363,26.765639879442915,37.45356891311246
564.0,188.0,16.0,46.0
556.8608193390328,193.27208966858797,26.676688568181817,32.715635982564834
557.4005189786931,194.9891192747163,26.11817117039209,33.4944096463218
557.5659102333593,193.96618111591155,26.047676462185336,31.45975449665562
558.1750439268328,195.6049312517057,25.276796493094707,32.14731629001244
558.6530284698638,196.46024883016207,24.816006229083996,33.98174060267115
558.716915288268,196.10993352877853,24.97935119815793,31.083726943048333
565.0,189.0,14.0,45.0
558.6569752837167,196.3205423765852,24.175991333202546,30.013163804411505
559.136070286994,197.36540435801487,23.682806715288507,31.426383809863694
559.1349593046912,197.09928126732828,23.837634828224964,29.013992443893272
559.7450867770585,198.15201403221727,23.037182625672358,30.06232020417883
559.6294008301993,197.4184057492552,23.317028220357315,28.68483812536104
560.0530411031887,198.73933315587834,22.68924228503556,29.16117198629979
565.0,190.0,15.0,45.0
559.8663092483846,198.05035972858525,22.5215805927603,27.36546958429605
560.3781624501255,199.36442318389987,22.085930394562865,28.190119970698362
560.9658843666216,200.72720928963474,21.449289300543114,28.535685578445282
560.8486022038817,199.62460469958967,21.97560936079958,27.573701269918473
561.385829932759,200.99853375442535,21.228523121351827,27.76151255455852
561.1005391127844,199.92069080053113,21.765482648924035,27.06310359530505
566.0,191.0,14.0,46.0
561.0920850132898,200.8602423724969,21.4912411031205,26.526017448895033
561.9773606197864,202.2799838996878,20.478553659485897,27.000646660858024
561.8860381460254,201.32137048231584,21.051200845882704,26.11150773373552
562.7256151953716,202.58669215904092,20.06613469208787,26.63061360238885
563.3512227122592,204.0302321060276,19.422196240874655,26.41608889346685
563.3244296455932,202.72542687358555,19.790505562824364,25.992096576788867
566.0,192.0,15.0,48.0
562.6777489561418,205.53041557325838,19.916383877572116,25.269637433407866
563.0200186245636,204.31791465380854,20.066535655601,25.087917673468496
564.0570645475982,205.58399739692373,18.89147566730935,25.280187771343265
563.6727428657746,202.24997246734287,19.963813640072203,23.544912463251706
564.5827831622701,205.84655048670015,18.75066903808147,25.071220881120496
564.7809275858308,207.6645843066101,18.84475569712231,24.137400545634648
568.0,192.0,17.0,49.0
566.9007728677798,208.29625901921764,18.976273606907398,23.21987039822622
567.4815378979479,206.62180375693958,18.784090971457317,24.271568585608293
567.679269292647,208.47447785090515,19.028869018764,23.5409861347228
567.4977077037494,206.94647077953852,19.55199074581958,24.256347023132207
567.8060955735368,208.78042647315635,19.306350197259007,23.658237909351953
567.7010689402853,207.2738354881203,19.61046962697651,24.337080962117625
567.0,195.0,14.0,47.0
564.1517215291192,207.15901431770612,18.507849282213783,23.68621833658625
564.9222856938104,208.51142889799257,17.746183863346232,23.76437267847848
564.6760852349094,207.68756681790614,18.493326293980772,23.026730123166857
565.2438729551432,208.80504455126845,17.847099559665367,23.555356455082347
565.1149380497407,207.99746153833172,18.283473492894018,22.83944794985399
565.5075087384284,209.12476886226966,17.799206467938347,23.41179570097256
567.0,195.0,14.0,49.0
564.7146132576038,211.25525487211485,17.465238432247816,22.209683551301794
564.9392133081644,209.81674179626384,17.47294141814723,22.596761193035263
564.9867678172141,206.96159951864428,17.48065742994322,21.04208842061439
565.2678758207264,210.4821024885668,17.28349263094674,22.069855671850576
565.5374154208653,212.00981806096274,17.05404736026003,21.70547688437796
565.5137634948051,210.73306422629094,17.25813341957746,22.01385804542005
568.0,199.0,16.0,47.0
566.3653221518316,209.74465866403654,18.869311977240613,20.53995570729691
567.8156526537387,213.2040106327313,17.1685312259915,21.953354345873777
567.9291742828955,210.34111920280304,17.30014749662405,20.37756965170624
567.7784557170764,213.87247975650337,17.681375406684083,21.63240413251549
565.6378791650532,210.73966415810932,19.119159582677412,19.94089915688008
567.3624737595169,213.98573701207,17.629503977954073,21.660350571996275
568.0,198.0,14.0,49.0
566.0677181925673,212.31092394621078,17.265422059037746,21.23912354949357
566.4829344940988,209.64271028630915,16.669231350120526,19.815061726678692
566.8719072409549,208.87584008089493,16.25939131694986,19.601550700569106
566.946298618428,207.98122256706682,16.259608799622583,19.37270256972542
567.3427125326916,209.79927662672458,15.77130429020599,18.99070228907135
565.0954369832978,211.29422363583632,17.320375889592242,18.819493691989493
568.0,200.0,13.0,50.0
564.0819738920051,211.15126574799353,17.646693462029248,18.615490055581773
565.4039462862092,216.8304274197617,16.068417163533013,19.647041592577807
566.0322878338297,218.67426962042146,15.4941881348077,19.056764630488487
566.1525764501745,217.35989574763926,15.576072829201507,19.647103935369813
566.0710378733952,219.49278120451118,15.757772050015774,18.73088063559078
566.3121307320355,218.18462522682034,15.48292707165433,19.32584094952449
567.0,201.0,14.0,50.0
565.972071023506,219.9052858089783,15.91691035616941,18.398399040946515
564.030658160573,214.5837528621781,17.19142607908202,17.907438470135986
565.4491144446727,220.32815745876746,15.751953875682943,18.524907593948456
565.8986737511136,219.18157131864177,15.47983696645997,18.917455369284312
566.0805237415752,221.05699300086303,15.336860922890992,18.228924013381516
566.0782771646985,219.9123203752032,15.467318994473885,18.683942279750227
568.0,202.0,13.0,50.0
564.7737603700995,214.5439751672572,16.758771578491064,17.466074220060165
565.7677061705298,215.9533644403961,15.856314494246476,17.705547705882935
566.4139386950842,215.52719031182528,15.240479543760102,17.44427552873333
566.4970142134441,216.72310096758883,15.470179528378821,17.82224784415098
566.9716339849988,216.22775304101404,14.897950758232355,17.45867106912513
567.4865268861396,215.84271216423213,14.319463779407101,17.03649105160258
568.0,204.0,13.0,50.0
567.0632255242388,223.39915852984797,14.368503343062685,17.625446933193132
567.1302535717494,223.01460933996935,14.584486724762996,17.273734580432034
567.2068343058368,218.27505532967115,14.829414269706376,16.800550928882586
567.4599529302839,223.9185087243156,14.40551778096642,17.08293619813867
567.3908185925343,224.9875847651931,14.55612902157145,17.059109758994396
567.6958533490917,224.50159730879122,14.26963238815165,16.937492607075427
569.0,206.0,15.0,50.0
569.2826493279196,224.98458637655656,14.46984129232851,17.19224724275685
569.6781509274952,226.22891272947513,14.364482517739816,16.890373490489054
570.0940537241711,234.39699587133282,14.377098284009435,15.988103020587687
570.6097087510334,235.5828742167809,14.035902986656765,16.060250590393537
571.1048499183,235.175594744235,13.717841323783432,15.73439539475902
571.5561309325868,236.21639537418315,13.478746123768929,15.859869039409887
568.0,207.0,15.0,50.0
568.5067323225004,226.876358233903,14.263465688199517,16.3118810780189
568.5366701849736,226.40547024309174,14.133663277545224,16.277552100189467
568.4979150245952,227.49860238097205,14.172015028081205,16.27026879386159
568.4215150706059,226.95086114726126,14.359195643693965,16.27652653404226
568.5838844651936,227.9757981238912,14.317956371387254,16.246518026171515
568.5975687655446,227.34172230234435,14.345289026447062,16.362967254080473
569.0,207.0,14.0,51.0
568.7354729539306,223.25230663422872,14.66739488400458,16.06091237506857
569.276352102675,220.71378236954124,13.940865748481883,15.988394501556257
569.3075863638551,220.24381907824022,13.866496367310901,15.759134607152703
569.4086682006564,221.53701831056856,13.929256772575172,15.899812488054295
569.49686107351,221.1078228467403,13.770508832923497,15.572475629287567
569.5240355504593,228.12500927204954,13.746616352878846,16.110001769045397
570.0,207.0,14.0,52.0
569.568693702951,222.34156006807817,14.776149673243935,15.800004416153428
570.0143963238228,221.83952678025707,14.085209228451845,15.64266787597353
570.3606336863506,228.76978766176637,13.710408042842573,16.157642087484618
570.8549870939814,236.27302472718813,13.706159159423237,15.741886147475668
571.3557893835541,238.03414099349953,13.371007247475973,15.202699668420934
571.7374196204646,239.0399724391694,12.962399683354079,15.37121945155161
569.0,207.0,14.0,52.0
568.8381569702049,222.86547859501798,14.200672066968991,15.4012634642813
569.4297489829189,222.47169111881283,13.463579050917133,15.188197554656966
569.7275086752971,223.55969187684536,13.233998592307557,15.446300956573737
569.9602338887508,223.04099262246055,12.918609661643927,15.289918528139452
569.6261787577268,229.92685973970845,13.432061578485445,15.257893608140307
570.4253510357994,236.9798569910483,12.838570939509736,15.261177162558255
570.0,210.0,13.0,51.0
569.9806452967534,230.31555250238216,13.163554018237392,15.571039560314517
569.9391386518496,231.354864457526,13.259218955844062,15.391144754148684
570.033928989833,230.77364613328498,13.201756592824154,15.501489072477739
570.1038063381537,230.33598992760488,13.15477574836757,15.438976191233053
570.1749645271598,231.46792813031868,13.037152464128212,15.481060380240478
570.1645927554259,230.9972632185041,13.156866315637217,15.351161255029155
570.0,210.0,13.0,50.0
569.9210183383691,224.4457336540886,13.244502823647736,14.967356753326385
569.9574707351376,231.0027260713684,13.278179353886117,15.330162268447282
570.0396789774404,230.7003051686316,13.163730451173251,14.995061326764926
569.9895402538073,226.25550941262122,13.538507587244112,15.199082547577518
570.4832419114616,224.10894777907438,12.900649735466004,14.764123183892423
570.3967051829536,230.84934795263155,13.070478761829463,15.015850869579822
571.0,210.0,13.0,50.0
569.8688266261805,224.79846357202427,14.281885247813193,14.911035179790247
570.3433496464681,225.9305417631291,13.998154730314582,15.195406394230417
570.6472139118409,225.28838400127992,13.837489500343509,15.2160738604492
571.0711672204436,223.19238979747513,13.30141198685942,14.73295307375082
571.1264168857929,224.31758227808018,13.311877197913873,15.01877691300598
571.2242728701895,223.85024119173457,13.215575054895908,14.900349145154195
571.0,209.0,13.0,51.0
570.9934440036053,230.14659262174183,13.19407349564392,15.068950460126786
571.1503604373092,231.04840419188554,13.0320329303986,15.228397652626114
571.8241874769894,238.39343781593692,12.696010916902196,14.62517298700692
572.4382122837405,239.60825683900921,12.353619530881588,14.555455880768164
572.8328205894725,239.1459783298152,12.1242299736914,14.432583302915418
573.1236891478741,238.93033215385745,12.012664825758065,14.107161584591495
571.0,210.0,15.0,51.0
572.2981196196343,230.55587670829163,13.006043337480037,14.75050244423258
572.8695149672366,237.34278609956894,13.015469284221012,14.534528378187247
573.5074872025594,238.97952478291734,12.687805542404476,14.139246443198772
574.1325886355867,239.85724477431825,12.126203380553306,14.405292760360453
574.5358412413116,239.41890129132915,11.935044174216728,14.107353336827117
573.0693441306461,238.8734423022097,12.96303634861988,13.916701340263813
571.0,210.0,14.0,51.0
571.5528125837658,230.4531178980733,13.189164942302682,14.427214693455426
571.8293011795956,230.03755652987485,13.018393399725028,14.525832428076086
572.0313621171686,231.00289539146758,12.80667947977463,14.724329405565243
572.6461355126694,238.05275722875402,12.693708522648649,14.167307568325299
573.2129761975564,239.23326026563353,12.370720733537155,14.22761849653341
573.6481275140493,238.80860680975275,12.241213942803597,14.084976843068233
571.0,209.0,14.0,51.0
571.9543908697051,230.1303951752601,13.017146169139323,14.455296414311789
572.1338843106951,229.94028271804146,12.783410390740073,14.151919496014926
572.1718002218724,230.66553846369936,12.843918936817772,14.556616597247768
572.221665424152,230.22290113630504,12.883634050284854,14.459291419805425
572.2742029850638,229.87090320227048,12.89342190865682,14.380430760452299
572.2960255726748,230.70499503943108,12.92501490954578,14.59883075931026
572.0,209.0,14.0,49.0
572.6368047812188,229.16435557997525,13.214975318447841,14.527754371125212
572.8949299874515,228.80416522428442,12.862347510790755,14.598038695580499
573.0012011549298,229.8568582753802,12.791197719695333,14.6897883812251
573.0710882303147,229.4020603497318,12.767122269065112,14.586578595219464
573.6653549865007,236.16921368601797,12.592225844303584,14.559924727478489
574.0795293497315,237.75725541202388,12.4810663966025,14.09288752890376
572.0,209.0,13.0,50.0
571.9219455740811,228.86075834646968,12.953612078185301,14.512819062635714
572.4582662150583,229.83208738528504,12.451664869528258,14.630600825507656
572.4177062227941,229.40715552072476,12.646705833874876,14.542457160392246
572.4948194097364,229.0768756150472,12.616344267745603,14.472897234734035
572.5694527813084,228.84013078088083,12.56137391057473,14.32266510681984
572.6289367810226,229.7723566432163,12.593995635956958,14.465472095721736
573.0,208.0,13.0,51.0
572.7203301090922,228.61136919075994,12.858834104221728,14.619577522150792
573.0450952868079,229.6401997074974,12.941825590109943,14.581036818089643
573.2875008423471,229.05894969835836,12.772019218453352,14.701150464149265
573.2659997761511,225.0409106722828,13.033065084400732,14.26709345861596
573.5691718535704,229.4086397364864,12.551871441199182,14.738576732859144
573.6221717612844,228.81762578855114,12.607158180628517,14.841311685454457
573.0,208.0,14.0,50.0
573.4264683580129,224.5125399788089,13.537964518640138,14.375603694616643
573.9306444583314,228.9713703461606,12.790164726053604,14.778144127797106
574.0262887370066,228.70185148602897,12.793526629621965,14.569991451941831
574.6147287302051,235.3262669279742,12.670040078734473,14.760486070011325
575.1263086656895,238.32077588934044,12.43107731423106,14.443175532510793
575.5193766313959,237.87270052716934,12.293820516779874,14.248540852274346
574.0,208.0,13.0,50.0
574.3727526035283,228.81805214359474,12.577949131540095,14.730876727308896
574.4936199536373,228.46912502779048,12.589789551558624,14.731973402599408
574.6597691549075,229.56101131137905,12.453651023300608,14.591182746065385
575.1357583357931,236.5448655987144,12.612234446241928,14.131389254880844
575.6509101879402,237.83041255028655,12.352924966358614,14.032053529598045
576.1333256128286,237.55650068767886,11.980395208073674,13.853426277427957
574.0,208.0,12.0,50.0
573.3997858175117,228.65377016034856,12.576014039025267,14.331353674527378
574.0938980571096,229.63325327930488,11.86119843627705,14.347949215389662
574.2017288222664,229.3906502951864,11.945534447284444,14.009885634176385
574.2462363221721,228.89839825167655,11.977884646151324,14.09660277716526
574.4516236774955,230.01201913430197,11.916911799517266,14.021217201980903
574.4298056190194,229.57992018423192,11.994086243747688,13.920201060586805
574.0,210.0,13.0,49.0
574.175488893783,229.56609564965765,12.305631002914197,14.10953445488849
574.4000215637134,230.4937343647846,12.574231681222045,14.115130827453925
574.5746224543495,229.80935309747883,12.354192827225233,14.246647625423066
574.672482266294,229.41347775006332,12.334980929312565,14.208745867554143
574.6644253236252,230.34941297538944,12.475528289736076,14.201630934417238
574.7802079657808,229.73451914475686,12.330273243720512,14.304788690091641
574.0,209.0,13.0,50.0
574.0995229456885,228.92696348549399,12.641777734377683,14.211698490772505
574.5373032247442,229.96852798697776,12.246156628523977,14.279904385971662
574.5657636026066,229.67810033439372,12.329579390472077,14.066911417702954
574.6354809416989,229.34973045809647,12.276291213724107,14.087801850153369
574.6819035854514,230.34732713593598,12.325518890659623,14.227902285533276
574.6871434648333,229.8858825220454,12.34436922945224,14.142487539366272
576.0,209.0,12.0,49.0
575.9876663818457,228.97972670493695,12.141199331191501,14.337357156015429
576.1912662081534,230.077342568144,12.032932879945292,14.239994970117607
576.4952433753954,236.88359856521802,12.231808064478628,13.790609327923676
576.9676507741574,238.21126159128988,11.945630901694585,13.64182346754771
577.3928392290161,238.11560874751436,11.71198638096962,13.297614151051732
577.8771996472415,238.9749039890715,11.256748096161573,13.581765559279205
576.0,209.0,12.0,49.0
576.5036508629591,229.64594388972756,11.711917792274562,13.68195985587488
576.6635624000508,230.64720750217128,11.664067837128869,13.754464711437635
577.0423569547911,237.27890727695467,11.795767305175332,13.31095292149621
577.4514393347276,238.60064292140487,11.676175610466544,13.140210931023944
577.9280513096917,238.48099082495355,11.421917969173819,12.879853001523088
578.3912888515121,239.3393256243595,11.012341161801373,13.190431408031657
576.0,209.0,12.0,51.0
577.0246156528049,230.55025144564794,11.29790488982394,13.125723929587622
577.4505315557462,236.52474769269622,11.217515190845916,13.38930767357158
577.8450456452164,239.31721678264182,11.119088572099713,13.074988206932005
578.2439445482947,239.0498229032367,10.903098032011144,12.809882038195354
578.5942459639446,240.01882685999865,10.632356430538493,12.863359669922858
578.9410426825339,239.58368810921615,10.43930202076126,12.760661168445495
576.0,210.0,13.0,50.0
577.2632059178695,231.09412065344077,11.385547508935815,12.986483857097483
577.8474484727751,236.97615427423256,11.157875762035815,13.042031504386955
578.2798072616522,239.85109410346882,11.210567997150747,12.744054682666984
578.7606535195675,239.58773885630228,11.056577360276833,12.609165758380612
579.3313965033576,239.37161369465514,10.647059207522034,12.446826690669411
578.2850754952174,240.09034790384584,11.047290783805693,12.72099634440363
577.0,210.0,12.0,49.0
578.0526375911281,231.0475395743018,10.868046714879483,12.687872293491353
578.1664061747024,231.92358243485336,10.868701421442893,12.773562882259228
578.5814425627432,237.99577802630935,10.986583379348303,12.543366522089428
579.1067780857556,239.3640426109882,10.784685451914356,12.330394729342743
579.6450362511415,240.32414154679063,10.308695089502748,12.43500315952926
578.6259369780397,239.71674908738606,10.76013218124649,12.411068972993462
577.0,210.0,13.0,49.0
578.2294995110694,231.2905195709305,11.299191062363661,12.381369938736526
578.5169802483244,232.19424333597647,11.039462154957391,12.516561120316112
579.0755393168628,238.00155921173354,11.021582989726426,12.611619971882476
579.6077086666943,240.5735998428829,10.789915185241057,12.547474019570586
580.1998336611551,240.14879215604378,10.442524977757216,12.45615168936638
579.0196822835819,239.7319751785121,11.232080784780464,12.247732963402342
576.0,211.0,13.0,50.0
577.8521255951243,232.03886707153816,10.88460754707853,12.619952023931262
578.3632001179875,237.8514610310932,10.785906611497126,12.61495420134139
578.8667009274418,240.49519757386798,10.674920890915018,12.544232654076694
579.2977242272103,240.18767506522414,10.586618960400415,12.396911804111369
579.7233406771473,239.8585193999297,10.39318489922664,12.26774783709007
578.7592460660744,240.675160901977,10.678942164236105,12.387087511436278
577.0,210.0,13.0,50.0
578.4418006810247,231.64969719737792,11.26428695959794,12.556870017698287
579.1291737737398,237.3809436017608,10.912056793538227,12.629536146317946
579.5693062958486,240.0512001330515,10.99671631104411,12.52148915253943
580.1770470783575,239.7991174277464,10.65238894147592,12.33991759622242
580.6844625620583,240.80908390319132,10.253261436048433,12.344889889875788
579.5295216401089,240.14847350153522,10.931675546496763,12.378511714345535
577.0,211.0,13.0,49.0
578.723602437109,231.5555487309307,10.97380686743577,12.596892888447456
579.2821718865009,237.25316300407286,10.784365452636393,12.678210575217719
579.735076652182,240.0064534090527,10.7683586563046,12.433830293972278
580.2763862444308,241.01876772073416,10.331101293058964,12.330758504661361
579.2499880386831,240.379866870182,10.779920921898793,12.366197103782724
579.7300632703862,239.92972910542656,10.683253941343764,12.394013351772088
577.0,210.0,13.0,49.0
577.7858047295144,230.78473965094736,11.295281513822601,12.392606819543289
577.9918920572784,231.71133683928144,11.49221393550647,12.546522736778968
578.2688804572258,228.3135757784047,11.371950320104816,12.034543672839874
578.7840021279985,226.0050547101682,10.774292204675703,12.736108401841108
577.7533311940796,231.33048338446315,11.306355120968306,12.718077467088051
577.9221796976835,231.04695546177115,11.580408762680236,12.628127661571057
577.0,210.0,13.0,51.0
577.5905092500095,230.91708930635562,11.619574926594623,12.9157239960212
577.8775362687909,231.84456955701228,11.7027843518066,13.09023152494342
578.2140175549955,231.28932537194015,11.469514333535017,13.271831976814298
578.7769750126422,237.44357137311977,11.371204401527848,13.081537789376767
579.3114496205749,240.06386975424067,11.07212472643323,12.982277279215054
579.7285035400815,239.6528210017405,10.968269197074846,12.87698256472845
577.0,209.0,13.0,50.0
578.5116083005732,225.67749711686804,11.391541551615774,13.05173412642796
577.6580974482529,231.0988476235147,11.650720704234573,13.151954265897928
577.8508366001879,230.82341590857666,12.014193773999637,13.057855130276124
578.6819776095471,236.7905437554275,11.394445779579314,13.266048361354706
579.2148779026566,239.60466646700377,11.269281290415847,13.019784209344238
579.6769164302242,239.34719000494158,11.125515775542112,12.844119652099153
577.0,210.0,12.0,50.0
577.2931412359093,230.58421985964137,11.525920100332883,12.963244247888923
577.4718549398035,231.55364212665273,11.33280342619264,13.188965685298427
577.5732864869296,231.18981538412288,11.29777294035921,13.11681920958415
578.1863720555663,237.11842517252398,10.948424773207876,13.289528072901334
578.6484220281341,239.90147412426927,10.879085881879746,13.009715534171107
579.0502348866415,239.55289963871633,10.638647402071342,12.693549944900553
577.0,209.0,13.0,50.0
577.6516614020952,230.1933780325575,11.973865895981817,12.924021208813627
578.1150962438107,231.20275196534075,11.509080748154247,13.026477471460254
578.691926286529,237.32972975249436,11.410390185357073,12.958701485810707
579.2551976225503,238.75938705731443,11.199753968164146,12.632628784558108
579.8063283524373,239.66357147193514,10.747923124925592,12.82268235035869
578.7668260170537,238.97134047660472,11.186366166472908,12.843742710495462
577.0,209.0,12.0,51.0
577.8164321715665,230.40053506653464,11.118745319666004,13.073320895123231
578.013191240337,231.24619733494,10.975609481878678,13.225079539545675
576.9504727071017,230.59880884371194,11.550252209581231,13.097284878600135
577.2335136531085,230.22345210659125,11.567809770382837,13.11456413245196
577.588785866023,231.05098511778078,11.153322508773044,13.366027255503354
578.0112550109657,237.42860127557418,11.276503002640311,12.861364386112598
576.0,209.0,12.0,50.0
576.7772841174612,230.65566583726672,11.273814650126724,13.04358073596427
577.4350691265128,236.65810787924693,10.89318697443116,13.155040081289144
577.9327312447174,239.4466865031436,10.704662543050063,12.836386315990694
578.2901498308228,239.03432579401667,10.591597171914486,12.658560269060388
577.2843990370936,238.602354840445,10.935426211788126,12.465250192659
577.8939286395271,239.61813832894086,10.586045979731125,12.583955043092146
576.0,209.0,13.0,50.0
576.5348120149283,230.3316125627805,11.63474150300317,12.610583882373874
576.8722208892573,231.2113577586298,11.617894568638803,12.8460388188835
577.1976977336208,230.85252928261227,11.335871366342872,12.853345867446365
577.7595440500845,236.7085035585701,11.202276987004552,13.006371917253546
578.2302814995915,239.5013558109609,11.092652133970432,12.743755480170762
578.7065377412541,239.25360234614124,10.931314863504213,12.582345969553899
575.0,209.0,13.0,52.0
576.044766203541,230.97246657325024,11.20553698170454,12.981147495368532
576.1481029878156,227.61318966723508,11.548240256172676,12.42728843381218
576.370036948967,231.44537813887968,11.364735980037949,13.018285766079941
578.4183279086717,237.8112920668329,10.719844388070442,12.722270384544913
577.4648003457569,240.22345346605007,10.83949594564308,12.707857320302793
577.9290624867824,239.69973756925094,10.809442771650765,12.789683431370719
577.0,209.0,13.0,51.0
577.7243363729121,231.1452272604738,11.71545263924645,12.908184016457199
578.1698140146541,232.10361290926767,11.364646285115896,12.878326331503672
578.6047305515405,238.41376156123306,11.678460386964957,12.498911043963403
579.3809307191812,239.47333996203332,11.20269909732474,12.769838547358688
580.0384705004477,239.27022859346474,10.744377945853898,12.557844869226926
578.836198144204,240.1172040589758,11.519746018387536,12.615291685822001
576.0,210.0,12.0,50.0
576.5711995018295,230.98096302353477,11.131612266124307,12.86183482759293
576.6123564931206,227.57114322322943,11.489926117859909,12.403580248753883
577.0336139060456,231.44913740799336,10.947845774555276,12.912598904536878
577.049369604695,231.26785147177867,10.957203508875523,12.660381812950789
577.6806978166483,236.88244644763296,10.598232243257826,13.131041534954022
578.1115502639359,239.79762398356502,10.722613228185764,12.670416722775713
577.0,209.0,13.0,51.0
578.0573473620752,227.56377486394155,11.584290005142975,12.343443102874119
578.8496435915632,227.0324360085441,10.65246888072977,12.47661712483091
579.262255469401,226.55780445277406,10.432929040394129,12.607137063707
577.5385871577901,227.54138827868667,11.959418164096974,12.338748808608727
578.1730728676071,231.43083877557874,11.286531621741915,12.86165752827307
578.648634338892,237.39081946821148,11.402002870637943,12.788106016234678
577.0,209.0,12.0,51.0
577.6427311188519,231.13766962924618,11.141021059652871,12.905208791403453
577.8062848415647,230.86866747410826,10.94146032043966,12.822178687645334
577.9394421505597,231.67620011824954,10.929135366802257,12.997933817968345
578.0274418313635,231.35514649476318,10.932025124987717,12.786177543546728
578.4602188762898,237.32121423456078,10.98017705545817,12.826846398870003
578.9293279540973,239.9353881590099,10.787699140139466,12.705285403999966
576.0,210.0,13.0,51.0
577.5631739560931,231.4593176262575,11.299876424050126,12.746090301175002
578.1809286153294,237.28985863531193,10.974147077144494,12.916217099320193
578.710633073719,239.96499531311457,10.860875889154272,12.843824931786571
579.1333808185309,239.59714675847295,10.787441888760213,12.672512413214491
579.5619556977778,239.37015024026857,10.550328930089904,12.448540144367627
578.5885981118965,240.1809282698712,10.825344076319197,12.57198015098865
578.0,209.0,13.0,51.0
579.8175506979484,226.75296676350297,10.515121203808235,12.442128859599393
578.2460382967683,227.64174129959173,11.979083362607753,12.358483889619038
578.9054110356728,231.6124181914276,11.52686070519303,12.790470999908763
579.6873474016907,228.09872953233122,10.556053440179312,12.321600132826859
580.0597121739206,227.70028023009945,10.375526695265762,12.163992349152352
578.4652255449516,228.3558595901168,11.881222214127547,12.33716404234491
577.0,210.0,13.0,51.0
578.2094985040096,231.53650500575696,11.354619335151142,12.780557812498841
578.5161037103143,232.39863234324315,10.98536718632647,12.842782715715146
578.9587320420092,238.5172449940911,11.156232488001706,12.5234686673559
579.5225850710968,241.0714272033374,10.900007843166009,12.605532785696823
579.9271791439278,240.641616992595,10.897611033937665,12.593210034144988
580.4072643888649,240.30964321983774,10.65544194404356,12.49538084163558
577.0,211.0,14.0,51.0
578.3204050284793,232.18668777041148,11.899039664286079,12.782187393501545
578.7667884812261,233.1554112288858,11.732265859773179,12.865044451742108
579.0871301078132,232.66547428531612,11.588175354788063,13.122055065472352
579.7187876881289,238.67349135693254,11.383675280780608,13.119931078745054
580.2112928826249,241.37947040931726,11.401540782777943,13.010791044804819
580.7675758120805,240.98784872843723,11.201182299561992,12.88952927400615
578.0,210.0,13.0,51.0
578.8019022755111,232.07194439356687,11.913709695594093,13.068744734896796
579.2155088378257,228.65273442543986,11.649489820659255,12.546343503750848
579.4918541956631,232.65792119036882,11.27628742820525,13.121277941142353
579.9794647731704,238.6761170839156,11.334458436211776,13.203648027860993
580.4458792436612,241.4957772517531,11.206784552125555,12.923172518088961
580.9313509416786,241.23941356961393,10.97695157928797,12.712693680639006
578.0,211.0,13.0,50.0
578.9773927237237,232.5552158185808,11.783426779091428,12.899292073527135
579.3078958588683,233.4046471740566,11.420179558682094,13.164823609985774
579.4388512394803,233.30341231285934,11.257729555032029,12.83156941831541
579.5616749011941,234.1920271526964,11.1750022628554,13.09338525716683
579.6102813515004,233.98836927702746,11.197464888709874,12.80742703948249
579.7132462114729,234.82537594425713,11.174862459589917,13.024212161112132
577.0,211.0,13.0,52.0
578.5520924740782,230.64920955277762,11.661052904179996,12.542862836939179
577.9586266708901,234.41873174441702,11.581035978572686,13.02674171525041
578.21693710155,232.34564669056167,11.702958863278923,12.698546969929595
578.4383714859548,231.79888819116175,11.777205083535023,12.611892072723975
578.8821253182425,231.2124690497411,11.354433420195619,12.880352508776241
579.2679965791815,230.53147356586487,10.984010153821146,13.367060624024816
578.0,215.0,14.0,51.0
579.3539351918516,236.3178421743999,12.206457273732667,13.039194637243838
579.81579562362,237.31288522598345,11.702327084280114,13.309912203893276
580.3990819031376,243.30848114384372,11.496434186997021,13.435493989187705
580.8516796710834,246.28924552274464,11.673687259503367,13.092737419961054
581.3813536419954,247.30125919127318,11.496518663655365,13.16167050199067
581.9066347922303,246.95931469689333,11.231449222164656,12.962074951125942
579.0,216.0,14.0,52.0
580.6060729014334,235.26079498632186,12.094980973820839,12.779790895760982
580.9251246192205,239.3888696567402,11.75825880471507,13.34912685134583
581.1244213934287,235.94554203381978,11.990375052450418,12.762370303754949
581.5881367163158,235.34970279093403,11.76780486880898,13.202812561206173
581.979323823728,236.6460230029623,11.427652459699175,12.67052566980118
580.8726796797143,240.43919072473074,12.235101234532522,13.31602699122061
580.0,219.0,14.0,53.0
581.5880811309237,241.6153628140031,12.15763968820795,13.428992333463725
581.9347547925853,242.58275418609188,11.86332921408848,13.662931365512833
582.4582814919183,248.76493744398306,11.817258920945505,13.648080180442264
582.9099887625847,251.7222481927467,12.005390497997723,13.458815789063294
583.4763393368239,252.76168080921656,11.629407636214637,13.483093101999259
583.9558914848772,252.49463791769398,11.462513847039645,13.241465013115715
581.0,222.0,15.0,54.0
582.526603571602,244.8590347312882,12.49859470216245,13.779482509641696
583.2187198779544,241.36773210934416,11.91775496211801,13.13026355044994
583.7041454107773,242.23561741635365,11.455751978283615,13.283836515440612
584.1311693469355,241.78154199315549,11.1946082289993,13.25474566146255
582.4868930149687,245.88708921205563,12.607704659716546,13.66733688668478
582.9579810804909,247.03859525216478,12.48462997657839,13.874209104312627
581.0,225.0,15.0,53.0
582.3252033643398,243.94706287467875,12.981825893464702,13.20921477110005
582.8210534616592,248.21612326704178,12.613843641834933,13.997623697482197
583.2456330669071,244.61677074284802,12.411001458374017,13.398809242333982
583.6136336152576,245.55294488956338,12.050847433831677,13.490867453660371
582.3451786002631,249.45742661495558,12.883135700142248,14.151747951122502
582.6845436784076,250.53992874635264,12.985228463953604,14.277867232716119
582.0,228.0,14.0,53.0
583.351230967057,250.779119691754,12.322663073372837,14.079288335631617
583.4606169456736,251.98602821992606,12.309971683639787,14.174798052446278
583.9450884803036,258.36232793566637,12.318819120130684,14.356220016566567
584.2825495018874,261.6884586793974,12.642067528447114,13.787789815456904
584.9299092486997,262.6867979465749,12.043100351683506,14.091463624178289
585.4571549962373,263.7233269054223,11.498926309623357,14.008480777189277
582.0,233.0,15.0,53.0
583.7829269573886,254.89995654894585,12.577122296543166,14.143655508613051
583.9451312527432,256.1361701856278,12.57814209564583,14.321303711088547
584.4941028214845,262.3519181149775,12.316791192535561,14.619066880134255
584.8697526493221,265.7613362791492,12.663856002114358,13.975350192825545
585.4657723990501,266.89112025475447,12.295843032271932,14.151700332451355
585.9679991928301,268.0221682757933,11.946073202660045,14.04821342958229
584.0,234.0,14.0,55.0
585.14761165704,254.11100084639793,12.192405880346314,13.72370001710442
585.7144133678416,255.2616085253432,11.579586518858832,13.475961546520978
583.9182429169075,255.97669879296012,13.232273727569009,13.725561978305734
584.6198595713254,260.4131055711805,12.83242151153354,14.150096667050093
585.082085513126,261.5842980784424,12.510304001650184,14.170025462755007
585.764812975749,257.86945015557444,11.758871402156046,13.499543216091638
584.0,240.0,14.0,54.0
585.1141513288248,262.9995803330005,12.426541600670134,14.283523197446357
585.2993525567279,264.09682968993116,12.426475868206921,14.556871139772056
585.4793109660395,265.2598769615978,12.36327591049212,14.408689596982867
585.9007123268424,261.3869023169632,11.910868228133609,13.757371748645824
585.7890465654809,265.7866448146017,12.374924303556327,14.448310846619961
586.2523588356514,262.17227258729156,11.754919164541889,13.557000167023602
585.0,242.0,13.0,56.0
585.6326474612474,262.1889421969219,12.509458858883704,13.826469746961152
585.785197205696,260.0331566180629,12.330733077523973,13.709319933058737
586.2516469103576,262.80235072143455,12.042918909361902,14.217322462683342
586.6716859157526,264.2919593012047,11.67225174875,13.717896201058807
586.9458519560033,265.4715584776726,11.457186387195861,13.41476458765635
585.2720778281484,266.1976512388458,12.854749191124256,13.647327832550843
585.0,247.0,14.0,56.0
585.3642605670029,267.34281622353365,13.279275171043992,13.617872134739173
585.8235364387392,268.31551138303814,12.85920798176221,13.635991476244271
586.2132069148732,272.78071987906844,12.529518848518137,14.153182282063767
586.6797005272997,269.0542728227231,12.022946973800117,13.721362319685682
584.9398150209663,269.9291245119838,13.433001423059068,13.787267804689577
585.3567788036999,270.88296909631254,13.14797826449103,13.874693588560149
585.0,250.0,14.0,57.0
585.739631697852,271.03865904231566,12.797058663756161,13.93358928682278
586.1947650552238,272.2471118569156,12.28628172624235,13.820871317680087
586.4982478135055,273.31182691640004,11.935298660878516,13.706003587598559
584.7131391538724,273.9137522154597,13.421799593968899,13.973127275809816
585.3187975935524,278.42792654011214,13.039777569297371,14.498924509812923
585.669346844194,274.64713973622355,12.958380882889855,14.126515752593207
584.0,256.0,14.0,57.0
584.7026676774494,276.76219766182794,13.142995981285935,14.013030593645226
585.0497817583582,274.173508637007,12.532867288038688,14.340724043219666
585.1703751993937,275.13190601434644,12.492545748264547,14.509409409662908
583.5378311698977,274.76125356010743,13.757974380968449,13.962918923728353
584.0528102078227,275.8999854084516,13.571008962044289,14.193793150804652
584.449318058575,280.6928865809819,13.184296671166521,14.074002645586688
584.0,261.0,14.0,59.0
584.627915185612,282.3963375409418,13.159503236657656,14.113586298545783
584.9342705574663,283.34789505083927,12.64799769925753,14.108759739915286
583.874115988524,289.1770925520025,13.018746339486029,14.922094302253527
583.9757919632316,290.2582182515497,13.394484037391749,15.045778233603642
584.3459708444966,291.3460839568288,12.831952951551557,15.083135609006888
584.4643360606295,292.3838242477641,12.754335570557146,15.148744176581488
583.0,267.0,15.0,59.0
584.4384762456594,293.8328220646855,12.996661927007494,15.104728238201346
583.2380066658795,294.6661720318875,13.662251810827456,15.250029497371315
583.4516425331694,295.8008094090213,13.860940042761285,15.37387113612641
583.6920103546074,291.7006438748374,13.57433386572859,14.602166176489106
583.8637960431697,292.6286400814706,13.257351897446824,14.679049015849046
582.5520278766938,298.75751902900754,13.89814309436099,15.376268917539221
581.0,273.0,16.0,62.0
582.633695422946,295.76570876810473,13.8845343410228,14.725489556469995
581.6817560157206,301.91399513064744,13.93359179545564,15.464018517791772
581.7912106074054,302.99436540869397,14.180413927491145,15.740701450089546
582.1151464740115,304.2105667875486,13.651514442879488,15.794442093418184
580.9017571612421,305.17537366579927,14.285575706644067,15.809055068253656
580.970711162066,306.3271437193338,14.576747727385623,16.02967931704984
580.0,281.0,16.0,61.0
580.967439716087,307.7470012114957,14.328778311624774,16.175685981186348
581.0922466585419,303.36605400548,14.390329229620647,16.08210612934039
579.8148810824609,310.1982689974237,14.94273168961763,16.236313185392362
579.9891067873132,311.3708058951931,14.89146699155799,16.49449591986763
580.2365903160635,312.6440152478789,14.438889138523336,16.539489771183923
579.0956000711822,313.674344919138,14.9953285127674,16.58495526477691
579.0,288.0,16.0,64.0
579.5093006899456,310.80246749149205,15.20453238623395,15.897826396869846
579.9384540691235,317.6827373806092,14.42626700486926,16.94341270600063
578.6284914325227,318.66999546032673,15.164773762202458,16.97718164253604
578.7009632142435,314.25678268866454,15.4556060459945,16.158231580798542
579.1369946336894,321.3247288386973,14.648635727136593,17.151222738575825
577.7510063199659,322.3646287816285,15.397020324364576,17.145853872233715
577.0,296.0,16.0,65.0
577.6382805975159,324.743520249294,15.022827319287899,17.19631849765227
577.5462058131379,326.04761008063383,15.041202079210962,17.269918234927957
576.3694909650395,327.1086208469271,15.56699722416704,17.24454850135453
576.4883105981417,328.4597720570973,15.43334218341613,17.32980738624633
576.4844661724264,329.75624699821196,15.404872392441803,17.500185260032083
576.4092448234032,331.0092280376404,15.38158087123611,17.62290248689527
577.0,304.0,15.0,65.0
576.5897894918937,332.5497945128807,15.204299691107053,18.078097676414586
576.7412128992142,334.02464322671074,15.018892315076869,18.035048266045806
575.3908320826813,335.20461405233254,15.574892832176488,17.946716143441904
575.1757138871903,330.3064181308009,16.269408801703094,17.60650170036024
575.7492683225435,337.94772778494166,15.341808630865899,18.23805772087735
575.7849377923142,339.4081891782093,15.245475287690624,18.309113952499388
574.0,312.0,17.0,68.0
574.139759068461,335.9933758926333,16.693194439434365,17.457272910017082
574.5338983440055,343.61272292174954,15.851949600017292,18.260169114690143
573.1996074875923,344.7713426024052,16.476371931812878,18.240158085099893
573.2889953441954,346.13519304113777,16.35618778719072,18.559155172563692
573.2931614511385,347.4726315553926,16.32431881014554,18.776414985515657
573.3051224620237,349.03841077219636,16.211775074393472,18.751521926241026
572.0,323.0,17.0,69.0
572.2081973955192,352.6956852886333,16.578124210404894,18.75964586440989
570.8477954418331,353.921595986548,17.08732757525013,18.781148080821936
570.9174746116623,355.27762913281333,17.219809027432348,19.156810093144827
570.9439751672819,356.9125118220529,17.06437882731575,19.18531561590953
570.8041594325464,358.3512446551067,17.106520692603908,19.46038737785284
570.6549853119072,359.80941570876314,17.14816086994233,19.567738344454654
571.0,331.0,18.0,71.0
570.9378366743342,361.9512163974188,17.71802073738968,19.822190448198285
571.2246857005806,363.41173963684605,17.352721940223887,20.16189554971561
571.241919416972,364.9646861329769,17.356137095789563,20.278950511318158
571.3868693123801,359.2894173673975,16.7518790227183,19.6834779538338
571.2596851397175,360.5703933503621,16.669701722446916,19.811635670826718
568.4800784974432,361.7043368347622,18.954427359552938,20.00788001730689
569.0,341.0,18.0,73.0
568.029624029437,365.32589809772367,18.827005349276078,19.745573727647013
568.5472637403097,373.8961843652259,17.96262971678493,20.71646655206729
568.6046755304155,375.5517481184557,17.862581931289697,20.82928349037462
568.5697671053783,377.0310958491264,17.862791134560894,21.112631656090628
568.5876035559058,371.1731732223581,17.39530974526042,20.436913850493966
568.365693726174,372.6143079588321,17.428342896465438,20.353132321547264
568.0,350.0,16.0,77.0
565.8648841735733,383.70724675743134,17.910206333444194,20.858027039192507
566.1018328794075,385.48823684631964,17.727069091927206,20.87206075839447
566.2021936971439,387.28324619067996,17.52892734645343,20.950953689176004
564.5806240830341,388.6804997771518,18.130549448553097,20.902900579979814
564.9168067217889,390.2136940126247,17.817338278053853,21.225648621087203
564.829087861415,384.2034635413896,18.13602276442998,21.17620514565374
566.0,362.0,17.0,77.0
565.4149457781106,395.30264992266393,17.606908186304167,21.3575706538918
565.2380373929188,389.1996721773985,17.620456410305223,21.117650161401798
565.0516137105749,390.6486608626477,17.61210210451941,21.05774929031088
564.8674950053053,391.8127100086365,17.583997050807966,21.679568083964455
564.6326843411598,393.1723963113823,17.65847467191179,21.868251648958903
564.4176272620725,394.5838930874735,17.68756515376117,21.932658566725536
563.0,373.0,18.0,78.0
562.3888785723757,407.3611192668179,18.734000113664933,21.493100387521054
562.346079953535,401.0644017847791,18.89591814592677,21.58077323677196
562.1276666927213,399.79215745546503,19.26869435177639,21.591880412769797
559.978816234156,401.2420834540064,20.37277026369202,21.15571703089188
560.7001255391672,407.38617901594137,19.71490966071201,21.813083399099696
560.8188147835199,408.62173413677647,19.934284978361575,21.99244939202117
563.0,384.0,18.0,84.0
562.3221873456499,420.3610883533979,18.8410074998568,22.61501450235812
562.3722339766235,421.99235802870805,18.978708702062363,22.82736136693586
562.2517314337888,415.732722994954,18.82577303100743,21.98185573127887
562.0921908442124,417.0785924955584,18.766589729819316,22.039312423490856
561.8402563190167,418.3351315546805,18.919463597364143,22.574945965874065
561.6488347296129,419.69746742961445,18.824313451719945,22.819753371789886
562.0,395.0,18.0,86.0
561.2322255024765,432.4687576199851,18.914216072284262,22.758250299498968
561.0887734281096,425.8703608160297,19.09801967244948,22.36794179253735
558.4494022881591,427.00126428732113,20.882205489354533,22.70755124553051
559.2085008388606,425.9848199761691,20.37732836803366,22.225792198892123
559.5371096197748,429.7880422858325,19.9954483577676,23.313518519660647
557.2729854911222,431.0572761597423,21.155147672430758,23.242800063385403
558.0,406.0,18.0,91.0
556.2995576210449,445.6550613636546,20.1362477845214,23.46065942812089
554.460150931985,447.358470864736,20.6284524303087,23.09419809914067
555.1226192029287,449.1219684404517,19.884450966332224,23.4293761148748
