493.0,247.0,82.0,302.0
492.5217878613621,260.14478725381196,82.48452609125525,304.00004267925397
491.2535983264697,259.85758383637415,79.47283793885799,307.3833507242331
491.42342757349667,253.320327499757,78.10283133358774,294.3986383246595
489.05323238912996,247.500483070663,78.83873533249204,320.67158995613
487.9256249880425,255.46276629606882,76.62487937080073,312.09097977156614
486.3504284158561,244.4140465316536,77.00711937389326,298.2461605705997
476.0,227.0,115.0,313.0
490.7632105113371,241.1526984892389,86.03771834743975,312.6164713185815
492.6816296613083,243.04898699602836,83.43387039200957,291.20627640124985
492.9415611607955,235.28109047244925,81.90650699480938,321.97363515895734
497.1043799875913,240.32595812909722,75.59757848236404,292.70817494553796
497.03208120522174,241.61802698481438,76.2042341159455,313.34995722210476
484.0601830365522,256.00242934535896,82.49150944597181,299.0240646409149
475.0,229.0,123.0,330.0
493.60771354513963,255.18230522479098,87.52104673107988,313.5378088046457
483.04468660136195,267.3083683628558,88.73134972690798,307.86622919257576
483.5873328274033,245.91670245045742,87.32636996751876,316.9562961194152
479.8294256563786,248.57836058768783,93.76876681452222,333.86285542302824
479.58967996162914,259.90725229839154,94.67870689244876,324.6673701860436
475.36062337945384,244.98502090351303,86.16316720319855,317.7789519972032
460.0,230.0,117.0,328.0
473.3375016080722,247.61393882799302,92.52778336728556,324.6827928216628
475.51049135208785,249.4719816853094,89.48621371896394,324.2540546873395
476.4435635526876,241.07423421659678,89.76805376187133,319.94800487716975
476.7678783344378,245.67022848539443,90.13912977528832,325.93806904410496
478.9008557494085,222.55548859534161,87.67389973183242,340.56302298449026
479.67044464164246,248.81672447671278,88.5367079704913,316.63256999418604
449.0,218.0,126.0,333.0
464.6858796108354,240.0741449473632,98.07183367929383,325.06845667129454
464.5948339450183,233.40938910748378,96.15537594091734,321.7568586527609
462.0484103788099,228.82147279052833,100.94613315328752,336.0504218156873
460.68560474899914,227.211511643829,102.56484053674558,339.49879996589334
459.4765572643912,226.89499695093014,102.22844879499712,341.7148311360497
457.2655018455025,232.74756529330546,104.62525304459336,337.1652250152158
428.0,218.0,167.0,312.0
459.41013957738164,240.3644102481736,104.92890704091326,309.711734782653
448.88548832965137,228.702762011598,103.67356254813501,333.86962330699225
449.2976077308085,234.0756374630103,102.99807469355255,336.2665977833231
459.0557395733945,240.62530141044044,105.01929782718344,348.19354292979733
448.104577511604,227.57207912204603,101.62995583304075,317.0213253309578
456.49698563544507,245.69597717423198,106.51991900484677,322.7971010212659
431.0,201.0,166.0,343.0
449.3197227193873,205.65665833367825,105.09895548973452,346.58508718867836
458.10793056766397,226.93541088344108,110.84271597638917,341.7213649051716
457.9227007983018,215.0825870298131,111.69572554707065,344.4029885815369
456.7059678178075,218.91478601796308,114.24122425012229,350.8761213096179
456.8310892793347,205.6596978287198,114.75919708850142,377.8349342051424
457.9204298350121,214.0249274781529,113.63136813602921,371.50876122528416
422.0,179.0,137.0,369.0
432.7729437866326,196.15318064769247,116.63371269769982,376.04588109710835
432.3569045070044,188.00543744921606,117.5577452309966,389.5082694650064
430.9171705420963,188.7433200368282,119.90733340089594,389.01019179806326
431.9737918624596,190.3727779602268,118.90008737666733,390.7255883028797
433.91067108393304,187.21535125289938,118.45629440004745,398.26816616255746
436.5954237356978,188.77427220111258,117.45575455483305,399.1335425709201
400.0,142.0,170.0,390.0
442.4164487888903,174.80726856148374,119.62826166242405,380.81531320420345
430.14735683777553,151.12682425287812,119.8771088313656,390.88776947635813
428.11209017186764,163.94692032072817,123.84479803431418,390.0019895842652
428.9107350130571,159.28787856354325,123.67852844301615,405.2705604582053
428.22088142464247,151.0649523714244,125.78532516346115,421.75131475900764
427.5163217082826,159.56199543865478,127.78547964888116,413.4407999352452
390.0,157.0,187.0,373.0
420.29775674710436,184.02083065087754,129.94927295044454,373.63133475757695
419.94512534078785,176.2653008297318,130.33551027123394,406.761007401961
419.36719013804213,162.94717467707937,130.27843125925529,403.40224180344785
417.66476783782764,178.05921526677156,132.7460202798179,401.15774707483564
417.4349958290695,156.2147914747393,132.1670169813733,411.62441563291713
415.76911692215435,174.1846094324178,134.55363105254935,405.1412189547975
395.0,162.0,181.0,365.0
419.1050807066081,180.07031601986455,135.8171098817577,385.18545873337644
419.5502450029903,176.23474887791951,134.4795960494414,421.48856870007137
419.6355530367282,173.89805956257624,135.07824287210678,460.96238788630944
416.71307818306377,177.7739891019719,140.60758151060145,393.9525775303946
417.15043832365745,172.56066722269338,139.76338046871751,444.2779910959314
416.453913508037,168.94862094538382,141.13223393281612,482.6830133863526
454.0,228.0,128.0,305.0
459.11846155994215,227.9979034304057,120.33029330107036,461.5671287182645
460.06319560062275,233.43311984025013,117.85592890247631,468.298263636377
459.8962213550941,215.80721764175337,114.03995651853904,448.0955417458167
458.882121307265,241.99745370253623,115.90997454888594,441.02513852997237
458.9187240259972,251.38213941267202,113.96432098714388,444.080230134772
459.1209725967226,213.77237823083829,109.732618710201,459.5622721710696
444.0,246.0,123.0,283.0
448.7069483683681,249.74930365215425,111.43339588792924,434.6551446354823
448.00044071839915,232.4834962120367,110.88479674783122,428.0115141413262
448.23920826743773,246.64819438309172,109.24659656231285,434.7522475318439
449.6715389303795,230.6863674484391,106.02613644229257,425.867344592421
449.19492285675915,245.54067250777064,107.04633416758384,431.5717465900166
450.3702725971025,244.09374864620736,104.77429088385179,401.2981006522814
438.0,243.0,103.0,278.0
441.46034469241795,241.5964912752176,98.54586559782774,426.5214725477928
444.36108647136916,242.46594523329588,94.4373789274241,379.3268909791732
444.48745777700105,242.8776926100245,95.4247839272274,415.6523038035084
445.4010532808643,243.07617484600257,94.54425751360759,372.4753321476286
445.57675348008434,246.6227179215265,94.92456890466747,400.150738817543
443.4719359184779,247.64085855133362,97.32198302246218,350.6120333424949
424.0,225.0,136.0,299.0
435.38766975393037,235.12358781443527,115.24793603787316,327.3371788595805
435.94706192507056,232.94754518206057,113.63786575372887,360.247152322754
434.1710494132292,227.17653429534403,116.72654262894787,326.9899472215602
435.30618720567395,244.6675588131925,114.23296015810081,340.49070216674045
434.12914403331524,227.72286473091754,116.71598064045429,328.82815318820974
448.60113436614097,237.27369280318317,111.000987249221,364.0815509324906
426.0,218.0,123.0,301.0
430.85730684353143,225.166991803045,117.45779131196537,331.7261371112113
432.3868586892962,234.47952615010854,114.58637650782657,346.8220035164543
436.1851097604768,227.6207905921833,111.11995253089157,388.24358873777055
440.8271151277708,233.82211979862905,106.67481723148018,399.1947404583848
440.0782832605262,236.00575662959045,109.71574676942134,344.6118747502039
436.6677400372232,212.48349990799363,115.01089278605741,339.3201163802314
426.0,225.0,135.0,292.0
440.45760761082465,234.3033980372834,110.90943294584486,398.6479536785414
438.84328738145905,236.26868009059217,116.5260892162014,344.7344813131799
456.5137974418499,234.42735608066005,103.65247766541916,396.6686063688883
454.2892107983989,233.46504861752965,106.01886473736522,352.1807465426609
454.4890441497744,228.61780579423606,106.3044541592202,393.78459772286266
453.765916006979,227.9156255964133,109.26672895685016,342.19002530298485
438.0,231.0,112.0,286.0
443.73155599049363,239.5190433178293,105.80762457538441,391.9653773267635
442.89958444305717,239.96135302914354,107.69263616282615,335.9402192644998
445.1757201298753,245.4259588405048,105.27942303600133,355.4376003375505
445.50336223723434,233.1184526955867,108.26445094364772,327.70247171556184
447.619520059463,249.35633494347417,105.30941668071699,332.0146367646862
448.331129782501,232.49278208468604,107.88534389989815,320.20081854317505
448.0,224.0,114.0,292.0
451.1506973168573,234.19747141664266,112.0348413097015,318.0615638040763
456.4561720800088,233.42688704472357,103.84790627618742,345.39200764294355
458.63048061350713,223.40828575163323,105.9381980297922,317.40530723778625
462.61630278193394,235.7280785148614,99.78018424399846,327.9908728447472
463.86799117855503,218.13189788127102,100.29113088497957,313.55312181009367
465.7910815980857,241.9942154741948,97.5070668579342,305.252607444183
455.0,219.0,123.0,297.0
464.83523055461933,240.58924378535312,107.55772221738425,299.66701833696334
467.41354287195577,238.91361424178484,102.9390032312549,331.2051540883877
478.1952202303123,242.37315921143795,99.32936533466591,353.3502421573136
473.88083795988587,243.93207851671627,105.52814557166016,304.74613621507785
473.63173002983194,240.73823439895807,105.03958260497734,337.76280805677663
473.4664697178141,235.15895466557095,107.17474308448686,303.9584747748331
477.0,221.0,101.0,293.0
479.98550572928315,237.28887342008784,97.51934627044801,303.86936012450883
481.92423685390327,238.88610280171352,94.71754715880297,326.7214523671129
482.9763356118683,231.41418452621747,93.84855003388725,299.7387821013717
483.628389487106,240.87830886158736,94.53998523441419,308.3020401725148
483.9671269831294,242.85715267282285,94.7194668950595,321.7529602732002
485.3470066215209,237.3903885213158,92.70776659803823,290.67045780626745
483.0,208.0,102.0,304.0
487.7479772677216,224.39252928480244,96.47301741913725,301.90683283388273
487.0863715842379,227.02535181060694,97.55850419346189,311.1611867894485
489.4917821999412,220.32624316455303,94.40653610854326,328.99313649659257
492.01441444739777,215.90404252028588,88.86346534696185,307.5568577359858
490.6344942093119,223.61290322719634,90.87542452279467,308.6919542174384
490.7392213367166,223.58009345529717,90.11449273747417,317.79550641955393
484.0,197.0,98.0,312.0
485.6901387880398,213.0102254138552,95.88334586587507,315.891976127314
485.03936410874076,215.45078569878,95.23652604724896,318.3496301334569
485.0857244074639,213.6245290713905,95.91144084352379,324.95409047429894
485.2671650207212,209.63410957885753,93.73107335742634,333.0523027975935
487.6126149847483,208.13541892441845,88.41788503622041,312.71380929343866
483.08362422719574,217.0743498251113,94.93013893438206,310.2015765211572
478.0,200.0,94.0,301.0
478.57620749778084,225.10508791653888,92.44435257826512,289.8032222971326
477.3041585052697,220.25549523129428,91.76268702879236,308.731811141353
478.77800859919887,210.39866690153576,88.48861327997474,304.82569397706686
475.51154658653104,217.0636965256225,91.90994535084315,304.1938617316165
474.8232620146272,214.98333152140663,90.69104317774543,312.86144954635233
474.96457733595304,208.61724224374302,88.8756853574169,302.8515419872398
470.0,194.0,98.0,306.0
471.937651515414,208.74202158950226,94.27610252657291,310.78883175396373
469.60660161026,209.908630446266,96.14091362577028,314.71307041545333
468.975293687546,209.15374300091446,94.77128102488234,320.52872000687273
468.1772310441712,212.99076287475668,94.26843074377587,319.949844632
468.47469772360296,206.27460419224644,90.94410644885431,305.1462702063376
465.9515673653534,210.09641266407357,92.69621223851289,311.5503891256835
466.0,186.0,102.0,312.0
468.265558682883,201.40343532895952,94.74500755605959,317.8558175966766
465.4534136468569,194.68655738459893,94.40425937944201,331.3890918001364
463.8463141779239,193.73508898284126,91.97109499966871,320.4039037385137
459.3264932365382,202.0468027520967,95.49978228557848,317.45357870355497
458.72399462354156,194.79717667494447,91.41324856340066,315.1228819685612
454.07570211244456,198.8242038607508,95.11261189509264,320.18161987260294
443.0,194.0,93.0,298.0
441.4235642373533,217.76835436378337,90.41167022537047,288.1014746533526
436.74595631680677,211.85897850447418,91.93775571698461,310.2932830108575
435.2248361846141,203.25562980529685,88.05534777724097,300.80789867520343
430.34374148349093,211.11705329282734,90.03006518703671,302.4806114881377
426.3811742824371,209.5048557551927,90.29229832850967,313.40408470763487
424.35155496887194,204.0687599402795,88.45904402416488,295.8321763622646
415.0,191.0,97.0,308.0
411.39209112557364,200.80165811025705,90.65543321501536,312.7108822637545
406.5704774474459,212.1631457824531,95.71815929175762,302.7492934218695
404.08692382074105,208.5308196280307,95.58323565159071,315.53466177124255
396.41956602785706,203.5170692468032,93.00697310334601,323.0736399788707
392.6616565901627,208.32632183724172,96.72927020051134,321.1985335464401
386.3091762009865,203.80112182865105,90.16960708130227,330.0410890858702
376.0,188.0,108.0,313.0
381.8582746721331,209.00578688944915,95.2260767734117,305.2988119847996
368.173777559698,202.59147758678978,100.26876111227853,318.6533561070437
367.6297369386257,206.01460271164046,97.24075255115179,321.38830739929574
357.8400714364043,198.24218320748935,96.35080537942031,332.48610361462465
358.29919707025044,207.2826705242038,94.06276621740687,327.97183377424824
347.9239219430795,199.32206089054944,93.77222211099081,338.11361389198737
334.0,193.0,115.0,306.0
343.3142784001475,213.468284032499,96.27343035207878,302.15493864577184
342.262477633614,211.9060165454291,96.16378625572975,321.29758345648406
335.00756841161774,201.99202371810134,89.74046588132501,332.88386773463424
333.6078217866155,210.80744005161512,91.95320603743238,327.59537804492334
333.28449924494277,207.23336131612245,91.43267969531252,302.9641852750437
334.5625379360148,216.70223711869926,88.4502005074861,308.81870265655357
313.0,196.0,133.0,314.0
332.2853117174707,210.3069193692537,92.02600406676424,324.49636249263597
331.21118624811334,216.33961315431816,90.44398827126315,325.0933448837585
330.90714633708825,210.61606305167516,89.27316929481901,338.0807317002391
329.8828379849377,210.86931087636003,88.87856174814254,340.7207395627197
329.1847614368388,212.3673555091193,85.8262179989357,341.6415878337767
327.7241921182922,214.46726135328026,85.40578660794017,341.76365362814954
305.0,209.0,142.0,325.0
326.6906032886036,224.00450078422,100.45810170327331,333.20152840394076
320.2091769093049,220.5515664021923,92.77901297238645,341.7107360442684
317.7314771362883,233.16525064345024,96.79079604721096,334.99006878390674
316.9909513000098,228.27698491015508,95.884929205231,349.15148445293016
314.7638144660916,229.03027726365394,97.43367036302976,352.05609463461224
312.14193765577625,230.1751836600797,101.64085139662745,355.52519743318317
293.0,215.0,137.0,340.0
309.74109107545155,231.81389179014775,105.73618745290264,348.7583625994105
310.4771355834887,229.98263385725227,104.32141575861692,359.8934572380358
298.6861053688084,221.02090418764783,105.8311676194545,371.5816386487503
298.9604997252318,233.65539769147733,107.31762568443173,362.18480779216554
318.310432063882,265.4356174723,92.1191442005861,337.29704389132326
316.426393021924,248.21767953556832,91.54900656881,331.3540960453288
278.0,201.0,119.0,343.0
286.07604742788044,218.97286815191,103.21319613104015,346.73314554446733
275.2142788577465,220.83728999092443,101.98039757808772,347.3006594109621
287.3826370216277,245.42458173948444,101.99252130287107,342.7483921896686
272.20176583189993,222.99764600757794,104.95940148978815,326.8850504854754
290.6127468560597,245.9664081713738,92.15685598111162,328.2819666312662
274.2153710126786,217.13526996389282,97.89857406845243,326.2779526282493
241.0,208.0,146.0,362.0
249.9035194105154,226.84841420722586,106.06113884605577,339.56375161409466
248.45739897880458,231.28193442128776,105.75777734400594,350.7291017544981
234.73213220726052,223.69617640646902,106.55070935482968,366.1156650558878
250.07625467511667,257.67459872340226,103.5623440712049,338.73131929936346
225.37788349218965,222.8884106065036,104.07540928988573,340.7242040365693
240.9016247149219,250.61429531787485,97.71874579068836,340.1607108845633
210.0,212.0,127.0,366.0
226.18259456798563,243.3213941717804,98.67430850159536,349.6848950904738
226.92510079353343,254.43321799670434,93.18215486921548,345.9320449290649
215.74773494053102,229.77577891142528,93.02077314899151,357.36264164916213
202.88585374871792,221.9561058924594,96.11766420009502,382.6660003850034
206.60456151968134,243.41296698392034,89.56329329712923,368.83495264282635
195.60710888137083,257.0177752322131,90.94404556753847,358.3605166750074
147.0,206.0,136.0,363.0
152.40637181498937,219.4901088706406,102.67815699891571,354.4899368327715
150.45825835359983,232.0708098025392,103.4551342153448,356.1933934732275
141.99688880659906,220.4851987862421,97.28940634111422,377.7170567213252
137.45525088998443,227.68301398539802,103.45888023008058,323.15248207557886
137.2343722500175,232.26450074961895,101.50563523530678,348.80766625665024
136.95536964823168,239.50884482309448,99.34289668206588,357.1756980204657
99.0,217.0,174.0,356.0
146.6395680160822,242.67063989935434,106.26675577708738,356.51742482761404
150.0514209658877,259.4273524583831,102.4028329974712,350.4706467531697
150.3658935952729,244.83083902144756,98.78425005654958,346.5493289562852
149.75199902469143,261.21202996352827,97.65929363981087,348.3456198064306
135.01429770076788,232.33616870446843,103.53171623390108,353.03847117275456
139.50655511785425,250.4062758117019,94.5215754893755,363.72667606814696
94.0,214.0,135.0,400.0
127.98285754816811,267.7908775495313,92.84586879254334,360.79481955436984
98.29847973803331,222.46351791577888,104.07790634559959,368.83348045662217
98.28531330551382,236.02426109596308,103.7651220030526,371.13135832069077
113.54802995125439,267.68872633226783,98.79276165472325,350.9922598339515
90.37261381819006,222.17822139012225,99.13957127112663,357.0553623273409
99.86306435069386,248.26611348282995,104.64211184847656,351.7792018775367
61.0,203.0,194.0,420.0
105.82127113741603,226.88077346128466,107.6646317743539,333.83745586887744
118.44812972604848,258.06696162627486,104.2378091905727,333.61514470163957
105.58893860878658,226.88651398387742,106.09184191064938,338.4788517704434
107.09072833877372,241.8928526822865,104.6230280158212,346.74302698442534
121.43023717172315,270.4767668473835,100.51950301571759,339.6986295813706
120.4273670028042,259.4736517573267,103.30373469527328,369.093552411847
73.0,218.0,129.0,365.0
86.0875124028862,238.93687230811918,104.67485164635264,358.6360692892589
97.49321564684715,240.93804123277164,106.27778792338904,377.85038287565567
93.95137042390405,239.01622096763822,110.80826882876505,336.35035895557667
95.52418236840748,231.40049363765678,107.54528014132245,377.07011545250333
106.35702759138104,236.9779574895365,108.92778406052452,336.4731220489284
107.35509353700945,231.68709793835797,108.5263520041276,364.1630037002185
107.0,197.0,142.0,415.0
136.91267142505808,234.06581107691386,113.0906982854101,387.4563973168131
125.69460036633183,214.53409212379108,107.76720902105876,354.23734885169495
129.84218457381633,218.68647192212586,103.11658792904711,366.9696820154089
131.99309855946964,209.62591924906837,101.96297826048365,336.6561677107393
145.22173008655136,230.51744518920168,102.44812944774458,340.25115912181536
146.0585418909848,210.71852504597496,102.54260338350505,333.5551527894793
142.0,196.0,158.0,397.0
183.9443431905648,233.29893650686085,105.47630342891628,371.2239259618641
185.24343336583308,220.78405658271026,104.49941644060573,365.1565668041774
187.0399481142108,221.03283942635608,104.71784199171367,384.5940442090373
187.23429976470868,210.54335656554224,103.2579915403104,367.87836647506583
189.01951614010883,202.86595813071472,104.06776066708622,413.6703838358944
207.82337348575413,229.29086373465634,91.94610201034948,403.1789297520387
166.0,186.0,121.0,394.0
170.58197917520545,209.32689636507854,114.71063935137238,379.57807537289756
175.03975131601408,203.24307929735596,109.43721217354243,404.8568080107898
184.4396121273685,218.35411999781718,112.16025409546864,400.26270071868294
183.3452789431213,216.13372016029507,113.5388522888855,360.88682162795067
186.73203620148178,202.5704202878013,111.85850094197377,399.8569087448451
189.03191412516892,203.0313477785844,108.33494371853308,350.8015285108447
180.0,177.0,161.0,394.0
204.39972089949424,199.44109382005038,118.25160770523462,379.429843551806
221.30652847271287,211.55928393394208,111.85008426170864,383.107634827982
221.5748903633048,199.77949466086875,110.07492999770727,378.2134718724935
220.48532765910545,194.5036746852029,112.19541714894604,400.0237638856747
223.2037660140295,197.5758376214635,110.43550420282645,400.71655251909215
225.3463262987318,187.33874252934402,108.07951708414322,391.8836510852541
220.0,186.0,103.0,339.0
224.93482331767382,208.10154213918872,102.64259289305357,347.9644304150446
227.1254570458034,206.26702626116304,103.35395261363732,369.06572750798176
230.61332373280288,197.74067494321775,104.01046564857393,387.9754833298448
233.90386465049687,197.95434742024372,103.77258267899083,387.79017794020297
245.73644054484856,203.44559537627356,102.06791747323888,357.36905979685616
247.3910964507581,199.66442612210665,99.88646508678565,386.9242066715617
240.0,173.0,147.0,381.0
270.0917176171847,202.74796739750764,113.31545449350688,376.38489152751526
270.0462445273249,193.7487008582741,114.82076869152888,367.413360040577
267.82385598962674,198.29543488377885,119.22632925387234,379.0309199089402
281.7281787096523,209.1748911738448,115.8639885473545,384.3111833571206
278.68964443520827,195.60077040085275,120.39100036158504,368.21457074676414
277.84653322877716,196.15736264071654,121.69108157716892,386.9589240887457
277.0,173.0,109.0,357.0
284.9640874179379,197.89674667678833,103.57004852115273,364.361605944385
295.5863856440644,187.31351811086597,101.30258837309725,401.80599780982834
296.56134036712547,187.9313304120859,102.23457342840152,368.59286373846646
310.31795068226364,188.41424698703327,96.1057987489076,389.0135259782094
309.2274235699157,191.03421672660807,99.29593773903838,354.0138710813444
321.12262365532456,181.5054116952415,97.68846595953255,394.25860538570896
316.0,167.0,111.0,360.0
322.4821400261492,183.09323238453658,107.89745504935922,367.9405627166974
333.66337264950835,194.08089748834846,106.29146682062469,372.78362601088384
336.7867777129321,188.90064194212027,106.17490442718906,338.62709373810867
347.0321552567631,194.22437503958366,105.13598106931238,362.8611863709253
350.0399602419543,187.01788189837225,105.01115822580448,333.1203158262665
361.88769933451397,195.17856320997112,100.80353333409505,357.92296352833523
353.0,161.0,115.0,340.0
362.3968971432381,175.9842029299707,105.20951711907435,349.10700799316237
372.667236792012,187.92566902923977,103.54014599454644,352.72385103140687
376.5294374719094,176.73157542710442,100.67847044709316,348.2842223619431
387.9268599465853,176.85211064196483,97.80583440052044,369.2876924841132
388.33228930915,174.5012626064588,99.19152360635553,348.43708776405083
399.31122020287086,172.13226640962898,97.13900500051415,376.9357106716757
404.0,160.0,96.0,310.0
410.1402018604899,179.716371184506,94.72813890480887,318.6947258774817
418.345664569905,182.0049860822603,94.09159709661003,344.28993168996954
419.67755409589523,175.68779441224137,96.72337032846639,329.1264274139727
427.7296575773248,185.39227816984157,99.2577164670314,343.1747155106168
440.39779512590394,186.31952661004698,94.40388293682554,320.6554722391877
437.6203824692186,175.545861198681,101.99172793790581,355.46389850157993
404.0,157.0,166.0,357.0
446.41082185305913,178.35980363242533,108.53301996052664,351.1411324425605
458.3363270090772,173.33029299540885,109.30357011882074,328.0580936284664
458.4028212575795,173.06057715152474,109.60756125400985,351.22545098430146
468.80111207459413,183.25306817670253,113.20022119820351,354.3099268091049
470.17240195073555,166.74786607613805,110.64254176342024,352.5744734997061
469.9119191201107,167.6919348022593,112.07009125125637,365.01487843311133
463.0,162.0,110.0,311.0
477.658019425768,181.2175310194557,102.07657810841965,333.1998017518463
491.0909269297765,177.6881370985069,95.46614464359345,362.9291032696967
489.1557290773903,171.67323731606996,101.39716584389811,335.6890402820744
503.6639209959023,174.72764909379384,93.23183681083975,356.69993449981484
500.7916851698892,169.70537603901175,101.17006400831212,335.6115255973691
515.5579630004897,171.37645927558356,93.48318504524536,361.3020011553423
501.0,152.0,125.0,342.0
513.538869673436,171.01697287175875,101.86449039294735,341.4285764589132
522.8663844108814,178.85516937876764,103.51226303570729,346.85064778853575
523.5043403637503,170.78214179005772,103.11861461860963,316.4407233502766
527.687474108995,172.02299059102052,99.01968904879072,336.7188583444539
531.0829011936148,174.8944631330702,97.11162608700761,341.52471918772915
541.2062145785799,171.48290339075288,99.16045121143611,317.31362876969297
543.0,154.0,105.0,313.0
552.1861589454877,177.05309867000892,92.22884087450916,316.56629591817364
565.4666814023963,161.72697499483388,86.31906237449903,339.5664483919518
564.1793179845828,161.89839751818727,88.80222887742445,342.3531751181313
565.5823337495763,163.30712477285124,86.55690469965566,342.8072367835248
578.3972150460713,163.9028662342862,83.10416337148126,330.9052633672918
578.4357598684519,161.5388118762021,85.72729586593232,305.9595936067187
575.0,152.0,98.0,320.0
578.5652754083471,170.64828247822555,96.25933824979097,324.41603874439147
580.478569111199,172.65856975129236,94.04075366964162,330.1041117436955
588.0968165360919,174.22550298720762,96.74253716016892,341.13307485598955
599.0767229873281,178.67534816607122,92.33485080806167,316.69018960267255
596.0549762387609,177.1769857154818,98.42044326460473,326.8740502580049
607.2850853418227,184.66532040965967,93.29985881479661,335.13711157540774
589.0,149.0,126.0,339.0
614.5009079609374,175.4271844125858,98.89349650463873,330.1046259237983
613.9933992133049,164.86268882330478,99.71552924719936,326.76758572138135
613.0945393485115,168.09508919694144,100.88138691522795,336.4267045452416
612.8668160909583,163.13547016037683,101.82139444000495,352.8182359402342
614.2641850796526,163.2938752673076,101.26130131394348,358.5497915036053
629.5560174083454,164.32772257222427,92.35928872224065,333.7001847514902
612.0,152.0,106.0,315.0
621.3295886779151,173.22346753814418,93.51769305045025,325.7048088000047
623.1867979879867,165.1673589026334,90.00515909533533,344.52545533620196
624.9014388053226,165.25494409489625,87.93620526124676,348.54472938335266
626.0461344842697,168.18722342991305,89.19565251867675,347.33858751880643
628.1832376273278,171.3985665136397,89.08303167337363,345.90241058799984
626.9495632851405,173.33890201666327,94.84729705209168,315.75338306225973
602.0,155.0,125.0,333.0
617.9756797286943,175.9421766424698,98.27543213829563,324.6387862044144
617.1857892736516,184.2129840521904,99.7174211923193,323.58638364619065
626.7950510046649,180.91361932864038,100.14631947970156,343.54794959358514
629.8394848573555,174.76543120236647,97.4869854087849,325.38565881490956
631.656111635278,187.19474672172618,95.89944682935561,323.7639894060706
634.405930206568,184.1759310149655,94.02804227157276,336.118911648829
643.0,172.0,96.0,298.0
649.6536686724291,191.35545522010716,89.7989973881597,306.37804264559486
653.2879215112753,190.7612636912773,85.81085313762014,322.1987391508325
662.3694434932157,185.72152877351164,84.50824558905708,325.7285660332176
660.3333856180908,185.15359390283834,86.19685299529817,333.0501849838629
659.691399763883,187.7126611780592,85.19834597936915,335.3929947801171
667.3900917283014,191.297456364573,87.7376472125967,312.62886294006205
657.0,175.0,105.0,325.0
663.5495234924936,198.30039590483605,94.61725225291923,321.26651570995864
664.024634778561,195.9446435004479,96.17312840300883,327.1854752278223
672.9997359446957,205.8537336543344,98.04446172495852,327.68118066210536
674.4125122406367,198.74106615887467,95.651957102913,321.276410107021
683.5333715894449,214.91159518525274,96.56534656074018,322.8535445086168
684.4638455348379,205.2896031936216,92.78191959036803,309.22341905642725
663.0,180.0,134.0,331.0
682.5189179066379,199.98369943315893,97.81829807871395,321.8530539549304
681.6030242430593,200.76766451987987,96.82505646533059,330.83967357619235
681.5991146014151,200.09225289962342,96.11555924922732,341.1590380765474
694.2444226623801,200.74092965532463,92.55411492995188,325.8731512106607
693.0710995092065,193.44285482579903,93.429867849635,346.13185717326166
694.4418626718791,195.32048932159,89.49052363119051,347.61796036722103
693.0,191.0,105.0,308.0
699.8936511942891,217.6389549869316,93.13152661267941,309.9293156696003
702.7434875527172,217.35214981976355,86.28429038844001,321.18339514371814
712.2457407770642,217.24166831213734,86.36115757274524,333.48816845668443
708.2979415202617,217.2060045027731,91.48774739385749,306.10313521774947
707.2467968044101,219.72169476738782,92.52552058858578,321.55902869010424
720.4998585020292,219.935800780891,84.29909657627513,336.48061095292974
701.0,193.0,113.0,303.0
709.2137804885278,218.04551287549475,95.04890255171063,293.3358814600833
708.3718073915807,213.6856043154703,97.0464449339488,312.99669658433504
709.0673806962441,215.12634352708847,94.9026331109012,318.8468097610437
722.1457196748595,211.59225096295881,92.71534179460332,306.80096781559337
720.7251647263731,211.84544924670638,93.3206539266248,318.0855848021622
722.1951564369863,208.3687918289777,88.9932490747201,329.79775742124616
720.0,195.0,101.0,299.0
724.7466783891505,217.3453366876895,91.7785015244134,301.02086365712375
728.7179952812717,212.56383872459082,83.81067707551074,319.10785036820926
729.6539089086932,210.44888997238786,86.19561189200635,325.4898343434261
731.9735213558706,210.3528049712695,84.88913994723589,330.2647642696393
741.6805816223975,215.0371989399739,87.34823459045663,309.71520827070856
739.6354226473729,206.10873226541298,87.23082694628545,333.74523094760843
716.0,198.0,115.0,318.0
726.3644872204732,219.1484974436836,95.17684947572229,313.5634250990055
725.5319551394341,223.347832078211,94.4775363182157,313.7765454351552
734.625603435456,221.67496931476035,94.60728407613988,330.3470565175353
734.7157042179156,219.1224391846681,95.58624721301112,308.7704491683105
732.2616884503336,222.93846137188848,97.35501832588614,315.68451959846516
731.2963095731575,225.87157480710584,95.88565673528763,318.6022862608129
715.0,205.0,126.0,319.0
730.0359880398403,222.1249995072115,98.31306526815729,319.113754229722
730.3202880245976,222.00188270924264,94.45620714375013,328.782688129897
728.1022923732521,217.70589761004703,97.1390609415896,339.89200691013843
729.0541472060513,217.67258362745815,95.41458127561737,342.2177454413752
729.7568229464734,217.79755091322136,94.17489686289855,343.7730179268492
730.7716258874825,218.20137854345694,91.6367358101503,345.06200120413837
731.0,206.0,104.0,312.0
737.1656499644329,231.44455114531638,91.60348077219214,315.5702629814497
740.3167132483395,223.83685072472394,86.87604616243334,335.3758673903062
739.841283470066,223.25329508113828,90.75089720209269,338.117297106824
740.2527732938523,224.02999138043583,92.75054834327909,338.805519054926
752.4190464126165,229.45075905890644,87.5626313234078,341.31099653122374
750.6713853993235,230.57508675323288,91.59384159174101,309.4097735834423
726.0,209.0,117.0,314.0
736.8094795845209,228.33822705381328,97.36766355049713,311.7602275522048
734.5564981526823,230.87422093337204,100.42407316008189,318.43701279233915
736.8206380321495,227.34566614474852,95.03086986997039,333.5688810349084
747.2797578853044,223.98480269593233,93.9048566478051,323.1169279358369
736.8065177968276,225.0858958898491,93.6226637090125,322.48451299665226
748.943649596366,224.36705130746225,88.90953582132397,339.4974594857689
733.0,207.0,110.0,313.0
740.2729253251418,222.48045612455417,98.39492183773473,322.8903111451514
745.8158903579998,225.02077480471075,87.80161915845383,327.15715699726707
748.3119537091461,221.46757649871506,87.26083639492629,338.3299707454571
750.6332511661572,223.28005611244043,83.46504382120474,337.87137059109887
760.6485555400109,225.48214380543845,83.53160589664412,319.77134687230057
748.2014238592861,216.22229173110304,89.05437606918747,334.7045637330232
739.0,208.0,112.0,320.0
746.1588912024781,229.12959021255517,97.76892382755113,314.5467705921302
746.1093581756486,232.39154967480408,95.27597394179975,317.1486173912308
756.6963013541324,229.92026404966214,94.22615815781353,308.42596680042584
744.1501466675054,229.02174064136557,97.61827842435741,313.3574748276317
742.903024252133,234.4334336022248,98.86271395271615,316.03513120747675
754.0755709097443,229.63273553139766,93.91207509694084,295.02646606025644
730.0,211.0,131.0,324.0
747.9960268021637,227.27327146925694,97.07272084626766,321.0982784893068
747.0483151688111,221.2388954951357,98.93534951579818,338.0405315468897
747.0578704725904,221.07632292470305,97.02712860196243,343.98358158433837
747.3712176673369,222.7001999999443,94.91798545085942,346.0269866340159
748.3503116595675,226.84762722928917,91.43974774693925,346.4563097228845
747.0264951749307,222.75216167835742,93.8954216115053,332.8844438301164
748.0,203.0,102.0,320.0
752.5638331290244,223.53234504107013,95.36399466099203,323.3859041796602
751.7866957896769,224.4714826825898,95.57847903409356,332.9356513037451
754.2025720899682,218.79603386085955,92.82802761036533,345.53757321903845
755.7021539231789,219.5683888963183,91.7468717399704,346.41895184722046
756.4371642784758,220.56222113407375,92.08299141341809,347.8627724372409
770.6408788254461,228.3754168168307,83.94782028923476,303.0804211794282
733.0,203.0,121.0,310.0
744.9175019361826,222.36198295186784,97.32767891668448,310.46841139760147
742.2606522226697,221.93782588283648,100.11270051057045,320.4169573721292
742.6780415119592,217.83602606000204,97.7670593005655,332.7952574791707
744.8915488119279,215.84602555149786,95.59736919414547,341.23285720067133
745.443673228017,215.97059175517745,96.25619412275034,345.12034411822617
757.8901486879402,216.57961699351142,93.06702659508233,332.9318767462063
749.0,203.0,106.0,308.0
753.3815960735251,225.61559860097532,99.8394368145091,311.1319026020559
757.2771404253344,221.58674652802983,92.30970260898266,330.1991627839325
757.1411090046693,219.62483137585696,94.27473224662322,338.37036139664633
767.9567797438723,220.31191554738507,93.61085184706883,317.94941196336254
767.2825058862904,218.8420862907533,93.13713125355207,329.6451578960837
782.856191269289,217.30823210315566,82.20278714336246,314.3341060329634
743.0,193.0,126.0,344.0
756.9746371745537,215.65034478698578,100.11123421933644,327.65060618206974
755.2094202446806,212.02355327424448,102.21500153824218,345.3604726030662
754.4058077386389,213.72207445127242,103.13030819303208,345.6078996355218
765.1846793623872,218.74047214518487,100.9529501544373,350.8440979248155
764.7017194912103,214.5177970839428,98.85193083560443,318.5764606344285
762.2913683541838,213.87079938901445,100.4791749916526,338.3224569951708
742.0,197.0,122.0,332.0
751.4041658012111,214.17678169595342,104.72918292833492,334.39847141765506
751.0703443299126,206.74588641852154,104.851995504853,354.0155235261585
753.3282426559144,205.76427868999508,101.61555125054201,359.27104241323195
754.469960744012,205.63266500835925,99.52202341845009,361.6534579739771
755.6500211362817,205.9845980226205,96.99821413913844,363.01782308007546
757.5169397985981,207.1580481148153,93.9123620402413,365.1191133001812
760.0,197.0,104.0,330.0
765.191223704338,216.88585635272148,98.21526489979578,337.70523218346125
768.2537118472081,220.29667391066073,93.68347894449357,343.2961190093504
769.0879414741846,213.96061432488932,93.68957179819984,356.56951356929176
769.7613337242717,214.70228363579372,94.22535741794513,355.90941523559786
783.9159939800983,229.65710079247776,85.96559396160967,345.3131261401718
781.2561945578695,225.19361493812073,88.11982646823253,313.67451616126266
745.0,191.0,128.0,331.0
758.7733935512288,210.95003730187983,102.42642405212405,328.45632940648187
757.6585756721847,203.16775748247574,103.86324674231128,345.968331120991
758.0422661043476,201.20722348609047,103.23992835038007,352.8926178480509
760.7193075724507,200.95860268595447,100.81605037702104,356.8883600764509
761.9466288954428,201.67196988422074,100.94895150282161,357.98422137688976
763.0087201650804,202.08781482638415,100.65438515983203,360.56394047312915
768.0,197.0,107.0,316.0
772.026650518089,217.32736101769387,101.71143278891748,323.37693435682695
772.0462855422742,215.65906207103058,102.62742620519305,340.90291111146007
787.3409422171258,207.39420578501802,91.36333687139813,330.1728144134539
782.5594462105003,213.47657252411966,96.61068559602018,334.6649110213658
781.5126264870414,215.57693537931607,97.04151606547384,340.7952920352835
796.6897238963429,211.35855674305594,86.65432258259898,320.8084610334538
740.0,191.0,144.0,347.0
762.0028109285131,212.92313256923114,100.83510573413776,336.9169067172394
759.4919492379413,213.04720084118708,103.65362290418125,341.1748616005059
757.9444373273232,213.27490436766016,104.76860932184377,345.5144149537264
756.1628973149664,211.02698881061337,106.26948641144554,353.3821543291506
755.1741276176056,208.83774711370825,106.47139429149183,360.0759229474779
755.279071624761,207.60756343940602,104.81889638605719,365.81875379553185
752.0,201.0,122.0,326.0
758.5899103683555,222.9246097724308,108.9774655270586,327.014031763144
759.1582976113511,215.62014035843185,106.648988600743,350.77524055302547
764.205855749432,203.12765884989267,95.30229668313768,351.2677994384875
763.410594440637,216.8258064914412,96.32535843350922,345.3899596802082
764.3363778395766,212.99356764745926,94.80086945614403,360.05872964030345
764.767920361145,214.43772103416882,95.46060270621831,361.8262655317624
768.0,194.0,103.0,323.0
770.3936821402294,221.2589338426003,100.2453914438513,317.5483326972428
773.4187850406199,215.71368214153472,95.97938764802689,343.20404060385863
773.6042622069584,208.95309512788072,94.91866800317132,357.19388436372424
774.5791339135877,210.3099183908298,95.2131151575652,315.69089087371367
775.0367320012713,217.02298117333518,94.51257252381652,326.87532998800816
777.3492900357486,207.18074853187136,91.60610659349902,307.5171114743807
752.0,194.0,120.0,317.0
762.4763792170033,207.78220936236926,100.86260758841627,326.62363415094865
762.1428395745656,212.03126396701384,100.91650438961801,329.1104599862132
762.812315786651,204.76816946297777,100.36708128441478,344.6160511389203
764.4751621699506,203.9947749795341,97.85338871937029,347.61990014796766
764.7492802593029,204.19087810806082,97.5868648727253,349.64489530432525
779.6726778902885,191.93459658222878,89.930402152037,358.48804802516395
764.0,198.0,101.0,309.0
766.7285115654117,219.6338487744706,96.2188596573477,316.0855524064509
765.242467728395,219.7242940835779,98.27313779930955,328.91702619105376
766.9715000824335,208.079022572761,97.54632924512316,322.9643417461739
766.7667456203703,219.50649795399798,97.99428600539386,322.74725142918464
783.9607658748523,202.30086691778638,86.91938743822925,329.7973633236386
780.888774969227,215.40674278542855,89.89905092646097,324.13547726825954
748.0,196.0,132.0,336.0
764.5927473533602,216.77913976633465,99.25625056970375,329.2737800664247
762.0438831595675,213.83377254270215,102.3034011985419,339.17234729807126
760.2180830293887,213.12509723883568,104.47574569233234,343.6129222253102
759.6572739612675,211.61092575519353,105.0928007048617,349.2296095334741
759.2082251191714,210.14334966457363,105.8209688474326,355.4014615050746
762.4842556031961,189.60978169571752,99.45373552975593,349.2543087701348
754.0,200.0,104.0,301.0
757.3661571416244,216.40425620526366,97.43183225322912,312.6768662316681
757.9486805057559,215.18981415723823,96.61828890618062,330.7015678934734
762.052716208601,199.76539579333075,87.01692896977545,332.2252358641831
760.7673255885416,210.64490287110448,88.53542063266786,327.19486115351765
760.9080888255812,212.7563383533752,86.84279526007595,333.7457402186569
760.6593898902631,209.90532010373136,84.93814329454835,344.46695436031223
762.0,193.0,100.0,314.0
765.5954699279946,211.17041248390478,94.8582922636707,316.1265131581549
766.2397669990155,215.01978372958513,92.93190468852436,324.72515547151227
766.5875669602585,206.69168529014405,91.54885018781454,347.90331982513726
766.2120577991777,209.10397170933356,91.85130908512747,347.30426416242176
765.2249410442978,210.00052983345074,94.4329181890306,308.10521328932975
767.0482909526461,219.03672438490173,91.34128867036782,313.0646552498357
746.0,200.0,112.0,305.0
752.4147711707024,212.7832942631672,99.57939455256337,316.1309336908136
753.8847079047077,216.30953541111438,94.59105813582244,320.52159846862224
754.826548444177,208.7655896133865,92.48350162626366,337.1764675238978
755.557551584473,209.499895120475,90.05941111466063,336.95406123006455
756.5281321056516,205.07697953775437,89.64497552788748,325.125258117911
757.021744755786,206.56610023812027,88.5909959179296,333.05085904740235
751.0,196.0,101.0,299.0
754.445589695011,218.45826010973963,94.25149073869238,303.8747498130391
754.1488037988875,217.7863910697768,93.90492337729484,320.35166196758615
755.3443607359634,207.09373563085228,93.5345634848943,310.56518282850334
768.0996615942602,218.53013920112988,85.20847311708962,315.88582479726955
766.7605097960057,205.41155949728955,85.35816362750177,304.5148455489598
764.2477188515109,211.3960339541361,86.41863140692976,318.0038684495853
715.0,191.0,147.0,333.0
741.751963890536,210.95757833599214,95.68249477485278,317.66321608446526
740.1656404135629,209.07015907562527,97.51800097400974,325.9790287147225
739.1109052671686,208.66765912570304,98.20018261225096,331.36153246504364
738.6376541270092,208.5538912109389,98.05937588071242,336.59304746930457
740.6818889892311,195.54691725848534,93.36951259563239,324.95727556311886
739.39870650175,200.41200204294626,95.5478249453779,340.16506387712855
740.0,193.0,109.0,310.0
747.1352611635843,205.41382862410774,97.46127839095243,320.07962636147295
746.3334144672044,209.27714198454987,96.13351517484489,323.50299295839386
748.5563475563067,201.7431728019801,91.24132929211191,339.16822263578797
748.5285232730675,202.39774413327723,90.2703163142562,339.49253686295197
748.7546204049913,203.96229460414293,88.99683755565866,341.2809931313245
748.2247451236093,205.41360256401822,89.532006463823,342.53829886671156
742.0,192.0,101.0,315.0
745.6863433260469,210.5837462704726,95.44778277453247,316.62353578662305
745.2562762273574,214.53067734069555,95.60842344135267,323.6017572820965
748.8019766632796,206.9762121719673,91.22539143725044,303.8057730416744
745.8761909883378,216.82644164927376,94.52385706839368,311.38126391988374
743.6559523858746,218.6999077020098,97.05331304287142,323.1051765458776
745.9514066732909,211.105910777831,92.81152462539649,298.71756481931243
733.0,199.0,109.0,304.0
740.0671279201488,210.30478690662403,97.7646827645276,320.09838307998507
741.1218432242276,216.4527785430364,95.10880837075774,318.5913693026778
741.6956539544979,208.64304495921465,92.83476912470235,334.02854398722457
741.7188717138345,208.485177482077,92.13275506593777,336.8156823613963
741.9873121543667,209.46319286503956,90.31615467044298,337.36271955632935
741.9387699098229,210.8114438708833,87.85372971148217,336.8499095611437
732.0,203.0,104.0,306.0
735.6939360171732,225.61320250071185,97.42695745316985,310.0156180812828
734.7225416421238,227.88702649112054,97.0260255719586,320.6291695788417
737.0455791305525,214.31375832996582,93.57578226424869,321.8257076695704
733.6075499113185,232.76381127062552,99.39608057220676,313.7768348264548
746.6537690108871,213.374582591131,92.95907993014134,325.54516580612744
745.1389835021428,229.53089992413243,92.10644738253859,319.17951312144305
698.0,209.0,143.0,322.0
720.5783758179364,222.08372678205205,99.38946794144658,321.27426786529895
718.9161581761605,225.35287244051108,99.79095770559991,324.9834617644618
717.9594246480701,227.26287985246302,98.82869903128176,331.4070552946845
719.2903979144394,205.4270086249868,95.45277961949887,338.7193309126567
717.9344091843382,218.43307916097024,95.9090710767423,340.14768215239417
717.4861944099741,220.72927556995273,95.63292726719465,344.8971034387887
721.0,207.0,107.0,304.0
724.7238173951337,227.28845344489127,98.23489496477487,309.767927136626
726.3099127775959,224.3464793674957,92.93052191637071,325.65991762267186
729.4058993123955,212.9794369702829,86.65525203814798,328.46332404206896
728.5026310681382,223.56332772064303,86.98170052295893,324.30598251513203
727.2959429013783,227.64548061592495,87.06371416534125,326.89416093042246
725.3541869195135,224.61853985255811,87.00248762843216,334.1081177332136
708.0,218.0,110.0,300.0
714.5537338139006,244.48268374623603,98.65931711383496,291.6124450927381
713.6861275082588,238.7278289714298,97.42790540828685,318.3800566752623
715.6952318186213,229.77225721957802,92.17237232816865,300.40136914958566
711.4195204686412,240.93824434944173,97.74790941529159,305.12876957844304
710.9680576888672,242.04218588377353,98.13978230328757,318.9388002725491
713.6269985695242,229.54086235420846,91.69121807393458,306.81358064736355
707.0,217.0,97.0,287.0
709.2738649146722,236.37556271256494,92.6440413143456,291.39193892248636
710.7759962608086,231.30683914758066,86.23290399688881,311.288723437477
710.3191217719477,232.55030896281778,84.70587691617311,316.5920490242179
707.9792310184775,230.12731309222454,85.62097574692143,322.5913133571371
707.2089513017386,231.699651875178,85.34401821037079,321.2658354214291
703.3587543341525,233.97198114019375,89.98031497333841,319.61534811660385
687.0,218.0,102.0,308.0
691.656809590092,235.20053894912962,94.23075036101613,310.6900202210436
690.4926313518356,241.45733512111906,92.59740886795464,310.17352680570934
691.8856799202458,229.55413010494976,90.05521853145126,305.13478075275214
690.4767256793784,239.5157493940833,90.51736277327984,311.2207587654907
687.9028157847079,243.34175144061317,92.12011918099961,313.769525361667
687.1297824739768,232.50868290529843,92.06485016254896,298.08075886640745
674.0,220.0,108.0,297.0
681.7486179631796,233.86897010810821,94.55040105327407,303.5781493661923
675.8296252685635,229.5378732187146,89.98738821290078,314.1110136305647
675.2516788195637,233.4146108591235,91.44687752942559,316.9592552639024
675.5433740080941,228.83460184137266,89.43745002910703,330.081792046204
675.7782378168433,230.326225445438,87.490998053363,331.79073993674785
676.5919848940608,225.0348651424497,84.96854557174345,315.86661863031486
672.0,224.0,96.0,299.0
676.2224317990713,248.12137404838654,88.55897537693625,299.03009564535296
680.0394433012802,246.5710281140573,80.92305848772457,311.93042383069405
670.8581995760524,240.29099242417328,83.19643570561732,317.98821104079764
668.6785191818087,247.62460715282657,87.16286362203846,318.67250121759
683.8751965404224,264.8183787221574,76.10503546460336,309.9540219621181
668.2214563452308,246.7747899367107,85.50692845108358,292.0741498369248
650.0,227.0,112.0,298.0
656.0715526963934,238.23751280137958,86.30654227494392,297.74807155117537
654.2193301320342,245.64815583781092,89.66710747461718,299.4232168021663
654.7991739330905,242.42665240990448,87.30321912557929,310.2130265463869
653.1963007415225,241.50443319689452,88.49163458720238,315.2757301208243
651.579342729344,241.53721957299422,88.8451143770526,318.2029973487013
651.8429579000218,241.4696574893146,86.20840422877222,321.92503551785535
641.0,228.0,101.0,301.0
647.5161491769609,241.9636340022726,89.52205155174033,312.2730797114886
639.7860397318145,244.46509405419545,87.16509767139496,307.66253063468696
638.4400050135316,242.43217483581827,90.08392425931675,323.0864139296076
636.4335836372311,244.33376644224722,92.56706045218107,320.9890086061487
634.8434856536014,243.38065246211215,93.46718346580474,324.06967856042024
649.3005728638074,242.48788441738748,83.48499782454098,306.395059243487
605.0,226.0,123.0,314.0
619.7013025286369,244.18898296046422,95.07269845582823,311.7109598113357
618.2958026466245,247.87293967929554,94.43920355118962,315.73452409223955
617.964677961545,229.85267206266974,93.58821833471563,303.08230823646875
605.69758323118,246.60646007877517,95.51375816557629,297.8197411702954
604.462869035764,255.89925898054616,96.34364200998243,303.07747362349596
605.1671972743386,229.78781880013184,93.6395033526668,314.83693339678166
595.0,228.0,114.0,315.0
605.6547623648949,242.70653220191946,94.76213431640645,319.16262373110635
604.7278150926868,238.35094551268912,95.15918016622891,331.4278407808947
605.2026600190757,238.53131086558028,91.32704351710834,334.80618496210946
594.7895439355436,233.86322695126285,91.7766523582236,334.98487453123573
597.3739704516975,233.87320331397768,86.4237291584052,344.7971691613217
596.5785815244512,238.4582489331142,86.1680730994135,344.1538154902048
587.0,230.0,107.0,328.0
596.1615740652105,250.8118354634778,90.37721711975541,330.79101839559326
594.8554126486496,249.3912821993555,90.27201337918541,335.69710933920317
594.8711537153138,250.02474031572274,89.10400190870018,339.68881793471473
594.9825491592151,254.13882414434124,89.06892642224534,338.72312092672155
595.0313372243892,267.7488897923089,91.0613898958187,326.2625662996044
582.3152872385427,257.57033352546205,94.06695689094988,296.49111716303514
567.0,237.0,121.0,327.0
572.8172701875009,250.45180820596693,90.99870117080411,322.2716103432666
572.7894879099017,260.4898664149839,91.27617298254665,323.72184570670663
574.079591313929,266.37540024869566,89.54620850606227,325.54957795602365
575.8732160089719,255.62031693585368,86.37838473305851,317.70954590250585
575.4363786093941,249.0128734985301,87.96044736895351,341.0736546268731
562.9905831584346,242.61321401239684,91.73520487897872,304.95943331606804
557.0,229.0,110.0,315.0
566.0538875070833,245.84132202356113,92.88702622822234,325.4357344935163
564.9959010209905,242.4722166490269,93.51273400266018,341.70750307791195
555.5707866110995,241.88651486982337,93.61543342813115,334.2340268956201
553.500419413692,252.92586848423662,95.68360316393546,328.593762505408
550.802290026506,249.44921666489813,100.44978404905123,338.57217741711383
551.0319165382509,249.78367403272262,98.75936824528844,342.1674459426695
527.0,241.0,130.0,336.0
542.5224873386023,263.16102153936896,101.36996452715834,327.2157186208414
542.5746790324974,265.5858712148567,99.17141020757072,335.2041649152898
540.3738881501245,267.0551388808982,103.68958452300603,340.32044727232346
541.2935396712483,263.99082605660396,99.52121863023513,349.8028404323072
528.19092536275,257.5370130906191,102.92738629852511,354.92820743309767
529.3958208978529,271.3675921463955,100.10818823384488,344.0840953673055
514.0,235.0,126.0,345.0
527.6880010060718,254.26072607832793,99.69457926291511,348.59440247624116
525.4914909160477,249.81282613062467,103.07957410576535,360.4345224781987
525.7535823512153,249.80333312966104,99.98286887383608,364.5714547426642
515.7579695798444,244.7626172603559,98.99132174608565,364.74773544739674
519.4572588716023,255.84378022569126,91.61598470944136,367.5610157790745
519.2073909494225,270.33646810252685,92.67421217985202,357.4542017031497
495.0,237.0,127.0,376.0
509.48354971987055,257.9361932972756,100.37140441257475,375.24527601473494
498.65231736207,257.2846295378829,98.27385083808622,379.0888980686037
510.4062302417924,268.63196690247014,97.46954683625188,384.6876594492478
509.1465094876272,273.9454073112249,98.45784925319106,337.07228046710736
522.1064846996962,278.77356867544074,94.57079569932716,369.2928516385415
493.9043361490949,264.8126981006001,101.53557287311014,330.99758407095635
483.0,253.0,139.0,356.0
493.69027419129634,268.8815752191755,98.59180435882467,351.50273592161955
493.76528482265417,278.26355011134297,98.58004997447347,356.0607267341243
493.6733066012189,280.2056117593911,98.68206030733359,361.8568814297287
507.42123445509594,281.1381860333538,95.54480022704377,350.0915478087926
507.95016970631247,278.03509739587207,93.60051238320438,372.5322645190081
494.55735367071793,270.2569951625393,95.96245801704993,348.9344993194985
467.0,251.0,126.0,364.0
481.1703511995945,269.03033881941883,99.81285950240613,371.6570012834268
470.8204524599191,267.0799203393128,100.34088937732713,373.5815781187471
468.97690492867446,270.71559526786746,104.11651031480505,378.136530157788
465.39402414916185,273.45092756154963,109.88684338256917,380.858433785242
463.87851533090384,274.44710892927765,111.47826794770458,385.45323381374556
478.27367199803587,279.9693240137426,104.2065752203415,395.3108426132785
448.0,271.0,138.0,349.0
462.89076627456654,298.1529874475186,109.87416705661678,341.37143583003933
462.32461605653725,294.2035027537428,109.7011581632762,365.28059201614144
464.4282752145692,280.88198640682526,104.26513252601842,354.995643201391
463.03172602051995,294.71579547590545,105.85875017833109,358.04218205444977
463.2893706863748,293.58954425160164,103.4941329481361,368.15534571699095
464.7475389127237,280.5055153951083,98.77622274346186,359.268440632069
441.0,259.0,127.0,360.0
452.54668283452384,278.65730650821985,104.73497478359104,362.82997311567914
451.71587160475974,272.31629239748236,106.59428894295615,376.4850043708152
453.22755663021866,271.7668926520737,102.97445651940751,379.2109861232651
457.43473311478635,267.0989929447413,94.97831554810102,367.01640346808756
455.1496981991254,266.5627711596119,97.7648640116222,383.38363165253554
458.90333524516836,289.12366902461514,91.97920645611248,360.54458285560503
439.0,243.0,139.0,383.0
457.2458831049589,265.1078917248301,103.91175218559931,375.18233044980616
458.77562497480835,266.0063904980957,101.33558510346904,335.8933000537435
456.4302291757108,267.36341613185255,105.21971598067012,365.18601254880423
456.8350376240171,263.98832343304275,104.26866523259503,330.9119712516258
457.77823416521414,265.4621990253289,102.1377164727329,352.2046528920698
455.8782419641641,259.2878463049351,104.99533570030098,371.63077946952717
445.0,237.0,142.0,365.0
467.8431892279652,253.54719450358894,101.52888540977852,372.02879472378197
480.49740084957506,273.41645867902434,99.21638533400147,364.4114093618498
465.8363824889199,241.81676763062356,102.41494612064963,366.2425938301468
481.9278168439381,253.24621606216806,93.36021507001408,374.24818357599406
464.88034672907946,244.80056373530533,100.77406518725007,344.7263100446289
453.23344515954653,244.11728618411485,101.66179838844783,354.84256089975725
449.0,228.0,116.0,352.0
453.8326072250002,247.8249258407282,105.97902293156494,357.0267501200878
451.52368624407427,243.60670731254618,108.57086819055553,367.0925473005142
453.2783406298795,247.24649437226617,105.69108196770549,366.1205977331962
454.56130578807665,242.93766395849025,103.33742906598695,344.01440394080873
455.2215185591582,249.59380765720243,102.61086893377148,351.20211320942644
453.3762083592353,250.61951119976482,103.74379339378208,359.11209562322597
438.0,237.0,126.0,329.0
448.85694580971585,258.7202204030109,107.07651257277575,329.65445251007986
449.9722541953296,252.90036645419877,104.38087573366795,353.60942805598006
451.4024360897089,240.67020932282549,99.61182856717983,342.27613262066495
451.20302963085044,247.3303483261845,99.7549041977718,347.2965853107865
452.7874062770238,243.9841866975039,96.04392783595131,360.36922760937887
453.270513282742,235.22360572789353,91.93564502309101,349.22128646638794
432.0,218.0,122.0,344.0
443.7986995247975,236.2473201615606,100.29633663788263,349.68805637918234
446.05005005593534,231.3429006432507,96.87223511797959,360.3690310078448
447.0524627363086,231.44948343740725,92.3754086180486,361.0253101263663
446.6572112141497,234.70910785923252,90.95067638317153,360.88874211107395
446.78473129061604,244.7972758610763,89.99837766137716,353.76417711470936
434.7501968025706,236.56919607442842,90.7076745197121,315.6508874499634
423.0,210.0,138.0,370.0
445.79504930606606,240.06713383044763,96.54363080899066,349.1711353766519
446.36763854512327,237.85469591187996,94.31840002489486,319.903647871963
459.0857992382037,241.32777447206172,91.56847641325061,353.7679016775237
434.40101081053547,227.64148799401482,93.19599890982772,317.0627577605874
447.72260679717795,238.06856719757096,89.98273556220886,334.6803186882944
448.48905043520045,233.10688479611395,89.39184003206122,317.3229117221349
422.0,206.0,133.0,360.0
445.34639289961126,218.0958100764965,91.17897494977285,357.50861023402126
432.3786826270281,218.58886761814733,94.13741590221917,318.9998923288822
442.9473024023682,228.91000445356622,93.96450832494656,340.71199737392317
434.1379228866466,219.05557540604332,90.05636312085562,323.3478278972141
426.29768718157607,227.3675690360642,87.68782016362627,319.3824545741104
434.6495043530863,223.25640878526247,93.37990745295383,355.91320204917065
430.0,208.0,110.0,337.0
438.7426220146418,232.18051789369264,95.33835467484039,327.94939843569574
435.8614910592421,226.95787566651916,98.9146862837299,342.3295811829048
435.3983458615712,226.92580440103484,99.82187051019957,344.3948279699291
436.4841977687031,226.84201828538062,96.63244198135953,303.951837523256
435.3356486222019,233.46695549844026,98.22905971127136,315.5005210719037
435.83673642698665,236.75147068914794,96.17820122580412,322.57704760535375
418.0,212.0,126.0,332.0
435.36399467574233,229.0248488731986,95.11198521851668,331.2132406508356
433.56198677802604,223.60710770926016,98.8291903314639,344.1059682900777
434.1263740650363,223.4901771977311,96.36404663166832,346.6345355230151
434.7622283112821,227.1345228757209,95.40385721480038,345.37058515374974
438.6123163204288,221.55915262535154,88.63340059225766,329.9552195774048
440.35314445708536,217.8013483842526,86.53882900491817,353.3550889860164
411.0,198.0,126.0,346.0
427.95023210675726,217.79782437843411,96.16700905332794,343.31130491594695
428.42158313364195,216.37836914778018,93.8375047986139,355.8526589303017
430.564138100905,231.0884536459214,90.41027919704425,339.2144091795665
429.32970956461213,223.4333039121409,90.55465906083555,328.9751589844225
429.09915643100265,215.83323107369188,90.8996297425652,361.59244883436054
418.7882808634598,219.19663416109142,90.20714344364848,303.9645502250355
409.0,214.0,136.0,346.0
443.90421713482226,245.1806654456154,93.67972723831497,339.74867475324174
433.9626665306438,232.83047740391885,90.36216798336807,318.0033144099025
444.65864316513284,249.0925907386028,93.44367837690004,338.7552765603333
433.8591727659236,260.4064284566946,89.90220835108522,332.27391905350726
421.243943212304,246.1857481546624,91.896970959221,309.553082036172
432.8037569020906,250.48335044782056,90.52810026485207,337.3625877340941
413.0,226.0,129.0,341.0
431.3183842293039,244.35431520862858,94.95302627860849,339.18202269141875
431.50745671589965,262.5197119881284,95.19115253470596,326.03108284183713
447.91526137611754,254.84378389782705,86.06270120797035,319.26339405375734
432.4879522193547,257.2693791942591,94.7796767723006,331.27554792453697
431.9485381230352,250.54998055587203,95.88326908008685,317.2202412951701
418.2875602642853,260.5041527308947,82.2010161813754,314.6984061971241
419.0,236.0,119.0,332.0
434.3834893526605,260.253608364439,91.36916497584627,325.08468188693263
432.32441178251713,268.61485929791706,97.20760310565595,319.5978976270426
432.961115269624,269.8781386040355,97.75111379655982,324.78718760656193
433.64490353260544,282.5871749271839,96.85288217564107,315.9586463520084
434.61277407699845,280.2205077271093,93.91856453945593,326.9219266320588
434.0462844297208,286.64940365617974,94.3446194400932,322.8042087671979
410.0,259.0,126.0,324.0
424.2618630214524,276.8186901807094,99.82211340943695,327.1554135250444
426.08606553525897,295.5406012884515,97.3739847826073,314.29734631058375
427.89538827311105,296.51157694562244,95.07855886204197,325.76617706176876
428.9782715145022,282.7673939278134,90.85463024938673,327.2079104425666
431.44965192698623,292.7695033653736,88.83693880675992,334.46667529721657
432.2429580401043,302.17666426761934,87.19348449326662,333.7414949694935
400.0,284.0,131.0,341.0
420.5813832631493,318.483346944401,93.25040897885378,324.1636621618802
422.5051525984053,332.53459323070956,89.67861514280139,320.88403765072576
424.70304346209,342.66889100903677,86.5669114059881,319.2288447499038
423.35466396268725,319.7266123886199,87.92296803589466,323.75523443660853
435.5919958640038,328.70760886973653,81.82028326768841,349.23785434546687
410.6539153212903,323.87939021489547,88.5685548023875,291.8064491761079
401.0,304.0,140.0,359.0
427.0422058159884,335.047383177421,91.48387543028377,333.5759629833241
426.4434867554196,334.904168699921,90.69341873107987,310.1237049310405
426.2419889158641,343.4762521027112,90.37264754276066,326.4142251916817
425.1748481550277,339.73316298634666,91.36328529966045,307.3379216182972
438.50290933762494,344.80982395184367,86.47667765800702,336.47890675536405
414.012856782171,331.62525435330144,90.577277676709,306.03557495523785
412.0,313.0,125.0,334.0
430.4758917251447,342.4136819001928,92.1913578262106,326.6462390589408
430.55200562117363,349.56271881912096,93.26638888315642,335.34169367440427
420.45501505618614,341.5848632161933,93.65770165824341,318.6865306499519
431.52939615303006,355.91739904565765,93.8670549048964,331.3626283206077
447.6824629736815,361.6716865090657,83.32637235849631,299.2769193872025
448.37666984539334,371.7716182492991,82.02536144031768,311.1811759648788
402.0,344.0,129.0,329.0
422.6152164865887,373.73365284076044,91.8017732223434,307.40041240284086
421.930208919239,375.81123080317775,94.28120073848766,315.73075151347234
422.74948591350653,374.9699568118481,91.56404356868916,324.8115261073343
422.489709846913,377.319417126585,91.03027305556907,330.2861910588879
435.718329853508,382.2396500606483,82.97360909832076,302.10378875286324
420.6078218438224,368.6459817031172,90.38040836259142,335.00163294855656
393.0,358.0,131.0,346.0
414.19665319374144,391.4207110071211,92.61617965605012,324.04597515383193
413.51703783140374,407.9362550962801,94.38392217618701,322.22459120683425
413.15152810728284,421.3527059041238,94.59274011056107,317.9107335251023
405.22631889370075,389.0583175177512,89.44992247367975,327.25825136166907
415.3772353698525,401.16450256872827,89.85150987176127,345.5201473583561
407.06356022621515,415.54393096927936,86.26702043699038,330.32730252290685
382.0,368.0,139.0,358.0
406.74543019171415,405.55680880142927,94.06540372497875,334.2854767179797
408.1586888092596,429.79636993877193,91.39255878795996,316.5742482907034
420.82782938149626,402.39552890911585,86.71588585732047,340.31580615809315
407.62029328766437,423.3861014547583,90.96350599849319,318.83598565547607
407.4154158532642,440.6152032078745,90.96922675211766,313.58710369926234
408.06451028163383,410.01673088757855,91.26864126385652,329.3408393564383
380.0,395.0,143.0,332.0
406.615545923514,416.05261643847007,93.75159975074303,333.54876772121384
406.95751317100286,437.8658018708626,93.57398186984511,319.5173829557433
408.5412296768958,418.0544307230284,92.89896034605852,325.83079651827256
408.0181332635489,417.01776299986,95.992576584873,341.04717774725214
408.2880244781245,434.6589400230208,95.61249741720076,328.71570394699154
408.930951012672,423.8941628910493,95.79694970024468,321.0237510909916
369.0,396.0,148.0,332.0
380.6029162160694,422.17718651388225,85.50285032722627,302.35581728874035
381.6571717058199,432.370788019878,84.95619340292978,318.2335101565254
381.8948705515059,444.7435477059488,84.56282448963748,311.11718015075223
382.46646158188014,457.66828358930627,84.07511584060103,306.39114300819244
382.86481337570694,448.4882358593238,84.83659386972079,287.44526648662304
384.2539931889345,456.490797012279,81.54815167606387,292.9252224600391
362.0,436.0,155.0,292.0
387.42369454402865,455.0512602843269,87.6417863927868,280.4996710480532
380.944313411341,457.11136450415665,81.2893812934555,287.0863115399984
379.37885302905454,464.84207049943177,82.6487727730784,287.4796189439228
369.8984529291259,466.4462654839543,81.8696430406963,286.55312616942166
370.82631169049125,472.1108364039653,79.81066773941444,287.62667093525783
378.81482295126295,467.91632436906684,84.49070479043473,275.0430918171995
358.0,445.0,138.0,282.0
375.07598563364127,458.1579289187353,84.61991402465935,285.09063433739715
374.88273507310385,465.78779319329806,84.71598935796317,282.7342175309652
377.1704899103635,471.056793685152,81.50256516975571,284.29403590967604
368.679137397059,456.6696022430433,80.64668728020655,276.3027942716627
365.61394090922215,482.3633294028359,84.7600512478059,258.2749109580841
377.40000298621845,483.7626578410231,81.14780366933701,278.24628472334285
344.0,467.0,151.0,254.0
390.6289015297109,487.9839084409232,81.6656284079072,261.3109490718891
360.96389064453206,451.8125975429775,82.88534535394524,274.62165065792783
361.71320202645927,470.9099167905697,80.9320087747576,270.0268722030646
392.20258868572165,507.4873463122276,80.3918203776206,260.36060413931045
403.8739117022949,497.19060526165595,77.69351831728204,253.86660522245165
376.2853757598174,463.0692653857618,76.75843423800586,262.2957491712368
340.0,490.0,156.0,241.0
360.8147977737003,495.3437793210519,80.20139491575947,244.33162845265088
361.7272441854021,509.9597607273507,76.45121382071494,243.69535200868938
362.11289927429107,485.7712349817307,76.47520613464371,264.4670122301236
363.10221715916407,513.0271539586354,75.4618302198379,239.752759221627
363.5914201488156,488.6455349342027,74.90214462446693,261.432859067859
364.9076612083412,516.6359682013824,73.8269029719043,235.58331161520016
340.0,499.0,161.0,228.0
405.51829113507364,522.822676436783,69.92476527836033,232.5034160634582
377.59464387195726,489.3859128183076,71.7356948532688,236.73151139403217
368.66735761120117,502.7764091753322,72.94061402620662,232.68735681697626
396.7308146199259,535.6715015806103,70.50763335844204,223.89282567883924
371.6186808469163,501.1033860066582,70.22211970693229,228.7767286232929
361.9977642534086,517.085803798429,72.17833477065687,219.30220194758476
334.0,517.0,168.0,206.0
369.54312148122375,519.8756400605016,68.40993560934385,216.1422919296342
396.0146798060037,535.9339262015274,67.47787911757939,228.60343811222992
397.03849180503323,526.8740936635978,66.48505982697355,214.50426459774894
398.1030745677473,524.6381799136989,64.76229530806802,230.4572021101285
406.54739609375054,521.5135165875772,64.75896561878756,222.3446001933438
399.4564269195507,521.75125363602,64.87488595166724,226.15067465209495
332.0,537.0,170.0,186.0
410.97378762395687,553.9209660113256,62.839873440782696,207.33592303113073
412.3050619979624,540.2444318536773,60.81348822561762,202.6205668495436
388.53115512703374,514.4932169361145,63.158930344176895,208.35268668722188
382.70595025664215,529.9286562004754,59.601340271930894,201.38596195776609
382.7385605265057,540.8393214650278,60.300598451500775,201.4063087882314
360.79048568644544,544.6168279761841,60.35797243658152,194.0799226954623
343.0,564.0,167.0,154.0
377.7299021413753,550.1559950214623,56.89657898558585,187.31369741353137
378.17846862394117,564.2595313153524,56.79599042571374,183.72542598994005
393.3800640740069,559.7444607438438,55.693871083109684,181.63489675709002
413.8085352708954,559.1747988543138,57.27299314566574,179.10666034364658
436.47614397687727,578.9008652328462,54.148391077165286,181.27288875683007
457.14165563335564,579.1411819152661,53.65986811721888,174.09032471199566
364.0,572.0,168.0,141.0
444.36504419685383,574.8346934947658,53.73997142546938,177.8175996419336
464.9225418059215,577.1031592955133,52.709226904894706,168.84304077663273
446.39593077706024,550.0368001198412,51.122861495167854,173.8193984272266
428.8654131693047,549.3111639005442,48.830413110399604,173.31050790480163
435.33386865869613,566.080159835393,49.51220372053774,167.2020348109877
454.2903833912809,582.576549304544,50.59482068939252,169.0930898153738
374.0,586.0,183.0,128.0
436.9064744491367,572.7419581083302,48.65049838356276,166.7079605308793
437.5989899599624,577.0278611425957,47.95058594644172,168.55077043098038
449.4250189111959,578.6963987965491,48.97903999735115,155.62130568676025
439.73111161745487,583.4445432015277,45.73408662040913,153.22979651311016
440.5846713381507,592.3003278947872,45.21706121865293,152.93345007376047
447.1944947669966,588.2158930397227,44.73988429277199,147.1216120598151
380.0,590.0,190.0,125.0
471.95283310361765,598.2081021227782,45.04041058426856,147.14761534551462
478.8734199351669,589.0337771205982,42.703432251755544,147.0842342851347
489.9375700944516,584.8818489524183,42.75559896332487,147.92241673660476
479.93942200274876,567.0981745163878,42.41481559937927,153.56762807965856
496.4462463910065,588.1283190581066,42.09647305366275,147.92562632075817
497.00223390617,581.3250279688018,41.41100489285532,144.39305890532523
379.0,604.0,208.0,114.0
459.53832223654433,580.8687559740702,41.14177606394992,140.77659139659318
460.2588772246572,593.1129353762283,40.46042378724826,133.87905129193996
460.68675907479883,599.8021154891342,40.41269920056453,135.37658407587378
467.03052044318326,594.6059257202924,38.87643087761461,134.45435376063824
467.437399306317,607.7418138029238,38.57859318004546,126.29622731501127
477.65139982838906,601.6503264806233,38.20771071498649,128.77494560414925
403.0,595.0,201.0,120.0
476.9555126340447,591.54032783645,38.20997552684764,130.83709199683756
482.4161090841716,603.8514051029729,38.20478991941104,125.21185900042474
488.2065288704548,594.7725469025809,36.53462671494549,131.8029033728758
492.76559579177706,602.7106488513969,37.16472054598819,128.9871509090358
493.54199270414654,596.5245652223098,36.62157154258898,127.24898652251818
502.74431241072216,605.3305551740967,36.86184187589424,127.22974480097344
450.0,592.0,173.0,121.0
507.90386029736794,583.2507017417283,35.461196747911345,134.66887750350566
512.367949173832,596.2648662159263,35.743192902656915,127.97421304056479
516.9282238436789,596.6952382220163,35.78049929504937,132.28043975764194
517.6014550275281,586.2953614886793,35.416696715501985,136.15895233492574
521.8733232175276,602.0757577075732,36.571069698441875,124.5807001852063
527.0155106686243,588.7580176027518,35.75875391788941,139.33881332701048
483.0,598.0,152.0,114.0
557.3110928361316,608.9759649848647,36.708882641077935,121.89812122674175
562.6837740190863,603.2936624642248,35.57034993820503,126.45580201062421
568.3204238543722,596.005703619838,35.011513748522816,131.4419840120679
569.055114666982,603.5467287294371,34.466847428685355,123.80899102171838
564.7654365150905,602.5960648465255,35.46742575104702,125.39149954048003
574.868696951138,600.4100292066323,33.012087483955156,129.76395316709068
494.0,599.0,155.0,116.0
543.6336386377989,590.8609528539398,34.34064410300948,128.3837007410491
544.3769161352723,595.3292365004379,33.87671478352922,127.65158838817706
548.6659437709898,599.1552196334851,34.763737196338184,126.70948225948268
549.535908962017,593.8843252427969,34.373820839101654,127.01066370250373
554.3260741596655,597.0652597283051,34.388834064230196,129.17633759576256
554.6898717943714,592.8337404715307,34.679176574149096,127.72100304299352
500.0,618.0,170.0,98.0
569.2443690408986,590.8623899961156,35.28761388901171,132.91148026700216
566.0094006242459,600.8707144776205,34.04631030834139,121.72481997198076
567.0466750705194,609.4382826046424,33.514520030524864,116.52635398387065
571.3181008398795,619.343105164002,33.98015838619392,113.54925623475174
576.6147821963527,611.8666155624633,32.38034240644765,115.73250102807151
584.9396300409129,602.8240909522084,33.1808987712667,124.83237533603335
523.0,603.0,174.0,111.0
590.9547499886057,599.5371852804162,34.22829229332547,123.45878942070385
595.1570236787968,602.5992377811308,34.42333901191137,123.30577793463863
599.174037059855,600.8992891420012,35.15157440639598,119.11055067602979
601.0387287862786,594.4201392711259,33.29132498311651,120.27894179747204
600.8030563487052,587.6376492495439,34.91062276756338,123.83531197222908
605.8411771200871,590.2528605488769,34.266522906337855,127.5910249044482
561.0,577.0,157.0,135.0
637.0064430196405,592.4871272140867,35.065661726531516,129.719669170428
646.5997049038165,588.8195002818616,33.539794362299745,125.51782241005299
646.7032056738647,579.5441600924071,34.742265154086,130.56762468604643
651.6911238699618,589.5289223660939,34.18048362910531,125.50190443131817
656.8713576461861,583.2390990887487,33.65744276664941,130.54031839473976
656.9315702523857,591.2747112675356,34.22937727648832,125.31081808639874
591.0,592.0,144.0,122.0
661.2121860238817,602.6622033255838,34.14421719137499,127.9248257890672
661.4838325565048,598.9481147065299,33.31581342729021,125.77882881872802
661.9029197963736,600.369241997857,34.281815741363175,124.1210923866688
662.4291232361452,600.7709468109203,33.94347299748506,124.22469687667513
667.0564383009169,598.5478572423744,33.185363407531554,124.68277594311076
662.922327785635,597.4384208497886,34.053406466842375,123.72691894251147
596.0,605.0,139.0,112.0
663.1596676310744,612.3266630382564,33.88908707625683,119.93848138772728
668.13776929662,605.8773112080773,32.83939501283419,119.07597795944389
668.5649396820663,603.6974808307605,33.11382722826636,123.44805080693732
673.6539668486198,605.921069443606,31.782334887501293,123.55925496129203
673.4027895469741,598.6316536816817,33.57870062029758,124.78712864217277
674.3836561668995,608.0523473894932,32.12362342540155,116.33788527382922
587.0,621.0,160.0,96.0
648.4668954919939,600.9297249277397,33.58030173185659,117.8567212140897
649.2108603046248,611.9330475490881,32.39784512517224,111.60382856732895
649.5342415215227,615.3669170684524,33.068552841175915,113.22557626078435
651.045578392647,610.1771999543348,31.45722255533508,113.60182558530619
651.1003963935325,617.0473041842515,31.582804495434402,109.595586395601
652.227609711137,611.683385759723,30.727682414369042,111.08834630791318
596.0,621.0,156.0,95.0
653.3280558190897,601.0477976903435,31.02580614714816,117.53165108496432
649.4639692265209,612.7283693782231,32.102814289652315,107.33832578469901
649.7013744243213,613.5269948897926,32.33183752808691,111.1502236476681
650.91898152867,603.5560597613958,31.009441502176855,115.03390059564435
651.0613331879888,611.5166129816917,31.558698891893755,112.10909156043999
647.0494771688814,610.1344340219339,32.440151933513334,113.4670194637165
609.0,608.0,141.0,110.0
678.1761762275795,616.9984577030962,30.392664821980702,114.2750765489402
674.1746999023545,610.8764262592786,31.656063903792074,108.18488061596327
674.7195038957207,613.2540713508338,30.955418193353808,111.61195648210696
671.794119231782,614.809475045322,30.022089565409487,109.20229982440469
672.4798871496318,617.7607087987756,29.72625139001002,108.40961610864701
669.2751446844094,618.6534340152346,29.618993946292676,107.37277980338035
602.0,615.0,134.0,101.0
664.155014947715,619.2772863262726,30.181931510310278,108.2374206938839
664.6271042644023,611.2457778193018,29.096901182105967,113.86225586171008
660.3462725629654,612.9652901828658,30.882185382938587,108.79497912275497
661.7412514976695,613.2588949912342,28.65147182059627,109.70930010063694
661.7041384644729,606.447261151004,28.93169981896949,113.21141822175434
657.9926460872225,608.5028218605992,29.08294511313011,112.76213790902716
584.0,617.0,139.0,100.0
652.8132854605822,624.6467310252991,30.0429562918697,105.35729227751483
657.1359502990632,618.5508470265104,28.90932842874406,106.0177722605149
657.5399811295777,609.7373944986916,29.307273288548913,112.31453807967
654.1150786827594,616.7166657675976,30.222478637950303,104.62040592109986
659.2115223236897,619.2650119096118,27.977115571638933,107.18642540196356
655.1685378300702,617.835435650205,30.082641851318726,107.27650709441059
577.0,628.0,146.0,88.0
629.6657809532844,621.7355688501159,30.21872562837666,102.88240957788048
633.8826599109616,628.933331567597,29.8738955263525,100.87383189284242
635.2340027002725,620.5279209751288,27.942908968130382,102.64678767106932
635.3640295978938,628.6238079365571,28.526050778661897,96.40846420288335
639.5089982001624,620.4386826195713,27.59303027440228,103.2932573833126
642.4942677711753,629.3499496100637,29.039572094961272,97.43086860576364
589.0,630.0,144.0,87.0
642.1488549088219,612.816506765899,27.44122605731434,102.94065012056467
642.3084793943295,622.3620068365228,28.081094852467004,98.20062254284221
646.0364187902273,624.2419711123921,28.553742517528008,101.30757221596332
646.4372237427306,618.9867107474438,27.573853116540704,100.47140938545999
649.5644319659556,625.7518566224215,28.766620780926246,99.92422180858955
647.5088599064347,618.1238928012418,26.848242234314057,100.19078886015711
607.0,618.0,133.0,98.0
671.8572782392681,628.7252823212127,28.724185346240688,99.07340431503542
676.1741362085286,624.1764447719589,27.892952355596208,98.42891308333822
676.9748331544727,624.2432135181334,27.075643577098276,100.49567583771932
677.57874974252,625.8436090752366,26.44379325036641,99.85929967338348
677.8501160119636,627.1368934693637,26.421740876794388,99.59199348607399
678.0010218581765,627.5827901188784,26.536353007528078,99.68395193910897
614.0,620.0,122.0,97.0
672.9347651427117,627.2316927839047,28.22157811452712,100.92437610813113
677.4456760131685,620.4517719056898,26.46768469503195,102.07036763721794
677.6413475263529,616.9621803562234,26.614239730915642,101.124218288561
678.0394693772408,617.8367441707842,26.38622604048396,103.07311900286322
678.1852926606713,613.7311730290762,27.293509084434277,102.5645672661226
678.6668427396712,617.0033889808442,27.040363205961967,102.57857251036944
610.0,624.0,134.0,92.0
658.0584424413197,622.0724521174141,27.900460136239076,97.59428773420791
661.6638988564969,626.8941258034112,28.242321292994802,99.05423059478687
662.7086686054473,615.9145778481445,26.760196998610695,105.509871063334
662.4318936620189,629.1567486224499,28.139711459129558,93.28533484644277
667.0715728139729,619.2997102480731,26.217308745399578,105.3052990469896
666.5764978002867,633.0323917246592,27.95863080508434,90.05056578285121
619.0,636.0,136.0,82.0
673.123524106275,621.2344753937575,25.936634735859116,100.32799837485402
676.8662723758448,628.2268628723068,25.887021441541947,98.26345437078623
676.4173414091489,635.613069046088,27.575878162980416,90.40340853382418
681.1262016241543,626.3570439231528,26.14998813347904,99.31723991741183
684.5379225778283,637.010881979705,26.955640933478662,90.24914891791093
685.6555159252584,626.0321236133558,26.02124973776108,97.5301559564922
648.0,622.0,126.0,93.0
696.5771200150099,622.8613163786215,27.28544863423224,96.92684182859693
694.1630401737528,622.2069927845876,26.727449065476662,97.82773298729512
697.5386723860673,627.4206403764156,27.83535175429904,97.07744816381364
698.5153860497819,621.0126008330224,26.338283636129518,100.47640571687225
701.6629888563041,631.9487997113665,27.78146939715043,93.38454215145862
699.9970548315163,621.2163450285994,26.14543441231433,100.4976348629383
672.0,628.0,115.0,88.0
729.3145884707786,635.295183557067,25.635796645134974,93.53073490581437
729.5830985813955,628.7982940332186,26.25902693982414,96.20750023339338
733.5351813872426,635.4907438449266,25.67965092141833,91.81433318338418
737.4345372992777,632.321611688029,24.714424107199875,93.0827543363738
734.3154817046609,634.705845159087,25.59877437791397,89.97736839457366
737.6300103504514,637.7609871323339,26.03329393189199,90.22220893668145
682.0,636.0,113.0,81.0
737.1926858675494,640.2879729908348,25.680286108474434,90.32237875072656
744.0324257265056,635.7053713088866,25.688237353282602,92.22548253895013
747.8788324720501,632.3054535849051,24.866910569326024,92.3984925186038
751.4798241386858,636.5482882195338,24.164350209772806,89.67683097343797
755.0961992374523,634.4048810832137,23.878289699575816,90.32691763140974
755.1575278745138,638.7595004593572,24.767352001278823,86.41346968531207
701.0,642.0,115.0,75.0
757.5076688921941,647.0598976196634,24.786353485903533,83.90103923298739
764.1257691591333,643.9971656917107,24.745300145517035,87.26447544534813
771.2096261711843,642.773170698421,23.173321120991886,87.66129338333303
774.1386631030048,640.9381704799544,24.244461341819488,86.00102057578897
774.9858140849518,647.992171934726,23.361775722557695,80.18732808559821
775.4238919149802,649.1174525639292,23.562186520763703,82.4593886889993
723.0,646.0,110.0,69.0
759.0437855704777,629.6647079045181,24.6095493597295,87.88508433793788
765.3127081789642,639.1387301624673,24.754983862055724,86.63791794542101
765.8872138783845,632.9364988246708,24.47729482794341,89.56286225846839
769.0388058463889,640.9158157206235,24.80694626830632,82.5277232674838
769.6509242180509,633.6182871092628,24.652020052421335,87.99920667647712
772.821704292628,640.7733446387094,25.002108896961772,82.63687290155758
741.0,648.0,109.0,64.0
776.3141931162393,628.7421385277664,24.305786140917007,87.83258213268459
776.5011985509674,634.5424995196533,24.57496098650165,87.7756290325973
776.9905061965657,640.6370203165595,24.472584519664224,81.78401710067487
774.6905020291463,629.4549916056653,24.08046971364888,93.04597993699485
778.4189229558363,639.0150827190291,24.233053877057728,88.44110386661816
779.3037899233022,644.9247466497657,24.290700303823314,82.55026771720964
762.0,651.0,80.0,63.0
801.1946329856961,640.0193311671983,24.502153227650183,89.07649595446856
804.4918554143123,637.344016435124,23.854518889265705,89.41759971070667
805.0474653180703,645.1580199773032,23.220361152849023,81.64253117390194
805.5834944465236,637.8004135490331,23.305734392882073,88.94583041720182
805.8346301263713,646.0210681047953,23.23046893042192,82.21062473526547
803.6577597015045,649.8504351897183,22.48671486397086,79.42141877723009
774.0,659.0,59.0,59.0
802.5775820860736,648.987117765711,22.704905720936836,79.40968396072003
802.9503586557228,642.9427145543787,22.423522850152153,80.50558821424602
800.1876141042508,636.6502698875083,23.22594609190901,84.23643880621512
797.8947873420445,642.8638429236053,23.0478284821603,76.75530523580892
798.4895743545226,636.5756320803517,22.823186956104564,82.81586841061801
798.9205107535963,633.0794278578096,22.846745735616423,83.91878050335254
756.0,652.0,73.0,61.0
792.1175125782621,643.839571667147,22.539240609151648,82.74216095666634
789.842041631648,639.6690550382873,22.38096156857182,78.94569519026822
790.3801353542913,645.3014763544954,22.203410407822048,76.76436745847354
788.3585351458855,638.8259081880747,21.64987391932209,80.36140907640333
788.805967893818,645.7311318604964,21.72501772812302,75.63167963509841
789.4013212183635,640.6618143248875,21.389536819850605,79.65986974946486
747.0,651.0,87.0,64.0
776.0821468583774,637.586004104876,23.110399234819624,80.9941478312993
776.5211532526313,642.7734326975201,23.449570507706426,77.84494295983677
777.0448382699848,636.6884138428084,23.25371027310382,81.82093307235095
777.4389956559353,632.1552860709558,23.34972351354736,82.53310769675727
774.834522825435,625.6705223549994,23.994866086634374,84.33635971179058
778.3465869684183,633.4026026035162,23.584144532793516,78.16796816076658
737.0,650.0,116.0,66.0
782.4648961468827,635.6587866582416,23.03994519199796,86.19422097280483
779.6518244696781,631.7601018706885,23.828348145718337,83.53794866129647
780.0491927779971,627.0826332515295,23.92412261784648,85.05625825249444
780.4916803414176,622.7310721751268,23.777744034322836,85.21187197628717
780.8106171117288,618.5594862359895,23.755049530785072,83.52922184780653
778.169081419957,613.6402280069988,23.99484521337024,80.22320762488425
733.0,623.0,127.0,99.0
778.4573043568339,617.5792292001684,23.341511574145898,89.40961863204006
784.7669765827961,624.2793003647857,23.397050692996572,89.54748117346162
794.1201609269845,621.458584178441,23.136078904067176,90.03002032912127
803.6501642419817,614.2311773670476,22.52499455756424,83.61383177971095
800.9069079021051,605.6527519548407,22.833787599076004,85.94830147746961
801.4897183581631,603.1575004106546,22.441337642332883,82.4141026961264
730.0,576.0,123.0,141.0
790.9508257351546,596.1506764958955,22.76863496111116,83.33720135276576
797.1529734311505,591.1902531647013,22.59893357034889,86.58432708384282
803.2473229227053,587.3005231526868,22.790261264110313,87.4226008089961
803.6192824343734,582.6296143289144,22.768372503914406,85.30067863088402
801.1546455827851,578.7441953733596,22.679399850237587,82.04827447801313
801.6055610286048,578.7147506938659,22.457895228936877,89.04051280541262
724.0,559.0,119.0,160.0
765.0380349517384,574.8427964002676,23.51904173364005,88.559694437203
757.0369134585701,577.2620799787462,22.760156949815382,84.8410289527211
754.5153344832454,579.9733225437112,22.70228391893056,85.62964523558571
749.1424101552741,580.3579020359425,22.679253257096093,87.00724537843905
740.6901254026768,583.6509695402518,23.03844475132462,82.80311121983868
735.1269992913075,587.1331509953068,23.346949787394806,81.75065911320314
705.0,582.0,136.0,137.0
757.4600446014633,590.8078451321098,22.784181781697498,84.70676375213577
757.7534643054493,595.5795598251959,22.90811745588337,84.86858184056598
749.6279920340321,595.3549457597552,22.69030234857837,85.45180904446136
744.2641437203736,597.5584328828827,22.7445441623006,85.14351773864371
735.9078513511708,601.2900599487557,22.870869391404085,81.26222046508258
733.3901377407537,607.181517975506,22.850908398491583,79.67228661800686
705.0,595.0,141.0,120.0
766.8251036229883,601.7361473155402,22.17291909553137,80.5002224498669
767.0130176580385,604.4407750043417,22.603289492343492,83.83553777295924
759.0284475300695,603.6935915304869,22.518284138238414,84.55138397376402
750.9647464706156,607.3809531649542,22.349358818437395,80.59227012075598
748.4542087153189,613.2164042120692,22.52686243730909,78.89386034776726
743.3180938346806,615.4783369339443,22.310011478061483,79.93062444441148
721.0,587.0,139.0,129.0
776.2612943265374,597.1498955240318,21.80919953141631,77.90622289598218
768.2760230149615,595.807233514805,21.92515867491238,81.8231921622363
762.9964572339929,594.783351776874,22.148553533408062,84.67760390149351
757.6118545983758,595.1841238725278,22.357946573134768,85.01697194906524
758.1170173879535,592.7631258366396,22.410733939240345,80.17964908026818
761.3168789610318,588.5077633436204,22.334828783906346,81.1119161307065
744.0,542.0,131.0,173.0
792.0714758288321,555.4484787586834,21.937828619044353,85.63420475203168
783.9136186348538,554.2849571094671,22.101933568017785,85.87866216845532
775.675892949233,552.8067510854521,22.478670497636926,86.35504507445592
781.7957267157068,554.4645160242995,22.347869915325987,80.51179055031446
776.782838410651,547.4855980530451,22.095028794109226,80.24684227993407
777.2362184713319,548.4751423650432,22.027268780309214,85.1548922706994
749.0,515.0,131.0,206.0
796.8570957080917,543.3359338716928,21.748971966107547,87.97321699755378
788.5055723543004,537.7850073598461,22.433538859746818,81.01294589666327
786.2295480159514,539.9999775352312,22.312125853810812,82.66186752648628
786.6248391958977,538.679633892644,22.343645496571526,77.97869120514281
787.3463827758485,535.8444855483549,21.930302252954334,76.81807818169557
782.2083376760547,533.3022271550587,22.114114136000126,83.52482175908017
756.0,487.0,128.0,232.0
819.3095657793427,540.1922623729592,22.4228572822675,83.85009628524972
811.5991465241526,512.1167220415103,21.598273406260546,80.82751949690885
803.4621081622392,515.8061168320756,22.03385236380393,77.47256635044516
795.7100409331395,518.9823647662174,21.723213237096957,75.86795367296156
793.3103912536045,523.704914031953,21.766278041125474,76.13776931829602
796.4570269800138,525.9133790153542,21.5403783343354,81.87970452775994
765.0,504.0,131.0,218.0
830.0903993489839,613.9165502333019,21.530623095714645,79.473765089263
838.6271648667278,652.743890198185,21.295380322812207,75.67459300880228
838.9023903104674,636.1424446254211,21.790648442762063,79.29008705276033
836.7088541041181,639.6006887234929,21.859303012804162,77.76301271791078
834.6060849123025,632.2041113428144,21.586695550256536,78.54203975248606
829.6672745084295,643.9437783504053,21.62051213018742,78.15123238633043
779.0,512.0,139.0,211.0
845.1005323677908,617.6085260159382,21.756047755780514,78.72858637463128
840.3041186234153,638.515512421428,21.414907898754336,79.28682787213017
846.0987580032229,636.1846188648169,21.370945333397458,79.70164504404715
849.1286231118161,632.7295618321157,21.618799241466377,79.80532622189116
851.9530205723967,639.0790731534662,21.882115249392086,77.89910424603045
852.5079098206368,643.0236474307195,21.66788664844853,78.55605131783898
799.0,517.0,142.0,203.0
870.0724059671907,620.3435904945093,21.787000005229743,79.17494438539495
873.1322810987023,616.9736424949364,21.914382924091115,78.74699125928282
873.4556991219583,622.0127635295792,22.134979640696884,77.82814174020245
879.2871235265493,619.4151976290341,22.051797218016418,77.90166971912049
882.4183205101799,615.3391537813923,22.056591292264216,78.37173353090748
882.8846658458946,620.0617300530637,21.954885335897984,77.82386280177775
823.0,477.0,137.0,239.0
890.9689851628191,597.5944922803625,21.856027166998956,81.28431843137434
885.8301817391753,631.0834577732753,22.01410566754862,77.34859950347686
894.3652382102385,619.7784617141347,21.892681241760442,76.48088365443937
897.4961309892656,614.7975385318618,21.62674051870613,76.9307692180654
895.2158880819238,617.1934614269484,21.954461550765814,79.79111239379552
898.4777063682932,613.7188757697586,21.91109402862537,80.4442216597447
824.0,444.0,141.0,280.0
877.2154872386026,536.1552630807905,21.580957331518107,80.6073333940792
875.0000339667508,539.7630781784837,21.484375275567118,79.19357281504062
867.3077826209203,529.8775561087692,21.49394371340918,80.56117498827359
859.6317709456962,541.1934218285741,21.4952685335453,77.91541443586993
857.3968272527927,544.3040975837475,21.46165517839745,76.8521026349199
850.2682196309795,553.8506570538564,20.764610213103424,77.90893885162382
822.0,419.0,145.0,286.0
886.5452825279432,548.7749126689511,21.18274667556443,78.25821765548005
886.8802181887617,543.5996684574374,21.29338583926335,77.91641457217224
889.9380217240534,568.9156076294985,21.293660820535024,78.21224546024723
898.3044161024189,588.2116411975413,21.630798981705652,78.2011146781789
896.2218298837356,581.1900074921512,21.27603477326602,78.60120108683623
893.9062413913908,574.4554791763142,21.617847904546466,78.70296212242522
806.0,433.0,164.0,241.0
887.6917206326889,553.7732941294203,21.772891469506135,80.01472426646569
880.1008299305618,575.1052075991348,21.858457576369915,75.82572017024802
875.3979418922846,575.644472511836,21.28200406958092,77.04658677838802
878.5857848979786,571.0311671862671,20.786161325831017,78.39765974488341
878.9721906426754,574.6362117897497,20.4032985761354,78.27907030530992
879.0031313742594,569.6567612971287,21.217346631226974,78.4776647882544
812.0,440.0,157.0,264.0
884.6870589033475,560.8199225104794,21.749582017102966,77.96034094349875
884.9518011668428,565.4110416423456,21.651382111510657,77.20607427617199
882.9159823143797,568.2179269376214,21.436105548858563,77.10606688402629
883.4352086652348,572.5072941378144,21.356545971848846,76.49105260919532
883.912286689052,576.4890533402222,21.320081058797996,76.65375685709307
884.4173085173229,580.5368807904011,21.240777260530876,78.25266293355355
827.0,430.0,148.0,280.0
892.3596174739328,567.4071592200055,21.632951644424224,76.34765886648438
887.1515188668704,587.7782410284913,22.03189295047639,79.41777911679355
885.1432729634998,599.1211222255357,21.511201881515717,81.20745263417814
880.5569605338644,605.2568048796384,20.765763466030535,75.47461745590408
883.7020628315988,613.2169012976535,20.994559478586098,72.74203236939627
886.8191920805151,617.1711921781653,20.748486080103817,75.44183770302959
