414.0,305.0,33.0,71.0
413.79513172013685,308.3154490911402,32.95637262286618,72.03588740713894
413.8003452902269,307.81298594463215,33.343247251424884,73.02577297200446
412.82944854136485,307.7217099169029,34.601891178620406,73.36640100370187
412.88705252908414,307.5936207040577,34.29393974604261,73.88621248003346
412.28968256947906,307.59252472418757,34.889063477802154,74.32203949829648
412.0253847085039,307.4579859091882,34.9855297854877,74.87364798519502
412.0,305.0,33.0,71.0
411.7528505918425,309.7339125233097,33.18696690749209,72.09366925255807
411.41046104141026,309.68926957984104,34.27408607239994,71.4991127037514
410.86330021520723,307.94204981621874,35.06595457628123,74.87052300822938
410.77268413623096,307.72097585931806,35.101303533445844,75.28890614307647
410.75820647468186,307.7457995981413,35.128954507407116,75.50702084553461
410.94325459404126,308.62386771643355,35.00817305144409,74.76342827211624
411.0,307.0,34.0,71.0
410.3262184137593,310.5858684621762,35.46778110782452,71.84000043297237
411.06682001159163,310.4558097891877,34.31511255596081,73.89713678040789
411.47496261088304,309.6584355551988,33.505903785560065,76.6275825034694
411.74862569983645,310.0078214138939,33.099910101262026,77.02712672337839
412.1234017725392,310.47554197548425,32.7011099600777,77.17922660414092
412.59318575294094,311.2194999221447,32.33527045622975,76.38905302513012
413.0,308.0,33.0,78.0
413.9495250880849,311.86760884223054,31.759734678495875,78.80862774732725
413.49959159677604,313.3768554471171,33.024993360809106,77.85164125187009
413.8560033992958,314.2926050033502,32.65311345478517,77.9621413324362
413.8361225480843,315.51925182438526,33.41738783234666,73.60611868916112
414.3880657728931,314.5669631738492,32.647796997831506,77.70023790832056
414.8371932754542,315.6865780264343,32.440529905213566,77.01555939704394
415.0,312.0,31.0,80.0
412.16125982268295,315.93558791044336,35.69635932511483,78.18921956208385
414.7710096086099,318.18660349989227,32.791255227996885,78.91993448995044
415.38304391602577,319.7114404014319,32.0955343330167,77.12532691452543
415.72856065509905,320.47607603101596,31.98804766731473,76.54296498829001
416.0049454330996,321.0440074033952,32.015237752470966,76.60273372694405
416.07367260891994,321.64465023913726,32.1693625800836,76.9801255067814
419.0,315.0,28.0,76.0
415.78909655921984,318.0585073102553,32.55500741060632,76.65188199183683
417.5694829359958,319.56187214447823,31.544975567811775,76.61530073435614
418.85759255207654,321.2302786409937,29.646150432312425,74.69549258226789
418.88829409138907,322.2967275811932,30.222939167040067,73.98824510334975
418.7785592179953,322.3836752793701,30.54491420551267,71.86403704411191
418.5676013379498,322.77049962657907,32.26588622722511,72.98655936484408
420.0,319.0,30.0,75.0
420.07507139256205,322.12077910548214,30.92998885146534,78.24090344592628
419.08249931955623,324.33002295536653,33.28215746059391,76.08000114426113
419.52417436332206,324.8778993529063,33.27888213817607,78.21579191916442
419.82052305162176,326.2549083698573,33.57376120811671,78.78059094328904
420.34044168871037,327.9257211663821,32.49602996729993,71.56544778020611
420.18293279320744,326.2848152508818,33.636910804298395,77.53649775998639
422.0,323.0,30.0,81.0
421.5454323880406,327.9493916417905,32.42206412943938,81.03613783459969
422.340479038892,331.18161576945226,30.635765759107926,78.0563219894106
422.24529952495686,332.48956332305033,31.35991253216764,77.4955387166167
422.25714857158414,333.7968078447939,31.631982027501067,76.15079032597941
421.49169691593045,332.41220672889176,32.68769915655673,75.08476079184675
421.7054238918041,334.162532405756,32.208660326643326,76.84946939338755
421.0,328.0,33.0,82.0
421.086660704226,332.810651046128,33.2977789198269,81.903170791702
421.38665197223315,336.6770964208131,33.466616561633714,77.89531666372727
422.1513458493669,339.11535782716555,32.80677103595167,74.37146573408427
421.3003711379553,335.352946384334,34.12290961390789,77.66853084786476
422.348722903993,337.6803144429333,31.958403317946136,77.98199981906919
421.621217050704,335.63052694442564,34.079289571237496,77.86045834316866
422.0,331.0,32.0,79.0
422.07295018629316,334.7809651002169,32.75502673072765,80.42963222848192
422.40142798770876,337.4630102172407,32.482974026202555,76.68280801354808
422.808047615601,338.80936143540157,32.38322416222036,75.84061346163844
423.2236090550623,339.8426099997755,32.29666020672562,75.12557212952879
423.6899990184417,340.73703167928943,32.272283976442,73.93843342652417
424.15153186707175,341.5573169224524,31.943975233953097,73.55393753114083
425.0,337.0,30.0,83.0
422.90535501093905,343.0333192866092,33.403532757607195,78.16484472908633
424.33495966231567,345.55566902448845,32.62916488496694,77.75950038139854
425.5651723276992,347.662177917373,32.003236985356125,75.35503665273757
425.05381053796003,345.90807149898194,32.683904249385876,75.57171285296533
426.21360854653153,347.99423859837407,32.20200562118521,76.1193790680627
426.56026232356186,349.496302465388,32.51528845818132,75.48628045339865
429.0,342.0,30.0,83.0
428.6847227630164,348.4283501052023,31.719839628265902,80.00821874861344
428.9931495764947,352.0233130351834,32.39719316830292,76.57491853367765
428.12702367298664,349.1887785327543,33.953488031386314,77.69679484961978
428.85924843471327,350.8439529970062,33.86137711070813,79.29444159572569
428.49140167177575,349.24292792602887,34.45737924477726,78.03725235022489
428.6021926209527,351.0025390500168,34.88316927596475,78.92526992484119
432.0,346.0,30.0,79.0
431.4286204346306,350.4750352560608,32.513233005733355,81.07914680741118
432.4430532895349,352.200343605713,31.318514425427566,80.35378040613432
432.56302169999753,354.52758932702545,31.38596025350239,73.67038121894132
432.74617424851976,353.83860913656713,32.416867272344234,77.39200139980852
433.44179356101495,355.7140612650319,31.25042821950433,71.79044917697365
433.2868868988655,355.3716298236541,32.91377753201465,74.671917499747
433.0,349.0,31.0,89.0
432.94231701247224,358.94040561144266,32.608057855087964,80.33883516758715
433.1050500708935,356.6679322819964,32.35006745728947,77.27456293822001
433.7186354699461,358.3925064637333,32.93231250607687,81.01503018808216
434.14923163185136,361.58409178960665,33.00107518483196,80.12618909843468
435.03212325167806,359.90518403923306,31.386302603241347,78.05836787216231
435.2065727470433,362.22424580407096,32.8475604441208,79.61474615745828
438.0,356.0,28.0,84.0
436.9407934635588,363.277440804952,31.89061293105027,79.20182572915155
437.795939061216,365.1518057658059,30.888179169912632,78.2802853444473
437.51223948697464,363.892273301313,31.755534767803397,75.96152185854976
438.2998152515313,365.4578327976201,30.745261016083305,78.17692042223962
438.4007052916795,367.8157082627815,32.14554316151384,76.15742562567107
438.9225584214446,365.8319286060707,31.384507342451798,75.86346522399225
442.0,361.0,29.0,80.0
441.7202331033259,366.738181431159,31.329497625520162,77.71824650017686
443.2505445976676,368.77736517118547,29.977910964098555,76.20998373400181
444.0698231064348,367.71965541914096,29.17627162321196,74.90498738440465
444.843244832824,369.6023793209192,29.37713419945794,74.71152503701774
445.4236997486877,368.64550289147536,30.014608992607464,72.40509062543066
446.27049210732594,370.60308695774495,31.32569675396485,72.695728864805
448.0,365.0,28.0,77.0
447.7462135116593,370.81907796035466,30.609590527696184,74.5530808663089
448.77643759127716,372.9656623241026,30.65524534973406,72.01736616069684
449.3280103897431,373.0535430918917,31.214859050467794,69.93895097709355
450.57120076559386,373.76634848865547,31.3115638075858,71.44181359047366
450.7746319850858,373.2202241922165,32.205856741191155,69.8421605738987
454.6889107635975,375.0521933341445,30.932754028552154,71.51728301392001
454.0,368.0,29.0,75.0
454.91910338748244,372.458124199914,30.210579004751708,73.73626763081745
455.64170821167954,374.12359044785217,31.797930501111296,72.88234368002088
457.0135696707905,375.229902725172,31.780008195777327,73.07270875354925
457.64828635954666,373.0578807216408,31.99970397917184,72.81434088921617
459.24982931120087,373.84384830442036,31.65088242655247,74.55576792892629
459.23047662845033,375.0609564865242,33.20216557182687,68.73504213667184
467.0,370.0,29.0,82.0
467.368605284249,376.9691258755163,31.203160792317306,75.52507821392868
467.8797597052712,376.84814236662385,31.750015550739136,69.68759053749721
469.5749565719532,377.3010255303758,30.723746456867445,72.81458384232917
470.2141216679347,377.8654903927818,31.877968664399532,67.47842691365804
471.32906523621637,377.3198119173485,32.045404609262505,72.04608595005311
472.0501113477155,377.44435810955906,32.29788695635705,66.74620585887544
476.0,375.0,30.0,70.0
477.1831513060378,379.68901551282215,29.78437489591812,70.12477009623444
478.0970514455937,379.4537007880326,29.84828725216005,68.9642971605117
480.3592197254709,382.708116546743,31.39530268504359,70.39913223534086
481.49229594951504,382.86958693988436,31.46090808570915,64.76074924027068
483.3211509532887,381.71704622813354,30.332862882542486,70.98385588626542
484.34992555374424,382.14164619941585,30.77018001702595,66.02965537908312
481.0,377.0,30.0,55.0
481.7895498479219,378.680052601454,31.106300584436326,61.31948205140816
482.7252936549778,378.98142532865455,31.29334441933611,64.32542099628478
483.81415707647994,376.34168693128595,31.36388416174617,62.453974076984196
484.54364747692074,377.6812174661249,32.391508272245176,64.04655887744951
489.2728277711093,380.8384107125744,29.833136231975118,66.00153853535289
488.61146832672165,377.3411068144702,31.51481396527305,64.6012352236811
488.0,380.0,32.0,42.0
489.8053915014797,376.0030302099033,31.75160445898871,61.61389300185715
490.07618606652443,377.4943458138949,32.608725742662386,64.42410698937033
494.5126090966098,374.5895313639749,31.781548688643966,63.902825823156775
494.86737673314735,375.92779421134264,31.559953303851557,67.97329453591772
495.1638007386213,372.4666753991902,32.33004341278212,69.09733296671186
495.7774603571073,376.20877699759035,32.25965589299199,70.21068363228437
507.0,385.0,22.0,40.0
501.84489468709216,379.6520509788619,28.601595039299355,63.46810656468665
501.68684369462085,383.3491621448411,29.16387346302031,63.85072080356531
501.8029095239612,381.6180530956342,29.17898717362442,59.289357455003255
495.276856364962,383.2627641053107,28.737154926488984,61.431773692895376
496.54832716535225,381.8008062115939,27.629397082256105,58.30987373208768
489.4609750931518,383.3782466395346,28.341824725325978,59.27278634414506
491.0,404.0,21.0,49.0
483.38661249892357,403.00196908397606,26.261523198388204,56.764330224626406
478.1174147299098,406.2407848932294,30.042189093528577,55.92792036683704
471.699181976723,398.3695693864945,29.558278871651055,60.640089117412515
465.1137527506339,406.46401807948314,28.83519172851777,63.17930099607838
476.7915516154673,406.18211594504305,28.863658864466117,60.76496030261836
488.1189336019429,399.5100789398049,28.744719777237265,58.21988699327551
448.0,402.0,23.0,44.0
440.1819862630283,398.9004791759644,28.320347942200783,57.41058222612571
430.5384978960259,399.56134694554294,27.320499191094427,57.57259805301908
420.24726940046213,404.71708665154586,28.399437083533712,60.97654696540792
410.5257594285878,406.0243897632201,28.53769277440813,60.49218404949744
407.33423425231115,399.0239530072063,27.95150366823094,63.26086055382052
396.86418854118244,398.49092125521565,28.891146517377592,63.27856973192229
436.0,383.0,30.0,41.0
427.6913931859075,378.07338449648023,29.37668188405496,56.006334751820305
420.55370386033246,379.7150585596062,29.211919631704518,55.75953215081893
411.80973734701365,380.5064023222583,27.667639013441203,55.39992188924248
405.39763181814413,383.00827906721315,28.12278694059222,54.40910365937452
398.45012028073506,383.9314553729403,28.195411854411077,55.958769666431806
392.7238324730697,379.0016674932526,27.383611005463536,55.3440356182341
436.0,385.0,32.0,44.0
437.098642269732,382.9118289258904,26.378380759408344,55.01287346465028
434.0311764681901,378.2678986234401,26.59164187187423,56.681640417967856
426.8935164350132,381.5206017313234,28.237324341609565,53.486185001953345
428.24762411596134,384.3311511339061,25.946680502941035,54.06328941015187
425.13725663000395,380.3953634936843,26.807839913746022,54.374864275792106
421.80459728537,383.39774966378934,27.923224005978284,53.19276894865618
432.0,379.0,29.0,47.0
431.65114685463595,378.036169715425,27.160267489025955,55.67274304043656
431.6138500802339,379.61492777672913,27.72219694159196,56.12471189709197
431.6021094047933,378.0118270013454,27.771955392706218,52.33921006457513
431.7091538121656,378.647087546753,27.57416856818719,55.38849011631396
431.59444334680586,376.294472654605,27.81373218490137,52.95182148378217
431.67851488477527,377.65675238362815,27.580634663851527,54.874001334575496
420.0,380.0,34.0,48.0
425.45076896883296,380.38931098147987,26.424514900218014,55.91793717408035
425.9671474403397,378.19221219295673,25.916161930135047,54.44975537949426
426.08456430210435,379.7963781926019,25.81437430371807,56.29180222456671
422.6661616983334,377.1708221333379,27.30582860012038,53.83547911636782
423.4225350758794,379.1007158138226,27.00096729325503,55.386374692081404
424.03301126289614,376.7099729390481,26.832667740459783,54.51535383630329
411.0,380.0,36.0,51.0
417.47682906886394,381.7833537197239,26.841476896160543,55.952918121764014
418.36905752501184,379.92921264802214,26.174521386400954,54.64933415699551
412.62985937253893,379.2194839590569,25.852375191173905,56.190741673334855
412.77563331153056,380.952019850145,26.166119715589332,56.99400114690252
416.2630879760401,380.6880428155673,27.17233468514155,54.26249914439353
417.3921114118718,378.0982946351637,25.840366994686008,54.35797345539527
403.0,420.0,32.0,50.0
404.2775147152056,420.9089421640057,27.719624542300494,55.31454920497839
405.2247202097829,417.9128504025093,26.86780329061463,56.097442638465054
401.9392574122263,419.8979539959784,28.05443138106466,55.257667757221554
399.3900391658425,416.4678604592732,27.88951426148708,55.62571084009801
399.552778770234,420.46062065579196,27.59677162915125,53.95758802652648
396.53280856923175,416.53111063595395,27.983262570814986,55.3141552036725
409.0,431.0,26.0,56.0
408.37285816798016,431.79684264052867,25.600299474204746,57.97740793639923
405.9754475836771,432.2345661595848,26.098106245495387,58.25927161019263
403.05803058384595,431.8945977701969,27.000145569060123,59.840741405461586
403.2126986120471,431.89123281317006,27.173432511062856,54.53209272685331
414.3668246445032,460.865148463331,26.149681151796813,53.81017120368858
424.10188712132253,460.54673704078067,27.436630832673586,53.46242891247999
412.0,434.0,29.0,56.0
412.01560957945014,435.0067240214032,26.322473936032964,57.49110012941662
409.36360951870336,434.68899331201624,27.553906610797753,57.282837010475305
406.8229501645749,435.7360460708194,28.125405296115332,56.772599364170446
406.66421757900025,435.6709586633224,27.752531366092057,58.23281114913698
404.43091986437594,434.89993395966667,27.964468406837227,56.08132113008469
402.27004248475873,434.5130603824457,28.056665710348284,57.50296219954271
421.0,487.0,27.0,41.0
420.05428614660923,483.225179181351,27.07444592999127,54.22577634847448
420.36520803994614,483.76422094783084,27.249784677246794,56.41575106068558
417.9411025126951,480.04633845677256,26.661619174594932,56.120641263712514
417.72178653743777,481.56891136514764,26.659841961574784,55.872036643442016
417.89936309943073,478.5955688861533,26.42954591361172,57.21471551840125
414.8407757959716,480.79843812936934,26.587981174558934,54.41576684504679
429.0,448.0,32.0,57.0
430.603197224122,451.4683552216791,28.056871371282682,55.83521041378043
433.62639135382256,448.8059110351646,28.13757603548106,57.95098263694695
434.2298718824344,444.74587030648297,27.634318292691944,59.79894030481205
446.43690791315726,429.24721946176044,25.468595391115798,59.324578694407194
456.214835511051,414.25666952125584,27.01799571442774,58.21360478351494
466.9254068306865,399.8702680435441,26.44403613133619,56.95868391441445
438.0,426.0,33.0,82.0
440.2139016816733,432.4060837785788,27.442779328570623,63.0118713172385
443.1526313552313,436.1858102763331,28.226690262990815,64.22359176096779
443.0472385420163,431.2626399724222,28.796304271313716,65.14872229558569
443.57826038086864,429.9318730532877,28.99999045650361,61.71167739287904
444.0808462999722,430.1190558956673,29.568773296270024,65.31122798256115
446.8979932428074,428.8793016678464,30.17054642183922,64.57431683876251
446.0,423.0,31.0,84.0
448.38650431688416,435.564281315043,30.564617511275003,67.54094484689404
448.26282108022656,430.17671078386593,30.797259840334675,70.50631495683069
448.9878313867103,433.5431659294122,31.204396135877516,68.24774470417901
450.0996089918829,427.81001800005095,30.924449835195503,71.25246151814213
450.2623451745082,431.2323439347733,31.742365209358866,68.90205339632223
453.5704202782265,426.7429390227571,31.567147430736554,71.64564907351314
444.0,417.0,47.0,86.0
453.6326890517338,427.67068257103483,32.64982825381594,72.53521812054595
453.8047245095472,421.30210481700306,33.1911376473131,75.95102262147702
454.0998953243328,424.0231220623955,33.300416583244214,76.79974883212435
453.9831077050942,418.06145806424183,34.519603629181574,78.53879269165748
450.4755474234955,420.19326766117206,33.36106810897559,77.8290799372129
454.6939090571062,414.5653975425744,33.934724222764544,81.24512401013374
460.0,409.0,30.0,86.0
458.84962805490545,416.3144685440179,33.99071396578893,80.45257069021528
458.6782013423944,413.17171360835266,33.76558975805716,80.0325992329141
457.3092088269593,415.12078792248894,36.51844452272542,80.44935469763595
458.3470707707898,410.6757476094316,36.144365445351696,81.70617101673713
458.02659487898245,412.81660450625895,37.75714880496707,81.69339967190035
460.785879734633,409.1606778537236,34.7256041605155,81.66530290129907
464.0,405.0,39.0,81.0
465.064948395868,407.7282161749803,38.17286446938641,82.59705867397486
466.11243088004625,407.9418868381921,38.01200498015152,78.75270333309197
466.38701239375496,407.7849839210867,39.14711991243439,80.75616018159053
467.4341580978037,406.1087862057864,38.61238463170457,78.95332298689925
468.6318960174642,404.7177824185309,38.504592466807026,78.03627337423
469.59495140218087,403.3691822130604,38.86469430316379,77.16751135493524
463.0,395.0,42.0,85.0
465.15361470457503,398.7482656394184,39.50131178232482,84.88058854436883
466.2700717447151,398.68158770478215,38.747209300448105,81.99087762089334
466.99889282263814,397.4987081444308,38.46322169361986,80.80565506477853
466.9841185600179,395.1701608190675,39.21158400468312,81.55073796916054
466.82584412805585,393.34033175731815,39.451140602004614,79.5129804727614
463.68857511122275,390.873541902381,38.9590993759395,85.13819160107403
475.0,385.0,30.0,86.0
474.25473378503443,388.2477978536908,34.27014480423941,86.866949733306
474.4739346402507,390.04989568927067,33.86663680414176,80.65190272056225
474.93137756868316,387.2860641638945,33.23063455800241,81.7080070650519
475.0993756944895,387.5635762699226,33.4308435005164,78.97668925057474
475.2217697453274,385.44082009411886,34.18736350745564,79.8526172395027
475.64540846502035,384.977104100788,34.957784220013366,78.10132796715152
479.0,377.0,36.0,89.0
480.6320336890529,383.05615605432126,36.436720507165376,84.71660666069693
482.44113588313337,379.60495586928164,36.82295522777679,84.45999923907334
483.85880208125536,381.5163972723385,35.70181572988656,84.6789085466553
487.65975537193935,374.9362852538818,35.2579128728421,89.17743034653085
488.20011407619336,373.9450455954411,35.8735410167219,85.49438065193499
492.91264950910727,372.7053672397358,34.6574289651312,84.71092955297468
493.0,364.0,32.0,87.0
493.6778752796331,368.5256116292512,34.046032031255436,85.24065886530389
493.6961383312014,367.10629274462735,36.3051874267976,82.217510113971
494.6111110948664,365.032450441558,36.349653821295306,80.5859929292476
495.13602901875925,365.13166808630103,37.40792666288985,84.36142737930993
496.00273404897143,362.84063615380353,38.29741197657654,81.95182253710288
496.94854897192727,361.9716924039799,38.6977621635192,78.26761353387838
504.0,353.0,36.0,85.0
504.5410764515732,356.6172493892559,37.58356774545109,84.6754685617334
506.1479074798658,357.1601660560227,37.78701939233156,79.7529665892207
507.4049365225603,355.55497635233496,38.089724129882825,79.8925108065223
508.6215232730922,354.03916652379394,38.507236614413614,79.97423980906046
510.08013679755936,352.59756642618504,38.491169822419124,79.59559337509654
511.0754608804788,352.04649614690265,38.7403846056028,82.58278543462552
514.0,346.0,34.0,86.0
515.4172573025779,349.69139538764307,34.390689837615014,86.17214662437914
516.2313535964995,348.03819410819807,35.690056229852644,84.52739420140284
517.6044580616817,348.2001387798297,35.73364085392723,81.71211644387085
518.9217146714209,347.1954983172302,35.79052614681473,81.03555599959407
523.7113294461805,347.0867950423117,33.929688772958,80.47304330037059
523.3206295597375,343.886460408587,33.98213330007991,80.54077324364812
527.0,336.0,31.0,83.0
527.3591756180899,339.7013737608354,33.00695818109716,82.79480337277477
528.1583927361353,340.3473671256511,32.19823347674537,77.8249272828084
528.4624325255986,340.1111983249484,34.13990697053123,74.0231191541211
529.6905215461338,338.75929131714474,33.764299257711855,72.07003916133363
531.0078349549294,337.44002645442606,32.77201127016997,78.05389583880287
531.5177923677325,338.4301339888757,33.20927806425743,71.6134076446408
534.0,332.0,30.0,86.0
534.303633739336,338.64071929147394,31.93324072774658,82.0904581153045
535.0216191618056,336.95689615544626,31.32248732259268,78.03124198378299
535.1778233862501,338.0273854541299,31.357404079004937,82.24201255274033
535.9117567086905,334.9532563018761,31.526806730360477,79.11114427128223
536.5924539198254,333.9701585578093,31.950733514929652,76.48754564419858
537.6084410255153,334.66251615652664,31.389759212999707,81.61339140655173
539.0,325.0,30.0,87.0
539.2150126364136,333.01478377826015,32.11321119051672,79.33477771133045
538.8925310402265,329.3994783594119,32.59201110026879,79.42216376907777
539.6120322665965,332.38643196716,31.972917269108166,76.79555820320923
540.0037652150206,327.9845681367824,32.06944136648417,78.04438891426298
540.4891467311597,330.19988784505483,31.82171101447875,77.42921894628853
540.4664088730739,327.03012557601335,32.50147472808237,76.62009267561064
543.0,320.0,30.0,82.0
542.8783372668079,325.985149048135,31.924586662775027,77.92189465954755
542.9520745039013,324.68144894159747,31.564818226540865,76.16994130031941
543.1179639433377,326.2629533124748,31.53451467176103,76.1412292947532
543.1747436780112,324.1959266605677,32.325681693566935,75.15626883977734
543.5743278656118,325.65419979721423,31.9994438184076,75.59064231681418
543.9026871169392,323.5941866009705,32.44086650713302,74.24696540998639
546.0,319.0,30.0,86.0
546.0643680053699,326.11642038367245,31.465719223267115,81.25819700602733
546.0143102779984,324.1584187498827,31.628830163390376,78.31956889056642
546.0174687826024,325.9399385545312,32.170958669897686,80.45726975889875
546.5022326188837,322.58431818893575,32.731593610260006,79.7231017391008
547.3391196490429,325.13417385300636,31.972823865816054,77.24215873094136
547.6270441432413,321.13466758272193,32.02008224352119,78.6323745642178
548.0,314.0,30.0,82.0
545.9344912943161,318.7639299992884,32.51263741703383,78.73567934011135
547.0736489049086,321.60671362971334,31.954837842959023,76.02202597196663
547.8083657214811,317.34479852740606,31.592790688057903,78.11934745497547
548.1452196836251,320.06846149684816,30.92294130899154,75.68382073716202
548.1711299418016,317.52261027863346,30.95703834204187,74.76305574189087
548.2775005162976,318.30815215060284,30.89290592859288,70.23314258860955
549.0,312.0,29.0,82.0
546.4997712256586,318.37610732028566,32.156852798773116,74.55673864963956
547.5626140499389,317.73787848568736,31.228568760439884,71.66703330011615
548.0236283542472,318.5733669332518,30.659899821297586,73.76827590539654
547.7331377500041,316.8870434029899,31.76075454502825,72.25028328407836
548.2157344104389,318.31877807157457,30.715062461479647,72.95174386294605
547.6838490800392,315.975292984129,31.906779599839865,72.2775777267762
549.0,309.0,28.0,84.0
545.2912524478666,316.3633414890662,32.395841931967766,75.67237653417487
546.0225632052609,314.39747782914577,32.20684935494444,73.22109304738848
547.0925437478359,315.86236070245116,31.15110818779749,75.01717705366514
546.459855333248,312.71618111204225,32.685443796423215,74.62530014159108
546.6524440917052,314.48554642345516,32.45319011726167,74.97091072400326
546.509503864881,311.89062524716826,32.975997630427855,73.29075792046399
549.0,306.0,30.0,78.0
548.6491914484525,310.4035391319503,31.351672598391133,76.61770694473654
548.3564954463247,312.64172609950765,30.804127884552827,74.27190218667602
547.6638664755609,310.6842059225942,31.33741584580605,73.42767593919348
547.5964807322474,311.5423851627593,31.436601322751926,73.80574640108875
547.2601572255868,310.05370101273706,31.586236968446542,71.75450737495453
547.2811976803887,311.1155257317298,31.008052123134803,73.25219485392165
547.0,304.0,29.0,83.0
545.0201017746958,311.1703678667218,31.32461213709371,75.5325657503488
545.5298010730219,313.14995147261425,30.643741917989246,75.85862859746828
545.6650055156365,310.10311094841836,30.383897303656795,75.20978898197791
545.4331023999799,311.96079253693097,30.4141374477839,76.51489779340318
545.3622657018105,309.61920706037245,30.803144382026062,74.59510600141584
545.270172272996,311.2437487119605,30.769610688843613,75.33526385232506
549.0,302.0,28.0,84.0
548.5327049878271,309.6209195661522,30.205487811769558,77.60058900474951
547.8068289852856,307.2270294326732,30.838123903484075,75.96211949529987
548.4373082383499,309.16093693009316,29.29635986948051,76.30289734073091
547.873804503772,306.20017821545326,30.11847271374279,75.8497952478478
548.2783454125465,308.7923345466147,29.078286502354786,75.04887350050637
547.7189336077827,305.76078179667945,30.334600789807155,74.71301349984549
546.0,299.0,29.0,82.0
544.1498501749263,305.012135121557,31.133897009715724,75.51591804504642
545.0604225362758,307.53926912783754,29.27167604869919,75.30784462076622
544.5842914899017,304.0947602747656,30.322020716793986,74.85913883805551
544.9012418434977,307.114236936868,29.53417442913633,72.5295821511171
544.1499889142115,303.7095089384036,30.983542726430642,72.20611872116774
544.430301442457,305.65871718786366,30.07699469611339,72.49732307529484
544.0,298.0,30.0,86.0
542.4788639528124,307.2025114163898,31.576525797991053,75.24029618468865
542.2591198247187,304.19161250643435,32.905635341077414,74.14260681928397
542.8628470170491,305.8680137012375,31.06842941840557,76.95602186628389
541.8902900684823,302.353877522071,32.80079029498029,75.90276016254336
542.0361828736318,304.42611483871724,32.06375827495094,77.1369552366437
541.1092176414811,301.3482077835397,33.831409088669034,76.30230462622058
543.0,295.0,29.0,84.0
540.256805350956,301.4496586701173,32.28486150708045,76.48726122060015
541.121074524628,303.1466413245257,31.166911237476597,76.27734458954569
540.7846557586232,299.993287956056,31.927433650345733,76.11603360680743
541.0810215247818,301.46582309103724,30.916715138846712,78.005332882527
540.5370480803927,299.19746806057225,32.09945970384024,75.65760612328569
540.848313702023,300.66727524204,30.84920423883159,78.87086333584443
543.0,292.0,30.0,81.0
542.5118140362936,298.8505149499538,31.57797171967718,75.45618393453208
541.9396786522284,297.2856969867181,31.724416737324646,74.58817206325477
542.4394881416431,298.83310515724406,30.605807117279937,74.52041207876766
541.981629517726,297.1987459828924,31.7362118136017,73.63960946486105
542.3415670791883,298.6944773722887,31.05890546449018,73.79602406726633
542.2959976006346,296.6454994835886,31.725456503839723,73.40135935237203
544.0,291.0,28.0,86.0
540.8385145520768,297.67602288049693,32.003355737494644,79.7635152469428
541.8343110439014,296.73676410210464,32.03315825257937,75.9638032356579
542.9036798091215,298.36178899569313,30.547538513066684,77.10799719838292
542.6524470692943,295.7118920879968,31.528418547305137,76.58007854243937
543.0723247400454,298.0595758204671,30.726770684790836,75.44020155653254
542.7404906840006,295.29258938101793,32.10794216226486,75.49848802226802
544.0,288.0,29.0,78.0
541.551195332092,292.14247877619925,32.17073819772236,75.34444501697442
542.8592391889222,293.81028703377797,30.905742725116852,74.64567587790543
543.2729724006583,292.51993548248095,30.221897189875335,73.49805723560166
543.553817636554,294.15517153920064,29.725184280247504,73.36416312003223
543.0617177048342,292.4527950804338,31.082645595653844,72.25937333485672
543.42776669262,293.77187398233673,30.05433216630854,73.01051424723119
543.0,288.0,30.0,84.0
541.0074300650967,295.5630273768961,32.384456641522775,75.92571875430156
542.192333644296,297.6830526072372,30.638982220293656,76.98468608049916
541.720721218134,293.2768414883383,31.71271750244182,76.85153916345962
542.1284908871733,295.6189227867176,30.43209608780512,78.44835779018547
540.7384524829623,293.3407175724998,32.87035874528408,75.85896298278783
541.1531833474573,295.02181921150213,31.591258145097527,77.48262868755876
542.0,287.0,30.0,84.0
539.3413197103187,293.2535684183607,33.68722771627199,77.51800437711552
540.6450692956803,294.73449691520545,32.19769729632981,77.76309735311918
540.1534692817827,292.06232502589796,32.7197291513894,77.39500252081871
540.314257119301,293.5091273053231,31.733720277986436,78.09647899706681
539.512128572634,291.97384659579234,33.377234976723685,75.64308864376699
540.1050347959545,292.7026286653222,31.50144437275503,80.3889992591512
540.0,285.0,30.0,80.0
537.542653573817,289.3709034922233,32.87217455943721,76.13989312675301
538.4562756852674,290.9663839685745,32.42433729419008,75.89008147077811
538.4929227194482,292.4000399445056,31.484735340343605,75.46699354667516
538.3189658613868,291.5284763321238,32.39324155115639,72.9849011465609
538.5803704249977,292.39715800961744,31.303794274949496,74.75019357328222
538.446371843233,291.7049037471172,32.559122476666744,72.10943603648934
542.0,286.0,28.0,86.0
538.0206199281272,292.9426887114332,32.620999392430235,80.49882593385746
539.1191064497816,292.0805725000162,32.75056776132942,76.21093932658908
540.6207176455973,293.4162829004131,30.31507709451762,79.3776575485299
540.4667954609631,291.70529803722104,31.751663779059527,77.06554736150508
540.8118039773722,294.16327330039076,31.00566884759246,76.15930526738703
540.3656616247079,291.237291893058,32.55908829849545,76.77974179795888
542.0,285.0,29.0,79.0
538.9012708855478,289.5473850675528,32.81910676152336,76.05158685811898
540.7152203507057,291.16968195015943,31.303749771824414,76.22611117221822
541.0664832667628,290.2584897373745,30.858821162712957,74.31319593414742
541.4020099978643,291.33872765339106,30.09220584027389,75.82423502030389
540.7013325389034,290.43402046612664,31.587022490758955,73.36540903226955
541.0202750617065,291.9714693171461,30.667520182478825,73.80815143352459
540.0,286.0,29.0,83.0
537.9019677330309,293.1113561473476,31.52810357035571,75.93130243835049
539.0532377589116,295.50004250857717,29.572317701567954,76.50495908384539
538.6934165072691,292.70598639250824,30.948903174259385,75.03435501211419
538.8120293083133,294.6832078847169,30.304021716895818,76.07858753328105
537.7368389163894,293.00947434061663,32.38308662221243,73.42248465884904
538.1787228297098,294.45118857306227,30.777583268945364,77.01526278458346
538.0,288.0,30.0,84.0
536.2570126886412,294.5545736277579,32.22748912923316,76.85111592100469
536.8004236245904,296.3381513888089,31.529680036390573,76.4776713324431
536.0391855833475,294.516619896095,32.684762113957504,75.11027933131174
536.2271601465798,295.6038497266659,31.87471283234754,76.41740914455886
535.4649249441634,294.5764052155937,32.89715090416257,74.38895517680066
535.5717941159379,295.4744076742368,32.093997893083156,76.30307668932988
535.0,287.0,32.0,80.0
534.796034481674,291.4980190132278,32.443985738015044,79.10220901964635
534.4258857368188,294.3368502127121,32.04322960796958,75.40362053483068
533.6359483944857,294.29780940594173,33.722757090459254,72.26124975254606
533.8927248554137,294.1786112110294,32.270012414539906,75.26203128353256
533.5150528892732,295.1964097411727,33.24960699308576,69.9287240634149
533.6224245182068,294.4836328240949,32.77615718694642,74.57641502211277
534.0,289.0,30.0,85.0
531.9385638346403,296.45919863424206,32.02782757739806,78.0104463020507
532.3677865600116,296.0643988098941,32.88565725242438,74.09772785767882
533.0423982052174,296.6476997867028,30.952587256471475,78.40700413623125
532.8555381732457,295.95631332338394,31.83757516355456,75.02857122930266
532.778445668127,297.67200170091814,31.58456573173271,75.0516441049241
532.829759883548,295.3493507248942,32.058884946064495,74.91512047149911
535.0,290.0,29.0,79.0
532.8765224826288,294.309141586643,31.812133546119185,76.17217751744244
534.4191547707801,295.95004603450525,29.98512797835474,76.24324226211627
534.285696752454,294.9438269123544,31.152054147376248,74.32243294505184
533.7173699313875,296.0859551745825,32.12271551635524,75.38807812865974
533.6745805197638,295.698462482153,32.66141948951986,73.0827555508099
533.3709106609715,296.48904255778166,32.794261358875474,74.06486953051433
532.0,289.0,31.0,84.0
530.9089999486375,295.6501724278205,32.16230149721241,78.10195342008001
531.2109965742882,297.969350850949,31.34943877169485,78.62695180212859
531.6274856752775,295.6496976361922,31.48895239938861,76.70065763509638
531.3038827774628,297.2753502609339,31.141416783819977,79.32588106931371
530.9317183161183,296.09506828935326,32.13614513813127,76.07005936342631
530.8694565309376,297.0867115127003,31.51764361049743,79.7239170897177
531.0,289.0,30.0,84.0
529.5057504297247,295.396148770727,31.959877343637118,77.62910039479237
530.298826911956,296.9449909104733,30.857416720557467,76.5454410934035
529.6486504852182,295.9239297603799,32.03516475459037,74.91233720867604
529.9053513722866,296.27586670540404,31.186321162740455,77.04792154088409
529.3591045419735,296.1496503246814,32.22972348303824,73.17344928030923
529.7785925743248,296.7734279434155,31.32873228206529,76.61148368374472
531.0,287.0,31.0,81.0
530.4073499051194,291.72169828720234,32.75697732229696,79.65661597648193
530.9638525067148,294.4871755443262,31.12244423971788,76.14963528395731
530.817529959787,294.17805966229844,32.41673231248569,73.44241406969297
531.2994555588803,294.66238120311755,30.956076788123937,75.78297063082618
531.6508696964293,296.2529321339207,31.392866987844627,75.64329851889966
531.8017085114863,294.6671255928311,31.334662506247128,73.76025094625311
533.0,287.0,31.0,87.0
533.1037651188726,295.5083409872941,32.18012977040598,78.57780330253831
532.7451337948361,294.5921553873827,33.05368571489919,75.48562305066525
533.5982550729757,295.984274899154,32.19065822858602,78.35052663186741
532.9739466760134,293.76545792687546,33.71849523920696,77.89311025838572
534.060751944957,296.3142503615818,32.718516540877545,75.96291570650055
532.8466108731227,293.86148936811776,35.00075058396328,74.79471377339735
534.0,285.0,32.0,80.0
533.8925165535693,289.7476165326568,33.64304552366593,78.44505014909038
534.4709902871361,291.4722477049065,32.6012493336234,77.44424613171452
534.455363149327,290.2644614625883,33.76460898257278,76.18585418048906
534.9683771794704,291.6025986866316,33.026442659721056,76.60935218838222
535.4506501170317,292.55244433256235,32.275664273011444,78.79683688905595
535.124917695804,291.7302291507359,33.82183663178989,74.08388191675215
536.0,284.0,31.0,81.0
535.8246742060005,289.2230889472412,33.17795311198415,78.16170230713453
536.2645047138249,290.6108563760338,31.886174485644005,77.4995450642013
536.567428772503,291.70774296351647,31.77373954882046,77.24570753854164
536.8848422842384,290.5613776015555,32.0606629211361,75.25023177203366
537.3777950620956,291.5981036966368,31.45759191037405,76.66767643590902
537.2620091138476,290.3375618418968,32.2461608001488,74.60762011077941
538.0,284.0,31.0,83.0
537.814379908185,290.31089434135333,33.198846741547186,78.52756378008678
538.5056037163595,289.8910256228281,32.49026016390417,75.47571393757755
537.8998682619758,290.3223105443867,33.50191270586856,77.76581456603822
538.1263377495268,289.6706608187036,33.64732940812087,74.11194320382356
538.1931551624443,290.27363450868813,33.94472477129739,77.25845417791521
538.297568131139,291.148792375272,33.82924335328596,78.61326658148164
544.0,283.0,28.0,77.0
543.8574619800902,288.16648138417236,30.67614466184932,75.88845056142094
544.0264150783382,288.8399100135366,30.45224588560177,76.40295311490956
544.000663792237,289.97607105927864,30.899906416043223,76.14348884222863
543.7368742576668,291.5066746956072,32.09057543240306,75.25186718443479
544.5957788692122,288.69365794570626,31.734092721918387,74.36016996095327
544.6478723356422,290.35226069458804,32.3342828200291,75.7123179375767
548.0,282.0,27.0,82.0
547.3465706381598,287.56885132590924,31.292553979828426,80.06271160973597
547.5592932289914,291.1515290693718,30.523701982746957,76.28611502166609
548.1199916204869,287.18654667694113,30.08138352925721,78.0261110085005
548.2388283605246,290.6913368188941,30.32393597068858,75.74726885034323
548.548841538937,288.02363036569477,30.937230955727955,74.9035520763141
548.9773476434848,290.9469927684079,30.88100512033725,74.21664597706808
553.0,280.0,27.0,76.0
553.0542031699639,284.46534333371346,30.199022659929483,75.37629067845512
553.2638943982136,287.5809950920084,30.411656734196413,72.57164006662288
553.5978323583042,283.6664437695853,30.19235607027872,73.17986054477234
554.1870610368287,286.02689673009763,29.98714935449516,73.77216062534615
554.4731972558066,282.8857917923268,30.158646792456693,73.20403604284706
554.9300713825949,285.31585300607776,30.386200777289446,74.25063463110075
558.0,278.0,26.0,83.0
557.2197828267672,287.19860581455373,31.736030356158153,75.31902038703936
557.3696865221689,290.96875808909033,31.48412859620612,73.59400433952374
557.5785026677106,284.7495336126832,31.105290952482164,75.76121352969989
557.9462027168004,288.1718766163832,31.029171613684184,76.8068025776148
558.3922414452138,284.2611482946895,30.69146977233413,74.97705631901465
558.7167442880434,287.6000489880356,30.692575936761614,76.9485289299804
560.0,278.0,27.0,85.0
559.4783104480625,287.7600519123786,31.599809962496238,77.17104295965498
559.5397305893946,284.45764221444733,31.3167781927757,76.38098427478326
559.5612346707239,287.614403073517,31.561540384263935,75.7103680173417
559.4158228737875,283.50831114647684,32.100625531537844,76.35503818615467
559.5161880348203,286.97365134621043,32.11476314433776,74.10566808334102
559.8553988245196,289.2752160294508,32.07998338417951,75.64789389881912
564.0,277.0,26.0,76.0
562.8389757908453,282.0997817225523,31.326327420770212,74.6660341439349
563.0514709201807,283.61145675077705,30.54378103079307,75.11881544406776
562.8062744257727,283.33958614314906,30.394853234200582,71.37686356567428
563.4572477857425,284.8961526149335,29.287712966313165,73.84005658100779
563.6167101548344,287.64995277558273,29.361489390940505,72.82282385437315
563.42076642867,285.2523969024584,29.768397933394226,71.27262239885124
567.0,282.0,26.0,73.0
566.1634159036296,287.122635006751,30.296771119635878,72.45975761671883
566.3583625531143,288.9682997410871,29.51375124220874,71.97306169990952
566.0869563513636,291.1718934718283,29.63356841975633,70.41443237748808
566.258799834286,289.9153777456527,29.48873925980115,67.66617983540704
566.2265178532798,292.1648318304183,29.18952837498614,70.29878864843567
566.2166033566411,294.1171035856851,28.834333588307572,70.97337003776505
571.0,286.0,25.0,64.0
570.2030202073587,291.46160789108717,29.109981077108046,63.75532143558712
570.574281478,292.2965724840341,27.94115524818801,65.55018686750134
570.6309541494779,292.9967965194227,27.537549080210283,65.33983785776991
570.7447774827556,294.3625054897004,27.05890627123381,64.404015487479
570.7961500265997,295.82190318719495,26.652046505925227,64.07042759640171
570.8246186372456,297.3578271492445,26.38700631904078,63.7435632139734
574.0,283.0,22.0,67.0
570.7024334771334,287.1539288492495,26.726248850257548,65.80876253590122
572.1602419212795,289.2795944037431,24.950328429779347,65.97364123344869
572.5855836276162,292.5070171203897,25.26513683650751,63.66700357069408
572.8634169687739,294.41344441370984,25.398349047091415,63.20468725284104
572.901382606331,296.32820165642624,25.862475466346268,62.217997708542555
572.9311047446199,298.27633115392155,26.5369037034111,60.84620348528097
574.0,274.0,25.0,60.0
572.8961106247218,277.4371482646949,26.728835675012874,60.26160973146557
573.3572645377385,278.3614329304762,26.287782291266467,62.862092755888966
573.1266607802088,279.7769559408516,26.424144911080703,62.742636507972975
572.9097797733056,281.15679388019066,26.50353867367437,61.62413235511394
573.0968253777448,282.2944523561687,26.29538844306876,62.54625768948762
573.1609984683785,283.83960360468814,26.155615730602676,61.14202026767191
579.0,271.0,23.0,55.0
577.3264903030813,273.65334763035025,25.623173429858753,56.009480498041285
578.9054682386372,274.2304558939619,24.366881061467666,57.362091921379374
579.6813344259715,274.48862729284974,23.58837932410438,59.48452080881168
580.1239351492768,275.2289213073964,24.307888476767403,54.74996688544161
580.2401806474606,274.57823479094804,24.753719747070363,61.72985486831203
581.4210214317309,274.07337320901706,24.743924719001825,56.87904552552567
583.0,271.0,27.0,48.0
583.7081248691211,272.08678024785723,26.369141976907713,51.60976636295226
584.1946665656058,273.13193924275583,26.462855982425708,52.66186158911296
584.7810854665775,272.45640716960725,26.122553184250137,55.03247752134939
585.3864108537571,272.9483988868483,25.787756377946266,55.17081354663071
587.7762303541167,273.0691316793648,26.526157773841078,51.64664845924318
588.2879521521803,271.05864116458133,26.501591798995037,53.05300757873442
590.0,268.0,25.0,57.0
590.2671092804494,269.9726801077293,25.12645190493845,58.57579243083478
591.2071486160128,271.17027223697505,25.265053636171842,53.796583861900956
591.2506368880051,269.9996577886857,25.417837985802407,62.048516808605996
592.3521034233211,269.8151281889167,24.890282664696088,56.959940507158706
593.1599110053867,270.17583203200184,25.09856646976675,52.23486545191719
593.9994335758926,268.55935938514244,24.729787711800327,60.56947818598144
595.0,267.0,24.0,55.0
594.8568579674563,269.2400060202403,24.976246417869675,56.47056069415936
595.5978788832733,269.9343690837578,24.641965380881174,57.72665399148178
596.2425137198406,270.59193663158294,24.381724261081217,53.081571774519034
597.1093152466772,269.5570640131716,24.157076735144756,51.70615868146945
597.6458855525829,268.6526599758047,23.87576128710964,57.89048484946659
598.2150396807024,268.0932193890758,24.097990337858164,53.198215574076585
600.0,266.0,23.0,62.0
600.3889877942362,269.78025722962275,23.883656857491246,53.10374431999787
600.6076251297702,269.61045000043487,23.743597006958908,58.01836628152705
600.8289219778098,268.0196857221024,24.253552385250714,54.41658196851506
601.248873141464,267.7824683319726,24.512029239468006,50.590364065369556
601.8460141226853,266.95078832629054,24.39009596820688,57.13157722569662
602.3463929116123,266.2758239095849,24.698142573512996,53.249326464529645
605.0,261.0,24.0,63.0
605.7224780249417,265.1065198450756,24.223479587865768,53.912084180295096
605.5650350668075,265.34367350256844,25.0367428374268,58.64174419464439
606.025691539129,264.71393910795723,25.15896324784069,55.543964941643935
606.502148036811,265.3066591405966,25.14697537222446,58.87925137692122
607.1222469225227,264.02983956834925,25.543008824801177,56.46941457447582
607.9527069618475,264.28321946880897,25.50729311703799,52.86056437404841
608.0,260.0,26.0,67.0
608.3848704300223,263.82097545639255,25.75557412875139,54.5192377046576
609.330819410894,264.2217856420741,26.314066989136336,59.62872952184125
610.356865268679,263.73466336366226,26.130358041575164,54.305632719020366
611.0565060499149,263.4638201237939,26.716361907365695,60.22916906728898
611.9041805460477,262.65120728372165,26.537308210281935,55.2249799360298
612.6838600443139,261.72533686631186,26.250331929211143,53.665029487287654
616.0,256.0,26.0,69.0
616.8622248955444,260.04446256786923,26.629158067513686,59.24724165901239
616.840279456045,261.1801011198045,27.25596851625437,61.62899628884054
616.9390369699499,259.03857046681674,27.875565188945302,60.43756907404418
617.5191025636054,260.3157070846937,28.094000156193943,61.949998029907874
617.9872851265102,258.54496010727047,28.27023038658581,60.7429806904824
618.8964176497877,259.7039860208056,27.980030613258577,61.446111548450176
619.0,253.0,27.0,75.0
618.2621123950075,262.2826545847478,28.705150609776865,62.7425091537624
618.7861159259451,257.97177310265255,28.84642350158265,64.8336676029001
619.6196602021935,259.8193323150748,28.166952577669804,66.25600653148376
620.0754458906845,257.1970199769421,28.62953120548218,65.49487631028887
620.8774466136884,258.99986105268,27.672450377706696,66.82032620809377
621.0694571526501,256.2543703361393,28.396760884859304,66.49573488087873
623.0,251.0,29.0,79.0
623.6641049560994,256.08121958743016,30.554033317095673,66.45003432150361
623.9778165857952,257.14609473946894,29.453995922852755,70.77636224515504
623.237806265206,254.73243124503685,31.432354156879228,69.31718639422795
623.8354100019205,257.11523696599943,30.34359236444834,69.8683675174965
623.4943303437619,253.69096927883567,32.06227792118875,70.58001447917644
624.1654138023644,255.933885283088,31.02840065002067,71.83151952845884
627.0,249.0,27.0,73.0
626.6720153688547,253.4596611379402,29.16757180484558,70.94316195441365
627.0580833925435,254.98281628185373,28.390147341673355,70.06382503124382
627.1867267292891,253.17249866026086,29.303980254679118,69.19927456650359
627.6819368888084,254.49036236553093,28.84549740408943,68.67463485813062
627.9322968661745,252.9136047318276,29.907570671273334,67.02877695382222
628.6263407585835,253.83497345743035,29.316511002571133,67.97588710177115
630.0,247.0,27.0,78.0
630.1273968648457,254.73206187088886,28.78939971865975,69.97586316911668
630.2443591197393,251.6406141930732,29.24079200209485,70.24318433274362
630.9895954923186,253.93761075734733,28.523459840223495,70.54807425960735
631.4741495682229,250.9352239406764,29.63489613088359,70.19312876128191
632.1773507596474,253.30667750715185,29.046552018079865,70.30561028948512
632.6172436319166,250.22628992133355,29.981134076701665,70.54630224168591
634.0,247.0,28.0,77.0
632.6994964505539,252.03609670742287,30.63986206588106,73.4183045041757
634.2289448096114,254.7329253413243,29.30365994188878,71.40445734165934
634.7446730634906,250.97423242373804,30.126171253525172,72.42279315618055
635.6127929263162,252.84182409420532,29.46898787892826,73.00790026400773
634.9820956917179,251.12896555815686,31.476796392984852,70.86739304567348
636.0299117702136,251.98051421394302,30.50556820828615,73.55736173171266
639.0,245.0,31.0,76.0
639.4151757174891,250.64134535708354,31.235186298660665,72.10582323365225
639.5858714613396,253.14669736099052,31.34408107132367,70.03997010278084
640.2129427241856,250.64045978170543,31.476169000124287,70.28447980311353
640.799046650186,252.0686957613206,30.84359472482106,71.68073640654825
641.1849885791316,250.52509329107363,31.37944733881659,70.0686243101535
641.9005770890724,251.90820490371073,30.24216962638434,72.0544357012194
640.0,245.0,30.0,79.0
639.007637692459,251.04133963897016,31.303865241512426,74.7498702187545
639.4312028894453,250.0961406497119,32.43938748531389,71.4566296723089
640.2415178716856,251.6590460276521,31.531689241280333,72.38078034970243
639.7723142055056,249.7072097423652,33.2973359064805,71.12417471770186
640.1069982297531,250.86016460499178,32.88107986409568,72.6525864311887
640.1619594495351,248.71562501498295,33.990225143579664,71.98749584198242
645.0,245.0,29.0,74.0
644.8973537208672,248.5910654846009,30.515795614538092,74.2495840429221
645.0509861166222,249.94244264983502,30.22600628088435,73.39921296417049
645.2992830112004,250.22834497278353,31.175609462577427,70.53041882392824
645.8173576741492,250.19264661880152,30.570201111451752,72.82262660940842
646.2905510134851,250.41524289166165,31.31922873490248,68.84606760065583
646.4777376154891,249.724440471673,31.11480511530658,74.60332012737854
647.0,245.0,29.0,78.0
646.6858168478543,249.4263141665068,31.179165670675957,77.17825324238731
647.156695381389,252.16123399209027,30.319144620707448,74.48378739000623
647.7838055132331,250.2843865807887,31.053793326803543,73.14149706049619
648.4056805251989,251.24129558251798,30.749665313112587,74.53153650875362
648.8122034614189,249.73241815130294,31.400370670274356,73.0250015971632
649.4507150718864,251.2059747968583,30.98688094489262,72.87513303904348
652.0,244.0,29.0,77.0
652.1662714028557,248.89904743320812,30.269919811869386,74.46070345060451
652.8027709790031,247.77238345681468,30.187908654284,72.73650683262639
653.4160035512541,249.1224936415017,29.77679497726058,73.87814383407004
653.3200714110512,247.6899200458559,30.845580713927802,72.32500462918728
653.9379090452348,248.73809653996398,30.444656412993936,74.06430337646373
654.2552851220618,247.78799147061196,31.095437213870014,70.9839033415669
655.0,242.0,31.0,76.0
655.5947843527283,247.04029941964836,31.36768376486998,72.80070586661446
655.1777999859478,248.61478306493524,31.783602728665073,72.11496318713142
655.5514692480856,246.74691015103463,32.04050277734689,70.98786633194152
655.7810688491991,247.46674803870826,31.786212089433775,73.3896669265435
655.9993820741022,248.6032739374259,32.23609101528541,67.87649896529228
656.4257751473577,247.665661129228,31.76869052989457,73.4431941777953
659.0,241.0,30.0,79.0
659.0060123546186,247.82298185367944,31.56870683979332,73.77604460586883
658.9926864214337,245.35370925086147,32.02457164044995,73.29519058716113
659.5960941820113,247.01184077024305,30.802299254530226,75.14199407333979
659.4753535516722,244.48971969953837,32.24948544953668,73.33170751404211
659.8437435153552,246.41265270516578,31.537110406599254,74.58128686484542
659.4310969256467,244.4700078038473,33.26816741405764,72.17936445044649
662.0,240.0,29.0,74.0
661.417154978817,243.3685706734911,31.601462021694715,74.67724348000871
661.7628805685199,244.76534514667458,30.58610586382929,73.6692996535071
661.9362925593597,244.86596027418864,31.506933533863958,70.96957102180568
662.1801547772927,244.88755704865434,31.02853403271206,72.85523422087249
662.4516910704697,244.4954828284342,32.07157093501087,69.78354432952642
662.4384730411027,244.08634589867347,32.220666476005135,74.43119117053936
664.0,239.0,29.0,77.0
661.9342702355441,242.25390922521115,31.502195089521365,76.38962872263244
661.9946981435866,244.57941542554215,30.452244304689316,74.928200063703
660.5423148092434,243.1635489228227,31.42520488312971,73.21836749902081
657.9005807742042,243.08883269876787,31.467645935880455,74.89834301669526
654.8790326355047,243.50233041664865,32.75475803009431,74.63300660504979
654.400722670819,242.07533233001618,31.761053850564167,73.64708963484838
651.0,238.0,30.0,77.0
645.4894428288649,240.05768369816587,31.697736636309855,75.33483989418175
642.5694628004494,240.95729585193567,31.013315050553047,75.32465323623256
638.9350965813383,241.3834458112549,30.83521222868785,74.6929171025684
634.5641748025589,240.48262805770605,31.27411137441095,71.2538914874005
630.5183998485755,239.12947566108232,30.389415305927173,76.82443548190855
622.0329982979392,239.22909634111102,32.79104466942124,76.41847104469167
621.0,234.0,30.0,77.0
614.5652599530476,236.49705524049887,32.17501377014128,75.51357750400064
610.8702624424475,237.25391283225417,30.631316472139815,75.43990360207238
605.751105710779,237.71849049698744,31.221050133780864,75.38001487746544
598.1324055355326,237.1604764648613,32.148539690083,75.63601450718727
594.3612825162807,237.4672424813175,31.09344681652192,77.19978649117479
589.6031576058568,238.60786780148578,32.404282762919934,68.18882406128722
585.0,234.0,30.0,79.0
578.4336888281564,237.66618841959416,32.71388082542887,76.77603828285532
574.3875922516355,238.55034253027395,31.451058161099695,76.61951463829257
570.069287243344,236.10047928482396,32.737801399606155,74.48503819696055
566.7221231426635,236.68703780925227,31.875101775144117,75.94023393010497
562.4713298466079,237.87706257403818,33.023040926407475,75.01351847775567
559.0130628450911,237.39382249227742,33.39616964230913,70.19361652276962
559.0,233.0,30.0,74.0
555.4342763075972,235.51073885024795,31.47617572536069,74.3689083385238
552.3442820662613,235.96091493787094,32.11308389649321,73.66320267819003
549.3884948878404,236.06733125623214,32.99613863404352,73.80825739954162
548.1224212975158,236.97350425436753,32.97275773317915,74.50001786547159
545.1113043399864,236.9370146858987,32.89061671849208,75.35584369773773
544.124758167057,237.0256937906156,33.14189715086172,71.55179264479216
543.0,232.0,30.0,76.0
540.835916633587,234.90085983185963,32.07522460145549,75.77942287845065
540.9143539121819,236.63534550967233,31.334197974349536,75.95220700688401
540.7502885392305,237.71019869070074,31.5314081138838,71.28127678595297
540.4552593739471,237.48093236253635,32.11710749367387,75.01346864405173
541.4121605866028,235.83815192954205,31.818059982255136,73.62870002444186
541.2687577383344,237.33510157888253,32.49115624442106,73.11700775541851
545.0,230.0,30.0,78.0
545.5135824684583,234.950683975841,31.056626995400848,75.73713603152908
546.2475212114559,233.65862545557846,31.19787619297165,74.27844373126626
546.791173169491,235.34572604620786,31.011084383382922,74.53791482063849
547.3114565632657,233.28069055537281,31.40040935959405,74.0825801861223
547.6480075729091,235.25285513849917,31.776112461741377,74.21072455374588
547.8036980174465,232.55628565012773,32.41489362229777,73.9998923390425
549.0,228.0,30.0,75.0
548.9211614285355,232.01720488785668,32.043982004006466,74.27373753039615
549.2846488278199,233.31334703528455,31.606077967139527,74.57700781494407
549.4494386584225,233.10410827116743,32.187007583059426,70.58292918262737
550.211493956291,232.73627529758005,31.82017297282391,75.43567675333139
550.4171697069479,233.50044600597204,32.054951405988845,69.52956471910221
551.4117174928051,232.7013094455748,31.18491040646404,76.01927664871795
553.0,227.0,29.0,79.0
552.4406551953123,232.42606046630317,31.9672243579505,76.46181173697664
552.4042762664164,231.29057058950644,32.3951475732033,73.78763102542308
553.2704655313263,233.13077149902074,31.16420863403357,75.8479458579393
553.4664909355904,231.55720922331736,31.912660826341835,72.5949609094038
553.5777390687674,231.35450578807655,32.51426289391361,69.65912730676979
554.0303668390268,231.44906917926562,32.22701042499489,73.62473905213324
556.0,225.0,29.0,74.0
555.6032412779746,228.24537250068573,31.54518965166335,74.84516752546381
555.9498901970369,229.8408118493719,30.794288726576724,73.57766333963139
555.5542491194092,230.41019260685613,32.38807090751652,69.59262093365453
555.9527920605624,229.51637039649177,32.66833052852735,74.92910446568612
556.4642555238859,230.63826648305962,32.90503184065233,69.66685551616558
556.8803365934571,229.5510922283006,33.047848620585,76.12111696303424
561.0,225.0,28.0,77.0
560.1655223268897,230.064853209438,31.276389109104684,75.69744404597515
560.4250549518717,231.9737096428994,30.772564807739627,74.81675489267269
561.1587233143041,230.16393229815333,31.112185051578876,73.6802087610684
561.4497181155942,231.5166624914525,31.573452484533505,74.79339068878556
562.4878337061596,229.80708286493052,31.27179248463483,73.52743847843283
562.8242719055604,231.60516742336682,31.57678785029134,74.33121325419683
565.0,226.0,28.0,76.0
565.0742873749494,230.51409648440676,29.871533663102696,74.51738335025334
565.3034291887732,232.62585862431843,30.057557649647606,72.27923485060217
566.0797119287809,230.07474537893674,29.827740420868395,72.96030848432983
566.1767540062019,231.73610818225137,30.38879213238397,73.64092066640694
566.4225868296489,230.02073419215887,30.917255847798515,72.42270636305918
566.2130585554227,231.03153245553085,32.047301585200444,74.96697569603072
570.0,225.0,28.0,75.0
569.303145383017,229.44113593090157,31.244768599097142,73.06823504848842
569.9207309872072,230.94403682491156,29.848275857140834,73.09915045700075
570.3476281752928,230.388567386457,30.091763646354593,69.62763234466672
570.8519929425502,230.76018806104867,29.69997532312209,73.02514051762984
571.2567583881735,231.71431388085148,30.25411560188786,66.96481923405003
572.0614534524843,231.64878715882742,29.17490145122133,70.76394001482424
573.0,226.0,27.0,79.0
572.6391027565865,232.64153529882606,29.83716481643455,75.0211285805508
572.1906049883515,230.74954799843346,31.035153612627596,71.72751760505759
573.2547119225314,232.25745982287435,29.40207926229209,74.39173283642151
573.2620849630566,230.36244191446323,30.460358318934595,72.18353021546264
573.7152377636776,232.67379033912755,30.18660738325707,72.14837275041594
573.6161147584309,230.7626560777269,31.166747091905904,70.43552496291773
577.0,224.0,27.0,73.0
576.190264249271,228.22130253491576,30.121783401839366,72.5420307498174
576.7017486526547,229.99508725695318,29.104853366092357,71.17610342365879
576.8406384009411,228.4256518690111,29.897645755840472,70.01199601231676
576.8681748857364,228.8957409413349,30.462103995690768,73.02266379894962
577.1732125203359,229.94350233593264,31.2601426485827,68.12696762727705
577.5610241400096,229.444939583365,31.474279700867214,73.55359995304354
580.0,225.0,27.0,76.0
577.2458833522944,229.39671694985327,30.823719426965795,74.60939292304892
578.4551144419268,232.08604352698364,30.67285680578732,72.97943628517743
579.692456738976,230.26577369368334,30.604500729185702,72.31564951704883
580.4045505507639,231.80398725194118,30.590341314553598,73.18729126784604
581.4258011304371,230.0465922913299,30.469802435302086,72.28632644106767
581.9730905724091,231.8849316126416,30.667123414640173,71.85374213616706
586.0,225.0,28.0,77.0
586.35994105557,230.50005977976173,29.678894355708394,73.63768722147114
586.8851508510022,229.50677243195773,29.775731858840118,71.61504575628535
587.2297987981535,230.8450317698443,30.330918335166643,73.93034665568172
587.6362302886723,229.87611713040747,30.9582659526111,71.47250415182782
587.7321233505891,231.16553502733785,31.823267106447815,73.38755171170055
588.1651341149436,229.29512209214158,32.299918482949806,72.01134934088827
593.0,225.0,27.0,75.0
592.4488123510873,229.3727389202831,30.048534489838403,72.9381664092731
593.0495000889568,230.71562156555092,29.09917262973636,73.36460153508307
593.5989954386525,231.2908015919266,29.718313730670047,68.3801028964325
594.2539941830887,230.9552290479137,29.86079554552748,73.75838089580611
595.3313467335965,232.0629048157739,29.34919738906001,67.56419347222123
595.8128272866077,231.92186244520565,29.18963771389167,71.9734204432109
597.0,226.0,27.0,80.0
594.8115596351349,231.66018237526964,30.581231902520244,76.01369801652879
595.7561113730776,234.81962080583526,30.8424295078903,74.25667278801097
598.5214365310558,232.46847194219362,32.307812872361865,73.82864660794536
598.4077323620324,231.37859495734494,32.72867306142075,71.52141160919933
599.3755416631451,232.6307349751781,31.930659008917132,73.61200478958159
599.4525181833344,231.3335102045382,32.76348176348347,71.07390469983812
605.0,225.0,26.0,74.0
604.1153217509714,228.896881607639,30.73702776979826,73.68327114156943
604.7310414959713,230.32300535893023,29.534799018844524,73.49266628036094
605.0529420966996,231.0581887634071,30.462339794630566,69.42823017245064
605.011285844027,230.6670006331858,31.642360158613656,74.3225778963349
606.0017640250225,231.95928904527307,31.819494798924325,69.42626650856141
606.1418509054399,231.32190655428053,32.89603636570314,75.27065320075315
611.0,227.0,27.0,75.0
611.034663852123,231.4463569208877,29.660674291518944,74.29137406848389
611.8834453707832,233.21681321101642,29.34211993001668,73.62936725511281
612.8347773969376,234.11656134848494,29.957553454642493,69.66417610574013
613.6866511486878,234.4607315742079,30.291746777365915,72.1724623873755
614.8614028522143,232.5609986327873,30.631908835590934,71.85524906008567
615.857935297513,234.5564622270481,31.032053800201993,71.24248391378069
618.0,227.0,28.0,74.0
619.3167906538438,231.66517497910468,29.337465748554678,72.31677673719662
619.7121888351394,233.9770722859539,30.075995248426807,70.68311713640287
620.6074644639157,231.3831289525384,30.403898253033503,71.38071868159784
621.0480792450815,232.94929040076022,30.953426721802657,72.22657663937207
621.6571410448505,231.19325204459042,31.93963242888651,70.22611914252914
626.2368333168372,232.85350078730335,30.291307940451816,73.6189717445668
629.0,228.0,25.0,77.0
627.7907290025423,233.410334474426,30.980480372390957,73.82194040076683
628.643282867579,235.75488035220314,29.945842718252834,73.05266385375984
629.4412259399423,234.03320325396953,30.49107147731729,70.98644593782626
630.2227210301717,234.98435236159253,30.73522124720148,75.64999414693398
631.1849097933946,234.44178499215903,31.437996957084124,70.72244578360696
632.1034269296279,235.0132844903651,31.409478074430695,76.44884510400084
637.0,228.0,26.0,81.0
636.8343709239823,235.47342670964917,29.719453803324313,76.67211048055287
636.7878490270549,232.4163941690208,31.83239381213059,74.74927726963051
637.9413856400352,234.74356534143226,31.257653064792976,76.4525003689298
641.8258567225141,233.3178283747277,31.200843869399023,74.91819971698419
641.2760753607954,232.0522077393129,32.57645922429219,72.15903553922459
641.7293621926162,232.6397663345349,32.556022637212436,76.51534051447175
650.0,228.0,23.0,75.0
648.3425752810242,231.934128574557,29.95335708537641,74.35482404830253
648.6504216030658,233.76445051648057,30.106275953808108,74.28056255767035
649.079624232008,234.0346734615324,31.08708065305177,70.65581839470576
649.2417419787932,234.15553007277992,32.068549274594716,75.58065089786851
653.1572237801308,234.33273179556954,32.16074686551053,72.78187393423877
652.8721703799907,235.00946055940324,32.17845558355259,75.90234495777179
657.0,229.0,27.0,77.0
657.3195387407604,233.54003431982358,29.628529985157,76.05262683824299
658.1069062011629,236.2081953138636,29.584444161773717,74.24744178486628
660.0722341269015,236.08681027933244,32.47488303549153,72.43157763546742
662.0400136762896,235.53985181990646,29.81274550938906,70.4201527550793
662.4811206609279,236.2445871313165,30.585650433057936,72.54541486864207
663.442339081482,233.91971657344476,31.333288597314777,72.46426551622625
667.0,230.0,25.0,73.0
667.4144979459043,233.9700991549853,28.032113378048052,72.72079109845072
667.742173211554,235.6613352688829,28.411210481791613,72.00026442184117
668.1100386173302,233.44671717990076,29.652796982610425,71.37814712348859
668.6453318732083,235.39069293852486,29.280751169520727,71.27964917274875
667.9913724135365,233.54909069239494,31.038733467696375,68.40317003588933
667.881843389831,235.10444905930433,31.334404869956984,69.2401974320785
674.0,228.0,25.0,78.0
670.1118429886146,233.3463187114262,29.58707804501273,73.55437849893394
671.0191657021742,236.14573218927524,28.471554873860896,71.58033382159783
669.2666704418182,233.89112735938005,30.717381184721262,69.93319617045364
667.1197434978076,234.26484963987696,28.742846173884118,71.1169583334522
665.3917145367459,236.73585512736827,31.368996930520552,69.33112752680609
663.4616865639177,233.5569415430732,29.163993652129193,69.1360135041673
662.0,230.0,26.0,79.0
659.5117413293501,235.62386692351356,26.694819860189455,75.3469365914384
656.3807776497415,238.1676902954855,26.66982192764408,71.23468070654121
654.2203699907187,234.588799084534,29.836558454698775,71.07285683765349
651.4738357154229,235.84225293526663,28.37043797978822,71.5961401012255
647.0527557656901,234.11307349819538,30.457619690702018,68.23277961910173
644.4779567410842,234.29255468864721,28.894083031103946,72.48129033523037
641.0,228.0,26.0,77.0
637.1534257158992,232.27598444256068,29.182522861160123,74.62362734073054
634.0804048281375,234.48186960770454,28.32039893424917,72.52801190251125
629.829471414369,233.01642857097568,29.804851257334803,68.3851649883245
626.730359839863,232.40902450285625,29.114952861331403,73.0568712641479
623.0500584690162,233.51752859364956,28.879030849173432,72.88635965979961
618.968888116944,232.57601684516797,30.410906374548517,67.33532585848863
621.0,231.0,26.0,78.0
618.2528934574702,235.7882516625516,27.236172964897378,74.25605517184067
615.3364746905627,237.78781599958506,26.6095881224428,72.73275818108118
611.7143230322324,236.71055639535052,28.69614033277537,68.3391929876127
609.3700370652714,236.95217240551415,27.077624412211662,72.3374924638681
606.8621176703978,237.16386273917465,30.747387022933026,68.1899587585965
605.0161698111979,237.17604432187613,28.416597288323032,69.70337190047945
601.0,230.0,27.0,77.0
597.8552578740378,235.63311299363073,28.920776016635955,72.33332870681738
595.4615992685426,237.31002234880282,27.322488547995817,72.20258310289285
594.2442003303001,235.28946256380388,29.950650070117035,69.63388204457729
591.3827529035067,235.5919357919429,29.216796377984224,73.22780805671164
588.8540169839252,237.7808708203138,28.504752922017587,73.1569659089073
588.3112006879468,233.53427225325345,30.871323503505664,73.05154797992202
592.0,228.0,25.0,68.0
590.0862612675819,231.19982740304158,26.359604721704727,69.58963032997366
588.1540814481546,231.7069019076573,28.979950903814824,69.96527137235421
586.3415455765253,232.44251474976227,26.97246363957106,69.582363237447
586.6373816686109,233.53662551011956,27.29365680794581,64.26882110887789
585.5370968645685,232.8973580154518,28.794798611465808,62.83617754173463
584.4812771541071,232.0060813142478,29.50767561600628,66.81327341387896
585.0,227.0,27.0,62.0
583.9873020318691,229.94805780128485,27.452880460126835,63.48071817629017
581.585369381698,229.0008740374575,28.40560649219333,63.9491830208616
581.4999300699743,228.74865681186566,28.125645627923745,67.35820566462633
581.8654791365843,230.02266216805492,27.102221776764054,62.116914248317244
581.7160861088619,229.8296250310883,26.963260401725165,59.528669453306065
578.0916403555834,226.83211980315048,28.80295381562962,69.31089744887794
579.0,226.0,27.0,68.0
578.0803925261171,228.8211382849895,27.429793604264432,67.21485510885321
576.7995185060058,230.56591940379008,28.646304464688,66.75048637428608
576.4140148245624,230.5336038076597,28.94513304753218,61.44726926630017
574.3641455903248,228.61384904948136,28.201588840239765,70.59384811185822
574.755034084356,230.63148451142575,28.816746601121736,61.663465463130194
575.115077791148,229.27436686587703,28.441449997175255,68.6457919458698
574.0,226.0,28.0,73.0
573.2923925860259,230.39125051600422,28.375839261224314,70.90576549222169
572.7031422203981,233.38542192981242,29.477908058885077,68.8349758848006
572.8389085145398,231.7679672982148,29.24682545651126,66.6757956427845
572.4149282416666,232.07030665528202,29.88676441217649,70.29197877828813
572.0281831873426,231.52689509256479,30.766470837625548,66.0473024096045
572.3366074537417,231.24275069514806,30.29443510372073,63.110763178957825
572.0,227.0,27.0,75.0
571.0055789101041,232.57705099103111,28.18578327862815,71.31537663785258
571.3905078441865,231.80459865170053,28.442241798820532,67.99211287533183
571.8741002101133,231.62925627903456,28.21533732052012,64.32683876425705
572.2195177034007,232.43881822680896,27.48298447753541,67.22917742824188
571.8693029947111,231.64222391829955,28.289069729714015,63.38542520740904
572.0750799225987,231.56906098948866,27.945877576319845,67.23777024538043
576.0,223.0,26.0,61.0
575.373333402335,226.86829225818622,28.447938268775488,61.84012224275705
575.1731801728943,226.20478043237472,27.937778760040146,63.35985104732032
574.9940640090545,226.6301342557664,28.035193215032677,63.470568276223844
575.0202185132323,226.6788076823816,28.392127129319306,61.41861325916011
575.1328638737917,226.47155117064506,28.162197070631123,62.98139776077937
575.3740034705276,226.9661841414345,27.83834072567572,63.069418551849594
576.0,226.0,27.0,56.0
576.2154777688595,228.76422906763977,27.726137062920543,57.655754102053294
576.2124247233475,227.99873954107466,27.825187846551557,60.288005562758826
576.7246906132684,226.88730466434322,27.731842339902187,59.33245470970735
576.9257760181116,228.28915983885372,27.717834107158183,59.795234975444885
577.3045128117395,227.44330794541975,27.53906182685978,58.188451276589944
577.8499885420481,226.6439772859112,26.987909842616773,62.14371754408205
579.0,224.0,24.0,56.0
577.7657951391809,225.9127150513159,26.230407918635706,57.487616476458356
578.1783694203041,227.2925319998945,25.77849317394748,58.25349182362953
578.5146488557907,227.32209587542457,25.483953370380277,59.28470594826376
577.8397277655347,227.42101791443747,26.701666147332844,57.304340325619876
577.9724456882028,227.2167372547766,26.58132702705393,60.29038161019611
577.6455781519035,227.79041001200414,27.387837810510973,56.120296624376806
577.0,225.0,26.0,66.0
576.6181235488821,228.72923548944038,26.46421448656838,64.73417293488353
576.4663645516766,231.13327364882753,26.631406068567685,63.94239678232998
575.7039866441753,230.8769555200821,27.795207527049115,58.517129300052716
575.5625588496598,230.72625524760787,27.298320176846573,63.986484987008055
574.8135607682159,230.65378188094468,28.251975372616016,58.51215999353332
574.7216084666721,230.82429394637745,27.918550145936024,60.83126695752452
575.0,225.0,27.0,74.0
573.8025305306015,229.77598836395543,27.802432328657233,61.939040848312516
573.4810222109695,231.0879640485456,27.484704248474827,64.86650797930861
570.2345805121028,229.3567155708258,29.406710579194737,59.824464030074665
570.1354446674814,230.26841700145496,28.858359475134876,66.29973223542152
566.7429808148001,228.87372352205074,30.624969097090798,61.55095128506815
566.9662699489345,230.5366017995874,29.58047830797659,66.54944791428477
569.0,225.0,25.0,65.0
567.2131952818108,227.08106193592084,26.729307236089426,65.89180685538179
564.6905304073023,227.92320657092472,27.85716472855688,65.00996325549482
563.6509686283023,229.13010902820133,28.87762799346774,66.62876757921026
561.6399569852847,229.41149933574707,28.1810174637626,61.81823571480072
560.5183381621064,230.3115552834181,29.439494584405566,65.25828993663788
558.9503423507658,230.2151393492963,28.21429432302807,61.09013144282318
561.0,229.0,24.0,66.0
559.4344822959301,231.5820334705097,25.373861500531802,65.6134913410682
558.3707667908352,233.34872852326816,26.808044548017733,65.11388113275513
557.5827548176549,233.17873750164586,27.46006918324042,61.26902908699839
555.5081375786397,232.3400457279438,26.114337055033275,63.05490426533305
554.8441531554255,232.70478309098564,27.07799965849324,59.80590047206607
552.6555949111223,232.26347815973656,27.09868571821812,61.001896080396364
555.0,228.0,23.0,72.0
553.3027290649434,233.99980213620802,25.085830816417,67.10143749168219
552.3745422994448,237.24976926352838,26.629382017069474,65.89270499122654
549.1916388648792,232.59854713833693,28.511312225031816,66.33293416546633
550.1494624761567,234.4874122931957,27.367875222942985,68.19840104867211
550.4256794981586,237.6729918719525,27.131627288920754,64.85724911717517
550.7867495305569,234.6980577704108,27.059968229165747,64.27364674983579
550.0,230.0,31.0,77.0
551.3394715897343,238.55851540249876,29.68538386026171,69.2505494589164
550.4098508527477,235.70122481829173,30.739416639257684,68.8342969897127
551.1006536035313,237.76669503111134,30.005653784681044,71.1685706921213
551.3905295903896,235.95208749703863,30.678696793479844,69.19162685598371
552.4082064246672,237.89368078851203,29.77736903521884,70.32120942026211
551.8807314168009,235.65388050610682,31.666756484629104,69.300790475707
551.0,230.0,28.0,75.0
552.1264870593615,235.7809550858064,28.297047048649688,72.08930605284007
551.6003043345607,234.9386634269316,28.857172716753325,69.44644383865852
552.1109831089698,236.2547958693459,28.34242706189798,71.87392785226518
551.0579379101632,234.99662747313909,30.184565790744273,68.56911138468217
550.784083381993,235.7484666800957,30.82968559494111,64.16230557746871
551.9024853156989,235.50513014777857,29.5816400155677,69.02656036193196
556.0,230.0,25.0,78.0
555.1642193203127,237.3916350611289,29.329210873285092,71.92216851641689
554.0579254779129,236.04108414261287,30.87401000040927,69.75364583110587
554.952572509223,237.25504686690874,29.732039533133047,71.9786980893374
555.2239076855926,239.6685594830352,29.893392280132502,70.36228272903963
554.8973525528726,236.3858401172074,30.865768748667392,71.16569502573839
555.6789737128452,238.18943682705844,29.982884065610733,71.89638163843364
557.0,232.0,27.0,80.0
556.9445669605791,238.82095615104686,29.378763169088415,75.46865351615793
557.1605459399675,236.69671037485165,29.334309357878738,73.17326202750695
557.6493251380016,239.09019753738426,28.821988079493167,72.84671255510546
556.9381117590167,236.32026188047308,30.383037221657332,71.76563965872901
556.7730785685484,238.00470616018697,30.620087322531276,73.47743645399589
555.8968869889864,236.700208167881,32.12900210286591,71.14590777413525
560.0,230.0,25.0,73.0
558.1605755019709,233.987220858279,30.135731423521065,72.5830593103841
558.1758439349011,235.54361146531005,29.757183116377178,72.35916348699669
557.7160795066404,235.92997620688993,30.237636335699108,69.22952449892796
557.5332581065109,236.4272983770686,30.087861625122514,70.58113822779262
557.4192811880944,237.8976533730846,30.015542985428283,70.2009075421156
557.5495710095566,237.07960018232905,29.810282081239052,67.48453685367144
556.0,233.0,30.0,76.0
555.7724904578886,237.81851461312237,30.401707992938896,73.15469979578268
555.6592517730267,240.51509182926975,30.77926214003128,71.23293742996361
555.738810100891,238.64800567802416,30.722307503092452,71.22316608580468
556.2191539999511,240.4355415660475,30.203638226789167,70.94266372149787
555.6653971423422,238.819622308097,30.844000551313115,70.19907462552158
556.1773286725438,240.43306900592518,29.957935151293896,71.71583994962674
556.0,234.0,28.0,74.0
555.9735250518924,238.53517460522562,30.022215828334197,73.12820880375511
556.154631248937,240.11191590830902,29.259686761316743,73.62481739637781
554.5372227632404,239.06088480267545,31.092382404417776,70.98628031763656
556.1101747378941,239.81763039046746,28.530396607825423,73.67750114320467
551.77603013608,238.13056301828522,31.773364233873508,68.06540327939956
552.7536114041701,239.24962321375557,30.779033028982894,69.17167061238962
555.0,233.0,25.0,78.0
552.2913663686841,238.06889082916678,28.904630206233378,73.83473916656476
552.6327197306314,240.77127205937825,28.623056993470072,72.21294839220457
551.6228627306134,239.5071109376946,29.987513447553738,71.2470194153274
551.7009207589272,241.32845067311246,29.475388568631388,71.20588549726506
551.2266337225319,239.8522062918786,30.10379298102248,70.53812468695719
