772.0,249.0,6.0,15.0
771.1311102472246,249.74984414700418,6.282672755420208,15.641874815229471
770.6763215657395,250.41226253438026,6.410582182209964,15.635546930503438
769.6200955527006,250.6153884092074,6.557693810445926,15.479543395437645
769.4286139512811,250.88524468155492,6.575339397876746,15.512408102025006
769.0574392584385,251.20335345193325,6.586991700095041,15.699804152982097
767.9814632905194,251.3548294875343,6.710619989569864,15.66227931905064
765.0,253.0,10.0,12.0
765.9298873819828,251.60892964751508,6.924282812574347,14.560405138983583
764.9328702037237,252.4259669459035,6.877526098600811,14.362364357440924
764.5348642792981,253.18185013524243,6.9189392809037145,14.386383607713071
763.623015780496,251.79525268231077,6.600422443338175,15.666713090367864
763.2523305354953,253.37086747295496,6.525580652360077,14.54497158625179
762.3668796437041,253.34954807318852,6.333565965849175,14.959711472198165
760.0,254.0,10.0,14.0
761.4453083057899,253.634192946548,6.852293412124709,15.346008645994175
760.3329583478753,254.34302770144365,6.9092970381097985,15.431859861776445
760.1587556321417,255.0648618346313,6.542620992975458,15.150066785376112
758.8155957357883,255.14236553591866,6.925167041889836,15.359192015690383
758.5234985425891,255.6670128773437,6.741493111019281,15.321555619792008
761.8729841854324,255.26010459151203,6.049620617926621,16.789043623531455
755.0,256.0,10.0,12.0
756.0899435210133,254.9721009340742,7.15334149798332,14.545117865357497
755.0506355402895,255.3876336354292,7.038291717361744,14.66187275506536
754.6786234426868,256.10416807711186,6.8856998462511,14.673146426787014
753.7178469693337,254.70296016176508,6.68333747359145,15.807425086773947
754.0290927985579,256.56148976620494,6.7908544510301,14.604644855071285
753.0958528540242,255.17678359227318,6.529121346619377,15.671522220621341
751.0,257.0,10.0,14.0
751.9455057789628,256.4843485394799,6.921076863779945,15.692323747333091
751.4692666332453,257.71549082582794,6.969743013002017,15.340024292740395
751.051048946937,257.10288483031354,7.089069746011091,15.99914508123436
750.8203974388734,258.0569139188249,6.815979356063053,15.341916075282143
749.4467810985439,257.0727438521339,7.229199440037746,16.310615324474327
748.988971982943,258.77971725246516,7.336605581326694,15.138443161518353
746.0,259.0,10.0,12.0
747.2891915179923,255.86426728191452,7.262681049513731,16.255403060199228
746.8710352127073,257.60731402705545,7.338223204882979,15.005236770126771
745.735252913546,258.15820389874943,7.307081557701167,15.165653877805653
744.8020855185332,256.5372420399914,7.089593826958662,16.55678622964956
744.366265270791,258.2102349395409,7.10837245146115,16.056386744713734
744.1455967274042,257.32679615042576,6.94626202305335,16.60015884764408
743.0,260.0,10.0,14.0
743.6919635346771,259.3167810217442,7.0626428781961295,16.092598181834887
743.0746769649909,260.46901429326294,7.2021276702773775,15.653254628856303
742.5086826249985,260.7820242146162,7.240449355056171,15.997155447041678
742.0484802747646,260.20056404697914,7.375004868680662,16.40654395690865
741.5485148388889,261.09967380639836,7.402202459948967,16.06066910317196
740.3704601368413,260.94950751227043,7.394719195783864,16.3944653520648
738.0,263.0,10.0,14.0
739.0559934009298,262.224208268461,7.352006805766109,16.372036069636465
738.5827943996715,263.35806227609976,7.5570802123834255,15.682098270733718
738.0952555814602,262.46595848179686,7.588139585425324,16.780747651774732
736.9605374437004,263.58858813304187,7.525431014712808,15.70509249277211
736.4461252860501,264.56713270227465,7.4358978762110155,15.535614955643723
735.184268214758,263.17875398561375,7.420242956472293,16.956328492805426
734.0,265.0,10.0,13.0
734.8959713407378,263.9596769815264,7.308048667582057,15.332746718320323
733.9920671377267,264.68385464092705,6.8960272268438985,15.48856623413758
733.4851751330316,265.492002044585,6.9800076738096095,15.446194730541038
732.3869509648487,264.36297255631337,6.973464727552482,16.51967364567099
732.6855078402932,266.16435351738005,6.987597907107329,15.426298329648375
731.4466150812436,265.11853027894244,7.149934660671988,16.28132160151165
729.0,267.0,10.0,14.0
730.044066217235,266.17598823122034,7.295126202610618,16.176971358315996
728.7723475450921,267.2644501320633,7.511646460489601,15.73536279492373
729.1599589482112,268.1775580311683,7.479234357747714,15.818584017576143
727.9021744982965,266.89593492268614,7.5823416005732724,16.466556198463422
727.4576414359885,268.3794340946549,7.4444464083549065,15.670636788421461
726.1924453327717,268.60126008806463,7.59251159699852,15.928876701681304
725.0,269.0,10.0,14.0
726.2768337702528,268.57434528478996,7.601676891713396,15.530092208030396
725.3823403410888,268.6183979985676,7.183306902311642,16.015579695160795
724.8624198378893,269.23682514413895,7.211653272619515,16.015147887110288
723.9411282838602,269.07903171054215,6.908319724055673,16.40173755411695
723.3448734366709,269.70738799052697,7.165235073291569,16.48559499367684
723.1624108265956,269.20464291519613,6.974391014741627,17.012012195562193
720.0,270.0,10.0,16.0
721.0186042283378,269.7531606885357,7.546522354189165,17.127336385386798
719.742873919613,270.4765167774285,7.716566024997519,17.231792562521548
719.2922937811932,271.35271748658045,7.673264059344547,16.868846415183157
718.8725794506406,270.2634591549788,7.805536672863582,18.32326687441946
718.3437951327833,271.7639518540326,7.871487224997509,16.94696793447713
717.114592658585,271.89515290388533,7.699025104062457,17.078004582690937
716.0,272.0,10.0,15.0
716.2437225977153,271.2224154817395,7.941159624389911,17.03570270713692
715.993062951479,271.894899631255,7.827559028606856,16.94887989978787
715.4116203105439,272.340739182922,7.7429980473355045,17.120782447186343
714.3556866130167,271.0058389233112,7.423633964747182,18.170133145025034
713.8608674117884,272.8596511885414,7.488381744514527,17.06675645397695
713.3432491122778,271.9654242023746,7.397516947413578,18.202739059864143
712.0,273.0,10.0,16.0
712.3812497114731,272.4160583015347,7.664622174057627,17.6196714578482
711.7033416519412,273.4566124991857,7.757568247419613,17.807294146103175
710.3807061531979,273.4706343506732,7.851261280289918,17.697577917205763
709.7370583036281,274.26898979675696,8.146118123065207,17.451814585822376
710.2141293721779,273.7627504866142,7.801690585045662,18.5178589482166
708.7494110940916,274.29018265251364,8.08170799837626,17.699007646316545
707.0,276.0,10.0,15.0
707.7389258361618,275.13074712990215,7.869300403996476,17.601673688294568
706.3001398216347,276.10414032749395,8.068179460201463,16.83792609578086
706.6179666413373,276.7905524997175,8.017740126585977,17.34168979653282
705.3094561750513,275.64224796953386,7.979018308831655,17.768518077293663
704.7177693903006,277.25518672153237,7.910373547271774,16.838906850808826
703.7323607524695,275.70457771993676,7.375543822872714,18.598138207508214
701.0,278.0,10.0,16.0
702.1705788771569,277.3963110843072,7.980759130437946,18.07110332439322
701.5910656087513,277.94173101408,7.904941738356115,17.944839800024624
700.9575353181735,278.4146747807258,7.9365014979943,17.909635456190927
699.5304116063091,278.9210417878218,8.151489253309137,17.37847490669793
699.0697562292808,279.7966669830185,8.0862558560857,17.11133159965101
699.5975258352942,279.04175226710686,7.715156196686621,18.725798880183447
697.0,280.0,10.0,16.0
697.2319811015041,279.37586442197176,8.205047854402437,17.663403250675174
696.6700674182839,281.15563216760165,8.21386363955287,16.908295807003697
696.0929021910742,281.43831803608026,8.131232099338035,17.522749599319752
695.6724846466382,280.72995632995935,8.198814525815123,17.821096897697544
695.0398694655037,282.11756340243846,8.367760822437504,16.8758750988236
693.5925225742276,282.25320413389284,8.469797632848895,17.280215006933417
692.0,281.0,10.0,16.0
692.8538809563265,281.5310585150678,8.121878646825849,16.800946573587794
692.3988362877562,281.6615159707992,8.207498031341629,17.636791250418128
692.0618236159662,281.0604880113797,7.827173848938855,18.19982143892554
691.4428160645198,282.4068576844055,7.916828741941799,17.45982046621441
690.938374255275,282.7386695997026,7.826358607997008,17.84914033838777
690.328500732855,283.3053948496063,7.922346955940725,17.8057147072941
689.0,280.0,10.0,19.0
689.4145007553811,280.30515652737336,8.290770066993218,19.25124652536016
688.8859339360279,281.3646095232799,8.420359219286183,19.281544823524086
688.3794090950341,281.93244512123795,8.278283507697779,19.19415180551084
687.8521923016106,282.66255560391795,8.250474748157558,18.82818111080161
688.1695904122898,282.63464484597193,8.390213035509078,19.016651158866352
687.5313503257394,283.17152083484564,8.495122249079031,18.931995525913862
685.0,285.0,10.0,17.0
686.3353061602909,285.2582613960951,8.23751547552763,18.124502782337345
684.9787681254711,285.77255517948976,8.278548551770655,17.968196807692664
685.3736962534281,286.2655866983664,8.239945957901682,18.46244574621778
685.1758578074732,285.45260848506064,7.933831862068473,19.03613578527262
684.7748102047752,286.67016929511897,7.979512356250439,18.223498090259454
684.166890162878,287.07515908971254,8.166920497438468,18.480624068630277
683.0,290.0,10.0,14.0
684.4239463594636,288.9590193035169,8.254970598125055,17.238589685957322
683.9424063754232,290.037924529835,8.333663691400943,16.996118100734066
683.4151754960671,288.74741743922516,8.57317483050656,17.84742787021139
683.0043687527982,290.47070855392985,8.506729122340175,16.796792594002454
683.5894089065309,289.42827473833484,8.24415394360176,18.280785349730536
683.0788252540392,290.98423932506694,8.331361758968796,17.054415353404693
681.0,293.0,10.0,13.0
682.2249981100456,291.6869733829067,8.369642626917766,16.72377610066178
681.8188866627952,292.7843278501846,8.277382044183469,16.627006115973472
681.3644243211893,291.4861820608835,8.322664793438435,17.43869639942932
681.1903787328692,293.04354130872616,8.123153096496935,16.53467663117226
681.8381759563872,294.02103812226096,7.801126791860042,16.893090018172643
681.5400248530133,293.30368201107717,7.686916868790945,16.333283367783906
680.0,295.0,10.0,14.0
681.4205013590351,294.19006886342004,7.7518148550766455,16.898143935499377
681.8144726498033,295.01950368778694,7.6138960983911375,17.134846667346437
681.5185947862261,294.40516748513494,7.6583629306172725,17.278870774092695
681.8807434477346,295.7771778722934,7.907948318391163,16.702156408278768
682.3327319328446,295.23387332550965,7.887234509573773,17.313064906632803
682.7927658580893,296.4206733881033,8.021675363836948,16.91364969000233
681.0,296.0,10.0,14.0
682.8289616349689,295.7195124436546,8.004643833980026,16.1663529823403
683.2224677513732,294.7257728127114,8.155227002960146,17.686473558690295
683.8141816341918,296.8261445142923,7.990034189202333,16.276377033021845
684.4723501454164,295.9001125356817,7.8210615355387745,17.04595964418354
684.3886044046012,296.9769982374055,7.399072624411929,16.65498657689568
685.1354207957269,296.33404912072467,7.154569341868978,16.95238446070306
683.0,295.0,10.0,17.0
684.7213679552106,295.3746166069433,8.152891732418766,17.931327408712093
686.0144294328757,296.6299103325587,8.010215540392892,17.926552356580203
685.6455879208006,295.472253278513,8.024395172869845,18.38150608047522
686.8501640162704,296.86884631966376,8.101372723177064,18.33923993733123
688.0614758553143,296.4283740294639,8.162863139989895,19.380773018958564
689.3208353276143,296.52820370526274,8.186394945773827,19.639255885790817
688.0,293.0,10.0,19.0
688.9425063706867,293.2034712421433,8.367978302752135,19.29717614273528
690.451258845455,294.7669628070473,8.455366369312287,19.214957561667802
691.9694134283191,294.1131197508737,8.489897515074063,20.05655776631602
693.4417097068126,295.7883880641725,8.66715922584035,19.42037944160188
695.8886431964875,295.48765556594503,8.403742483136057,20.297019579538187
695.2823074501425,294.3420006089119,8.728236872051639,20.302675668996415
696.0,297.0,10.0,19.0
698.7926017951518,297.22735222591274,8.853641119129861,20.81038585439859
700.1587152113384,297.28003532002367,8.98696178823775,21.04006035830207
701.5461418433263,298.98387827531275,9.423956965699062,20.387526654185365
702.0184752720797,298.2367463797873,9.351920534189958,20.53549055475878
703.4984882744407,296.8641535059494,9.477287482046904,22.773462307341106
704.9878817889787,299.3636483820053,9.802865176127625,20.93893215662888
707.0,297.0,10.0,22.0
709.6068358960292,298.50655584157994,9.604212844251379,22.39274778485435
709.9897113731331,298.62661798908573,9.338926171981825,22.155035541824645
711.5358887055158,299.3433759558699,9.778499179508799,22.644218788614126
714.1583385495107,300.24716395055395,9.723597283543768,22.34772971641587
715.6264379324634,300.24021067862145,10.205646158467516,22.799338229243972
717.4634269299738,300.5777883101247,10.096300342462428,22.743689078087414
719.0,301.0,10.0,22.0
720.6327059079049,302.3908272540266,10.570261266766465,23.400283079072324
722.4000323256018,303.1843864347069,10.591571142482735,23.87795909585418
724.3885081837216,303.14496564311685,10.442309462276171,23.817598888124962
726.2931828116924,303.9143101083755,10.509360851918359,24.709996465611766
726.4318743652939,303.3404870557479,11.066111133816321,24.12069065946679
728.0470123285045,304.07847616384413,11.332773827107303,25.21202620236477
729.0,302.0,10.0,23.0
730.7492785675385,302.81531627613526,10.506530754194728,24.372416694453136
732.3965222340782,304.0217959893246,10.708799552799064,24.486325539897734
732.6918272524108,303.7107190698616,10.620264408752746,23.91614036363353
734.3917927984696,304.5111012000651,10.78926781198993,24.681380746077366
736.334328163607,304.817046464775,10.809834048268954,24.295723102474994
738.2519717059017,304.9042351611196,10.80724585715734,24.692188052516656
714.0,306.0,10.0,19.0
713.9281344885567,304.2222194044932,9.953604305387216,22.765498992272228
716.3789367093418,307.27249289975384,10.171120428553422,22.079336060598962
718.8691199956663,306.8644058117925,10.367892241515165,23.098366532763293
721.5061788285211,306.9251760600931,10.202075693525217,23.53837117958875
724.1562019366797,307.2505137287218,10.202561506806205,23.478360286965426
724.3260334422325,306.69185118044277,10.174683665072166,23.282471386594636
724.0,309.0,10.0,17.0
726.6401565403394,307.8082488956004,10.25933102908823,21.541635678499915
729.3255958122836,307.2110827411973,10.133578074152865,23.285461569479992
732.1446122507505,307.2483347961047,9.832518994833208,23.543290076699577
732.3293823223435,306.7161335850361,9.832639185921153,23.362241298728577
735.2465309291989,310.4787786779441,9.750697606815834,21.38994137532393
738.029649753978,310.3746181699481,9.838491017408387,21.150119549417468
739.0,311.0,10.0,17.0
741.9097518070434,310.35714487250846,10.195136959168849,21.017696548331514
742.3187052759022,308.96871324725726,9.729917918048159,22.599082784211078
744.7607717672154,312.3658033443253,9.941537255222102,20.890133885734485
747.4195295713439,312.2784944203088,10.196779383575631,20.660209272542602
749.4684770799108,311.27145208544266,9.823304584595007,21.727031898446853
752.6278762978935,314.01896729746284,9.729137985949478,20.777589933566446
754.0,314.0,10.0,18.0
756.5105602542258,313.7277431143016,9.962887922880782,21.01886456077864
759.144775230815,313.6165719380472,9.940095215201609,22.036232236389026
762.3024165866362,316.50599620615003,9.613201255963418,20.717241116511104
764.9009941486436,316.4869273693944,9.783055937525774,20.411167893092852
764.8838592922855,315.0546157839751,9.283948150954757,20.7561369322641
767.7002012476481,317.5398699284839,9.405971573518741,20.237058215630555
770.0,316.0,10.0,18.0
773.0862998035955,316.843121126567,9.677582837096224,20.285835094192635
775.7045374258059,316.2165486138273,9.469522459146333,21.95110029656621
775.9091758007007,315.7851922719334,9.527394627053809,21.534764702543725
778.313957111679,318.94191055696547,9.88549423743143,19.972478005814537
781.2915975859742,318.6362869364409,9.681088732269927,21.161958109521038
784.1081512853011,318.93341274495174,9.720903567550522,21.313985844310764
788.0,319.0,10.0,20.0
788.4228937726439,319.65557777942604,9.648062335138547,20.67272233832813
790.8801099968118,321.3305101249725,9.722523157217097,21.124424774817328
793.7309745121298,321.79311639549474,9.67242331799605,21.180467839831977
796.5323612593804,322.2426256575909,9.701908686953402,21.205143413445057
796.7899339232749,321.7100175194048,9.780326336438975,20.946626895473685
799.6439468606432,323.2984641078922,9.719060259604703,21.263525947404105
801.0,322.0,10.0,20.0
804.1096915583876,323.5543536681337,9.759585363598262,21.317336763426283
806.6076678875143,324.0021014478168,10.254870482902334,21.825335068866252
807.0227867102731,323.78941930506426,10.008383565746044,21.52336953869451
809.7278662467579,325.2404706916808,10.278370004604767,21.882348039831527
812.4875602148954,325.6945298468254,10.301874566725928,21.749413039520164
815.5122838365196,326.045169235156,10.239737916827835,21.95349301439427
818.0,327.0,10.0,19.0
818.1782511282795,326.68698548851535,9.862480730741026,20.33810380252544
820.9577278993595,329.1635839917128,10.2395622593192,20.37546610459799
823.7787942548239,329.06802653113255,10.391760104485002,21.013505323103345
826.8483498882945,329.0299270803024,10.197180768855333,21.663187942733316
829.8810212797057,328.75914558347836,10.018768347952573,22.49745714060515
830.2279612466393,328.23427794419445,10.256998833511943,22.452000831647183
834.0,329.0,10.0,21.0
837.0681087421606,331.08637356448855,10.281540392040597,22.402319163035713
839.8722384263183,331.64200233346855,10.613140080888115,22.37842243696832
842.9784213723606,332.0996480701251,10.521623141598411,22.655069006066697
843.4091770557554,331.7272135881358,10.365476693472715,22.381319858988718
846.3871483006517,333.40437342173755,10.28298683189746,22.741631307452735
849.6175353929614,333.85455395826693,10.185491652633118,22.41772538480643
854.0,334.0,10.0,21.0
856.8796475088568,335.989349614772,10.311026370033005,22.63615137947329
857.0260341854628,335.5501086051263,10.307125641979383,22.356875931616855
860.1303900793278,337.29261939002856,10.299538953269348,22.642960168551895
863.5870029235654,337.5687362769004,9.90206929572139,22.698967442518438
867.6437927844108,338.43241194032043,9.51677350188129,23.097225784872933
870.5426951754054,338.9698534554748,9.809309297274694,22.92022759639508
869.0,337.0,10.0,23.0
872.7101089411651,339.4482988484351,9.856738682417927,24.003161897669088
875.589251507663,340.2880885049897,10.20698004314545,23.959138406084776
879.4653762154414,341.9523722422557,9.956678035057507,24.205192166313623
882.201202787407,342.34366709536823,10.438743733243427,23.932799979740253
882.4679219420634,341.3476395337717,10.505792364934564,24.072706598099558
885.5530733712601,343.21839637141875,10.595631258295953,24.08555446556079
890.0,343.0,11.0,22.0
893.3556812947791,345.31441408529747,10.77405819044725,23.145915093916983
896.2337544847728,345.56676719246093,10.92602352153449,23.931208487555693
896.506091454507,345.2327453345313,10.956314796216475,23.371416246291403
899.6611437331744,346.8686981096273,10.720665783881714,23.974463193161
902.860872751513,347.2507738136842,10.63489181500006,23.6410967764607
906.208117209754,348.69869662429437,10.51599239460586,24.474962381955265
910.0,347.0,11.0,22.0
909.9904968128449,346.3332500976569,10.318664011330839,23.74083993592626
912.9988183807923,349.90332182615384,10.37413699148783,22.98381876926402
916.0370906987828,350.1013537700892,9.939946349026286,23.773529410304945
918.6923600226128,349.5704951899994,10.212802544016313,25.42556018757375
921.7503654361574,350.26363193727104,9.867360954834794,25.363471300252854
921.9059358072082,350.40128339878993,10.178223467966404,24.313942910950573
926.0,349.0,10.0,22.0
928.7157326699714,351.19958566029914,10.609118850046002,24.040124045186076
931.5272374303318,352.76299344628114,11.058361331168271,24.27934866222938
934.5948547659827,353.3759188361564,11.28258013010418,23.240951265761396
935.0741614995732,352.4997218318026,11.216689287357895,23.007139562697375
935.9307074453804,353.33491805960875,10.225163946799398,24.47528602238981
936.9598769200952,354.8704643292376,9.046627454171812,24.769183436016192
907.0,346.0,10.0,18.0
909.7712748942138,344.22746070446476,10.202825380887816,23.529033039801675
910.0856201201359,342.65344645183785,10.235251409340208,24.590352136918966
913.0808072127021,345.85436348136443,10.036402165190225,23.016554796645778
916.0076148636462,344.97363823709264,9.999089293764882,24.637986956293275
918.9397183809197,348.25896387241414,10.015908043750642,22.58135121934106
921.8309985484586,347.2805804753641,10.004141291858332,24.01498516227491
917.0,355.0,11.0,13.0
919.3219185067951,346.75491059805404,9.88464428494649,24.97698860903097
921.6738792419856,350.0679942090507,10.610363051108038,23.73590305864792
923.7838680570446,342.26645319207364,9.766983585318258,25.470060201330398
925.8235307494751,335.51109147456816,9.426979952287184,24.725319326140266
926.2352352520413,328.4899210812514,9.704922328240855,24.149685334288392
928.775156545553,331.09973713658144,10.208554427973013,24.083009875787297
910.0,356.0,10.0,15.0
912.7348865385711,353.25155185011243,10.21940295886509,22.678307400932397
915.525505297795,352.56208362744235,10.228731235428086,23.74677962658029
915.1101681876655,351.04979135807906,9.68537003591723,23.893585807763657
917.8426366823458,354.1791491149577,9.946116625748687,23.086766245981835
920.6847206759064,357.02802242650705,9.938919607223625,22.294986033148234
923.5986891308544,356.4442588647083,9.810609302792727,22.511266283925636
919.0,362.0,11.0,16.0
919.8892887708644,361.2444880607072,10.056256501906319,22.39899382180738
922.9302358574896,363.58020179461374,9.609260681852902,23.08357461035706
925.760363661418,364.12845732044116,9.4855026918666,22.22640900758597
927.29456073961,364.8872345354803,10.02368880837139,24.114630874016484
930.2592491224776,365.9105318925117,9.810050600690715,22.220623089102446
930.8050276645012,365.15105102039706,9.535218347621367,22.2120734549257
931.0,365.0,13.0,16.0
936.784397416337,366.2093660879046,9.167222365327461,22.85057996988752
938.1058475804847,366.45242453070455,9.998664643738834,21.965493413857303
941.1462510091383,368.1326318071251,9.717430940248391,23.288570681078568
941.7595179913377,367.2131267973109,9.421761143378717,22.93138419011757
943.3014738908232,368.46366779403405,9.870317822890229,23.76962668426677
946.244638068856,369.4839712860155,9.683179816500001,22.194544020164585
942.0,369.0,15.0,16.0
947.9120556213995,369.29924864370025,9.476195917047448,23.96433302542522
947.2292152998579,368.3192457529637,9.439201622663859,23.08425787806999
950.0118934852794,370.3967172948472,9.427690588069026,23.797131508363975
951.6726536765898,370.543590101325,9.428292147316142,22.5968981943696
954.5410052250719,372.15415489024025,9.352122716101121,23.984805215710992
957.2861843216067,372.8988308614645,9.423679530260642,22.533366839385508
960.0,375.0,14.0,17.0
966.4490322956669,376.89365774394514,9.047201909939076,22.70844708036236
967.9303339166058,377.10706560885546,9.42088629967509,21.65666208449261
969.6105732920645,378.06208762514393,9.528544722526135,23.332801241640027
971.2533667722614,378.37445255074306,9.737581763479966,21.79218788897265
971.9552008016151,377.7589193173292,9.209316408580321,21.55600102231051
973.6163077092942,379.2911748222615,9.022991759344677,22.56828230882843
967.0,379.0,15.0,17.0
972.8363477218336,379.9495764064277,9.33553291987846,22.615999527657777
974.4220469571678,379.5959746816499,9.42291287014848,22.425342797995825
974.9162571843937,380.7776140631622,9.347712847029925,23.066077201520727
976.4846549720802,380.6601181992709,9.443833071079894,22.364005278934428
978.1272733320063,382.6388465253883,9.54608577037311,22.716907915316938
980.9846686619342,382.7177669080708,9.324152805433187,22.532222739726024
985.0,385.0,16.0,19.0
990.7155758000758,386.00248411405516,9.172777353316633,23.290518026656173
992.2595757956979,385.4516369214726,9.149828714509681,23.039121931457146
993.742938467037,384.71103591853034,9.314993981309385,23.36635571613499
994.3860057370384,377.95747341754986,9.332422341614802,22.595493250355446
996.1419489282516,376.72943398048517,9.171942174853484,23.41978372354862
996.5944842674659,375.52609808989416,8.908874443966965,23.599369756469628
1000.0,390.0,15.0,19.0
1004.8047500993553,391.7047276974416,9.816840979159792,22.51685510117852
1007.7095578736808,393.96094160856273,9.459024017373622,22.666258708011355
1009.2849243226109,393.86643130019513,9.595199552285749,21.915518302244777
1009.8161598395709,394.6304189678075,9.312855917571824,23.093396926729156
1011.3242706909732,394.7432009035256,9.597770557084004,21.968536634448014
1013.9495581109877,396.7298002953425,9.552503646420519,22.623822373985092
1009.0,396.0,16.0,19.0
1015.4156660580342,398.2095485569887,9.414141212552863,22.447296616118706
1015.9791224082787,397.89381868700366,9.083289029916614,21.8176438511764
1017.5295495860939,399.42374511985213,9.1937262046888,22.746455157622563
1019.0989391923721,400.3250688846555,9.470439575662226,23.98616112718446
1020.7632251902669,401.2026376070785,9.508490755553566,21.750818870223952
1022.4867024271215,402.18017788819566,9.489018996935897,23.389671179815252
1018.0,401.0,18.0,18.0
1025.1870686032958,403.02090763380284,9.458541472394245,22.306633914198528
1026.926234531993,403.96805755402147,9.181143398584936,23.69526181050469
1028.5344313874689,404.9459109509297,9.206387936451847,24.525263369679124
1030.0827123129257,405.85086865410176,9.4043938587713,22.184822671892334
1030.6191873233643,405.3386232174448,9.042526851127604,22.047481234977226
1032.1577309052327,406.95124730904047,9.206583311075974,22.975341810609166
1028.0,407.0,18.0,18.0
1034.8928627947407,408.50979287095845,9.44386171100632,22.554187611471207
1036.6347481418745,409.9536176361944,9.19352928501712,23.11786685205516
1037.1075603497484,409.509287365148,8.905701850402693,22.13900664969748
1038.6276512800175,411.1128487959304,8.943119766585596,22.709230432151344
1040.1392708555782,411.9259884615217,9.067049785927793,23.92061479161032
1041.7285757444683,413.2501680302339,8.968111451980121,24.07797494026522
1036.0,412.0,19.0,20.0
1043.218494765335,412.912604152477,8.834200837237859,24.09168725459631
1044.6812821185122,414.35327134283466,8.865944355058218,24.219769738405034
1046.1243452185026,415.2485582726895,8.958004658252321,22.09109888331261
1047.6717167499903,416.6924493453887,8.794275295864509,23.2484463673469
1047.9294297212273,417.3567005845972,9.420760007387798,24.230152314335555
1048.4769888492324,417.2419721931311,9.23344176317778,22.859449132681107
1043.0,417.0,21.0,20.0
1051.2198928271719,418.8971477554645,9.500522300924786,22.894075932689248
1052.9366000585594,420.59834783768036,9.416684964072147,23.475006580126944
1054.6280213213213,421.6611923895683,9.246131503077322,24.534501598183795
1055.0271072200676,421.25394056809466,9.09466574455746,23.425846055424017
1055.3291784748515,422.2102126374639,9.629809649652998,24.18125719699981
1057.0682893367307,423.7901560986793,9.422960914595933,24.52128895148087
1052.0,424.0,22.0,21.0
1060.1374127010608,426.055535352423,9.709600234852132,24.193718719514266
1060.5182278227867,426.0112643232794,9.718324093924139,23.047584702081735
1061.018295287221,427.25511495842954,9.78707488279997,24.057295764406945
1062.6925690187836,428.92809220047707,9.702469013419659,24.646075420047964
1063.1428674388676,429.7800465942655,9.921481817284075,25.415566702135493
1064.8095958898432,431.492019638225,9.975288389078969,25.521043638598258
1057.0,430.0,23.0,22.0
1065.2635860677906,432.14471639034383,10.139512827715862,24.683384900365297
1065.8376113598952,433.58041231034906,10.120555609070834,25.29949593250575
1067.5555581493336,435.4745184168497,10.019837347477733,25.555333089158125
1069.1581993316577,436.7997993737706,10.03294166484352,26.38001447136469
1068.289275169819,435.6979451141202,10.34217510552321,25.324871338702735
1068.8061367145808,437.47324175810013,10.38820133394438,25.616610634157723
1064.0,438.0,23.0,23.0
1072.047095595176,440.41514817584743,10.398303757952363,25.521503063926048
1072.5307334678278,441.97404629482617,10.46419163083624,25.987355985514
1072.8755610249843,441.94861983823205,10.575197033881523,24.510824937808195
1073.4308593317526,443.2892024172542,10.531020790057255,25.798991857122644
1075.062590496732,445.16128828718115,10.574363315783785,26.37731698477546
1075.4943987025572,446.04513938533273,10.628221459025099,27.276962955063482
1068.0,447.0,24.0,24.0
1075.8473616643132,447.8955052349593,10.59174216266183,27.509740507140805
1076.2973625135837,449.4840073281915,10.771864684511456,27.455070205692437
1076.803575005958,451.1408951099711,10.859458054598008,27.359601585849532
1078.5628024957332,453.11277244772293,10.66991352995592,27.65199122420171
1078.9432135262803,453.9551730397185,10.791142855424596,28.377425879632426
1079.2390357571194,453.8643650829904,10.8308362327125,26.702802855047594
1073.0,453.0,24.0,24.0
1080.3051448636106,455.1136144155199,11.104775024810806,27.393723466010783
1081.8502546295495,457.53989945140904,11.340421304986194,27.509684273802236
1082.32788790036,458.3117303073627,11.240737580954374,28.746666113665015
1082.5110115380257,458.243553619771,11.545719831826318,27.23313839723852
1083.0151700422768,459.7914566734538,11.362452378204807,28.163373058440698
1083.4295585827845,461.20848956802126,11.393264349991114,28.713174994169208
1076.0,462.0,25.0,22.0
1083.5091664791498,462.7908587022516,11.461649754882274,26.54444485567865
1084.0608478444688,463.94428169365153,11.355186928715284,27.83927601467326
1084.5559396263698,465.31448012830583,11.451598072647812,28.17725905243509
1085.0704224180663,466.84605898137545,11.500835342434584,28.333051346356626
1085.5891455735607,468.2374319226561,11.51496027429198,28.641439448725635
1086.0899782480446,469.60687245924885,11.47306162500945,28.807966612529185
1077.0,467.0,27.0,19.0
1085.6687465552584,466.73624711138655,11.77217391180011,27.040626953586525
1086.2650733416403,468.80626373528776,11.62933727715631,27.243320905568453
1086.8706842070674,470.403044409834,11.434452035475033,27.673009175238008
1087.396299756283,472.0040009921264,11.242413378142828,27.960937637654865
1086.3373832270477,470.9382296449328,11.65405585453368,26.502176788803467
1086.9777975009633,472.97091572522135,11.331895204680222,26.84235031353694
1079.0,473.0,27.0,19.0
1087.5283327372008,472.5821798427488,11.519660646664533,26.51485656949228
1087.9551211220892,474.66841239850953,11.433016836878323,26.420714249481705
1087.0489863653463,472.8216150729097,11.401272447346628,26.9270633678654
1087.440278449476,475.1774796378677,11.389025457645857,26.673916146230567
1086.4964330727412,476.74754344447354,11.450327784098363,26.453371959218885
1086.9262906244553,478.6908939069991,11.367105496201475,26.45452241894219
1080.0,483.0,26.0,16.0
1087.7883742267686,480.714431696273,11.256207709658383,26.371865372707646
1086.8887325683063,482.00002925393346,11.167626133032172,26.443785827955253
1086.0182813266595,483.2952871939502,11.104312203985728,26.363646085722905
1085.148707259568,484.51502162422673,11.106965064088627,26.413001445419525
1084.2574824719877,485.8021580226921,11.175969210772791,26.278244700340792
1084.6048548320791,485.0099762083919,11.288690626967082,25.61893689375438
1075.0,487.0,26.0,13.0
1082.294828296888,480.3096054404635,10.975021585256172,26.296040158329447
1081.370793711163,481.9197506561677,10.958526063233421,26.27370900029632
1080.45391815506,483.5496814820548,10.949175727363126,26.02840930257662
1080.8951682727243,485.60611877260544,10.892504272103679,25.522033193216885
1078.6725797055824,483.108061612179,10.944279690675558,26.467220391911894
1077.7831330732115,484.90527246030365,10.97614159588602,26.339218014883045
1073.0,494.0,24.0,14.0
1077.5178633654082,487.33060557018086,10.734545225409875,25.94925492764412
1077.8825725910365,489.42017067638517,10.797390918124165,25.739084745857667
1075.7656858975226,490.3959005667867,10.656996669998762,25.365993894677956
