609.0,171.0,29.0,81.0
608.7332462053746,176.11312864907086,29.30843254737556,80.36923324177042
608.2096749962591,175.9268399720679,29.632975252168876,81.82259285836864
608.0087100105584,176.34059543092076,29.553382291001753,81.9390076335435
607.6679012217451,176.84307672169825,29.714102688150433,81.92488706662004
607.4158798131673,177.23388437946517,29.345803066733197,82.86157963170467
608.019625235779,176.97593008268677,28.386695607552497,79.99022433529012
607.0,172.0,25.0,75.0
605.0247727986916,175.834029111622,27.49050606162791,76.30528769116489
604.9873172406487,176.81097253467533,26.65374541073379,77.43368739678442
601.6952655692199,174.4587720319306,28.66434378398742,81.6551334824747
603.1848896216009,176.7219331243203,26.5699689889982,80.89256686836751
603.1986816755277,176.70731559341448,26.415917296015323,84.17007609207838
599.4501451975748,176.82152440185519,29.213484873025664,75.98570727678464
603.0,174.0,28.0,82.0
601.5002348776068,176.97535087140068,29.47881940094726,83.48398892035738
601.1137658760488,178.7889625109591,28.95974089937954,84.45953527842568
600.3279816666463,181.17098676630275,29.109494753753552,81.56661626807903
599.6755591581878,180.44101764103613,29.982894094209314,80.66619122554198
599.5059306157223,180.86071650865847,28.913980802762126,83.38801054711587
599.1144331125632,181.03951243534038,29.60911481768096,79.10186342645363
599.0,176.0,25.0,82.0
596.5591061600862,180.05318308884813,27.917904871300152,81.51942020608271
596.2236255667904,180.66296052878033,28.100921176668635,82.12722543756718
595.8936257774512,180.98542661173542,27.792811497043203,83.7179737997659
595.2233942020853,181.5629657032356,29.020199300081458,77.46335366335586
592.1583181910364,179.87088204424936,29.981786227718203,82.0605434612446
593.0587146736444,180.93120350266435,29.85868723359988,83.42607429755554
596.0,177.0,25.0,78.0
593.2636571252315,180.62972729344418,28.579085208994,79.74705056369893
593.0507978555014,182.992613785606,28.365388627904053,78.08221127252335
592.979896152092,182.21637610606558,27.99467509038243,80.41890723369761
592.7457851619624,182.72676689347827,28.010327784320452,80.23322198143546
589.503976470282,182.85739953162715,30.3031918792675,78.78247523352616
590.5129280586117,182.7825261912211,29.78754911549686,80.06845958632027
591.0,180.0,28.0,79.0
590.5140895562881,183.76231718088997,28.786027939700034,78.87133234724985
590.1674627623015,183.41575498008666,29.014354090745655,81.02426643808701
589.7128955067687,183.9503633923648,29.320255481992035,80.79905411411687
589.185272128394,184.32425552357506,29.56851881845705,80.85757679548408
590.0476924438799,183.50959162174559,28.159241421341676,79.1607216750773
590.1069657766116,183.1877442338398,27.57286558577789,82.26232626134981
590.0,179.0,25.0,76.0
588.6730401807156,181.61025913247323,26.406402821335178,78.16440919574785
588.722426577704,182.56268596966646,25.7608868402167,81.0888810492998
585.3912281995217,182.2913012379679,28.17350526408518,81.89839730218694
586.6424308965177,183.07307645788376,26.38620864749805,83.98620366652659
586.0720782625943,184.9335500813918,26.722447476723005,75.0150560330402
585.2549589338023,182.559077791439,27.198714750716135,84.44744938899407
585.0,179.0,29.0,82.0
583.9262657669151,182.05884275635253,29.362976325625823,83.20533088067896
583.4677722724978,183.86818535150405,29.42720057824158,83.72419369680307
583.1143226294928,184.57541909994103,29.65306233546221,80.03165917034397
583.2030728567497,184.9251738908684,28.684296172600625,82.96793588577737
582.9876017500721,183.83368717785697,29.122433729470913,80.30608128136828
582.5175858312514,183.82306494013426,29.27771121590331,84.02940868711488
583.0,180.0,24.0,77.0
580.4327314111642,183.6374866950353,27.383750731396503,76.66492794739673
580.1573384913436,184.39930019042123,26.96332386245149,78.77855281475775
579.9048655450606,182.95319761336498,27.20853497959979,77.95975757519665
579.9110438680193,183.12948490783606,26.610654114395174,80.71892971274718
576.0386076211802,183.4325051880976,29.631705437408186,80.45024798783709
577.1711937320497,184.43440569274497,28.636499267608315,81.38484064499875
580.0,179.0,27.0,78.0
578.8264441295627,182.38804843458308,28.709682367490245,78.88195772267682
578.6632439231955,183.0673364677317,28.873143856488923,78.96347875535412
578.5221036891307,183.14334219407556,29.09106562923853,79.64866117316478
578.4829776303982,183.48943324690663,29.05851847996587,79.74960078640862
578.4244993441707,183.8432646540831,29.209563084446586,79.8153312368587
578.749769716081,182.96900195354021,28.730935892990033,77.91105883994106
578.0,178.0,27.0,81.0
576.8070124451945,181.15878094502068,29.149016546757593,82.04066089218594
577.8911674116821,182.48933915058524,27.834103877238817,80.87240859054549
578.259792394269,182.16596173519838,27.952294856024196,79.28143154730446
578.6005458469212,181.19495688356398,27.711714911383524,78.94490657733883
578.6766817208257,181.3962703337403,27.771508707567477,81.45681756283705
578.650835398656,181.5885399715146,28.075239145916385,77.83596394998688
581.0,176.0,24.0,77.0
579.1353631278432,178.60713184457438,26.827202120539596,79.60988514315846
579.9697580696707,178.39167801942108,25.549606325128025,83.10491242047601
579.1005752736203,180.38265939477355,26.604269414315013,74.54779560488305
579.5328728169391,178.28008254170413,26.064996698792356,83.81863212377846
579.0550366173338,181.2032489928754,26.525371620889928,71.05376837160554
579.1102117754572,178.35011194938102,26.53375024594709,82.9301452975485
580.0,176.0,27.0,82.0
579.1819728597352,179.2370468784377,28.00953353922523,81.79069374434266
579.2922803190139,181.19544154250048,28.2275526236607,82.21688087584607
579.5748760310821,179.3794694823858,28.278235253608614,81.80191152755827
579.9694290082642,180.99239857606398,27.48244207945129,81.48865771070308
580.103580097013,178.86182656390278,27.99560749045486,79.6672082262975
579.555415948289,179.1214026744484,28.788440379825715,82.11169871907686
583.0,172.0,24.0,76.0
580.6462103421077,174.996528318168,27.37692636484644,75.31733198205532
581.4822711239439,174.6605975214125,27.068184422873287,77.6586206144342
581.7184877825734,174.75946801560713,26.398317209649576,78.3914506652809
581.6491319194512,174.3987647022193,27.109546602775936,76.08832916812628
581.959390058064,173.98835601309474,26.875870809058142,78.92851315086591
581.860918306874,173.94898899000123,27.970939449811794,75.11279733676099
582.0,169.0,26.0,77.0
580.9445699849957,173.11598140852914,28.00729976063394,76.37805983420978
581.0546372894867,172.987649424128,28.584687746909026,77.32874521141525
581.2281206913985,173.12024670653796,28.80277325456882,77.5663672675538
581.9374832071471,172.32096090692403,28.360215238926685,77.10689943118075
582.088770878604,172.2100478635573,28.695200322014784,77.89548256866874
582.8299937842515,171.40264664903225,27.85945051825638,77.27957332406277
582.0,166.0,26.0,79.0
581.2948053072784,169.40948564422047,27.455711227804727,79.44372177146369
582.0734472409497,170.57501533407594,26.644881679954665,78.69993121784432
582.8475297769128,170.47555796868699,26.3384117261279,76.83599416672484
583.3360587701897,169.6955932374376,26.08123622797814,76.29337595521349
583.4755786913158,168.75947804497213,26.169008831640667,75.64164796821132
583.4929968762129,169.42717810556724,26.517196875622403,79.6387170519335
587.0,162.0,25.0,77.0
585.0833480325937,164.52886793674224,27.740706143854368,79.37911249079332
586.4525511389936,165.7616113978072,26.73228661841597,79.86185885978898
586.8407945406059,166.87959978559434,26.478284946707618,73.74453157021821
586.5779192316035,165.50536809742266,27.074703791485376,81.12219100571821
587.0691244314398,167.4706666824029,26.707443806164747,72.36553710068185
586.8586148985141,165.48074614825782,27.372473213556987,81.29900052092438
586.0,163.0,27.0,81.0
585.8399336204513,165.66737708309148,27.672872469213644,81.45334925411959
586.5343987973213,167.59173791060232,27.256833765210445,81.75356814639471
587.1544465478197,170.0428870133328,26.997710384475795,78.41658312927063
587.2785544798737,167.16604945108736,27.309383581217617,78.58315352014063
587.7316682222265,167.4908464346148,26.72898340739016,81.4958790162278
587.5809913144188,166.38631694619198,27.668109260782217,76.66277386901186
592.0,159.0,24.0,76.0
589.8397860804121,163.05190627415521,27.273109522104733,74.53221282739452
590.2946116351458,162.2467829891666,27.47167599904219,77.15651984246529
590.5181293794594,161.77353108298394,27.98619204651129,76.14697595641928
591.2097586813459,161.08658745781122,27.021490313323056,79.39372871831802
590.906292771062,161.80522223792246,28.63205576380085,74.33196814925225
588.2392293331018,161.08405034582358,29.376210951103303,78.36996497323426
592.0,157.0,26.0,76.0
591.1483010952747,161.0080609320944,27.719565042512386,74.91678577450602
591.435904159493,160.896949358214,28.310212694044935,76.67618512205365
591.7352714384851,160.93827274797758,28.45520224737311,77.31799832265887
592.1244914974613,161.23612378991356,28.51899750348082,77.5252206309566
592.5571056398815,161.48687423664302,28.600565837419936,77.78703151695197
592.9740301516771,161.7638655399005,28.77754660824246,77.98198110284284
593.0,159.0,27.0,78.0
593.8360406996005,164.15330281783721,26.87761095833298,78.23950574388377
594.3646732302161,163.96237366410196,26.67391988090435,76.93023951851933
594.7956394735669,163.60695987753888,26.122504917390074,78.79894629550358
595.1657364668756,164.2341310020205,25.959609931479008,79.02834105496692
594.9451079814005,164.02302868432332,26.667194395105867,82.60906188665606
595.1573295203875,163.12876884808395,26.477640901591712,79.7680606665682
596.0,160.0,25.0,75.0
595.0584338835367,163.51563365164162,26.54360679950298,76.33999238698985
595.0482024101609,163.64065190425617,26.680292311665312,77.06721986490203
594.9149299184537,163.67382673660552,26.81480685558836,78.39324811288094
595.332549467076,164.42260230855027,26.817188388408567,73.12973678645085
595.1081989265138,162.8445365418172,26.897063166789508,79.68752034485331
595.5194773178156,164.7045509144382,26.55404579098297,71.67875148029083
595.0,159.0,26.0,79.0
594.1113028228515,161.5604811119794,27.21758345889475,79.79141495720563
595.0716432315262,163.6392213517945,26.380649248543705,79.05335606619508
595.574835244635,164.40600192741977,26.00070687965183,74.99545368894815
595.654007890988,164.0149054878458,26.05479087931724,78.83587997715637
595.8519947201447,162.93023449866178,26.138248216159468,75.3293809456606
595.0574572815024,162.91295497761155,27.412188255836327,79.69756295537266
598.0,158.0,24.0,73.0
596.2314055657598,161.56571837207798,26.504718402813978,73.17425772485126
596.5282313397029,163.17886056761472,26.15857859867492,73.89675727341034
596.6477976917502,162.35855599953902,25.856707918375378,76.94020726875578
596.537959293591,163.24338677122046,25.913298923262573,77.05671413595246
593.1442851553594,164.39380480684747,28.389281420466773,76.52330356692005
594.3024871548063,165.42229033340573,27.555708625092734,78.39583416389246
596.0,163.0,27.0,76.0
595.3803163794939,167.5136905143038,27.89110462352187,75.9940106205454
595.3668344038356,168.85944984737682,28.288274148624055,77.6014397980075
595.4701223470192,169.37807371824442,28.350235240454367,76.85032257686657
595.5690841564904,169.7065282191665,28.37898534068188,77.26373178812196
595.5636986497764,169.97277067147843,28.56432366692809,77.75423933377897
595.5825353216653,170.3018433831071,28.825422473201,77.75087241477502
595.0,167.0,27.0,76.0
594.3393445840625,170.84187340939621,28.167093570105408,77.30046315902015
595.2671465623737,170.99455922851217,26.870850864872637,77.75671481422421
595.637664616529,171.2360829849432,26.408325873876947,78.57483225620047
595.9485073494917,171.7487242181361,26.290618349047577,79.26916733403482
596.0108997261361,172.45984496112885,26.274895042659182,79.7959740784639
596.0043241292544,173.05777421938342,26.34582290522235,76.3067802610509
596.0,168.0,26.0,76.0
595.1635642630226,172.42459334838324,27.118144228883466,76.43056258735442
594.951661095545,172.21094471775132,27.520395016325892,78.35364473692675
592.8232880764522,172.2980157926076,28.110663080735776,79.26855591422813
593.6412744901543,173.46618941512338,27.941162435272645,79.915661775345
593.8923331144841,174.31759749291746,27.529118303352334,79.47217670410362
594.2346812943734,175.3137998905596,27.26588291224664,72.77554823924538
595.0,171.0,27.0,78.0
595.4770804030882,176.15288108230055,27.013170950738413,78.24961523205403
595.436957656374,176.7217984451479,26.51159451982585,77.29964005977735
595.8708677988589,176.4012781781757,26.199171347870106,75.51159609719645
595.8613205753029,175.99887052973827,26.795101819087677,73.09651787143096
595.3565546122113,174.7646089713959,27.15522068723112,78.6576541463076
595.1503187043446,176.19369250740215,28.016370570608842,70.94593337259332
595.0,169.0,24.0,74.0
593.8949334035663,172.7427002503308,25.89168334032513,73.15764441755954
594.0846189061019,171.9389663960029,25.31268086043201,76.7049529855434
594.027847963357,172.33471838670266,25.043237211831297,78.02924625644027
590.85740163566,172.2884390856059,27.156463941727793,78.45222848812182
591.6338017615333,173.11250136950514,26.592010587202935,79.84396342345542
592.1441702707498,174.70053593782313,26.426621714294924,73.34787210039832
593.0,167.0,27.0,78.0
592.6231769719764,169.84716671089222,27.58668881874155,78.99334658651298
592.3870697074781,171.25174285030755,27.941103806409046,79.55225526027314
592.4436337618547,172.42562397508152,28.008810293065835,76.07818109225559
592.30932991491,172.79610855031615,28.437426430718347,76.32832460196232
592.4316729430483,171.917804080407,28.546767806036087,76.69800462454879
592.5246170210548,171.4067863205246,28.55883892334475,76.48508403639335
592.0,167.0,26.0,76.0
591.065354329414,170.9208492620698,27.38734575616104,76.71097718407304
591.5575131471373,170.51562062617086,26.449833119215555,77.72771330308683
591.5774591476624,170.90472465262428,26.52693498117185,78.7776478510732
592.2689971813315,171.2372002043703,25.677089734982474,76.12908397573119
589.1924585108682,170.50147341467323,25.534471642792596,81.16338255882681
585.5989059178684,172.38478183693627,27.775065998844298,79.82818847424227
592.0,167.0,25.0,75.0
591.0952731370571,170.87461153026376,26.258770347740892,75.60327578389732
590.8235403229437,170.75627837778256,26.044084660581575,76.6795867181936
590.4463491774793,171.28847100148846,26.256943914627982,76.77475746789582
587.6504332977474,171.63948618924837,27.690200242377614,76.32582621212407
588.7469856141777,172.1597664341565,27.10864617967195,77.80337496899011
589.5909514959437,173.08527019451503,26.407243282264403,73.5970369355573
590.0,167.0,26.0,78.0
589.7385650561919,169.679229621935,25.835278086245694,78.90349975420389
590.1370130129312,171.6269983126465,25.518915036730505,77.46932812887877
589.7868146473734,172.50208111435904,26.02205757232059,76.71438341626038
589.3103581584023,172.80507786921146,26.784389668618132,73.53985483951891
589.120227488248,171.55118706801716,26.557198137437126,79.20503316333628
588.8985365345195,172.31997147609974,26.921291434229943,74.34258391279155
589.0,166.0,24.0,72.0
587.802861607659,169.03330690777375,25.631166361002784,73.23657749331545
587.9647563605765,168.95351441409014,24.987786005825228,76.47680443520062
587.8050710928993,169.87767129480358,25.017017396272763,77.13705282956954
584.9787264764627,170.36802828712047,26.91665598879149,76.14752060300259
585.8540873944744,171.24001653750952,26.373067095567876,77.61338794035066
586.3541880244852,171.77479006399028,26.317009148867214,73.2167204710455
588.0,165.0,26.0,77.0
587.841808216162,167.85365202220578,26.445568835005588,78.2921990175011
587.7012170286478,169.25155912761875,26.675620524793658,78.65743135680839
587.6640559587913,171.03941761340002,26.8699156206236,75.40907582365321
587.8222576804667,170.71817705142712,26.45568772830518,75.12725961638807
587.644034557326,171.42819738377892,26.95679395659954,74.85686381836172
587.654894602364,170.9916634662908,27.011336648722363,74.47878034393273
587.0,166.0,26.0,75.0
587.8017710336865,171.68045383083998,25.576654291254954,73.96327174900864
587.8473093481334,171.23575836614646,25.048400592707367,73.50029558722667
588.0414820975468,171.31922628717666,24.851210919783398,75.01427843495077
587.9343475689333,170.85751938228964,24.903621182428765,74.02830907023355
588.726224253192,171.44369562710642,23.813904611985436,76.18751090810764
588.3370908351862,170.16127283048104,24.37017917600315,75.29529129523189
585.0,165.0,25.0,76.0
584.3220209072135,167.91771380190949,25.81761522738077,76.47767628288861
584.1725460353937,169.40261604435796,25.587804631095878,76.22974183469034
583.8200088037071,170.72024771744896,25.706960091508222,74.71781044136947
584.1024053953424,171.57391995374746,24.90695533424332,68.4288914703462
583.4960188715345,169.6608875167655,25.444977884148102,75.84395074940028
583.8025745071077,171.54851309216963,24.527417719499226,66.19572836997352
582.0,166.0,26.0,79.0
582.0276749008335,170.48774155757383,25.763230401163128,75.83333287610719
582.8176001584964,172.53471321246366,24.74467514169305,75.75362808123938
582.9008264291036,170.84465732315812,24.459851173616812,72.43746973940478
583.1988253160624,172.04471012698883,23.988742876101128,75.17321810939973
583.0655049847119,171.06400566414302,23.966190552235503,70.23763847296217
582.8840902374795,170.93338482886816,24.64565311181923,65.50531445158902
584.0,166.0,23.0,72.0
583.4056983974324,168.4315552242595,23.82695818258071,72.70455034541541
583.4679365726199,169.6399091708529,23.62475354161552,72.2749492537476
583.2686699681612,170.5879278288113,23.73381421908971,73.1699830123496
582.992507646949,172.11640268014662,24.29804785028591,67.57413788732015
583.033754098634,170.80218964819505,24.312898146105113,74.14276109286698
583.1426594315213,172.30678301952315,24.17283171290535,67.87797243796851
582.0,166.0,27.0,76.0
582.3481634310397,169.4453169915805,25.30327025797169,74.94588470305075
582.5149901397363,171.7479754570262,26.42132343117919,74.44843130941103
583.2022550728195,171.7981445351749,26.144782777846444,71.48334720687558
583.6131047274785,171.89945570649553,25.991871670411,73.84720408020655
583.9356200954294,170.97241817305576,26.004876177405777,73.01222522913395
584.2045569316892,171.93369938810872,25.898818561347298,73.47147231076303
582.0,165.0,25.0,74.0
581.7798238787143,167.9046633055059,25.810838176473908,74.80511693462927
583.0746505160732,169.0835383412068,24.19075301873272,74.57528251139593
583.306709172108,170.1901301670341,24.09073944252782,71.11768398728168
583.6988909414335,170.0829180555267,23.938689765799154,74.04238987871713
583.7191260504771,169.30666398319227,24.112652182433067,71.92532533676786
584.0948257595683,169.22992789114164,23.839675903940588,76.67660606764898
584.0,164.0,25.0,78.0
583.5969990029089,167.0368777452162,25.354069285618152,77.86148690149068
583.7359759419921,169.62123487090219,25.75101830414951,76.11951710930407
583.7993520937953,170.84967390802603,25.843969905180302,76.2541998762309
583.9461626389281,169.39489202648858,25.742267297394392,74.22040215365925
583.8284115942149,169.7900391907515,26.137492424949187,75.97300986339087
584.7491465831517,170.90359964603385,24.66330930685581,69.87209572358606
584.0,164.0,26.0,80.0
584.9872836034478,169.25625296705107,25.294251404426404,77.69872230502821
585.6031767932136,168.3096362417557,24.289603499249097,74.06297213816401
585.932040193693,169.684013661282,24.65199887046765,76.19388545390504
586.3755540402683,168.58717497927137,23.986737447766473,70.95886343397433
586.5054651605934,168.8526908519246,24.436535258506296,75.29028232952044
586.8176441093003,168.38646546564144,24.342479356381546,69.45719670307895
588.0,163.0,23.0,74.0
586.9654333403646,165.6351714123066,24.980977232613895,74.80298089394864
587.7870945181458,167.30138067063524,24.481844482891574,74.14336022547926
588.0563387192054,168.28051165651289,24.353761589428473,74.49312492962977
587.9087862674678,169.43359160445755,25.381369143591655,74.62117257233695
588.2137982581012,169.61223896590673,25.447082676971604,70.47561962031148
588.4040047563637,169.41351512825577,26.02935009085877,74.01435700288357
588.0,164.0,27.0,77.0
589.3296727961451,168.71361727482872,26.17079530602723,75.32917906758132
589.0710158121606,169.88244830433746,27.278533776169184,76.30628012107078
589.9485225669423,170.06543676673613,26.737113787104363,73.82937737416
590.1400068632934,170.42991711252074,27.379686097633112,75.48888098333538
591.2043461958104,169.81709768618748,26.92420603858102,74.30126522618036
591.8962977335459,168.90842329293298,27.071342926633406,73.67817682361817
593.0,163.0,25.0,76.0
594.0307018818223,166.08836163979373,25.232003547165505,77.43420777886428
594.3415856631493,167.83233131220732,24.879975644421847,75.63996412606093
594.5674725246495,167.52421822416545,25.07834441484215,74.05670336829928
594.842305080005,168.04261722639922,25.420826112404256,75.70378376347844
595.2601762822305,167.84880258025112,25.338384223286994,73.33795519031628
595.595257159265,168.2220326695159,25.640201436860934,75.35238087498442
597.0,162.0,25.0,79.0
597.2531009038171,166.84711191665406,26.054302272524183,77.44550131843013
596.9016414508944,168.26805228532794,26.62941648908668,77.25064682746236
597.0633068777742,168.63407573950838,27.1783498583153,73.3185503594591
596.9742045520961,167.97445073725748,27.722989625592618,77.26594953109327
597.6162192249203,168.44304003297032,27.38366141807637,73.43395397243057
597.6428744813334,167.6401378892931,27.477583849636517,78.92659522739456
598.0,163.0,25.0,82.0
597.2043679753383,166.32073013742774,26.65550704678367,80.70572869560124
598.2184112451823,168.89875450257125,26.329131621091506,79.09479929349854
598.5776272780624,167.16737244319825,26.539667078001912,75.30288583769163
598.86717414448,167.09267358295028,26.498143333656117,79.99655029497708
599.4686352717699,168.49891961929188,26.411996294776145,70.05811642236722
599.1995662878611,166.74194184637224,27.497318623027468,79.2062681798252
602.0,161.0,24.0,75.0
600.412633375955,164.64606837143987,26.69131191402994,75.26108424590234
601.0944452561669,164.41436385975499,26.519201679961498,78.50353216892813
601.1003246895019,165.7545908800999,26.968905205119086,78.1528927812505
601.4020746374977,165.74974137356548,26.981937791734367,75.16391960436795
601.7047022573433,165.28411963713643,26.995483311869748,78.8777642420016
601.935895948096,166.13211176850825,27.289804852562156,73.31637821260358
603.0,161.0,26.0,78.0
602.70477839248,164.7463107983475,27.3490338420836,77.75469187768803
603.2536052844231,165.80790227092473,27.43395388058468,78.18140248235733
604.0928617699428,165.42764701288297,27.269547997912014,76.81928175520852
604.4582165826545,166.26711644119814,27.30673054578085,76.89540432345802
605.2494432493241,165.34619580298732,27.029175355244092,76.3236562827243
605.8609632521075,164.4133025821984,27.055143854543076,75.94374814972366
608.0,160.0,25.0,77.0
608.082113764562,164.81459232320026,25.948165949169493,77.1433856378348
608.6147760539939,164.39259952218384,25.210585396350325,76.2079507728946
608.8588015897087,164.85619388787381,25.16963290594049,77.51916254919246
608.9558413555569,166.16192553071562,25.379175791740636,76.38137138962293
608.689612757461,163.183145540817,26.07381980561604,77.58242177764294
609.1610055572964,164.0019618811208,25.62063392731443,80.33352293157284
609.0,158.0,26.0,81.0
609.1557352500993,162.71379124044182,26.88048403603102,80.42202754025993
608.5176287169359,164.42874146716213,27.42604399492518,79.39589763813774
608.3507742344636,164.37363470871583,28.067260522570905,75.67017168909331
608.1802645900434,163.5654612145446,27.714125748025253,80.93676453007569
607.9289321618633,164.83622917209823,28.32519976417177,80.1305586548265
607.910701347485,161.99172255749204,28.31209982933433,81.45064437385417
609.0,157.0,25.0,82.0
607.1872328296831,159.83620135809258,27.95684117955716,82.44328715849869
607.6822676071117,161.90972369535746,27.72773131883355,80.64088119226312
607.2203556805332,162.31896817078587,28.83037981271741,76.76724282801047
607.4042239377738,161.0533685887449,28.389357961079895,80.7882229214917
607.4460194154508,161.97411829401153,28.851650895674993,74.81148190309409
607.5112626752617,160.36685838147787,28.696427646301572,80.51189253840676
611.0,155.0,24.0,75.0
608.9437424431271,158.39135553245734,27.204695133623545,74.9972510992049
609.0071898678382,159.99667194453127,27.121996147257732,75.76493452235377
608.6989956726684,159.53050946343592,27.658493400085717,77.80261686493895
608.7294934003731,158.76886770527153,28.067006682239708,75.8828377414365
609.0330814219342,158.4459882388045,27.341384936934446,78.92006213632072
608.8921613120551,159.54912710231292,27.69373524187415,78.09794925204324
609.0,156.0,28.0,79.0
609.4038732014951,160.86574825982268,27.84980997098637,78.89936729821616
608.965137196983,160.19187204962316,28.802781025276317,78.31604856148601
608.8982018113684,160.58391199975603,28.82117859885102,78.78464221793104
609.6012684610367,159.88414954352413,28.219238748175712,77.93165223590535
609.3304160667722,159.9246963538908,28.271524758010855,78.76622514974201
609.9551198281247,159.26647586901595,27.429363388755178,77.70465369996242
611.0,153.0,24.0,75.0
608.8276588995459,155.5868446204073,26.890119668320267,77.06995106196416
609.9210214210914,155.46101757195038,25.350519684770916,78.42230070462654
609.4787730775647,155.93269338030564,25.97003808712725,79.25217963251964
609.2740979276506,156.49410539594692,25.855222920174697,73.96099247862537
609.6079389554266,154.78512209506334,25.282019232740367,81.30824022691564
605.800933258487,156.35965371481166,27.953332851809137,78.97268928866572
607.0,153.0,27.0,82.0
606.0815653225866,156.17092219281608,28.09219930717086,81.65225922650393
605.7665709201087,158.32398420438278,28.337216050901247,82.0957105956503
605.6459133149565,160.27832046094318,28.1869347321051,79.49456241277937
604.9756103436339,157.03176231321044,28.9263155329013,81.7396105094237
605.0634342306776,158.40930736820587,27.652628792300675,81.91456851199507
604.5323264624934,156.36437444433238,28.793855609282332,81.12826458936638
607.0,151.0,25.0,81.0
605.1346353408444,154.29575998953567,27.400482152859695,80.84805458200049
604.6438609598434,155.27210829689443,28.084556059213128,80.65306953204004
604.5001804283759,155.27113742614006,28.3404699419832,77.44898497884333
604.2737096758897,154.85382587810295,28.09736933459635,80.10607940229437
603.9815147506906,155.48678211884135,27.92690280799502,80.36098304617917
603.5479713618768,155.3287667469566,28.830467089040894,77.56253456425668
606.0,151.0,24.0,76.0
603.339440622477,154.7156708283586,27.41579615232081,77.13816157556599
603.8271988891956,155.477896330408,26.900411049057993,77.22907352755868
603.5923448408794,155.4512407177176,26.998710127889353,77.81276757030264
603.3424083552518,155.8841161818089,27.143005925465786,77.51163220801305
603.225957858931,156.3390351861824,27.255831392216237,77.17695127219048
603.32228169854,155.73889581047519,27.15758456032256,74.69363913123232
602.0,150.0,27.0,79.0
601.4901079735585,152.30255583803046,27.959953861095528,80.7329183434635
601.8636902436183,154.2718718917322,27.46045823971599,78.33018392228769
602.2435186396045,154.1706118743448,27.168025833523984,76.58139917472448
602.1070234221804,154.0672396989521,26.919134932138377,78.84971449506656
602.3882879562069,154.22112570105264,26.359190150638483,76.08422354023685
602.4380008763449,154.09991404352502,26.08428222563157,79.0414530241327
603.0,150.0,25.0,76.0
602.0654615345134,153.78692805027686,26.216474375746202,77.12664782866548
602.4115284413001,153.87710904465337,25.5654773428887,79.1101591233307
602.0429040507752,154.8058191537409,25.91094905540558,80.16211108846517
601.5154246228404,156.22937486250066,26.08429889454976,73.26200607442729
600.56745375436,154.41813801740398,27.108840933738975,81.14662296938545
600.6844429691108,156.92804755807515,26.451895179919006,69.97535282831348
599.0,151.0,28.0,82.0
598.5365388925893,154.01557332705806,28.49613045884621,83.11885445789517
598.4390920685764,157.03058743278257,28.517853599666523,81.322016883191
598.877787519682,159.45153234153986,27.727393593866964,79.38772104134648
598.4239930144327,156.50690497313047,28.424770285035493,79.56717694667935
598.226511414932,156.73864398331,28.376762215247027,83.089087211199
598.3711182201282,155.78402860104075,28.48908742521894,78.58581945948845
601.0,151.0,23.0,76.0
598.2824982744933,154.57630356438523,26.900256355991587,75.1921484117317
598.4312310146155,156.4451946989634,26.272322275712554,75.06816477240454
598.3911089594776,155.7218555487251,25.95588195642904,77.55883289597244
598.2638675421541,155.5185680196837,26.767844803675644,75.43401651886256
595.3911072074044,154.8217629168248,28.3467032224238,78.12123109683864
596.4507137876851,155.74088491702832,27.22543450680098,79.72106287355456
599.0,151.0,26.0,78.0
597.8289236417461,155.9109660926211,27.818794326248508,77.2683999557818
597.5540477424574,155.816033508494,28.53312821078623,78.56593358552345
597.509291378025,156.47620714757,28.46044531794064,77.80033812123372
597.5114812811898,156.83334608571136,28.195945543080825,77.7997069417263
597.3481595545684,157.1704172362319,28.57914069727974,77.87356704270366
597.3423469789375,157.3828699929062,28.716655330159938,78.25329809085952
597.0,153.0,26.0,79.0
596.9809865640414,157.63122785118338,27.029079017453114,79.48953742209682
597.3849038275762,157.85017656297157,25.988394344487688,77.24090151962002
597.1126736300421,157.78235050318062,26.404013881719038,78.75268124755053
597.4317540580774,157.9614124834659,25.94139427888865,76.56802439124726
597.374134946856,157.90097911923306,25.95799145557021,79.20671006120665
597.033719097935,158.65488156575884,26.28906701862968,80.73776070854467
598.0,154.0,25.0,76.0
596.307329478941,157.90709855415813,27.22878740865781,76.64958427668833
597.120709382004,157.80129314572287,25.909806271003845,78.78718574635013
596.4641876990446,158.64043925890735,26.651869099185546,78.94548177547026
595.9456905007175,159.3269228435762,27.02206487168155,79.47930175771091
595.9531207535294,160.78489574584,26.7345507959742,72.5012070908445
595.3409487855984,158.44921162886533,27.355091775653477,81.4116622074971
594.0,154.0,27.0,82.0
593.0299815084911,157.12206920446442,28.13647057786943,81.96007181965024
593.2999165970065,159.02046104335977,27.562639304400932,82.8996012772933
593.2199448765923,161.34829839670056,27.56749928317913,80.57257856813794
593.0452157330901,162.33801951876342,27.797737021966896,73.06158196018833
592.8284052570459,160.97351057769515,28.00152033862446,80.10528063171793
593.1503519215,161.90349000065248,27.401295261697896,72.34102823378251
595.0,157.0,24.0,75.0
592.897094016367,161.1571690157305,26.758682033274567,73.91724054684263
592.9181504456772,163.29959140839526,26.433487154379918,74.4017510920911
592.7519207534242,162.36158383635507,26.438514659570956,77.9964254691671
592.6017137702131,163.11482424923906,26.376931469303827,78.85774791539797
589.5202414727901,163.79982730664835,28.478875990731467,78.68429011757314
590.5205147585796,164.61282104681635,27.6901607114969,81.32378485537586
593.0,162.0,27.0,77.0
592.2412714433985,166.22342428877892,28.234328267193632,77.11550076480489
591.8664383390098,167.7032779703427,28.841934162490702,77.61918690802804
591.9678944276129,167.69216656118897,28.707522178983254,77.93090177280607
592.0417970402923,168.96559524987782,28.63693984546626,77.12328364221298
592.2030074928093,168.88455157152862,28.668542668693362,78.2101958865992
592.2970659828163,169.27649435442322,28.589530218771188,78.37441024615066
591.0,166.0,27.0,78.0
590.277197333291,170.72623681863797,28.4966695710591,77.95359664948339
591.3421468815411,170.7109129399912,26.829237213287797,78.99970644977577
591.4884388064208,171.23612680915085,26.665421524914564,78.9648744505912
591.6765071928987,171.60360789841036,26.504713149745157,80.33539611558069
591.3222273570873,172.0333594536554,26.883753364817267,81.93331184176012
591.108251071805,173.19821496010218,27.026251961541448,81.33718051955367
593.0,170.0,24.0,77.0
591.3738031171279,173.9983344589964,26.3670824670171,78.02650869754464
591.2055507162186,174.50204516680913,25.994188590574595,79.46868572300826
590.9845043696431,175.267564482961,25.942587475263394,80.28522855699282
590.6899676485918,176.1354370967057,26.071686061062792,79.91021700363257
590.4855856500785,176.81612103652787,25.87547364452189,81.12224011379254
590.2690366395682,177.98488519717944,26.02541858134441,80.97929433609517
591.0,173.0,26.0,81.0
590.615986805009,176.11023804603138,26.17081551798435,81.41604509492402
590.9121927955905,178.43386953040766,26.294924785696026,81.74296644987533
590.8486996460538,180.41157761161696,26.646899594084516,80.49807271725854
590.4660506571979,181.33428981776342,27.21429017606829,81.37217584807638
590.4640059547309,182.7635898084004,27.284349055944745,80.18178319932974
590.4593059073275,184.22201762251052,28.025143433855874,72.49996770681986
592.0,180.0,24.0,72.0
589.6002050135048,184.0990737872629,27.285592516226643,73.70570484590928
590.2026158698311,186.84103306078967,26.94556762147954,74.55015287609328
590.6086325243332,186.6593768599015,26.078742781170604,77.17145319722908
590.4858623586833,188.02620972434522,26.43126969858804,77.10877232620595
587.146073504178,188.930246726718,28.8000618803178,77.42765889613622
588.3509511479098,192.11985216040034,28.017429164553164,78.28859258877537
590.0,189.0,27.0,77.0
589.7356152582155,194.08355680445138,27.745988572069905,76.87965011602668
589.756540065709,196.29421414298307,27.949534878172017,78.59906870462285
589.6607241755084,196.824276787519,28.419096052705072,77.69003791435239
589.8891337349118,197.84031578345036,28.578154797345633,78.51015225280298
589.9948307493623,199.121483075519,28.908478617179753,77.87221171074157
590.3158899254408,200.1866888044483,28.73007947264682,77.99760326820433
591.0,198.0,26.0,76.0
590.3964364962235,202.01954905164504,27.494445368001152,77.71184495995729
591.7879645276007,206.0904887876506,25.829786505701122,76.0543322974442
591.9472887739649,204.95770224405976,26.07860877304745,79.16241122860015
591.8401989045476,205.19764990907493,26.42507435847824,81.45759963760861
591.9054802395021,206.86380322685,26.485357921402738,80.6203126194705
591.9651149560452,208.27003369147815,26.68032915588219,80.51994535439019
595.0,205.0,26.0,75.0
594.9483317220893,210.86047514112755,26.780374980044144,76.46818194320326
594.5097398172908,210.63256090495656,27.22687722262799,77.293888874103
594.2459963512658,214.3535093480043,27.777028915897517,74.63375122441244
594.2613271506375,213.70705170100155,27.787558958187446,77.07961559192154
594.1918507819535,217.76128926944932,28.175987706862088,74.65291085199522
594.3930346927782,217.00001510887523,27.98374301011404,78.14392181349831
595.0,217.0,26.0,77.0
595.3734281884014,222.59309909431906,26.228190397046887,77.2216271860083
595.8303036744521,224.13616450543884,25.90053217505988,78.02393387319569
595.2638463693174,225.64743599598705,27.253466935784672,80.13383269280098
595.086632187817,227.13882445288903,27.710750364467117,79.91314972210438
594.8352990119378,228.67213482660702,28.23215299006631,79.85915477134927
594.8925116939258,230.31232630816362,28.295135693346538,79.35680555721012
597.0,228.0,24.0,72.0
595.4295765633569,233.88949931655543,26.5572248312576,73.87597474293216
595.8681084727359,237.1617258361244,26.335029844853125,75.12553756116773
596.2163839810096,240.68730455401334,25.75290158155144,74.82119026369395
596.0569734981013,244.34942866721727,26.402005507420654,74.09280273196063
596.1362882170856,247.71654254666402,26.66204857789046,74.10778098775279
596.3694589834556,252.28463271497793,26.456912507336483,72.05841884262185
597.0,250.0,26.0,75.0
596.822805709714,255.32589886986557,26.395877704773056,76.73644903583875
597.1927224480576,260.8781627886776,26.50343795336812,74.86658357033838
597.5627436074816,264.8798534175171,26.504324301352312,74.89748561394384
598.4425453271356,269.22788073377194,26.094096890401715,73.6719354213717
598.8160883235493,272.6394412750037,26.092055216742096,73.36371898984567
599.5469719190382,275.17784392100293,25.310904127903086,73.83538058929918
600.0,273.0,24.0,74.0
599.1323441541426,277.21769454104174,25.492484918465607,76.72137391856381
600.4097168707899,282.9956068700386,24.04063630745145,75.39113240981357
600.726708411778,284.82715341926394,24.145245040464033,76.4924706399051
600.8713705123973,287.1688792735864,24.429149542153937,76.46781074366015
601.1257917507515,289.08932323110594,24.46246803290876,78.19959775578411
601.4500416827387,291.60046454161875,24.313913889848095,79.25491237428014
601.0,290.0,24.0,78.0
600.5952131982851,295.75508638822953,24.85696061921226,77.2357922698427
600.316790431012,298.5060950582347,25.685817453968298,77.79798395874207
600.3398152543376,300.36439435072907,25.66944994793141,78.4320540839197
600.509672397128,302.1473929168769,25.7708967317991,78.35969601435988
601.0744400056998,303.85238086115896,25.28814273428361,78.08689162807957
601.4113380869426,305.65059936769956,25.294601720735045,76.03822726170858
602.0,298.0,25.0,77.0
602.0210733064607,300.8246089576878,25.817216450727187,76.88139882756087
602.4583203157194,301.88320116253726,25.648478771415398,75.81769751369711
601.7705625778895,301.99211857665796,27.138869473543423,75.89441634979084
602.2557957148509,303.17937833492033,26.7002629988707,71.29272774923447
601.8795522398937,301.63167013788257,27.76014321504192,76.07259120887602
602.4287341516904,302.06500712696493,27.037973804540115,72.28596217041718
604.0,296.0,25.0,73.0
603.3042793588729,299.7776589613298,26.70700021902462,73.29943519221393
603.3908182272996,299.1756834925668,26.919936551680394,75.96240744619831
603.4468665399611,299.70841752430533,27.057048523254252,75.66883896202285
603.5456316915522,300.05943129754974,27.24420326916845,75.50302352663664
603.6752255393842,300.2577859981461,27.498620472591483,75.50717975134262
604.3782548834326,300.62542146765327,27.338690220780336,70.47808311520936
605.0,295.0,27.0,76.0
605.3665103784733,299.0895219366139,27.147913591626775,75.90320270456004
606.1966684816384,299.09714097596566,26.830051716905587,74.61531649685071
606.830248717207,298.412413431663,26.748115144094754,74.25466096819241
607.5656578646926,297.7204619421145,26.341268938908115,73.2190054826043
608.3744735295666,296.7892409027336,25.673799187498503,72.78722229984794
609.0088449733604,295.6420437797394,25.081213706637868,72.40414543187615
609.0,289.0,26.0,70.0
608.9624927371442,291.2552650061597,26.256821540464443,69.35728437470755
610.0319598626352,288.9913496324298,25.163473723746506,72.30679618525755
610.3105310646154,288.24334585324175,24.86798389565456,71.7800182827034
610.5530555017046,286.80312724257215,24.658523568074315,71.73092150571279
610.9563062680371,285.6019759900855,24.263920625877404,71.56847195862497
611.2149052655695,285.30062010250754,24.09246618693942,75.54473947249505
609.0,279.0,26.0,75.0
608.9793030614205,282.12222036634523,26.086350546611357,74.99668297613869
608.7497887211898,283.5350480514994,26.51154542962672,75.79163909589352
608.6194899642132,285.1850092406239,26.656183396363303,74.01578943614004
609.0082025971891,284.52891786033,26.33450913787044,73.22399908832722
609.6494228416632,284.91295246074515,25.3741817129403,75.25792414569497
609.9851385057525,282.70891017135045,25.419371283253327,74.72145205090396
610.0,278.0,25.0,76.0
609.8413109330213,280.4161822770734,25.405669582674705,77.42280010406353
609.9743048303769,282.5099316120554,25.65368822021469,75.35428232832203
609.9626469747582,283.7162166184403,25.72353896543973,69.97119641411837
609.781360126932,282.3845635556472,26.181570084281475,74.62958418583366
609.8049779040861,283.2423505276988,25.83812881434085,75.02824691512433
607.9373546665245,282.2617381213348,25.24333584295084,71.67879248631482
610.0,278.0,26.0,73.0
609.4383963864107,282.1305570236964,26.26883110489871,72.52880301145638
609.479932764775,281.7584202745179,26.545366904109414,75.2490817484163
609.5218889993364,282.5486162221041,26.63271687903773,75.11965942052484
609.5517520523008,283.2617039078216,26.697762579221035,74.84958809292266
609.6410141389715,283.93292049133106,26.90955346870942,74.7453765883156
609.9411822188868,283.7016770066243,26.704260548664706,71.46467097847744
609.0,280.0,26.0,76.0
609.2656023753457,282.35346567681654,25.656697344996928,77.11858985530631
609.5426145966218,284.15094827278176,25.611647803179835,76.11697848834109
610.431811607419,285.11554038751865,24.825039889470304,71.3800171694005
610.9239019666181,284.6510985093686,24.27668893618511,74.80187933738694
611.3967850730196,284.99211044777076,23.896830524330653,70.88568697109622
611.885432371095,283.79731390263464,23.379782275928847,68.9188333956742
613.0,280.0,23.0,72.0
612.4873950760957,283.8006503059968,23.51536973174143,71.64413485524676
612.8365111400776,284.48692159962184,23.315514654308345,72.55880482595046
613.120651505109,285.97438544223087,23.09304149417585,71.23445338551846
613.0903065748346,285.63581514479574,22.973573330850513,69.14779048809032
613.2358662276674,285.81900023291803,22.847216588168976,72.3627325704449
613.1348835421152,285.33647824883747,22.860315114163086,69.26741405093935
610.0,281.0,25.0,78.0
610.0433177168226,285.73440124461445,24.498265539623503,76.48366584589996
609.7725472636669,288.82969557592605,25.105898266639088,73.96259626090949
610.2954704914457,286.418204610952,24.194515203701258,73.41717274667621
610.2349911362406,287.77970999683225,23.911216060995798,75.4652205170247
610.3637874895251,285.68693278625454,23.611385218266832,73.8201036011215
610.7148414836049,287.9809865151042,23.08717015517209,74.26313630882078
610.0,280.0,23.0,73.0
609.7968719483126,282.27060929178424,23.388489840822558,73.10778416541297
610.0140992380175,284.04731645296874,22.88764656470903,71.36991393794517
609.5399126041666,285.33475476070817,23.43731428866454,70.25284828424992
607.1786014453846,284.6497515810406,24.432175660161874,66.66850242619603
607.8976982567752,283.8950434651688,24.12172198172061,72.29164070783918
607.8949457402003,285.5308188395154,23.982699556003013,72.45330249244262
607.0,279.0,25.0,72.0
606.5508731319563,281.9295692116366,25.302205239384193,71.81265045224654
606.2610059277504,283.5076966505103,25.584606363416242,72.1994089977099
606.002005348158,284.3170243330046,25.652155475029303,72.09170688925337
605.8277846950959,285.0517048606375,25.738736912706145,72.25068964601405
605.8577625145672,285.0466883384479,25.28865511876711,68.8583881816229
605.5228000370207,284.014785930834,25.375808027068047,72.38398750374859
605.0,280.0,26.0,76.0
605.3589462975149,282.8436721401665,25.6031092137182,75.44731354620791
605.3460341763493,284.5971023825332,25.265020357461253,75.31910939033514
605.7875852033732,285.9368597096284,24.706429849164238,70.11304042538939
606.1550321617707,285.779340203434,24.073228274070857,74.1201172263884
606.3222249293043,283.61777638662323,23.681369504510826,72.40429963237898
606.3561891856872,284.6365988846612,23.660516641385243,75.11440346479492
605.0,279.0,23.0,72.0
604.365682220171,281.6363479864792,23.682425012403996,73.06886273105795
604.2756661284644,282.2416244959936,23.233544195081663,73.68104296342324
603.7757001901205,283.24812256119185,23.460111874296217,72.94577704386711
603.4142034955748,284.74305824164003,23.420170715620316,66.15497917745301
602.6928952254996,282.8829348503775,23.725709796813362,72.70792743702907
602.5411979905115,284.7715158687645,23.23361626662347,63.886166904895276
601.0,280.0,26.0,78.0
600.7127809978273,284.0729916591845,25.349435010740876,76.67509438688285
600.4266849975654,286.7686185871073,25.67097629597822,74.46091395978891
600.8355529090604,284.9584322347008,24.92915493455962,73.24816758631925
600.9771683734414,286.1225591297789,24.109085284968387,74.86782510077774
600.6633570254435,284.57671140196794,24.299818208627585,72.0229820686626
600.2941304817903,284.75166571576005,24.59313141555981,68.66692653275317
599.0,278.0,23.0,70.0
598.3036295048469,280.27182852038095,23.781652146692068,69.94924017266021
597.8348162987095,280.94971287766066,23.825060537878016,71.17104104504438
595.5888088867837,281.0962178142563,24.88436217494268,71.4824550527465
596.0675553089886,281.81978247362804,24.135171687978072,72.81004286120219
595.9848203459533,283.21821996708036,24.25573028719191,67.52632512320116
592.9896653475134,281.4217786561708,26.21071608734792,73.05072122921132
595.0,279.0,27.0,74.0
594.2226404835662,281.39502585388254,27.033658884002534,74.57719756568258
593.8851450444097,282.7891936448468,27.385360739900534,75.2629418480567
593.6629257099084,283.8208696733268,27.230344213684248,73.39067508579842
593.3705185869203,283.8249909169426,27.1990524386282,73.8037089676136
593.00994781077,283.8176546734526,27.251905288964622,74.05233135248977
592.8574148959299,283.01097990961716,27.368888972133618,73.10055486510464
591.0,278.0,25.0,73.0
590.290243684261,282.1008382990944,25.73607578551571,72.66053614444854
590.4868281092201,281.54690668497983,25.11642889253585,74.64080940262909
590.8156676714227,281.8697201070099,24.38137519312272,72.094999698209
590.4705117648859,281.51983396288665,24.751331144944288,74.81372785788739
590.5182436888488,282.12223433861686,24.10916039271956,71.1666768771463
590.0750719703387,281.96100989942147,24.495461958229043,74.15853147694867
590.0,277.0,24.0,76.0
588.7489875448842,279.96380410467646,25.201883988524855,76.14593068654187
588.0234766824778,281.38066596110275,25.382196323984317,76.68720910727785
587.94634293324,283.2283689103024,24.863738728080307,69.31854585364454
585.3472769906346,280.94649313192167,26.589007208538533,76.73249673703606
585.7454934292673,282.5677209861751,26.169267936329675,76.98938207689935
586.0443854698369,284.04018826024276,25.257196911969004,70.28337675845114
584.0,277.0,27.0,79.0
583.6482607292227,280.5399897515483,26.942410812276762,77.64166790596494
584.0864301988208,282.6385233600939,26.358774888071707,76.4813133758285
584.1862110139873,280.87252653648466,25.809297435556573,74.8104431251395
584.2078504149074,280.61826085894063,25.490444490419122,71.6396930568635
584.153822060649,280.43051543062757,25.340460943870312,76.31664242128045
583.8657360174107,281.67774604194346,25.892415014816265,68.47680932542494
585.0,278.0,23.0,71.0
583.7744865862951,281.5197494376998,25.003626372938015,70.58719417137587
583.465573691815,281.1042710026063,24.852009966657306,74.29150494167942
583.0427368474731,281.74233036062833,25.00316580748256,75.06174232141484
582.6428660741476,282.9677528101181,25.63424428544181,69.68940537733147
582.5477381061459,281.749839795707,25.163315715138765,74.84521617118605
579.2505471580785,282.34871489185934,27.595446015094694,74.85073016267177
581.0,277.0,29.0,75.0
581.394118272337,280.1884968163556,27.16183777910601,75.18138527925714
580.8293120529224,281.09159588303646,29.186074523734987,76.23473167344872
581.0413089904391,281.96377164181195,28.997959956535624,75.23028017002434
581.2554382897542,281.15006515851985,28.963122358687087,74.56584944465544
581.2391196112212,280.69587115350714,28.827077524570086,76.97274987283981
581.4493776793415,280.9756337787094,28.329074795740325,77.63913179944939
582.0,277.0,24.0,72.0
580.627531297323,279.8231832938218,26.14942207808599,72.54497198275567
581.588064225288,281.4447145153283,24.77850887205591,72.55113852482805
581.139800462596,280.1371606454486,25.514225047591708,76.94749793964002
581.264794117897,280.42802080438537,25.127814465614847,74.09516455263815
578.2307781209133,279.99362852604133,26.286287022469082,76.32204709108896
578.9761258004876,281.2825173550309,26.17994167192728,76.7995973426905
580.0,276.0,25.0,76.0
578.8604682796795,278.11557067756746,26.7544615538975,77.96204972420526
578.6536428172981,279.6481453844535,26.67007046082199,77.96289051291933
578.5503474737,280.63153789305534,26.355173314564354,77.61622247633488
578.3500071921748,281.62988879367344,26.427858691946426,76.30126944867925
578.4967753916135,281.9936339480337,26.12424176278455,73.27543201196931
578.205528876626,281.5928030679195,26.406744814057674,76.5505069052258
581.0,277.0,24.0,76.0
579.268775740773,281.31035356148584,26.507415827757086,74.82889604377704
579.3744099893493,281.4602988542558,26.2618295653391,75.34131216712865
579.2102649065507,281.2128478205,26.376115974080903,77.28829747175246
578.8760614455387,282.02209364881855,27.39721786681912,72.87042863060378
579.0225959358881,281.266166029116,27.008685199398883,76.44242541910171
578.6586151031779,281.457974035133,28.123800251495823,72.89008699865406
581.0,276.0,23.0,72.0
578.54430658714,279.18088951427205,26.370215811659023,73.45397464265557
579.0299833213646,280.97565227420694,25.982115061560194,72.58967457124356
579.0084768295769,280.5059898084446,26.05611875452496,74.33271468652572
579.0059926208343,280.9668859062913,26.118242908723346,74.36592954085427
579.0130832328759,281.412917789351,26.237716474776335,74.42438450250734
579.0322130467006,281.86799656225867,26.694799995483436,68.77448947845971
578.0,278.0,26.0,75.0
577.6504246470499,281.67254121827966,27.257127442034744,75.04673628246223
578.0067789508978,282.6348062201073,26.92892161361533,74.70157736773854
578.1619884428687,283.31015449166034,27.056060663220478,74.59744523541531
578.7280243131136,283.05461161223775,26.765329611309312,72.40153973284691
578.7730564834959,282.7219447674938,26.570649747176503,74.8876728107441
579.4772111903785,282.62515318296914,26.559938449350966,72.44517622761816
581.0,278.0,25.0,72.0
579.7899001069848,281.12852860550794,26.929701335626532,74.1943774127945
580.9795532710359,281.87587106384683,25.358423414505523,73.93461277500705
581.1692519270073,282.5675343768323,25.249807504393175,73.82999850084275
581.4728635519501,282.4798793120199,25.299465011504594,77.62270239425675
580.9148803122392,284.23314425765057,26.038248403811053,68.38703962873927
581.7722805225312,281.7896860119581,25.024506349331205,78.68191027572118
581.0,280.0,27.0,75.0
580.5882205907365,284.68501909010035,27.255378279826118,74.23775874727619
580.4759915650052,284.4556639846696,27.961719559670996,76.1783508879546
580.5201153274188,285.2269236046718,28.044812956405394,75.3659390691646
580.5021594476384,285.484795857461,28.15507778128756,75.96980342724328
580.6056452360608,285.6758646501239,28.129259120502184,76.67290363600523
581.2181681392636,285.7269032573952,27.981180487557594,74.0503818671724
583.0,280.0,25.0,75.0
581.4993666180198,284.10825986006694,27.210136654040298,74.66780725744411
581.789199190089,283.39010299202414,27.349453587536118,76.67225524730156
581.85832823706,283.0130946543636,27.37473125802353,78.69472687647476
582.0182029108819,283.8413472045902,28.009259050917308,74.25728326689978
582.499818429016,282.78677868549426,27.47560913854784,77.94130814797711
582.5947410251612,283.0664020172901,27.65122506148134,78.18248249372402
584.0,281.0,23.0,71.0
582.2102690162719,283.87013580925486,26.376235701160567,71.88055592855335
582.5958296227748,285.5430724834555,25.662875790080534,72.15375428543155
582.6641638947629,284.1679840270981,25.868159163602854,75.36792007928443
582.750065235562,284.5387327178464,26.062244361638818,75.09367146154113
582.915712783948,284.7727434202195,26.38072114569877,75.05440968216612
583.2129165947009,284.8725259282994,26.41678004910034,75.27261609671041
583.0,281.0,28.0,74.0
584.4974982060039,284.4565846761029,27.106005766518138,74.36103823528128
584.1663867270236,284.2867812450638,27.72253110708948,75.65303386903179
584.2295070287164,284.41506958595164,28.01133814355171,76.34260587168933
585.7320619781465,284.6972929219046,26.613789975486952,73.15676121493766
585.5380784863489,283.9100512800637,27.102919243338533,76.93083326996702
586.3710827485238,284.40550343300583,26.9422160302895,73.1743534469515
588.0,279.0,25.0,72.0
586.9604153424439,281.8317016245568,26.524877879205633,74.78637816645107
588.1271993318064,281.31318652762684,24.96920944641488,77.25712325709696
588.3535371940993,281.5737895872621,25.04376116002959,78.79195029017205
588.4195040733848,282.9323668506138,25.28490360713954,73.42023610236708
588.3870193965818,281.3329974671383,25.43532216143285,80.19466757574372
587.8562308153214,283.15427160564263,26.681719698967413,79.41216337539527
589.0,279.0,26.0,76.0
588.3586927163869,282.2203195286429,26.93375293594727,77.7109325221403
588.6107046489524,283.0793051352787,26.968529949417643,76.71855718163431
588.855987438453,283.36180869746636,26.70146651722257,77.0314753261573
589.320333797521,283.63249959624864,26.531926698692132,74.92754756105785
589.8091128092037,283.23085138986426,26.459728563104363,72.92765707973604
589.4890195817238,281.56821414583396,26.664396392290428,79.06166765617803
592.0,278.0,22.0,69.0
589.5640513172414,279.8958477231157,25.422240411288044,70.9201412086901
590.5952637584305,281.6520764775773,24.547840631385043,70.746841752369
590.7059850387177,279.8466660888729,24.80316290000883,71.51126302841999
590.9653027908158,279.69203584956676,24.662488498897233,73.39339265324634
591.0674193793086,280.47132253709196,24.95117349795578,72.99818634656344
588.1045027487448,277.8622174041175,26.024345015213953,70.05424988418412
591.0,277.0,25.0,71.0
590.510755031429,280.5638601113303,25.86244779808453,71.2920577194418
590.428552868753,280.53135455183155,26.837375854153947,71.93455976537405
590.7477866990321,280.6770621027524,26.93149938487295,72.05861584543106
591.1065491368042,280.6454332289604,26.915390285811327,72.48230530071055
591.5402862157929,280.45215074922135,26.840456344515133,73.07404427306324
592.0182293776411,280.3844333696138,26.72429932254431,73.35547138485072
592.0,275.0,26.0,74.0
592.9864162723288,277.89397847817145,25.761071946282755,75.56166402530039
592.924830680801,279.12693859370506,25.77687899060038,74.19104877349412
593.709586150515,278.596581109309,25.51975221313114,72.94931474415534
593.9461169970725,278.5012915088895,25.28098210610824,75.26112719803228
594.1551099675844,277.76438032249644,25.15662992654552,73.7578327516485
594.0722015342628,277.5502879603955,25.463025157285642,77.64131401567226
596.0,273.0,24.0,74.0
594.7571265784522,277.37398786130143,26.134982058824335,73.5880424511347
594.8259927890149,276.94855686620576,26.33510880445874,76.35055960149839
594.9547218336684,277.8201190042564,26.41994894449681,71.28927899857126
594.7200252080524,276.1328693953071,26.754728865736297,78.21105280993646
594.7868842401404,277.93393476725214,27.142324581623143,69.94263798313978
594.5304098964189,275.49797485860836,27.607033924845382,78.51849803575533
594.0,273.0,27.0,77.0
595.0237727896506,276.00052877047506,26.24917186803691,79.3704451221518
595.2735479704111,277.8077213809838,26.113008040658997,77.97774516622559
595.3163904759663,276.7944161778255,26.59600249577329,75.55617288105168
595.141445108278,276.1638558512427,27.06977126060815,78.52278434894072
595.648346682837,277.3493734290678,26.797260051482,72.01508279269206
595.0412672165814,274.7561405943213,27.776858608936664,79.99008976007849
598.0,270.0,24.0,72.0
595.9260517577059,272.5493356559496,27.016910374486315,73.56166805403512
596.5418516078131,274.29330474766607,26.886379461446495,75.0332254835505
596.8607301684631,273.40211313934356,26.485075909281477,74.08736028418673
596.8906933869457,272.3486210944909,26.75408268608237,78.59697471889439
596.7800765953936,272.90111585012744,27.22596086193596,74.12240466561241
593.767352060735,272.1473942727707,28.837152535875248,78.36054549683536
598.0,270.0,26.0,73.0
597.7924310606022,274.5911476777983,27.25137926065281,72.62654336928972
597.5783870941266,272.8433826219416,27.71846122169802,76.09772463307036
597.8808221669765,272.91856430182906,27.854698109392757,76.28049959588998
598.2343905730725,272.5475671605932,27.78076034417245,74.20585785106027
598.2059050658952,272.37408308432407,27.988804870039075,75.87236277242164
598.9983686973377,272.0284271695816,27.474013166414693,72.75875628052108
600.0,268.0,23.0,72.0
598.8569114870807,270.31128145302046,24.799750306819988,75.1093465648728
599.1781267079998,270.6902837998009,24.88735580441744,75.71410003004223
599.8489602154395,270.5163129337468,24.1799946860408,73.98437175031722
599.489998549498,270.26571899876126,25.023992652302354,77.07148081509217
600.0893095631841,271.06689525861,24.373543267347486,73.10246584462152
596.9958404816257,270.48567517026095,25.30076781717412,75.11123608694106
602.0,265.0,23.0,74.0
600.3012041497639,267.65115956816135,25.53381636217921,75.44439152480345
600.5560230101285,268.670690513341,25.783262666910787,75.87348226134304
600.768727394715,269.5170788223104,25.5483341084215,72.17629197931433
600.8619345443501,269.05167367525064,25.493202510835772,74.30593131542764
600.926362750597,269.3697143762083,25.91368562688342,71.81242104314197
601.2861766684977,268.9433136677999,25.06611236760648,73.68667533666019
601.0,265.0,25.0,74.0
601.633719972071,268.16250733455945,24.93107243410668,75.73588815991582
601.0796217925454,269.1979908452263,26.155447222915654,72.04298433326244
601.08697562216,268.77056450927194,26.484210578237253,70.6585965336808
601.3346080877826,266.99078300930387,26.061887146359254,75.98026123614972
601.33457653199,268.5413442806905,26.374616510229316,69.79624425053424
601.4995590506333,267.36437607721587,26.587395423380258,68.79700562714692
603.0,262.0,24.0,70.0
601.6981854344135,265.10438967030586,26.217398903536377,71.19549129616246
601.7703154142555,264.7854586116673,26.620330193846712,72.56984096928045
601.8270634997673,264.7258785793765,26.682748490308313,73.00137902808751
601.9305061188672,264.6048025530231,26.792717213920696,73.4310069156113
602.0399210024361,264.5003132886486,27.106776040528416,73.77128391289443
602.3247716880469,265.0823742452212,27.330258024649766,67.07064665106827
602.0,260.0,26.0,72.0
601.9793303057695,263.452390969081,26.843406572996628,72.5033583449349
602.3365518030048,262.9285380394085,26.63236303408314,73.51465697612866
603.71839777147,263.0090138891369,25.71408447680369,70.45861315298959
603.6136327001068,261.9048714249984,25.949902218681018,73.92411583636476
604.8865294334871,262.52448879884423,24.820616868810475,70.18087749262321
605.0211360247944,261.955915488658,24.705722288192305,75.41483582379419
606.0,257.0,23.0,68.0
605.2429719211095,259.81506821997345,24.44556694322216,68.59850463206976
605.8890193335388,259.1236983104234,23.702456531439452,71.89127866015019
606.3113851003225,259.10915207470316,23.46826856821349,74.83656626166203
606.3223206997282,260.1164386674768,23.772748931660317,69.25211948745982
606.7333875511016,258.9826804309023,23.47206447433848,75.10339253200164
606.7560259401685,260.5552169850271,23.876069105845545,68.87321240514302
606.0,255.0,26.0,74.0
606.0312348792709,257.27804475807056,25.684998783164247,74.55655968472479
605.8269788489142,258.57119730580825,26.40913510628843,75.30835603103492
606.0960886794505,260.32073052812893,26.344103699142806,72.36062535290057
606.4778946543793,257.8380721819377,26.492487521029943,73.66100720748875
606.7897780173536,258.05210051290123,26.013997610375213,76.02592994043971
607.5079988365285,256.6470657454281,25.469213042789306,72.59130981232107
608.0,250.0,23.0,70.0
606.7601381975574,253.2202512572833,25.176754492265673,68.6875991346075
606.6641329959944,251.9235924479699,25.51923189542231,72.3715265987289
606.9267378330233,251.82636789154594,25.516402017084374,70.23688435855667
607.0222395713633,251.47860557396962,25.354278684094652,73.65534327761685
607.2454271370568,252.05358320606842,25.554783674908663,69.70923219410884
607.5646512297953,251.14637047794406,24.97035263990074,74.22469093669139
608.0,249.0,25.0,71.0
607.3673020687847,252.72034531632585,26.29526151461323,70.95409048007281
607.5331036146283,252.95543813895029,26.49436462445601,71.20506430368323
607.7176439641929,253.29569349375402,26.617027241059645,71.16882169431307
608.0675908830085,251.75115679748427,26.509615568849085,72.25791769536357
608.4066425082322,251.90802686590496,26.399407770636117,72.38842968371887
608.690206819743,251.10431244429185,26.38210233712175,71.45362504927976
608.0,245.0,25.0,72.0
607.4516881109089,247.07515025328837,26.476429460057034,72.76007099186052
608.177121195979,247.98480887127516,25.56238050582124,72.93362807475233
609.0435603691312,247.5270979156884,24.999045379613563,71.41632623987914
609.2807988746215,247.31606896214151,24.664665389954962,74.69745062257766
609.6328412988696,247.04498021923501,24.491757411396975,71.74706775488949
609.3700400939832,247.0933452038263,24.849178663549196,75.7302334972751
611.0,243.0,23.0,71.0
609.9297396117349,246.31344298106546,24.818700934319622,71.7226457045058
609.8428365532932,246.03184297585506,24.743680997995398,73.72257751168519
609.8138066818115,246.70075912087395,25.26738520209301,69.83855958666254
609.7553482921344,245.88188885899353,24.980172721128156,74.43610270888831
609.9778926723402,247.43448813655073,25.16943706553775,67.27642218213691
609.7219383756005,245.51025499956563,25.137328516351772,74.19874292563725
610.0,241.0,26.0,75.0
610.1898288630255,243.3587478297859,26.15990726772361,75.80274404298359
610.6345259098019,244.88425550868055,25.719518888571088,75.2010540331338
610.8388963352543,245.54716661259795,25.964859714868453,71.0806940963451
611.2865580024119,244.4828596062771,25.546025638940932,69.72413229298445
610.5995752500949,242.51229128652926,26.418706633248803,76.73865162742885
611.1812014179606,243.11949352645223,25.834294251895585,70.09250302886352
613.0,236.0,23.0,71.0
611.5656229352867,239.0876512250136,25.356467799787424,70.83215418210403
611.6212230155052,238.459137053076,25.598309213385846,74.48094115952068
611.7258227722448,239.13649012390903,25.870716129766606,70.43218206015098
609.224188919897,237.4730849596334,27.050431404434676,75.5391679725916
610.0657555747804,238.39544919736238,26.54498836944674,76.84816590435389
610.6897798660332,238.77976374076525,26.05440989586532,72.63097308254146
612.0,235.0,21.0,73.0
608.8817351248231,238.6787279860814,25.40430030504467,73.36924115175628
610.1713590942863,239.2277148823258,23.771473610427165,73.40487017668886
610.4796638872685,238.39503166403387,24.097535753709963,72.23832697106559
610.3877827595387,239.2778210588633,24.31853956487987,71.96874822537802
611.291870947972,238.12788807366655,22.97633462625845,70.92925234452025
608.1488564777283,238.77434845722877,24.109593246366785,73.29697064016506
614.0,237.0,22.0,75.0
612.6514495909942,242.37146971739708,23.523391049474412,72.0799239983495
609.6355212551941,244.83923135111672,25.18540513619655,70.66197606938096
610.3053376782619,247.81227525004908,23.78802917241012,69.95807269718796
607.1783875562397,243.30224510063545,25.1050137378013,69.90630053939935
607.669001327128,246.05490267851906,24.83113261282233,71.26986579547264
598.7639241553492,256.198591595546,24.621717026053943,69.20204979367332
620.0,230.0,19.0,65.0
616.9472172255919,232.32679109814035,23.772284658588433,65.93084946155341
616.7953331103399,233.59184584289284,23.993045261624957,66.31735646208523
616.8201216922043,232.24755264056267,24.371780374371156,64.59250353838979
616.9202505234686,233.37971920922155,23.50484160422468,64.93785981794747
617.156846544294,231.87233040203546,23.289878229371652,65.12615385781982
617.3029722912445,230.22489766776368,23.56166330530084,66.26735754787006
614.0,225.0,22.0,73.0
612.9393317045451,229.20418244872803,23.626317541197977,70.47185439271999
612.698275031506,230.84504395600197,24.373189768768043,70.18326747110473
612.530694736143,227.73900422829752,24.82954589451424,70.7075024435785
612.4263296847166,228.0158119132102,25.202678429070147,64.7909175745749
612.3911170548777,227.09942160969558,24.833794801338627,70.63161136600422
612.009068132222,227.38657485555518,25.621971034640183,65.8144174757166
612.0,224.0,23.0,68.0
611.1411688240352,227.36630120870092,24.377638351274072,67.78005993629404
610.8815676302227,226.80931430880878,24.68882570213384,70.84754675627471
610.7618487891829,227.64997011733487,24.86014608384005,66.19217090933228
610.8811384957193,226.1644793276389,24.498793846618355,71.29908078366964
610.7566197147065,227.6377798928611,24.702794779207125,64.21889673476073
607.7256272942793,225.35981258868514,26.70126508836006,70.36758486038661
611.0,221.0,25.0,71.0
610.7426615655531,222.80201267503168,25.59624797239303,72.76756228805527
611.0206259970688,224.38298555208894,25.307363835321667,70.9440548046332
611.4290710822667,224.131387531869,25.009238030741585,69.57173831138215
611.8056017690784,223.2471031421245,24.70381851641787,69.25283787717319
611.5093721105841,223.16834916737025,24.756172908015287,70.91497713591525
612.2574382683347,223.00275132309685,23.71226392017934,68.11086735117073
613.0,217.0,22.0,68.0
611.9094146904008,219.9084913399813,23.607050787302228,68.68194870050252
612.2188328121797,219.88016949049268,23.07189300061509,69.53861264235655
612.0337789795639,220.1188434123154,23.194233740049754,66.78324188620411
612.539412401376,218.8492410540373,22.459887635697214,73.14209953064477
609.328620590645,219.41669413995066,25.236185625831922,63.59278055548856
611.0832196199385,218.0529292581573,23.21782797976971,72.5460943679912
612.0,214.0,23.0,73.0
610.5874684098462,217.3007531544531,24.865417352975783,72.46035569600599
610.5781978368341,218.87232080262402,24.65835662418999,72.77401748287878
610.4692968221568,217.5012426120538,24.745530366618254,72.04232183536718
610.2510529807787,218.47264629787787,24.747511926124616,72.58105816831153
610.6993626563002,216.7042829449621,24.450151622989893,71.57647632318444
610.6618414195418,217.10494778438442,25.010600060633806,68.05751815962367
611.0,212.0,22.0,69.0
609.6468397196631,215.11021903133224,24.022349929591428,68.29893124278351
609.8285386484366,214.96626927048192,23.75758304705107,69.33560927977214
609.4433958730383,215.06286060147704,24.464597802900244,66.85902216388126
609.3176890307172,214.1915163004951,24.361944490476958,69.69371744668348
608.9822117947263,214.04056383609174,24.968059528448975,67.96424552116366
606.608947639709,211.95841816960865,25.880449356292274,66.33210272340631
609.0,209.0,22.0,69.0
607.7345762348084,212.64501813150613,24.226030031556206,68.54179189322943
607.5397702829825,212.40741920955634,24.19152248597925,69.30573458336448
607.3721032417916,212.6722537376777,24.439153557346913,69.033446608742
607.5069834980313,213.10916400134226,24.393034865486698,65.30458730093852
607.4959868806693,211.6752405208665,24.55334759295988,69.61009952822849
607.8432872974272,212.63867009138335,24.01080516462025,64.00212595193807
607.0,207.0,25.0,71.0
606.9587076259271,209.34135062501974,25.30304547215735,71.3189898260182
607.5136701394549,211.0027053510671,24.589124336318946,70.51473040999053
608.1664834177259,210.9457812633613,24.00693559875799,68.58378619116735
608.7338282129183,210.3606527964423,23.25820433306717,67.98475442363315
608.8293423580408,210.64833103098545,23.15380175401424,69.91385696654152
608.8565082580692,208.20151042722654,23.379707846506108,70.70925167843654
609.0,205.0,23.0,68.0
608.4141669635899,208.40986235800756,23.861352955122243,68.48250497303422
608.8457157687853,208.0012159550629,23.032244913031718,70.98586993815684
608.2186933644787,209.20375866305858,23.847967666469913,66.20772987028852
607.8005232906783,207.52842791146975,24.228402964855604,72.80556314814828
607.6711794906819,209.71574524808648,24.239278594404823,64.85254849430362
607.1763044198378,207.07971793106594,24.73866559961607,73.51800060356737
607.0,204.0,24.0,71.0
606.4378320038534,205.915578175829,24.584249507501,72.69970646352851
606.4154411246897,207.44676559677885,24.361985716963886,73.02491896868366
606.5658779633764,208.4561434981893,24.28047082171952,69.23290913600243
606.6888762062798,208.47968106595658,23.796026554171362,71.82478019898736
606.5816418646717,206.66014181602583,24.378385423679106,69.30907880415305
606.5049490665708,206.47590722402992,25.015433232058513,65.95288840559056
608.0,200.0,21.0,67.0
606.353852942995,203.52992306922874,23.372575118288637,65.48096079371362
606.2532656600638,202.47607341310686,23.29530488494356,69.34053076690702
606.0224482356792,203.01362918442624,23.377713447977726,69.72831792363365
605.5347779218935,204.07311012255605,24.376604668076197,63.945759651894946
603.0171956642869,201.73390623284786,25.46332240113884,70.06324448543967
603.9971437236311,202.39340462066434,24.247566502631685,72.61703676692736
604.0,200.0,24.0,69.0
603.3330583420845,203.8644160222773,25.027083420606004,68.67625961205269
602.9395764130261,203.82787370661003,25.2840651196816,68.97593771811046
602.6867633360448,204.03732914238697,25.270696153704876,69.09469362767936
602.4625133477743,204.14795721507164,25.388301372733054,69.43129122577454
602.503802287516,203.79865004830663,25.05543039247641,67.9590584507605
602.2799637313453,203.28748019360694,25.136688849928987,69.78852696414037
602.0,199.0,24.0,70.0
601.2373833585593,202.7174799283555,24.85432880368171,69.87657853292723
601.6296059096072,202.70793070936497,23.90228895447069,70.6967686819857
602.2110412009067,202.91382605271087,22.96783460206484,68.8750514012795
599.6192193144225,201.4909376971334,23.80895824112156,74.45569766442145
599.6555913586185,203.65195430132553,24.494429401637262,74.14357991445809
600.1268438137869,201.63881313208663,23.949795999049798,72.64555272440577
600.0,197.0,22.0,70.0
598.4046169615885,200.90815851741635,23.942618277080555,69.92374387290724
598.0793578517585,200.9051153317473,23.849019071235716,72.12673188728559
594.9589322899515,201.25158587325365,26.26133540604792,71.41946349934409
595.9978135500148,201.78596251095047,24.811935639369153,72.8083006669699
596.1455090136442,203.2674921438877,24.42846000208442,64.4683323099157
592.9886014030054,200.40110166528711,26.654127853245313,72.43350171946395
597.0,198.0,23.0,71.0
596.0851881247467,200.38125778681047,23.74952597491199,72.39821452689608
596.0397542666276,201.7755437836878,23.41149471468475,72.49545323104428
595.6274579315468,202.45057580801586,24.515832401494436,68.83038058274576
593.4272569934783,200.54556446346396,24.881965679578116,73.88194784666075
593.7510221912739,202.6105658286059,24.963221417875047,65.00842934122727
591.5613158166184,199.63456825502294,25.00584013655407,74.19530360263843
594.0,197.0,22.0,69.0
592.2182884921431,200.93999927070206,24.20729474450286,68.78749444226821
591.768176645623,200.05414967187653,24.181896728310676,72.27835629129515
589.4389343891307,199.9527927887616,25.7025039105647,72.7205687367316
589.6187846379962,200.9342790788387,25.184895459087784,73.63357757622589
587.04572616412,200.59534176377696,26.513169666577824,69.75070623669984
587.5804258637424,201.9162053241198,25.69231506254539,73.02527184170685
589.0,198.0,26.0,69.0
587.9415774265782,201.87522959283945,26.64997119475686,69.17338546248129
587.6229449637822,201.11443855774235,26.855586291577993,71.45207351997749
587.3762623324819,201.0297852955315,26.57933468209376,72.11102091931224
587.0761451790099,200.84728436070145,26.884608743952754,70.06982711279124
585.2828487383458,202.3055943451576,26.497051533942567,69.21434040838494
585.5297439943679,201.53110582175373,26.618071280088316,72.27612711715528
585.0,200.0,24.0,68.0
583.8300711488321,202.46980032374807,25.048216971383,70.05484913962056
584.0811261828966,202.3598979925821,24.077538649995518,71.45328502779103
581.3139780079358,201.35006034063986,25.595677293345034,74.05931731846107
582.182304409962,202.35041520181517,24.495685290730762,74.67867301216188
578.9710941127896,202.8186077139817,25.317205442709792,73.39346895992094
579.3819767202674,203.11055861894465,25.523395188130735,75.8520044338303
580.0,200.0,24.0,69.0
578.0989451612713,203.45757323059814,25.95163572085403,68.70799073084186
578.1320102127411,204.60404850441938,25.158161889112307,69.11968640159176
575.3157593474341,202.6079388032041,26.812810706304163,71.0911551684095
575.8484155907959,204.33234530323716,25.50990537993971,69.98056473394774
573.4405125118859,203.15513731305032,26.617425024262616,70.79131827744709
573.9365704365082,203.27058175155435,26.01204609107708,71.40262875854967
575.0,200.0,23.0,70.0
573.6644851052288,203.45272102385127,23.983331188296688,70.16237510891085
572.9366162036347,202.48335669398853,24.589314757727607,72.11396212419316
572.4541411204809,202.28540815425595,24.664533783165098,72.96334586188368
569.3223911735045,201.87482529559338,26.795930982645586,74.13126140641197
570.2736976334103,203.28507596750296,25.850605103798785,69.12242753243333
570.3817282181137,202.2205191178973,26.606401272604558,67.91123319024268
572.0,199.0,22.0,65.0
569.7324057317892,201.58364492540775,24.98380810414369,66.64751668669962
569.6294167332339,203.3328135416639,24.622388597700592,67.06707632168744
567.6260267545435,200.47858533480667,25.434425613702388,68.04411645932021
565.9725859867613,202.4146739448039,25.454584588177568,67.26891105780862
566.2514115862111,202.46114584173267,25.742664226093666,69.51901343058898
563.6682166679341,202.4659473194081,26.722924296255087,69.69132464757308
566.0,198.0,25.0,68.0
565.2380802978619,201.82345936549615,25.706223930551005,66.36650580413999
565.1120266893195,200.45279062872896,25.644231711239854,70.24988952448189
564.9022011546549,200.23802946786668,25.33308999847577,70.84346550013379
565.6773285693046,200.70511083624228,24.351418617202967,67.74048499879564
563.5221332926085,199.21944434249485,24.908106480046627,70.76289145206187
564.3151885907903,199.6200871270812,24.247500107240967,71.48135311441729
565.0,198.0,22.0,65.0
562.9716700623674,200.16820110029965,24.609738755957096,67.40182185907423
561.0507159298468,200.3700713250205,25.13515957358777,68.99879228553209
562.4465837310418,199.2654762947716,23.613283237798896,73.74344290213742
562.8846391190626,201.08181913267117,23.381295032911225,66.90330470798108
562.7078493510754,198.82643252434855,23.60088960210112,74.46259061423063
560.212916142088,199.0569257902257,24.31198245716655,74.62104018532318
560.0,196.0,24.0,71.0
558.8649277904062,199.4483782865917,25.09695887415978,71.30210883216469
558.5827508302971,199.5160392256289,25.2311518087904,72.30488833051754
558.2158737544883,200.05339643765183,25.00826078137038,71.33507814236168
557.8175059045923,200.15217926979926,25.067056228526553,72.28888589268206
557.8490387831057,200.69664016389197,24.820709357546775,72.41478368834828
558.0696759468179,201.4404324116441,24.91009349826834,68.36945218190476
560.0,196.0,22.0,67.0
558.5270460106422,199.3712706905935,23.993484184558838,66.12631127936996
558.5378189651935,198.31538102652536,24.095709055971156,69.98715262473365
558.2394330712227,198.25490588091998,24.441454085289934,70.84533788472982
558.199161516378,198.76683223838506,25.419194960606887,68.02257858029742
555.7243991677199,198.4577972110768,25.995902581815017,69.16716695132914
556.3951682871934,199.1685253186791,25.69717958893216,71.25311159752772
557.0,197.0,24.0,68.0
555.7769653587852,200.05795575976424,25.7208524765565,68.69931671965605
555.6841317247286,201.27200322823114,26.047617748626294,68.55838382531942
555.7201286981717,200.0213107475132,25.967495774983604,70.97318897217002
555.5893405306015,201.252789148881,26.15409027622445,69.7174927795827
555.639445802369,200.9158722265115,25.97837697695695,70.94093555410757
555.6936926420772,200.94207878543318,25.847414812914735,71.35826295091175
555.0,199.0,24.0,67.0
554.8298539183493,202.32858845179538,24.63055434842886,66.80370350896027
555.0702090296107,202.01845771380096,24.271892891200082,69.2496436693367
555.0220886780171,201.76597603483089,24.38198145858678,72.08631885774406
556.1324552449769,203.07576152549427,23.43226473674622,67.24411059890099
556.0674338416277,201.9451144855866,23.50776054186258,74.02391622846301
546.5464956611731,204.1829490251818,24.997346099857396,69.22116376476487
558.0,200.0,22.0,66.0
556.608766614866,202.7093956821237,24.135611470713343,68.45462094417209
557.0888422624207,202.50434724694537,23.46373501675089,71.45390691221155
556.6597907763078,202.34403088423505,24.285790271106066,74.04033006835067
556.4725189362052,203.13046922650233,24.346390392145167,74.58202338172725
554.243475646261,204.2588829200572,24.405917827303256,73.07945048272097
554.3335593303522,205.00911542600386,25.72667579297115,74.08493432057509
556.0,202.0,24.0,69.0
555.4322847572739,206.3551107818709,24.66270901943392,68.64176469055263
555.5593447992876,205.31611528601434,24.781663323423118,71.29493648153345
555.9005492666156,205.5869495030763,24.259110525962114,71.78336367443876
555.7327966201289,205.83934431268608,24.70656112882932,72.37139844193109
555.5405595553569,206.38824679273648,25.11134998553723,72.03386546144657
556.3524414332694,207.49055593237472,25.538630165467794,65.59696918424663
557.0,204.0,21.0,64.0
554.93581909157,206.20701971733888,24.309544264738406,66.72429762813772
555.5643598941269,208.3273515271644,23.17411468283717,68.08145458425906
555.4085858357246,206.67429457847174,23.451795127582955,73.52142475167602
552.7162172131993,207.5864740419811,25.043854168881126,71.70595907529275
553.442193991743,208.34916661386455,24.608406241771377,72.41056404189288
553.7132548054853,208.73074800003155,24.744093593616753,74.059890994255
556.0,206.0,25.0,67.0
555.5227193098144,209.51004410913185,25.734250200892347,67.54302082298801
555.5226888459802,211.27599768184226,25.840559557245797,66.61082993180364
555.6586256950304,209.6107425515728,25.94985397014011,70.04532583488242
555.8047889627262,210.9294635175239,26.032644859791503,69.4197160760973
555.9395389391748,210.55582002635674,26.283432097023706,70.98143529501465
555.9963726225383,210.64772370831543,26.638758831855057,71.92430866918585
556.0,210.0,23.0,66.0
554.8168507470632,212.92249008749468,24.897811825567942,66.9572600349291
555.9181188671203,214.31852074291163,23.512117193255335,67.8200075128072
556.0733120772244,212.79493037652185,23.728813947001413,72.01823934000038
555.8644595756523,212.8472727534172,24.195948828346445,74.42878276640101
557.9322078937053,214.2913615039223,26.39988219639281,69.09676543810372
553.3839870938328,211.90551516785314,24.033024255700752,73.062605140843
557.0,212.0,23.0,67.0
555.6323713822972,214.802228729953,25.44578641309954,67.93133248986098
555.9261333853079,216.80663576685478,24.825029340630635,67.24438296672244
555.9190292835146,215.20922748991097,24.80390367451571,70.49456431010321
553.5939781038667,216.76138822492857,25.848403105929492,67.21574936385366
554.30215652312,217.85552450714948,26.24233944858929,68.45433429029856
555.3440485437283,216.8870023464807,25.682337122566537,68.59355935284344
557.0,214.0,24.0,68.0
557.5773267706084,217.9147137074508,24.276867341478237,67.77710154851917
557.17567416352,216.52437381018353,24.377238796298116,70.42900708430932
557.0347545455393,216.5352259989785,24.578430207583438,71.53471246307419
556.5771095828547,216.59837081517117,25.158672512126827,72.84940886118318
556.566183146324,217.44541096072635,26.4475452522438,68.27581726650112
554.914905723028,215.46111014052246,25.236438764151217,74.05264294722036
559.0,216.0,21.0,64.0
557.2753707336951,218.22045400885685,23.86698942085968,66.81591848947659
557.5483042653029,219.6738524132573,23.23366544848227,67.53607528081108
557.2823595673642,218.72262508492008,23.81755599425719,70.60865970512657
554.6016197539215,218.9807289651975,25.203205454838667,69.51935289704937
555.2568400771412,220.08791680286788,24.756688473098507,69.50584313595846
555.341798510742,220.66615918107334,25.492538615015178,70.13603809636709
556.0,215.0,25.0,67.0
555.6567588615396,218.899357975537,25.47524393560957,65.42956107192458
555.9759451360948,217.4415446677932,25.383683961649126,68.95403236819675
556.0340682498395,217.36247388559173,25.608252417566405,69.98473326877729
555.8921963478956,217.59958082964567,25.923737816911398,70.04161135284676
555.9580751016329,217.66420999253023,25.526406712706375,71.46910133608344
557.2665991452977,218.32011881013,23.981902774614582,66.66963843783276
559.0,216.0,21.0,62.0
556.5809003176264,217.5801341302572,24.016252347777254,66.4578140583476
557.7026165253556,218.54949761048653,22.52749086302947,68.33466375712953
558.4610501403363,218.34716933873102,21.8431955421147,65.42567821169689
555.2750655153266,217.64409933710607,23.36450846869127,67.17322130213489
556.671442880508,218.0250852658578,22.477327768192367,69.75484819074666
557.440244283694,218.61833610413078,22.076192741583327,71.7606845060501
556.0,214.0,23.0,69.0
555.2402817463478,215.89164783015968,24.1716342283554,71.01632046395838
555.0878588393953,216.854627328672,23.841942138325976,71.84161933442908
554.3835012622549,218.22708931888735,24.685446262421806,68.92760714383456
554.2873442247808,218.13021656477486,24.45107095957951,69.79773649673643
554.246722480788,218.5009878293572,24.065907235166037,70.24829676081134
554.8970748365159,219.2432067333391,23.36837911410248,66.44845034700728
556.0,216.0,22.0,66.0
555.4428178867195,219.45319159071386,22.752977122598168,65.60767898064523
555.0974192688373,218.3797741516696,23.05724239659139,67.82980687987651
554.6727566298778,218.0016420715824,23.31152339911705,70.66879353049069
554.418732340981,219.66703321775356,23.82466919008084,66.11000424125245
554.2894555885669,219.196998187644,24.342459894238345,65.55796196141847
550.2833238646185,216.9002090485444,21.50104053773748,69.91023395863488
552.0,213.0,24.0,67.0
551.1218860871727,216.78255413278578,24.776443555135756,66.25248511177074
551.2687995061183,215.68731473095795,24.55223668270014,69.7957589130769
551.1624992743427,215.87617928745044,24.597345064342562,70.06974305851679
548.7708392732725,216.11092679468823,25.16771120631347,68.75417605825874
549.377327245661,216.55528437036014,26.22645643359374,69.23091141505483
550.555610394034,215.8112370143499,24.912406220980074,71.46907272371755
550.0,212.0,25.0,70.0
550.0608067286701,214.03615050520847,24.842859969765414,71.55187534998237
550.1988680569252,214.57826668146765,24.898655049181798,71.20443689580412
550.107871362845,214.6739502257078,24.873481432376707,71.47396071316689
550.0610561750216,214.83291119338764,24.644384946698437,72.19523098908633
550.8626436051109,215.49923744551336,24.219966604738147,68.34009224614266
550.7114661821475,213.955493182621,24.236487868001063,76.06377013060649
552.0,211.0,23.0,66.0
551.3575845632677,213.98285578921204,23.7136203995492,66.71301099447791
551.6726492394574,212.71335459017723,23.23591095295967,71.82917880364982
551.1262500676611,212.5985318869043,24.069933229364892,74.63005573496616
549.2645069652963,212.76729336660787,22.869632018526318,74.33996078074898
549.5457512011462,215.15200036084786,24.429437792379417,66.6158327042686
549.6185709549305,212.78598164945197,24.51845554511101,75.53953692223104
549.0,211.0,25.0,71.0
548.6884240152704,212.95714610436153,25.438883910853747,73.18594188067561
548.7366370675438,214.00098389196273,25.104148917340467,73.14737643880312
548.7722915112488,215.06810987565086,24.952623285287245,71.52637354566639
549.4305600036312,215.39336033928703,24.128541913572235,68.19947978218897
549.0378347894351,213.76333001608918,24.258407888207444,73.70653421242139
549.5423807625625,215.09670674301742,23.865261427063842,66.22601731593932
551.0,210.0,21.0,65.0
549.5910070594464,212.3092504245421,23.45398299622957,66.26813601939344
549.919039055602,213.4754206816856,22.72474311899066,67.32454184441087
549.589954491772,212.50410330127124,23.263757039678694,70.27173255662115
546.931482635749,212.12456622626377,24.403915286221718,65.89033639465777
547.7119116317112,212.64509971786276,23.8249733354819,70.4390807068329
545.6259723318626,212.98194697431757,22.984146008187963,69.93062451532342
548.0,209.0,25.0,69.0
547.5199674092732,212.89335504647931,25.9505471323223,68.6779488639138
547.8332657216133,212.8117422015115,25.53832425873975,68.80191970976648
547.9537535819093,212.62645915681924,25.460171882768464,69.21163050411928
547.9941169824447,212.6118662489166,25.542386517652744,69.81657325419076
547.9010908354949,212.90365418880117,25.973913790907773,70.06800561204778
548.2789372179247,212.99391620629103,25.4592096611226,67.54820437591627
549.0,208.0,23.0,67.0
548.146052211461,211.88648180651575,24.149634486471427,65.87389837462786
549.1747372788889,210.71021231929808,22.810019002906984,68.99268461198744
549.237074929419,210.70807817134164,22.970270039851243,70.71821394327458
549.3577103196346,211.71555142375314,23.09829372563013,67.61536310382041
547.2346583610129,210.3038208980231,21.949365475837112,72.78336658302419
547.3455949546574,211.61709241311257,22.976827388898755,66.19682226078419
550.0,205.0,23.0,69.0
549.468898812402,207.75504627147382,24.008263354351925,69.88977888410449
549.1626933265889,209.1742048316121,24.69206954914307,68.77944318331231
549.0097641024913,209.85975977994667,24.883926472829444,68.15658848259159
547.497537749847,209.41867268847614,23.935612085391085,69.7543713458249
547.7918892043776,210.8309587363794,25.428412063604355,68.68550073373001
548.6990462511321,210.5289021557037,25.147842699757348,66.80121560952102
549.0,205.0,24.0,71.0
549.4496013460757,208.23107527991795,23.970160802893588,72.8001366683227
549.3123366154402,209.88859425445526,24.5713286162661,69.94348018173002
549.3191297398503,210.02233844224918,24.78556675141249,70.25646615407112
549.3824341157942,208.29970578341948,24.953575750480013,69.82506400707723
549.255916098049,207.98378487322952,24.90807564260706,73.06627214081618
549.1539456791288,209.44093810878576,25.293737485149904,67.52109238498122
551.0,204.0,23.0,67.0
549.9362825812277,207.22911508950654,25.115231631272763,67.54619571354885
550.3119198949048,207.65641654819296,25.259211641335014,69.23001372833585
550.4145102415087,207.6006490137902,25.5615227771724,70.72061476669751
550.6134793864952,207.75773672170976,25.676829907707884,72.17577855057016
548.0203877708955,207.83177942161518,26.752269886357226,70.91026177956928
548.8699108251424,208.1735818059127,27.272041794305323,72.26307055740222
550.0,204.0,25.0,71.0
550.2708958243311,207.94810689887885,25.49990718644858,71.65964096643103
550.6991819315997,207.7851556059743,25.321254440197663,72.07751466956972
551.3197763744113,208.1600956524303,25.041231367460114,71.98714547367308
552.3535651942839,208.13561035712928,24.0505659367891,69.35789191183659
552.7804518947805,207.7873779332117,23.841656174130094,72.94195808676136
553.0206431971224,208.39992028930737,24.85846901583932,68.69661450737567
555.0,204.0,23.0,68.0
555.3015340307298,208.1051612446011,23.95182651353059,68.05128952080719
555.5873762849524,207.11164879024273,23.446111037944775,70.24891190729863
556.1987707558151,207.49393488063288,22.874106624246906,69.79116370786642
556.632816512996,207.1510378441635,22.73391748386848,73.23689578102267
556.7491842131423,208.63490414387684,22.978001542252173,67.00199578567009
557.1058513473728,207.3946133709361,22.96446245468303,73.42792267317196
555.0,203.0,25.0,74.0
554.7840527641295,206.8302779757496,25.88386277688187,72.35625618679092
554.8620765569005,208.43200301017134,26.098502959508323,73.2543444348907
554.9304473742318,210.07740451695304,26.33916694216464,71.19495279151988
555.759936980206,207.84619083488872,25.59678964115642,72.30992284672811
556.2240887452135,208.58594130240317,25.290301242121586,73.99310550582203
556.822893679971,207.10726614668732,25.115500389370027,71.86022034746344
558.0,204.0,23.0,69.0
556.8206499274511,207.13032537132005,25.397060730701924,68.79090737745173
557.2131581680908,206.22736196342987,25.216349855124008,72.26599927461518
557.3707632544813,206.8055984147577,25.317090202321424,71.78961191362146
557.6115783870173,206.38976452481228,25.465831594042015,70.25415962901576
557.9622652374295,206.19793919679114,25.391740135657187,72.7992980438928
558.1916096592249,206.57900402516657,25.479310768738742,73.1330447857772
560.0,201.0,23.0,69.0
558.6438413345929,204.48571946928283,25.32569910691427,68.46395999274782
