385.0,460.0,17.0,47.0
384.05321088433266,462.37082995148376,17.473862724378705,47.35968825640157
383.0972897785517,461.7261066651341,16.836559659916475,48.417268395036785
382.71152324795867,462.33419170732486,17.682227136841334,50.684114179172184
382.59455633106063,461.6484693689209,18.133306641666593,47.480194131454596
381.7273319468934,460.6480854353774,16.90054630405814,51.26375981359928
381.4791697724552,460.57620374094205,18.02849101434043,47.2165146598789
379.0,460.0,17.0,47.0
378.48613654640076,462.3506385652616,17.452024245416737,46.37518697164654
377.3603892819011,461.51329663861986,17.864083926606327,47.64384484877439
377.4261584289036,463.1026425956775,17.34917988135271,46.598147228029916
376.35440349315945,461.67296613978283,17.594971923025923,46.39033847228262
376.4022960215391,462.982553571528,17.13933997705385,45.82887300956793
375.09337373928145,461.4134719279132,17.583318407185402,46.05616186196926
377.0,459.0,17.0,44.0
376.8709199419843,460.8638940808096,17.413090448414778,44.9451887113396
376.3923120974471,460.876037854865,17.974286437341334,46.28839094969271
376.3102387452334,460.5550922619509,18.071139126162848,45.642360910011575
375.277107465063,459.18005060110227,17.816157850553907,44.73654729984628
374.0955237664447,460.3317913428001,17.946836787638006,45.20288473576659
374.14484598698573,461.77195391267105,18.707559742555304,46.55634184140922
372.0,459.0,17.0,44.0
371.2084945920626,460.87592624255933,17.908897408812948,44.87358217021199
370.927350979096,462.0638693822758,18.06553200313141,45.267169960280285
370.9921135034972,461.7108266141222,17.83220448196039,42.436208936584535
370.65116818431125,462.00197016839127,18.262366058159387,44.74199900862766
370.8005705887974,461.33015708370976,17.873025405446242,43.08168454540959
369.69939603747025,461.294203810854,17.433524819284685,44.522468499280876
370.0,458.0,19.0,44.0
370.1526023583806,459.9961140371796,18.492888565708654,44.388074244150175
370.6020771951057,460.4008084367597,17.746141427707926,46.49230691758703
370.74220430836795,460.4086195900261,17.85047482135724,44.075596855963965
371.0655537636303,459.58151661581906,17.16546272658462,47.756745738168775
371.0719812975474,459.596788524585,17.580477302863073,50.75634531254451
370.1838003188532,459.52044075949425,16.65262982173772,45.854493922248025
371.0,456.0,15.0,44.0
370.66692141719886,457.6838244637297,15.865489482165685,45.153361162546844
370.968739439787,457.8428926049139,15.589720036232961,45.86425912920049
371.2112216531039,457.4187885642514,15.520202352579702,46.93067305098339
371.26006134254067,459.0242447763667,16.11038335156843,40.295098922235866
371.82914305609813,458.8798887943178,15.821705890447106,43.9652398138785
371.5150922382509,459.5871030863939,16.502741130422123,39.18394944497527
372.0,455.0,17.0,45.0
372.6147151787036,455.9731393905911,16.953017941706094,45.59694219511698
373.4081109067929,456.46055066675535,16.530397879723523,45.557913658024745
373.9240417422874,456.5889848757695,16.396777260239332,45.88734259674277
373.7368768638421,456.6744151053599,16.545168235976234,46.470544594877765
374.2992934885666,456.8163870459248,16.90831132360927,47.627947242464074
374.27843597855303,457.2384876384207,18.25968671185592,43.26055544857792
375.0,453.0,14.0,45.0
374.9604965873924,453.9211139015995,15.084704542730606,46.384303554234975
375.05433412204843,454.2025907068153,15.145371079780261,46.80090664698264
374.62651473719484,454.5934605065431,16.60811120927076,46.951946341997086
374.92239313265577,455.23499309841736,17.573586465279504,47.377510747870474
375.84211184051304,455.58141593865105,17.565089645515002,44.40446697379423
376.80710210613177,454.66691720949893,17.185770111432703,44.53135063652917
375.0,452.0,17.0,44.0
375.56990378332387,454.1981767033885,17.417492127392734,43.47393026183454
376.32379518286643,453.28864046897615,17.025430563372822,46.04140541693289
377.50647574436925,453.2882965061931,16.485983410260587,44.791556675208994
378.29893863289345,453.09913025458945,16.268818133274692,46.17166717003897
378.65478105148804,453.2444526812742,16.10711520115501,44.46019662214076
379.1600655430502,453.1329315011442,16.010431123010676,45.81240950266738
382.0,451.0,18.0,43.0
383.59866905841307,453.9838326484705,17.303036736731997,42.76774651149162
384.2704593627691,452.8179981716148,17.170026334652903,46.240268679663586
384.7449758944806,453.33862031992066,16.811933128385363,43.17237217203092
385.74526905629546,451.90467347998083,15.765183694730467,47.64785812551327
387.7621791076826,453.6430594880767,15.961970800994152,43.83596396594794
388.28919523906234,452.9247474398628,16.01573061443861,43.26984194418128
390.0,450.0,14.0,41.0
389.7105143238721,451.5407295494193,14.955470777314986,42.30523088763505
390.3706718893462,450.9800248459219,15.78150623607911,44.1646505159556
392.3155979054411,452.8190319858695,15.7657489930142,38.98048830445805
392.766986599283,451.6010706614213,16.512579166604496,38.411039563594954
394.7846349352649,452.05615338656577,16.215009720358466,42.84763360968378
394.65624647123104,451.90215236657355,16.50670428080474,40.31194231770934
395.0,450.0,18.0,40.0
397.3883536109731,452.01449849769233,16.661089393493512,41.19877294896412
398.52007438079283,451.47791145415295,16.242409799181473,40.294241853305266
400.2044580623119,450.8028811566637,16.377351872405256,44.345130241527386
400.053240064026,451.3301632393668,16.62136737018392,41.1799114225164
400.8589201360401,450.08844077419235,16.719533588430693,45.52092257218743
401.26869479584536,450.6486266655236,17.5198628026493,40.50510295124741
404.0,447.0,13.0,39.0
404.59871611821677,448.39975195866083,15.662286850102646,42.685997462884586
404.82032162774925,447.8437367277529,15.369716742663684,42.08466764845008
405.9904682723918,447.8766468718218,17.13905720650439,45.38001283437944
406.8388129990283,448.06079945770944,17.15127729418805,41.407792012185325
409.0470764304439,447.40389275350367,17.64180318081958,42.36036883933963
411.6425457922319,447.1577519520579,17.16884224968237,41.35562824016051
408.0,442.0,19.0,42.0
410.7671753212926,442.98098354568515,17.73404492814734,44.54625866298329
413.47227282338497,443.1684298950695,16.62308313550085,43.55609854395544
414.122140358465,441.9767890227507,17.011190643798727,43.85141496121429
415.21764245288773,441.5801134250828,16.851426139423893,46.50674278966687
415.67305674439785,441.6062453870734,16.87611190742632,44.644877082777725
416.35944408202045,441.065702802239,17.369464035324427,47.6060171614007
422.0,442.0,17.0,39.0
424.4183925098482,442.54524203906084,16.38907229690244,43.628726446153394
426.89750222055955,442.33714531018995,16.102105538313083,43.96423451514028
426.90403623671517,441.6545405188351,16.27087767419323,43.69753474057063
428.0930002315672,441.27972785377085,15.572384650602203,46.291854691954484
430.69200482452817,442.7764137195113,15.708464104936297,41.43990317794555
433.01802300680686,441.6988944881914,15.988334998538221,41.345275430564925
434.0,440.0,13.0,38.0
433.1007880035022,440.6459896249295,14.551898628763183,41.38222963981116
435.1289157914692,440.87534412790615,14.795734286198183,40.37442682957919
437.0629323548462,441.37655525086666,15.30568699939306,38.095038444435886
439.3601527430967,440.9128899565858,15.251124695203089,37.61169269467382
441.72145422388775,440.49835486601023,14.995287640395816,37.010253708846676
442.32420248914127,439.2769479571043,14.610407750121226,36.79836055129749
444.0,437.0,15.0,37.0
446.6987254314994,437.54159278647114,14.487653329332375,38.66536999964836
448.31848431140577,437.47268191297576,15.430810571535858,41.03111289785488
451.10968033233354,437.98051687435793,15.12676698762192,39.649005145390845
451.6376547595061,437.1948988302902,14.845988586490193,39.67326877367441
453.8773201321761,437.0078027249083,14.701115138768216,43.430426021828225
454.23173624295805,436.2464214525311,15.66832674142961,40.23381823949353
458.0,435.0,13.0,36.0
459.50140005715593,436.01181754807953,14.590218994730947,39.90489183537852
459.71277986721816,435.53140541151333,14.379659705307404,39.23122178083668
461.54444301779716,436.12476220572967,15.364933184783979,41.39716800315534
465.3171641267443,437.2816387966841,15.78047163446763,38.5960615327765
467.5365195304994,436.38662435423237,15.757390718935312,38.511875246337866
472.4821095073842,436.2721114499436,13.933800760460997,36.856775298488174
466.0,432.0,18.0,38.0
470.2067752335729,432.8060956543584,15.75746361522124,39.91553047103025
472.8775710071063,433.9090464383853,15.739273813159457,40.29366433328482
475.70381330313876,433.47237311161916,15.601665589985487,40.16280813345111
478.0947641260475,433.08079916901045,16.045863026182246,40.64097889441882
478.9112077358511,432.1698495000229,15.178668091083864,41.08378278914449
480.76804521368103,433.1138499518456,15.72385220151375,42.48711761120194
486.0,432.0,15.0,37.0
489.049887522377,433.08932241835566,15.320820380692282,40.29038700524438
492.3002789865204,433.0301576506465,13.728849100556545,40.35922525361616
492.54033198391426,432.6136619552756,14.314201717981632,39.96567358283335
495.02098922773735,433.09294991988145,13.988023093372533,43.159458014583834
498.75082143681726,434.1633156678568,14.403047538858402,38.503022458439375
501.06550265130267,432.1639640954709,14.42469026730538,39.9092790561549
504.0,429.0,13.0,37.0
503.68925079416385,429.82470287178353,13.830179475484329,38.771745876894784
506.7794093940736,431.7048101898978,14.555412724412236,38.88867655172919
509.40444915155854,431.89526119764196,14.583885106409298,36.03152284211319
512.9018427218505,432.0500777285563,15.028137330510503,35.820030424735364
515.7274313994312,431.22469366561836,14.618576049631884,35.64338049983991
516.006901224966,429.7437217127681,14.899031496717726,36.078201562129834
520.0,429.0,15.0,36.0
523.2911694323152,430.6093249981943,14.729417737591689,37.81065924169229
526.2430898231232,430.3053705001437,14.15845403962976,38.40287490224773
530.1570697530832,430.6707166437943,13.640133106042072,38.379962081024814
530.3160782167527,429.334927062052,13.565037147372095,38.400835275907184
532.3886885954553,429.9967736035469,13.804766816390156,41.09894114175472
534.4256777180333,429.8808580935736,14.491349643570402,38.547087843359634
538.0,427.0,11.0,35.0
539.1685850757494,428.45023082805665,13.779262656549463,37.29263402953666
539.941713275773,427.6259526483909,13.000105707324337,37.53218581277457
542.259828997444,428.29237089859134,13.152716250562662,39.733940240717516
545.6926833906437,429.96656976611575,13.882417244252792,36.7555902923508
549.1947006374849,429.39984863170383,14.104773813701286,36.259363276809665
552.6831962219803,428.64649816625615,14.490001524026638,36.9502856931025
549.0,425.0,17.0,35.0
554.3025930530177,425.93373683309846,14.071729790006202,37.23486448157155
556.0909448750974,425.9597941580855,15.030858408947324,37.54601745916125
559.4788946049594,425.8987744010959,13.87681853493632,38.00776721589216
563.2167637992767,426.60229281959187,13.573156047312409,37.64033410729178
563.4354283863229,425.5527599086208,13.43486681123909,37.14944858333729
566.0543337150709,425.2984381450108,13.489285852758144,37.861522020359644
570.0,423.0,15.0,35.0
573.8660796813037,424.0149017152613,14.523660020410261,37.43738933118834
576.6950676230285,422.8229326572073,13.290066085664193,38.62440609358919
576.7624245823237,423.48352035154267,13.799756159404865,38.707171819039104
580.2708950729186,423.7952981240645,14.148605138585708,38.15237338667407
582.6562978570348,423.71044179895944,13.924950716000012,37.52071661956188
586.0954306064741,423.9377554913423,14.402678694354108,37.51417082618235
588.0,423.0,13.0,32.0
587.8803468259184,421.33602198490166,13.667761144127098,36.66895064662441
589.9814554275008,423.77001934256214,14.455127329524657,35.967080975950694
593.5718866657649,424.6552730398937,14.028350994778975,33.34848934574029
595.4738436970401,423.9938501276954,14.46551270083728,32.47241437333628
599.1839622024427,423.4627707287302,13.88644612046346,32.9517904434673
599.3270072776977,422.0125958472904,13.814190917628366,33.12134190434665
603.0,421.0,14.0,33.0
606.5137100436698,422.3959011424895,13.488972220427286,34.800507398510945
609.0767776268019,422.2472543306885,13.589968845936482,35.526951639745675
612.4246904010483,422.41727102968423,13.37789057083296,35.43199656600166
612.4232170047644,420.9621951386439,13.535650639205187,35.72365391274877
614.6524537533826,421.7656506100443,13.722641548579531,33.82358024891971
617.0681602806394,421.2186696473293,13.609393543243186,34.32551993958168
622.0,419.0,11.0,32.0
624.1292548012774,419.2013811669367,12.418245769828104,35.31734578087253
624.1274102557829,418.8236578478188,12.458979054649035,34.82125356152176
627.2738697210779,420.3548856145169,12.925218336664216,36.160165642720585
630.8483944753264,419.14948716440824,12.665949505127628,35.62151734020131
634.6863358106846,418.5946634624441,12.116239081897447,35.268789589250446
636.849590037064,418.3917890326211,11.950208577198737,33.605883004017585
634.0,416.0,16.0,32.0
638.4958470491497,417.3298649289503,13.95265536370971,33.3219806025088
642.2609795420431,417.8555456526117,13.309540692251176,33.067129062902154
