551.0,233.0,41.0,82.0
547.8175810836256,236.56875219204386,41.09673561155796,82.11143553977047
544.6541310185603,239.5106147537283,41.39663955279866,81.57306692914335
541.2700188308219,238.66343018724797,41.27479507407054,83.26681964307227
537.9907091752782,241.50410776593438,41.46785839432573,81.40058798773563
534.8324781789308,240.6111790435442,41.353268678723225,82.8487540750184
531.6974674591556,243.3589956481918,41.57411653487998,80.5507042270624
528.0,235.0,38.0,85.0
525.2858714030664,240.467485395006,38.31176441894206,82.73355272097973
521.8780567879187,239.1317218384429,38.88602977477535,85.57625986864696
518.5063437948104,239.6640181525869,40.1162560949399,85.33518318349076
517.6305303695221,241.51644206878882,39.01521997250893,85.84333611150328
514.053411267839,241.74754039845504,40.55115761758225,83.72844234239062
514.0829402938427,241.95472085444385,38.34184183858201,85.76554763712949
513.0,238.0,39.0,86.0
511.5675921804143,242.66509476810765,40.36851811766837,83.9095663059243
511.89372599683225,242.77489115366166,39.77356459365194,86.31586610811547
511.88191501783666,244.5526507683257,39.83291924017243,80.2716026678487
512.9078606067022,243.21272657362033,39.417745362291726,85.16611302293222
514.0944784914468,244.31505906879892,39.09946431114804,79.95641904854727
515.9979572106286,243.2529207385371,38.859722868141716,84.203887038831
519.0,237.0,38.0,85.0
521.8131521369255,240.88142436731778,38.1257492877462,85.31082260754033
523.1302512877173,242.91119942437865,40.22063202964364,78.38032057675059
528.6780634975942,242.36564801938812,37.38909728771682,84.74737447616184
531.9065329758068,241.0910601331987,38.17528079026488,82.99473033604596
536.1018616458927,241.76127793927583,37.61565830184247,80.37756689812869
540.2076800666849,240.9262783208559,37.330856461676035,80.3227882897562
544.0,232.0,38.0,85.0
548.6611320901075,237.53130454295888,38.080271612540855,84.47957694076536
553.0293237927654,237.83603023297425,37.190973870299786,81.1309274136
557.0717547846175,237.7536574177483,37.07768203117166,79.41631580514655
561.1700837976679,237.22034046364064,36.883509627529634,78.87233098815386
565.0763370672269,236.47184940681086,36.76723201671098,78.60924535090487
568.7362479549047,235.99067403551032,36.80500915947778,77.86466269741652
572.0,227.0,38.0,86.0
575.4190855151369,233.73896974718912,37.830493874983176,81.62807258175997
578.8768660042733,233.57566626540938,37.467279421704006,79.11577645138095
580.3776825046123,232.08533723735354,38.77888294137733,76.74456015861261
584.4030629806787,232.634639258677,37.344009535831674,82.44040238797658
586.0055074339723,230.6373245727043,37.349213048392585,79.14444544452658
587.7862340780957,231.41002230250052,37.89175638994266,81.84477292844201
589.0,223.0,38.0,87.0
590.735025464764,229.32576572568405,37.85710963022643,82.98834629845862
591.2785567830224,228.70166818120185,38.12434080540834,78.25378209370183
592.4954916071174,228.5132212245902,37.442552671523,83.10779908078223
592.3795047612643,228.11797947901061,38.23720368404531,78.19091821703933
592.8353196794772,227.66007024651117,37.58345512916753,83.42100903912683
592.5680282477438,227.70879663794858,37.212169385343486,77.88746117640812
591.0,220.0,37.0,89.0
588.8095377611826,225.6031200540699,38.69616735001091,83.0608209164451
589.3012893520084,227.4287455331637,36.197390293195554,83.56160770370002
585.0683994882484,224.94842492098402,39.260716689733954,78.99897991016886
585.6328711830085,224.96415430535853,36.35821498693599,85.05911237064481
581.4977284238139,224.36314915312,38.87810935073617,78.00768897767722
581.7992652830046,224.30585755332788,36.40501657944901,85.12654628913765
580.0,218.0,36.0,88.0
577.6873621408358,223.2506894869257,37.03435904772755,83.30951770009324
577.7069145949063,224.89373619219145,35.801075281517114,83.69309134386862
576.361547021578,224.2456872097035,36.4220080757043,78.7122156630326
575.4899367479911,224.0648753516639,36.07515963388187,83.47211899631839
571.5496808769201,222.47620301230097,37.707328263094155,77.2389076376736
571.8776604430528,222.19477667919,35.61094118666176,84.18078040820967
569.0,215.0,36.0,89.0
566.9717171347265,221.2637506768,36.53936862639398,82.23505229736304
563.1747035354492,220.08805550745956,38.14889823215708,77.12437530457964
563.2475659419804,220.0290819092687,35.9933089827166,84.45963911193803
559.2303319556795,219.26520248407354,37.59889743222675,77.67806486246587
559.190982947207,219.56590526310117,35.860658458253056,84.17047415268581
555.1739379353321,218.33884041346016,37.395669548140404,77.72668444134706
554.0,212.0,36.0,90.0
552.002997277034,218.23070720510907,36.46668901091914,83.72173024459488
548.0693397683822,216.93765941437928,38.386312189889395,77.25879228306732
548.6099495560846,217.24874835321498,35.78067650319019,83.91928388896775
544.4120872366552,215.94638666842388,38.2835871889705,77.3524617885405
545.0710293417239,216.3273266387232,35.61743237460428,83.76463243087414
540.7516324716023,214.77267890732784,38.17639440254982,77.21137377430253
543.0,208.0,35.0,90.0
540.3730944578431,213.80817771617888,36.28005050475201,83.54642651710606
539.4869375756584,214.21712891265605,36.14078288021801,77.4215614402143
538.7995534576983,214.13858880453813,35.70209236684536,83.89245226057989
534.9058796109357,211.58911882928328,36.354040982473634,78.40144411004962
535.0717088389747,212.17832232544288,34.97493722321906,83.39839164423103
530.7917572024278,210.1313131840899,36.87678666997817,77.12898322577848
530.0,203.0,35.0,90.0
527.6650201068574,210.8188776654526,35.895931372017,81.00719486997042
523.5451771677908,207.61148281101796,37.55775710467378,77.23812559897382
524.4317961808995,208.0443340475236,34.98430733494274,82.85668904591245
519.943444028354,205.81046558579766,37.34513308067562,77.11655312579484
520.8313007221886,206.3126819571437,34.8570070301821,82.60680085992931
516.1484763654034,203.60714444067048,37.57452911892017,77.49395251557115
517.0,196.0,35.0,92.0
514.7935805405573,204.43508212075108,36.12056624444722,81.63859841104892
513.9454505275232,202.7927771182582,35.9263589710979,78.09490846337837
513.3665896503223,204.0590879117084,35.50530803645347,82.29317546418815
509.39945934989237,197.7492878860421,36.97379031508251,81.29216619332396
510.2760626408283,200.40867376474228,35.170719928754124,82.21577688215302
509.00898910767575,197.1637077292954,35.871521101314045,79.93460001787852
508.0,186.0,35.0,92.0
505.8262504301356,195.16912355967634,36.406033851855,79.8215761328484
505.70957519685555,192.31930969708037,35.5955081916386,78.60777670932976
504.87249768280697,190.49203759762642,35.762799883543266,77.14087994436895
504.56704967589576,191.51728656528707,35.15793355851133,80.97712443491304
503.6002297242879,188.31662926374375,35.46776531890799,79.29833083421968
502.6697731941058,186.93666072226486,35.507585586619825,76.65758949664027
501.0,178.0,36.0,91.0
499.225057111895,187.21853866281248,36.8404538159981,78.33574055310118
499.21761497216096,184.5460049873405,36.30040102615499,77.13087002044358
499.6319293734144,186.2284297412716,35.20058185497379,79.24997253400647
498.75536845812474,181.70209968241124,35.36143015047185,79.50221384500207
497.9545719231017,180.4921803395323,35.89468203350265,76.19640544871402
498.3563048584961,182.17795420008406,35.32574260006794,78.91922722412517
498.0,170.0,35.0,90.0
495.9682103363193,175.0135289818932,36.649951305562354,73.83287045471141
497.4898710830522,175.58644705357335,35.63647976931679,79.82230667946965
497.89411625728644,174.23560099766604,35.73862375297358,75.41974716611668
499.1359078137689,175.60237442310938,35.35028067029998,78.73454639698997
499.92647681639187,171.55150612202158,35.72525226658399,78.01386930615627
500.9747912056232,170.12231444089252,35.727521503507205,74.07928121081852
507.0,161.0,33.0,90.0
508.12062699942885,170.65217242359063,34.37307654699407,79.4176568235145
508.6775639456214,165.79490250274154,35.025741090811266,79.60929497909245
509.4345895926449,164.74954247119285,35.1072748518211,74.00927264234295
510.40216320711033,165.75237227128503,35.7766502751366,78.07070718192136
511.61116783798343,162.77106272945005,35.41622484672757,75.42827724045011
512.7778166761605,164.64719397286603,35.77348862857036,77.23929196149223
517.0,152.0,32.0,90.0
517.3344352240517,162.15731503916152,34.36750757708751,79.4286726947667
517.674004639465,157.4397359826823,34.66424897166257,79.49671722634662
518.5574208899454,160.93765997227376,34.77074111318677,78.64103128117279
519.4200517074471,155.80719862029082,34.68232569110819,79.19806485705112
519.8871994376179,154.87916842435038,35.1567973392481,74.2869942666465
520.9430110091196,156.21988427349464,35.23278519210112,78.45087642679317
525.0,146.0,30.0,88.0
524.7492202323806,156.02915642793198,34.629630528963844,77.85609074906696
524.8323201307858,151.884190607876,34.264437340581026,77.95648075302233
525.1341789258104,151.00458941052602,34.47237162539113,73.5749264171045
526.1480083299357,152.01571380553855,33.736250194341665,78.52921474940186
526.5375103439101,150.1839869917404,34.13850720096639,74.30681101070135
527.3447002943562,152.36213757437912,34.31356405303086,76.39186532618487
532.0,140.0,30.0,87.0
531.1643440524495,146.3196578697619,34.61222479219509,72.93679301732462
532.081144487669,147.95172839507723,33.28301725100937,76.76785579512034
532.2461370261553,145.50676424286303,33.50656302738753,73.65885882300947
532.6476622842503,148.82404435779745,33.430032950342934,74.58408386448264
533.2045673978155,144.60098376744654,33.157996058330355,74.33573715248912
533.5783219806979,148.75593290903007,33.14746743940782,73.63995622926163
536.0,138.0,28.0,87.0
532.1127983064248,147.19524673006856,33.706575177383456,74.89942982171516
533.2663518735078,151.00349819714927,32.76491782345079,73.81678087566632
533.5886918674771,144.97645426784698,32.307759130076874,76.21618012567427
533.5140463618518,149.3748617406008,32.70841203070995,75.11835685755227
533.4582600211427,144.2878691930764,32.737544577786366,75.56438501205957
533.4911031809642,148.4492957330043,32.79675477890976,75.08972424150232
536.0,136.0,27.0,83.0
531.2369266982932,143.54390206667802,33.68019004008954,72.99276228874527
532.2603488410123,141.7354814513966,32.41351218704767,70.53766640234898
532.9512388043956,143.1428634428812,31.927857236493765,73.86386727300567
532.7972536690352,141.92490972886728,32.27859445665558,70.00552590392945
533.1517830182574,143.58957778962304,31.824536043197895,72.90104766016526
533.0034748246487,141.76609484685042,31.991097755711962,69.63670998817821
535.0,134.0,26.0,83.0
530.414949683031,142.96361962261244,32.85942996954816,70.71996533629954
531.7170414079992,140.62142375321088,31.84139446408153,68.29501467362104
532.7582778768394,142.60372009591276,31.334358193947082,71.53257047527762
533.5580426582237,140.46178303910546,31.33590654416389,68.40091684402748
534.524275136527,142.70216578743282,31.248050241583087,70.35816327371191
535.437754546105,140.24329844340133,31.173567972042747,67.94717728529127
540.0,132.0,27.0,84.0
539.5467569829367,144.74413553785922,31.508105736599077,70.13135014231281
540.4079034829247,139.9598806902486,30.656084450823073,70.71985172413679
541.2068393002373,143.90256199131522,30.719557563612852,70.06701963915276
542.0722358153516,139.48425194758386,30.608236999430005,70.04324983397743
542.9732677374366,143.3164997208729,30.71246579401361,69.51658999124334
543.8311918932482,139.19395830107305,30.81540992380326,68.8784294274113
546.0,131.0,30.0,79.0
544.1603497458236,139.09611262569092,32.5500920892473,69.15975514404172
545.3393129794894,141.29716296512038,31.374642389863197,68.82567766387172
544.0790653360464,138.5305921218333,32.90177974828566,67.62256112576404
543.7850097842539,139.20013636961642,32.252967895702,72.42644816227028
542.6796893790543,138.83488526082542,33.03981706030572,67.52109654569193
542.3581925129847,139.42227446656307,32.40918528690963,72.86479855179334
543.0,133.0,31.0,80.0
541.2724574103365,139.76289221568277,32.81921938559151,72.46514791842503
542.3683788281687,142.02077812902644,31.595089212005405,71.63325091498189
541.221561366185,140.917251467926,33.1232229935066,68.40391194599829
541.3267467864961,141.18536817112272,32.07533222571044,73.68897251639993
541.0567254538478,143.69157414510482,32.16150808336715,71.41582967630774
539.7166085580511,142.25369588951503,33.52095296893367,68.89617488695694
541.0,134.0,34.0,108.0
541.6779465691143,156.16502359450078,32.89882114961574,74.0007183297721
541.4991545197943,160.42341024682918,32.171647483791276,74.08540280814259
537.4298953764693,153.90906776960537,34.914738417784406,74.4417349821897
538.1607678001812,157.500882996038,33.73130289286246,75.52122262019361
538.299805875165,162.04183481258207,32.53328127510258,75.17131411875431
533.9486642591188,156.98974726869864,35.64920756302433,74.7176765510547
535.0,136.0,33.0,108.0
532.3267091325405,146.76198297033756,35.21792103201449,77.37200579068173
533.0209898933699,161.28149426532121,34.202783525413906,75.71141978791974
529.5833697022638,153.31792535156677,35.45643374275551,78.48925803259351
530.5622982404734,158.35658261749506,34.483730095841565,77.5701712971379
529.4720149785553,151.42563065842842,36.96519623660424,81.15366764654755
529.6805457225955,155.3586182688474,36.19088689895398,82.24972557000001
530.0,139.0,35.0,91.0
529.3777322133919,147.96264892358658,36.406353496371594,83.62759872294401
529.419766969455,146.97212520021125,35.55722644418813,79.38016767483091
529.435299958877,148.35647457412597,36.03834339052082,82.31826632978226
529.7732121781768,146.68947418230533,35.32498667720267,79.29767457394013
530.4042361691324,148.36572721391315,35.42091979343752,81.64014581962408
530.88321976302,151.36955691374436,36.210861633324384,80.42318438337344
532.0,138.0,33.0,75.0
532.9133817122911,140.53562963792388,34.03178443349134,79.22858533901444
534.3570984204325,141.76565985964106,33.557532320214705,75.08904858671201
535.3993517057388,141.59092341568441,34.33393196220095,78.9079270981189
536.902053122179,139.6580333912658,34.58766702499145,76.22264262076732
541.0465126842802,140.91106918110563,34.71405249982229,72.74064010198128
541.9471934570092,140.05151331735033,35.18166506283433,80.45973846274319
547.0,132.0,32.0,93.0
549.2385127658313,142.00905797151722,32.93501723007057,83.66006832777032
549.4555747682743,147.604341268082,35.186521561215386,79.67349838820249
554.5999325820353,141.0286591745337,33.97323374547341,83.82285512598116
555.1365931109458,146.55126690773744,34.92527772133644,81.61786497571063
560.8708173626992,141.78967455953352,33.80561131820923,82.17869606875865
565.0478128736113,142.50145951997695,34.621175447864516,76.00800771986098
570.0,134.0,30.0,93.0
572.0060638847281,144.35239806955235,31.900619471537084,83.4922077670447
576.1238779712071,150.99709614926758,32.82954768942545,81.31605420350104
576.107168558912,159.6563121786167,35.013076363303526,72.13309515144584
580.9896990929828,152.09695377385106,33.79563708418391,80.14305721250906
581.1194570089824,161.5220066606204,35.620886356890196,71.5806579217818
585.9930211504133,153.6561376435618,34.31862285397244,78.40804064094527
594.0,138.0,26.0,85.0
593.8918099320126,147.39065420561747,31.06858283991187,78.76796898969587
595.6884380650754,155.51706313323908,34.84961119048194,73.1015187766537
597.8991081268209,150.36056036247436,31.775102982901444,75.6749156422191
598.5277413063654,156.42398290516007,32.48928587237674,71.52064244022068
599.3160098065746,160.24388016953415,33.29309299814031,69.94317641630374
600.2068133066132,155.21444576980167,32.995666116398866,72.69520201675664
605.0,142.0,30.0,90.0
602.6222541912023,153.70289232074583,33.35150958224244,75.47654072401247
602.6768437005765,157.53295192573887,33.23982980273399,75.32422913060344
602.301129185221,159.67326570803266,34.13235648106888,77.03850115418163
602.0703121803349,162.74870092488072,35.416035165661015,77.21806412045453
603.4524768941856,158.1462366298943,33.178346595767835,78.04438849463747
603.4876207218426,162.6437012169515,34.507543267305664,76.23143130780468
606.0,152.0,33.0,89.0
606.7747802225679,162.9301858438775,34.50154748568502,79.43645965394307
607.7233809714417,166.7757581478778,34.25092938338639,79.28017965087804
608.5304698727509,170.26502182802233,35.31534242188047,76.52612132113785
610.4764594159567,163.92894606548793,34.238965122805325,80.23515966749954
611.8821074465677,167.33996371545254,34.66800979788866,80.83976567958234
613.2761175860469,171.11574401358757,35.11682573137432,80.35260523089556
616.0,161.0,31.0,90.0
617.5817173296405,171.11861017212618,32.560308952874266,81.83837542144909
618.0260839647399,176.14442768313916,34.509765691712914,78.66787179496652
619.334041522874,179.0822827291662,35.14412357653782,79.15710070734576
621.0053883344572,174.10978434215502,35.03773672012903,80.43895223700781
624.2516406321834,178.9562528586348,36.28977848385921,81.82736655723664
626.2747353578452,183.79633435358915,34.407804869813845,79.86715387488334
631.0,173.0,28.0,89.0
630.5730206557364,182.63925178700072,32.851668626210085,81.92287119171453
630.8547757530409,186.90775211653113,34.92713828510409,79.20075730857633
636.1487624985725,191.16911116013802,33.54965746245898,80.88581031645566
637.2347738797816,195.45100211411216,33.24790921610838,75.77192187283345
637.7633389772304,197.82755277827107,35.08924004865912,74.98654349187603
642.4813331819632,201.31533090975205,34.07036946009134,74.81301790990989
646.0,188.0,27.0,91.0
646.467102574124,198.8845754070718,31.1735845465455,80.09158104700066
646.5541820144572,202.6209992555447,33.45069202540617,79.72704130763532
652.1812842162994,207.446253840773,31.64015034801014,76.05849632978874
652.6122494964804,204.3496393269715,33.07012515452186,74.71813288532798
657.6805051070396,207.3212218829267,32.652435654219516,78.33786339948892
658.857470967409,210.9371070098557,32.4230617359533,75.77629105532111
665.0,204.0,26.0,90.0
664.2035215902056,216.65507902380472,32.338795900745936,76.44636245076043
669.5591727207816,219.97578169502742,31.16647493848768,79.14665724369058
669.6140171537081,219.13538791824794,33.616727152833846,72.41798035803095
675.605744466772,221.86025634114253,31.201952359398774,76.72776050934294
678.3407109416657,226.10716036490317,33.541555601757864,77.33983349692471
679.9205579318127,230.62023576450702,32.75413076332643,75.55872453302334
686.0,222.0,28.0,90.0
687.2903304250885,233.53358896313057,31.74010789897261,76.79651701215778
690.7018068141729,237.58356885849219,32.953549043538715,77.6294485845832
692.1139073577297,241.61674787231527,32.707772717891885,77.16501820599188
696.0710383125898,245.6665225199132,32.763483534052625,77.86411048535263
697.1731275694406,243.07054699145255,33.376049030849344,75.4715112571634
702.1925887946131,247.51389315499586,33.201498814790284,76.3777971559029
706.0,242.0,28.0,92.0
707.0248416000477,254.43334170364324,31.95118349799486,77.61801474562981
710.6275729480138,258.62344410112837,32.38510562426757,78.2505897603528
711.9817802631696,276.30773754180063,31.39497019735245,70.36595113375824
715.6578171497983,283.3914449247947,32.345153884454476,66.89404058971235
719.7759929901849,288.85979550254854,31.93481090379737,65.4699654040952
720.5978924220494,270.4020576108928,31.98860518463289,76.01548272497985
726.0,264.0,47.0,94.0
732.541496020056,277.3673699214246,37.315531299484064,76.59319401674452
732.0671558436147,279.63626168418864,39.01056461093026,78.46013684087711
736.8892972250651,283.037609401179,38.28568349120724,80.70873537187936
736.1859945172803,282.66488899601245,39.8804416203991,75.44132462517246
735.914924001122,285.762366582255,40.93720828736241,79.55362552887209
735.5683414970174,287.2791341161105,42.0735041544624,83.58138169741551
732.0,282.0,47.0,94.0
735.1880716624582,291.22993283760115,43.9908191015129,87.36434575087674
737.0965819293272,293.84937314427543,42.694179609187586,90.39980327947092
738.2747227975326,297.1570293221139,43.33593507719684,90.30951901099911
741.9884011680697,301.16592324525755,43.77785448910117,90.02248159093057
743.1722651423437,303.03348106613475,44.21581085474884,90.79417946070538
747.0785728166761,306.53861516587494,44.27076532105502,91.28491676426518
745.0,304.0,55.0,94.0
749.6147013385744,312.1277624481381,49.139465007021954,92.81755580322329
751.7672358598292,314.49552489565303,47.47642341011385,95.24061359842744
755.6487526648889,318.4078659645687,48.91463859355781,95.54927291788988
757.0488013171484,320.39401683375036,48.269816308004465,96.72074944439828
760.8502905321948,324.0129911228587,49.55033896260829,95.34307843452962
763.0374093822847,325.3421820316105,47.34481309205444,97.4195270533022
760.0,321.0,62.0,92.0
765.5988333872638,327.9733925015765,53.46879151909661,93.83177616606127
768.819461326693,331.9121396652687,49.95955235693168,93.79191935311349
770.3205555730112,332.2802724188077,49.948410431657294,97.41188604691075
771.2683700077293,335.05249179195334,50.805658476432654,97.34755441739651
771.8787529821868,337.31348253863507,52.04366009466071,98.39820189762224
772.9056104526868,339.6326147972376,52.45669858650206,99.14590099204969
775.0,336.0,59.0,95.0
778.4673328498543,342.20229865221125,54.20005817766889,97.92592576879031
778.3903864318158,346.01284129727776,55.131818878116974,97.76041953977915
778.9873949337616,346.15716429740564,55.317653991067345,101.99521942267063
779.7918220627084,347.43580902018925,55.544119118890194,104.28249262100348
780.4973139612378,348.43860150070486,56.026249744500774,106.69194947814026
781.1563494959983,349.54102442000385,56.63022661161676,107.89006442371374
769.0,349.0,75.0,99.0
778.6916015731481,354.4634727503729,57.923424581695144,103.99004522298304
777.2635398330817,355.34353316472607,59.32382746293342,107.34309946054327
776.3122555034715,355.09058724620115,60.290154958574476,111.45223756395131
775.5268677950953,356.0096124091649,60.787649939447874,113.447447967519
775.3440363882348,355.65881708331744,61.27843578594593,105.68978129096325
774.4186926388552,357.56615838155767,61.530664826888255,111.18437823322603
778.0,353.0,44.0,91.0
769.7402923169639,355.67375186137724,53.663461389401846,100.03298510366403
770.9412688812918,357.9008358747136,51.04114314056824,104.35195173570094
765.2164536279306,361.4537430624696,52.924703317245985,101.21188659979816
765.874744236362,357.81828708739613,51.91476143770387,100.13240645469409
759.42303961284,361.3299453255495,54.70597226186385,99.57075115034377
762.6402947615429,358.38993909057353,50.24639208805456,96.60463566976614
751.0,357.0,58.0,89.0
749.5672442711802,358.59460831071,55.79914324001629,94.88339727923744
749.2337926706684,358.1605859298163,55.90067136568598,100.99670783194324
749.8433368877513,354.6508987183561,53.29973254134279,98.08173038605332
748.2842407668804,356.26313887853644,53.98524598444294,100.74540108847418
747.8815535452313,353.294428909011,53.54536552820446,98.31952348421407
746.4764202109764,355.2803943829483,53.84737165710385,100.38249047234626
741.0,354.0,60.0,81.0
744.7521482242018,353.04257573518134,53.87419881582821,95.68849700056785
744.6678629675889,352.884422114157,53.32092043772798,100.0044289843413
743.599752906021,348.80107552145057,55.46648239107503,94.39892273342582
743.5027557791364,347.82420291425103,55.498673599242466,101.31384846431513
743.9771056381489,343.9091103076655,55.48913353372404,96.77458957250451
743.6868063000838,343.5241348434798,56.204571015622605,101.79085212084192
743.0,339.0,57.0,91.0
745.3398889787932,340.01094510487565,54.81246145257887,100.69551012408317
746.7535752399457,336.35562831933726,53.92858867786026,100.47664871253244
748.5282947719755,339.6938878847216,52.20434759932425,100.97238475979469
748.610461497733,340.4963929600833,53.9106010666934,103.07101350445578
754.5603943733779,339.89315693709455,52.0320889869804,99.99231169855454
756.2414873119625,342.18468668737916,52.54277082319675,101.18782218587063
770.0,339.0,45.0,82.0
771.5810120674071,340.8626877985125,49.873460776512616,92.5561686902463
779.0493026031836,343.54352958074514,49.10957035946035,96.42671062469753
784.9953251927104,341.65576077831065,51.646175646005304,92.76868565225556
800.8536738277121,339.44646637351707,45.516475302883464,97.64074695492661
805.8105153061925,344.2570594561257,48.06362025809074,96.96122808306973
819.3959294143589,343.43631806270605,44.749874938450716,96.32769728192989
807.0,340.0,69.0,79.0
829.7941219895151,344.9671110116286,51.503906246746965,89.34768100778922
836.4777269336421,349.35463831332277,52.622901202664025,90.61038819210694
849.7671766460262,345.4797084313504,50.53053630198701,95.14110856419398
856.0395734529304,353.9261857804104,52.22357200696024,90.05012216607543
869.4161285882601,348.5372066150371,50.120553993967405,97.4862515818761
882.0135407184544,356.9465953534991,48.07342610465048,95.22459236286795
885.0,359.0,59.0,76.0
896.3072916684266,362.6034195314393,53.86903665839668,87.91504021255605
912.0503443320617,358.7456100495225,48.779069838996634,94.51326517260918
917.9356610779814,366.12565939953043,50.512199672597944,92.14821154914154
923.7891171422903,364.4014890975375,52.979669281815404,90.9664575937652
931.5403512304678,371.427155943871,52.05648177545811,91.45197705432582
938.4551141084335,369.336099935647,52.726256056068905,91.15889842267597
925.0,375.0,80.0,73.0
946.3156467907397,375.98841851907923,53.64761971479129,90.0125754192369
954.183705160913,381.85327929811746,50.90766796573041,90.77626785125943
953.2259743624481,386.4084750874122,53.93242382383505,91.1508542619843
967.7389161282185,381.97630404238043,49.443577828654384,91.42606690977698
968.1623733843535,386.36468248533856,49.33975929466578,91.31001132184974
973.4533301250876,388.89183422863726,50.77559328633606,94.96848061674604
954.0,390.0,79.0,74.0
975.5656372154526,390.99060367864104,51.89224947437515,89.1540496208745
976.603784479705,391.1971802165431,51.160607237121326,94.74023584580027
977.867322748091,393.0165279298626,50.733880073662704,96.54655734577227
979.0001781978593,394.7428121797152,50.538098377676874,98.62692555043435
978.1365538694954,393.77956525114496,52.50587595885463,92.86521035030955
978.1014744449858,399.94167184782873,52.514358157453444,91.36670171950425
964.0,405.0,76.0,69.0
977.6042906457251,402.56761270527545,53.33017689165035,89.48567945317961
978.4478384404747,406.4412574034309,52.87822983673868,92.53654932239624
980.2000463339451,410.83104203004086,50.32152470832523,93.98341567867237
979.7638533451423,413.66710520430615,51.58514407270991,95.59700394791935
987.077808884558,409.46968421027805,50.901309536283634,92.91034330237608
987.3838108617368,413.9516642611575,52.331531249128034,93.6329742722944
966.0,412.0,85.0,75.0
991.1896198757677,411.1266061472297,51.75281768542027,93.30512766500942
992.0443541627038,415.6314686471562,50.332575427552115,93.58315304915834
985.6281090749819,419.5971383981729,52.80802763860834,92.56943649191487
986.5938645147135,424.61710057171223,52.53120360685807,92.79050158845195
987.7515691736753,429.2419102270639,50.77220937358243,93.266451551589
988.4864831456362,433.5641162276788,49.3694420271695,94.16777709237431
976.0,434.0,78.0,64.0
998.7393825719964,428.9421781561532,48.89735237892546,91.20983742136013
999.6352461956837,433.12184637569015,46.66058642032931,90.80675670974443
992.0796908521523,437.68398931949946,51.622046912482915,88.23452024562675
993.4276647192019,442.24806411778604,50.880800909413665,88.50296920506366
995.5883561431494,446.4009355621473,49.020705254725044,89.2865160126263
1003.674144427438,447.98608675434275,43.7862013243016,93.34738718290464
968.0,453.0,82.0,89.0
984.9895170149466,461.6448517624617,51.97673366553272,92.26994424103304
985.4703064061832,464.9638219629651,50.9776073088633,95.82649772353363
985.3820572334353,468.7326827564809,51.744461368542034,98.16561172566139
979.5236850358851,473.3626891693493,53.05328049072523,99.80165240599922
980.0428103456609,479.37183026732635,52.161322845139466,100.18538465348331
980.5868523764525,484.5810819803181,50.13918678340451,98.92277816607577
976.0,481.0,59.0,73.0
980.214941033048,479.66652203235753,52.34957955876598,90.0990993243513
981.0895964537241,483.3319994996709,49.3878390614376,92.95425576786147
981.2239268628485,484.18733703122075,47.64457670803006,99.6146066680758
973.9864387110135,486.33883967707675,52.23379660847513,96.74649814024474
975.4672257784515,487.56076676304906,49.0114444772081,99.83753898374084
969.3184393216156,490.9165317162783,50.95404785590722,98.06437923421072
949.0,495.0,71.0,88.0
960.2080416466488,500.03182290235327,52.54091012824938,96.53351358704492
954.6980235567548,502.3525141912901,53.0215395967366,97.10099773562342
955.5348596020981,507.4564446894424,50.68804254170254,98.73439996443665
949.7424435042037,508.45976408760293,50.65302735582861,100.0117370580881
943.9582173134719,510.1694395486391,50.58487643481976,100.44485691936273
944.4412735225932,514.1339003937964,49.892142932045886,104.38601726945967
943.0,516.0,56.0,72.0
941.7712329338478,514.4738838110375,52.14357747526492,88.6453625054454
943.126338739851,519.372688443304,48.48235210829421,89.92266298565346
942.9966497265123,522.2119635772833,46.82472700127664,92.8271670624631
937.0878473334578,525.5551753433756,48.50059791511535,91.51077120494165
937.6372849847446,529.9832866051818,46.02292250152391,90.89836178467135
932.2309903574535,532.8767277409659,47.106778052940854,89.8086391423144
911.0,537.0,77.0,98.0
926.1881857938988,545.260616275008,50.987864833746244,98.2129845010104
920.5816565457699,548.3371995590069,52.097269596913975,97.57366929869318
920.4737731795126,552.8047655739238,52.58180644861227,98.99556261785642
915.75317990762,555.0287908230523,52.50438645641202,97.18148072886856
915.6491179909644,558.5353703043514,52.69493151005736,99.55504216045983
909.9880327581059,558.8945164992606,53.46732854311176,101.23626081359566
905.0,555.0,58.0,84.0
904.6656028592015,558.6349285664492,52.393434791479194,90.45723049897879
905.1894336566966,561.2070002779413,49.97255705449447,93.83155830415956
899.1136959665595,561.3205457026882,50.98842613261752,96.09687517589578
893.9327051000344,557.0462302039139,50.476249979205704,90.9568817007663
893.1987450084998,563.4209294294124,52.34216190405277,91.99204013888811
893.1869523457729,565.3236574927495,50.52283669060307,97.67410556419338
890.0,564.0,54.0,79.0
887.7498954979206,565.4628809103067,52.49979473070823,86.88512961514311
888.1006505542068,568.2579873210188,49.25018496444318,89.66309229154558
882.0757705595994,562.1756524861053,51.93783504539499,90.5765719624901
882.3699695391442,568.5493781706518,48.53375704169048,87.99370659137458
877.0604441859971,568.8780089598954,49.97331268960011,90.88336032637062
877.63542039207,564.9068926818318,48.0599003761497,92.37272562713042
865.0,567.0,57.0,81.0
863.5847462890952,570.9145743012477,53.17509928103118,83.98619265433717
864.6731579660188,570.7427776099971,49.24958917424533,89.64013173062995
858.1753713652063,565.5762218409127,52.3736580467903,89.96955750351606
855.2888141435175,571.2186084044231,50.1329585933114,85.45171312219804
855.0789411218198,571.7515614425329,49.20197220208422,89.37084537157261
850.0506533412455,566.5971774910774,50.00052740090939,89.20146106420657
847.0,567.0,53.0,81.0
845.2520825715746,569.1622133807311,50.82471217476177,86.16669034298639
842.2897427588689,569.77211049377,48.318958643897304,88.55547063990707
841.6689041556983,566.4427000531487,49.22276667808546,88.3993335245051
837.9115175524064,568.6985463330095,48.234949732257746,88.25251818331003
838.9127112401577,571.5241598148534,45.22090826468025,88.48926849778991
832.2975029578948,567.3549963404694,48.37473180847758,85.8536341043332
818.0,567.0,55.0,83.0
816.6448829113888,568.6871609628677,50.943202178586944,87.44993171726583
818.4631933752999,570.2785832035665,46.582403364280935,89.4211470568248
811.011084814797,565.3800739582166,50.54845640174062,89.43489470664372
812.2640075825359,568.7893340999667,46.41201388097261,88.74912705932229
804.7497382193906,563.9625210682452,49.41104982084653,87.95435592046533
805.194544435451,566.5699785137823,46.789617964128865,89.14190037063224
801.0,563.0,50.0,87.0
798.9096876709345,565.8471529283872,48.56418711828246,88.33354977743988
798.9724925554469,564.5741542605624,46.19658698700732,92.88596865053319
793.7492277655218,562.4680690613495,46.34874884663293,88.07792020318357
793.8666878623601,562.5014805162125,44.40401768826587,91.94664265050437
787.3298585951461,559.3328769637587,46.290777347756375,88.26789887069788
786.8179849896158,559.0158402666086,45.151861713116205,93.33633632587407
788.0,556.0,48.0,76.0
785.6816940872425,555.8081939196868,47.02372546625452,84.83496140306465
783.2455609115914,554.8585757714802,44.795726447681545,88.3358648263586
779.1289469392595,552.6483732241209,45.57488438859764,81.79031027907718
778.9078865261023,552.4919509415031,43.97003689508381,88.9892158433288
773.7362988139766,550.4807177954544,44.23661934007907,80.81631831492132
770.5077563585596,549.4162766773741,42.96294689924889,88.65173573533013
763.0,543.0,48.0,91.0
760.2364079083268,543.9386370002567,46.806475781871086,92.08213585851126
757.1438994852397,543.2819233993255,45.57169890864179,92.02774962171316
753.3730044266463,542.3653899464734,45.6327666536813,92.16749241760226
752.5399166043358,542.1729780485421,44.8809607238768,94.98836541222101
746.3506966276846,538.7451046676906,46.92266947008375,90.12733484030468
746.6475302778724,537.321143307774,44.554105088323695,99.11874122345807
741.0,532.0,49.0,101.0
741.7740486870575,536.7641789925219,47.46860967374835,101.69238600236486
741.0761563967326,536.0332177684513,47.90820267555307,95.12501517849614
741.7263203926358,535.7133682909362,48.339090728131055,101.10420116142052
743.0005821277791,533.5528624680844,48.32079848678268,96.62003545137509
745.504291353137,533.1257916038485,47.18246749697721,102.04476484382667
748.8732887825254,535.3773507022192,50.23811088853449,93.14086102291299
753.0,526.0,42.0,87.0
754.2939976496825,530.0359714304552,45.10253727974259,91.75907259906512
756.1992036922418,529.5150170776299,45.99372817361302,95.67028510217983
762.3689064664719,531.1961435884796,43.959610838302865,97.07346576357213
763.1676626049525,532.7885925786995,46.22357413025452,87.32005099893445
769.4833755682606,531.1472721124437,44.577078923874865,97.45184444016536
771.1509491913798,529.0821818230327,45.11327658131961,93.47139166976035
767.0,526.0,49.0,87.0
770.2186921772355,530.0861172842215,49.710208649161245,90.32396066047932
777.0327023585664,531.8110824790133,46.16851126078882,92.66397966612658
776.5361832200116,531.7061353516037,49.836843816538135,86.40638770116448
783.3190700353989,532.8701766870195,46.99301162200936,92.74439648903581
784.5329940635291,531.8839340581662,47.50058860463582,84.48089073389656
790.1339409088481,533.4690122858156,47.1870569047411,90.05208336375654
796.0,527.0,49.0,98.0
800.9557825938432,531.7815024676984,48.261653755604584,98.51811107735125
807.548544468709,535.6181190462025,45.363494791226685,89.84416704579985
812.9029494631061,535.0284825741362,43.56955193948647,89.37194612719861
812.039316539533,533.5553795466603,48.363711958123986,86.35895014671087
818.0187719877244,532.3833630118577,46.05780433873633,98.39881460549577
818.0401738348007,532.1905466046296,48.69673032559945,89.82751642368498
822.0,527.0,47.0,78.0
823.848201925175,531.191117660369,46.77639556308873,82.61189200966624
824.4310469956704,530.0113561127848,47.56827372164969,88.40052219585118
825.629206233949,528.1519993849433,47.39372014879427,84.50771895178309
825.931889723394,528.337288353076,47.825743685050725,88.11146358132646
826.3467220068543,525.5152924140907,47.98017329786319,86.19572664077191
826.5071868529226,526.0289326232999,47.94485731652799,90.22823425640695
823.0,524.0,54.0,84.0
825.8928523259383,526.823428217423,50.068869514987,87.75445783431724
824.9852652187778,527.1428971284597,51.19490715794109,90.28834195826039
824.4004823042997,525.2163767051484,52.03667949990768,87.51192356909723
824.4542281054437,526.1333346040554,51.7090342075262,90.31628871555733
824.5031475892476,523.8399856884671,52.55418488126111,86.4477747835582
824.9030626232902,523.8960609493474,51.44892865835641,91.61730155706891
823.0,520.0,54.0,84.0
825.3710094052549,522.1078470560136,50.20182721176582,91.46204257630427
825.267007887438,520.3562448676794,49.5554417175274,89.25674629261653
824.0048377803705,521.3844185111707,50.32843277156326,92.31305621253023
824.2445834750038,520.0107521416276,49.72631598878456,89.77260350551433
823.1479426622986,520.1276976635008,50.44128198019223,95.11200800703591
823.5827818745756,519.3143793997879,49.158671344047434,91.35430924169304
825.0,516.0,48.0,81.0
825.3092466816004,518.453852073475,46.20928638058308,88.31211278121555
825.0092792321987,517.0797436219164,45.054510691839596,94.01106439092109
824.1423628355774,517.15388987128,45.51000780359482,85.50761464716493
824.1006032330511,515.9842226330547,44.41667695189108,92.66348955354442
823.7163579422391,515.0603109510041,44.11734615490457,86.81024857166722
823.2568221668334,514.0945035813129,43.98663629393923,95.03709075999359
827.0,510.0,34.0,91.0
820.6684033819724,512.1169933636445,40.505488244100434,92.41925248612995
821.5463327518783,513.2200465028855,38.54417080287203,93.60273743027972
815.8903394648628,509.9077685777313,40.81896856848948,89.06599574467396
817.594980743002,509.97761754502335,37.73355568975467,94.99577767064977
811.4576734485233,506.3675281362329,40.76317013048765,89.80159279257356
811.8911740166532,507.5748858894333,39.58868279245917,91.8244034184138
814.0,502.0,34.0,80.0
808.9002927288288,504.4964269002433,39.64683101575008,82.43597301038466
808.0010708929462,504.8213175816859,39.63780287162899,83.50108522721712
803.5716328116346,502.24416471925997,41.39316809678803,78.60739834157198
801.8208889632708,506.3798904106983,43.825997657827315,79.18083490975289
798.9473036089357,502.95608338293596,41.160069915811164,74.86597409960712
795.5656431740317,505.29114172220056,40.09065946015062,76.5185446310636
785.0,503.0,62.0,74.0
790.1855286860837,504.0299121069564,46.514255116008826,77.52043137169875
785.4073573145988,503.4776757854671,46.58564121515292,80.0121623670035
785.1802783626572,499.7703122381047,45.868434495111956,79.8137500581073
779.9453743390095,502.2926084205535,46.79938964160874,79.43931107376216
776.1069397519841,496.1303021946351,45.30704345038612,80.73263020690956
775.9811710083286,502.0040037373185,45.256399263334856,80.78373581484323
770.0,500.0,54.0,67.0
770.422199086478,498.733428383473,46.0916748738764,78.14620334886331
766.4495450280856,497.36644091289236,44.0931259742631,83.81339780173562
761.6005754921291,493.0160007506838,43.4480358058496,81.22790792336377
762.327067013091,495.6277680323458,40.88718317856956,84.19320540846013
755.9317912246914,489.2090472876962,42.00360615786883,82.8039063605031
745.3932918528917,481.8423225973736,44.613516995264945,79.74957809087198
738.0,484.0,57.0,83.0
740.3904108257793,484.40271244833707,45.30243493975149,85.99365534361766
734.2954339015705,483.24565743578523,46.326531173206604,87.36892243452712
728.6472344755973,481.2578063572064,45.762104023915754,83.40757803674364
724.1690920724925,479.61937062361903,45.03634421869583,89.15609518765177
719.7784127180701,479.856783870526,45.071942062642165,89.73188544844493
715.2901990980395,477.30141584400224,44.022624816030316,84.13738573031424
709.0,474.0,36.0,71.0
702.2242220313121,473.9574263582913,41.12333988123487,79.86219561227108
695.7848087734637,469.2044035656636,42.73944243377446,78.51629810814882
689.9132383268079,463.4060651600828,43.07914722237183,80.96834721012317
684.8501811086821,468.7723000851503,42.55131461032738,77.56300610824269
679.3295527428345,463.9745721550098,42.43334776016809,74.58010766331813
675.1112395456795,467.15748301489396,39.96462930296991,74.73816809950858
661.0,467.0,68.0,62.0
663.896758753579,462.20957488538187,45.517064924761826,75.15738278129396
658.6333471800513,453.6864967059546,45.28800112659587,79.41614487690981
654.1950414340072,457.32959463149353,44.71201104213833,77.11365064329635
649.269047589924,459.53648577654974,45.081557075354795,78.11559999013411
643.7434179185057,461.9126640123266,46.092823167697134,78.09436224436269
639.3621590535763,463.1974539778445,44.14067366157849,81.06059812789113
633.0,465.0,37.0,62.0
626.207276706893,463.79160081736256,41.71102333830822,74.00164863203656
620.3105580464121,457.50687898435444,42.307007696511846,75.70822180126515
614.6700359033305,461.4338326034848,42.81786064080859,74.48752225492922
609.9197122953423,455.99963633130017,41.30814672853546,74.63390675992173
604.950268010433,460.23898999846597,40.56805589808266,72.72006125011558
600.3471099106805,454.6211183334723,38.92240076800363,74.14476411301939
588.0,458.0,60.0,60.0
589.2879153724705,443.82409697408673,42.029442279820955,79.12186226892857
584.6655487817459,448.46647491249007,41.927522567186884,78.97369937700023
579.4975667705162,453.139485971114,41.99244214673308,75.22184798101671
574.2837851537902,456.68181245214487,42.546554785854255,72.45440929427389
569.5728571035543,447.92228778417416,42.0810090409816,77.7064222717213
564.0704320221146,452.0456018463632,43.40780325512833,74.47469951893652
554.0,458.0,51.0,64.0
554.1811484831014,457.08111926166566,43.834086089944776,73.6559343774079
545.2627069835953,455.3136024134765,41.665181644751556,76.83787517795577
540.5977448812216,457.50842981438245,40.699666722914344,75.88196422749843
532.8286286719376,456.06996565904734,38.58732418608088,77.8425660578618
529.442867400558,459.02084026543974,37.51648446398519,75.26529913376015
525.174454643407,461.498025486364,37.74855301469529,73.43723232281263
516.0,464.0,47.0,63.0
512.5987137839172,462.51233475496133,40.56929621514769,71.54197498722681
507.46976021802993,463.22921177575927,40.89807068822006,76.41650199057949
499.8612054346522,458.8156200481991,38.516594787215126,72.22993771929112
495.0691288724335,461.90430036464267,38.45663706965382,71.04558562941537
486.88332400006357,454.87868730879643,37.72711205855694,74.36479174401063
482.5266804396839,459.5017556331743,38.203730747674285,70.94208226806973
474.0,463.0,64.0,61.0
476.7317997746836,461.4819591688903,43.21969418101503,68.29922214703572
469.63775427212784,460.90862050127106,39.15147054376769,70.6864122712746
464.9904521834404,463.1929830743338,39.24411645465187,71.88628683489696
460.8595483867657,465.62460954328253,38.163787398602835,72.38469901066765
459.3107643197545,469.285553107204,41.63517055594525,72.01750266738156
451.97106005837827,467.47436953889155,38.329223039274666,74.751760911975
433.0,468.0,62.0,64.0
435.5399958217531,466.4087984466979,41.145718940377265,71.24642542716686
430.9380811764188,468.07905730528717,40.3637077634138,72.65562328908788
423.9299096950406,464.75133438520515,37.51525185429301,78.69185571718253
418.0636924156406,466.26074881894647,39.57466366213367,79.02263861086772
412.37536515204647,466.93537778132793,41.175464482856114,79.29907725015698
407.34594307613054,468.4145488390767,41.49834981497827,77.96978021581538
399.0,466.0,62.0,67.0
401.2064467256348,465.93026966150535,42.50755537159728,73.89102609030931
396.46063192851034,468.86584130315777,42.47682324399136,73.94354011814374
392.6622738908859,470.19730019004396,40.418244833195956,77.0286342274353
393.0764673743021,475.52242447001504,39.88184738336764,74.27660738862619
382.77593740693374,468.56540925723255,41.30998293257392,75.353509598409
383.22819158455127,474.05957690748437,40.62822937298557,75.17783934469571
361.0,469.0,66.0,67.0
364.18844524681367,468.16496539558966,42.854409546804106,72.73750370560037
359.12851105462744,469.97927623912244,42.863410859599696,72.76570334421592
354.54848957614115,471.551565535707,42.175870871107804,73.24410592705954
349.6179808431343,463.70589644983806,41.46365992838247,79.94638033679337
344.18693011478035,468.1859594579913,41.66750465011455,78.06664656087821
339.49850594825773,471.36941113098675,41.165643667766005,77.1266795253128
321.0,476.0,64.0,63.0
323.93177482948204,473.27484803059116,42.371591704118146,74.56428827560143
318.8236864264218,475.0128727361998,42.775897721347974,75.96631383809563
313.4855397238156,478.4114251384591,42.88887416414866,73.89026885547617
331.7925186812415,476.4900236113938,37.17237127263786,76.33647573216558
327.5312400193143,471.562534162004,37.07872998224775,73.23808100010808
323.24961847011764,474.18095205327904,36.991498508581344,73.84007869983861
278.0,483.0,78.0,62.0
288.615262462788,482.003350347916,41.60947167864833,70.27221679958689
283.63002219253883,484.76644041140685,41.30003149183875,70.99842493381402
275.2914728050064,485.7156074095868,39.67040685167791,72.5045046355616
270.15713240170396,489.1677972656413,40.51419120197909,72.02544589178069
261.50503639247074,489.3150652614778,39.55298037158934,75.10269216989093
256.4791589183051,491.73661355254956,40.000688114527065,75.6322337869941
238.0,496.0,65.0,57.0
248.14449916669216,495.0605286095815,39.893977753313294,68.8722624941147
239.58461845469242,496.2933365870813,38.90675798552934,71.16082379272939
225.813434412425,487.71937382349597,38.353057133322125,71.4505667544804
226.70479008989665,501.422571240867,37.48055715465054,71.28406409196486
221.99379157206067,502.70200821216974,37.79223218497418,73.17134981393633
207.7123956563647,495.61173543688346,38.587916960879596,70.00658625386859
188.0,500.0,92.0,63.0
202.94408455136556,498.72975095072434,37.348946038186,70.94609360279264
202.49813216815,504.6376474022477,38.6011792261252,70.56522011401717
193.42080724513335,507.1692367370946,38.13548101410322,69.15631262429531
185.40242788185458,508.696858074132,36.597259873357615,70.72095139886687
181.04198353790105,512.5668139391557,36.556310479333376,68.06286987837939
167.55400260592714,511.4948823377366,36.977252045827896,68.57449744528515
144.0,515.0,82.0,57.0
158.6854813305714,512.9928553497664,39.59367807824566,66.94258120735014
150.1807506160975,515.0498767337326,39.520761201894345,67.73073751845868
139.72426534061685,521.7131390807831,34.92396973072999,70.19055535453435
135.4089389421701,525.2449397188498,35.042330233220184,69.572454938889
130.68962512524854,527.1571036590349,35.549446694815,69.25834610961647
121.52453228723519,528.9522658692692,36.691316081072785,67.90399661820015
98.0,530.0,89.0,57.0
113.26412411940186,532.2483522337525,34.467995952027536,71.77251873397745
113.29158105608101,537.2872688946098,35.29469082476001,68.8100991047205
113.16847572787417,541.9040899697916,35.48032816452995,67.66839989867958
104.00331170642028,543.4112963805294,36.70394880415671,65.91250559142532
96.13780182645169,544.7048646780595,35.760078247013354,65.73418309783756
83.3225725997861,537.6974837486778,36.07087162410778,64.51976148518952
45.0,537.0,104.0,60.0
67.84026542935578,535.3959534598071,36.239430058227626,68.2321116055142
56.44067384309962,536.4283302088011,33.8420414095978,69.30213151270686
52.32359266723887,540.975405523326,34.25035702462375,68.76319452648215
48.58425066883659,544.9723755249761,34.490318122190914,68.92165010597637
48.65677645768836,559.360070903309,35.53281091084491,64.77211634647983
44.581328522202924,562.2004955053487,35.54526409025212,64.0117415132147
