623.0,177.0,49.0,101.0
621.5500744190067,183.05484639528333,50.149170235265046,101.4468784849214
620.4859021500738,182.35530484752144,50.21276829924102,106.44507599264779
619.0553712374931,183.67777236891743,50.819207425832246,107.17810365315927
618.4733380319481,183.56325935786936,50.235225075361996,103.37133664804105
617.2731344398053,185.6381878073388,50.525829472790065,103.35907095976688
612.606087475647,184.3959832418318,50.309181660197396,105.93792927418616
611.0,178.0,47.0,109.0
608.333127355203,184.72013953919335,48.12618482467951,105.83116279360226
607.3046196588544,185.69180934955517,47.729147819353216,109.43356850842144
604.9660084071058,187.81830740403643,48.963170934678374,109.84574144672928
600.8367179319355,186.6117759192531,48.23153169518355,103.6737504030092
600.301301084337,186.28070260580967,47.566883705729424,109.99774392351299
595.3623817900552,187.44983772727244,48.970285559013064,107.42820335903036
599.0,184.0,45.0,105.0
596.3491565263912,189.6810055562082,46.52152986162412,104.40974896962805
593.9780874939697,190.73695983845312,48.617076871336394,107.71712725589975
592.4268230369648,192.2810825719132,48.70827819900114,109.00552336465557
591.9211818026415,194.08226651044242,47.56766257800473,109.42404132293166
586.5460884718186,193.42136909090664,48.766122221871456,102.03834249176089
586.46921179648,195.6442145216401,48.547366373991395,107.12631641197942
577.0,189.0,50.0,106.0
576.3963766481752,195.6394547370362,49.73700593908006,105.98836403383143
574.0093001025373,196.68957154892507,50.37386570941635,108.4826407744448
571.5700499489585,198.4329902309978,51.690192345583,108.97729902660149
569.6406045715121,199.89370547766453,52.73818893878342,110.18996548303306
567.9233316930004,201.32308599995304,53.347864243987715,111.35472616956213
566.0625155549276,201.47126681910237,53.44472288849113,103.6764208536095
561.0,196.0,57.0,115.0
562.5743614783983,201.3958622720774,53.90236509839258,117.378862442534
560.444645982488,204.74422118840084,54.78556653932867,114.64762933895696
555.7507930683021,202.5892934294469,55.33390343506994,108.23161534415124
556.3047370068031,201.36298625735253,53.6339905406893,118.19356379243573
554.6513289712809,203.45758336810718,54.312897548915316,119.56770224383291
549.3541163201172,201.0916439109231,55.74357996621245,112.13426954962603
554.0,197.0,48.0,111.0
549.009913665629,203.05381694242166,52.58110462213699,109.70113228137771
550.005704735989,203.7378393674876,50.49406559632189,113.63761134642255
547.8819870442268,205.03528245588348,52.215479549803945,114.57391183730385
546.2813390313651,206.59466556104223,52.912664436250566,115.16930334468753
540.6775549893309,204.4989465987378,54.00985184121055,109.06088595675124
541.6789820037126,207.47460006122583,52.31417675224748,110.96499299453785
545.0,202.0,42.0,109.0
541.476628107783,209.70036597948442,50.78467922145683,109.49117578456125
542.0706767579595,209.84126137229373,48.28922096122369,110.65907965441
543.404709276057,211.00376663514322,46.68653936471924,110.15007259844799
544.0820477819066,212.58991657443858,47.587461914646155,109.27001276374267
545.8737095268116,212.60005494216676,46.71330422164465,103.73665565109496
548.9616092400643,214.63786781287172,50.21489831601798,106.20848519747113
555.0,205.0,52.0,114.0
560.0463526242879,211.84608076219115,49.90508074754371,110.62234840460269
564.0901921141904,216.21853814191508,53.07465151922884,109.38186212626198
571.1259036541232,212.61432193038593,50.83659145675756,110.5971214931381
577.0925487664338,216.2324224317108,51.7799431957543,110.79178301629327
585.3034631666114,212.1389538634761,49.6460199549831,111.65488121791464
591.9632179953501,212.89140145240094,50.59307481711255,108.13308384380173
594.0,205.0,47.0,105.0
600.9928952123685,213.34954800534638,49.16641806357666,106.62969430819004
609.1223693968941,214.41605888999447,48.989278474813545,101.29021301085425
616.9635964549088,214.456763334885,50.08409943555307,108.49633439804978
625.3608568453044,217.4154287356714,50.6650360351789,98.6529809436447
636.8042858740523,217.8917905955832,50.2494520467219,108.34019643799479
644.3449956692632,219.91893151135878,51.33330300108082,99.17594848834682
653.0,208.0,53.0,114.0
662.9044763260572,216.6069138132235,52.406711208371235,114.40865591691352
671.2551537901786,219.3090720495088,52.1800787757918,107.04904126119459
677.9949223928807,220.28532857318123,53.57620874019176,114.09999408095479
685.6251446245606,218.98788536216244,52.21257219996369,111.61449484290642
692.6698975941367,218.8767076951101,51.50284457833368,109.42186144529882
694.4716916164907,219.2128240908337,52.47361132844071,114.34111704547064
705.0,211.0,46.0,113.0
706.7398636969119,219.58324299460355,49.16455880934973,109.93578527118257
708.4491670624534,220.7417692224447,49.96287814938728,111.49229566272453
709.0121878547179,221.11582636975618,51.60401756868896,105.71883564248492
710.548835158742,220.81438461783586,51.82687163730395,110.84285950382213
711.7147430110122,222.4980717372781,52.057807553062275,111.32034068072562
712.9670725742424,223.94138781836693,51.257254329369744,111.76714686679713
715.0,218.0,42.0,107.0
711.7607545627493,226.2578642589589,49.61083692931197,106.45645016043554
710.6030909211585,226.3298248082823,49.07969345716822,109.32169935017566
709.1179099375258,227.90783392712092,48.966286824917916,109.63809554049521
705.1661374268306,227.8629307542932,46.59466949431476,109.25275702663384
703.937077469738,230.06125760289086,48.62785285545863,108.27358230124486
700.1516440310338,229.8723586273876,46.33177106483117,108.2394460834704
703.0,226.0,41.0,116.0
697.0848008761384,231.27755708990708,46.59440246718475,113.03339934559415
696.8252847306122,235.14252351399819,45.859017299261154,110.75009875602734
691.3150713184939,236.20966172774752,47.82089529925213,108.69058114561511
691.9408004197285,237.77607082767463,45.813428173604734,109.82105077202505
685.50256478148,235.520766469338,49.1663628822256,103.90390541183768
687.4235375106696,235.45407021856454,45.67473166723039,113.24757611930568
684.0,231.0,46.0,102.0
680.5628250017071,236.65889005330257,48.10541732765705,102.07394973864797
679.9010227345507,239.03176131483133,47.32729583639457,103.79451590534114
678.6033921080742,238.99131914676673,47.102716839431764,107.88841605032468
677.3528417179376,240.83148455113724,46.86995127227476,108.18348832706488
674.9703634231241,242.2852247074324,49.48573716364672,94.9191388363057
670.8681000642014,242.53827690907195,47.92352724451143,100.42582208871113
665.0,237.0,52.0,112.0
663.5834176184026,243.32940838922184,50.850934768845946,108.65769998082737
662.1518142315899,246.00372677344376,52.0688135550173,109.65594244078216
661.580344798509,247.43193984935294,50.522127574673505,102.36616622269605
659.6152938386313,246.16981600213717,51.65957637751387,110.69354797576409
659.0848756479054,245.98893617687452,50.03575530418675,105.62277181522171
656.8523235323405,245.72584137159674,51.155453412144425,110.45556280418072
658.0,238.0,48.0,116.0
654.561890364902,243.65482620729438,50.640245958993546,111.23390777747295
654.3606478837585,245.98141774585804,49.43537064531688,112.04061684306191
652.5800697271129,248.21391661608368,50.72901176657297,111.22653711591965
652.0925454971826,248.43226674556684,50.40271130998974,105.4334989464374
650.5510024257004,247.75753496123752,51.171210875569045,110.26662582606548
644.9503183785876,245.75308173284787,52.33183766149773,105.12210884334036
652.0,241.0,41.0,101.0
645.8801534742097,246.44787523526844,47.74048459272831,101.9390659785559
647.6692123263115,248.7332335256882,45.10242812568549,102.39781142709205
645.9145171599322,248.1305151412745,46.71008319857708,106.2225009597754
644.5718983458578,249.4958058530974,47.11063299401462,106.84265477763643
640.3774572110087,248.83343993923813,45.54970324243186,98.66666907782746
640.1450113963031,251.88865365820988,46.38763935953739,101.89376000282812
639.0,248.0,42.0,111.0
634.2720830734504,253.68832832377097,46.525232094268404,106.61572420454684
633.9769860655414,256.2307185914833,45.3713831239171,106.34096604105252
628.5858470477378,255.29439684714248,47.655153249125306,99.3693269422912
629.4012817700673,254.86227885402002,45.08140920666597,106.30258565976567
627.3386011628855,257.20031870753064,46.73597956725678,105.61564111392198
622.5624660044766,253.4479082461348,47.70662565360681,101.83475229850623
625.0,249.0,42.0,98.0
622.668664038616,254.40222221584102,46.8376823526969,99.98594706466034
619.480627788193,253.12088886630227,45.28173823184443,100.48979400394455
619.1789770184544,253.3959002825336,44.735305410092906,102.80635841512594
617.9287464789809,254.60184113743708,45.15078365864383,103.98417064468526
613.0918819372096,254.29837708379569,46.48849147019109,93.38961413758238
613.3835786146635,256.2595783588772,45.589888130745976,97.36433094515706
606.0,250.0,48.0,103.0
603.4772605673106,255.04798356148217,48.751890386276045,100.77578620929978
602.5685284126521,256.09275581292286,48.47094486220362,103.99732061720965
601.2050072968455,257.55923086853386,47.97036588350875,104.97179861615257
596.3083218466568,256.98967602451216,49.68819288887926,96.47091064008362
596.8272905870581,256.55277404797675,47.37844067722108,103.66030881795109
592.4520468897042,256.85780438754,48.64765827121164,102.05439346198273
592.0,249.0,46.0,109.0
589.0232002222174,253.89410224118012,47.00121367671227,106.40686614353933
587.7649292937308,256.2838524805775,47.165883554961965,106.40182625058833
582.5031459933243,253.08831802871146,48.298334321910716,102.88035294202882
583.3165900680609,253.8121801612217,46.395005769832665,106.53048348198507
581.1526076534333,254.3196044016886,48.75890656663387,100.70324336572594
576.2819057614306,252.69670334324087,48.935604738062466,103.65706013786581
582.0,247.0,36.0,98.0
577.4757193024188,253.47887725534906,45.799662805099615,98.31660946469879
573.8444766861294,251.37084828150518,43.53320485375707,101.95492572100204
574.1849754634459,252.86032070850365,42.91306611055916,103.1386906191214
569.4853357835809,252.29271650231033,42.80393091755991,94.79536038714252
569.896007480249,255.77394310945692,42.398427763306245,95.4214269564809
565.5036445841138,254.31114227313378,42.45268370907297,97.14768498393641
563.0,250.0,45.0,104.0
560.4644306742688,254.5946166659752,45.92776132071663,100.36129523611538
558.701436278825,256.6865615485465,46.651367203721065,101.20106617257113
554.5262304200344,255.44440772335906,47.16053562207844,94.96568659935576
554.3211856893065,254.32263696462132,46.074155103861585,102.11805998097822
549.1124993032199,253.58252772043676,48.37167777971263,94.77136342820728
549.1258861795231,254.19081189013355,46.97062297024604,102.14575130979176
548.0,249.0,44.0,95.0
545.8404208171387,253.86194772886975,47.28122461144312,97.63138705928768
544.932360091593,253.37499806003734,46.22026376082272,99.69421837166624
542.5782982445121,253.1482516952977,47.71350045658687,96.04431140779923
542.2046416823175,252.5326837305597,46.57783428144512,102.02227213359225
541.6310146115338,253.79170966075935,46.15446048679701,102.73784941020779
539.7374422407884,254.55289884160675,48.188883484879625,92.17582040583125
532.0,249.0,50.0,99.0
533.0894781320312,254.70161581304558,47.720725354556635,100.57792604116787
531.1400289020867,255.15131101141196,48.31341721753688,102.42083743652597
526.8550857538839,253.67448591435226,49.659798305444156,96.11196962637933
526.4560153034415,255.93311502255187,50.107186537928555,99.7229963905487
525.1963915190247,255.41366811980515,49.93185167373326,103.18735434614075
524.4349484632266,255.00027158808052,48.62812323160051,98.3898592851786
525.0,248.0,45.0,104.0
524.9503777104152,253.2844244910433,46.6501023829461,104.43296314905075
524.331790755037,253.66543943091557,46.47627847618878,100.13924385933439
524.9743087652921,253.75830356222014,46.299217662920796,103.38098029285948
525.3270724218394,253.92164281918042,46.27530076492121,98.77149347448295
525.3809347191144,252.10774366240923,47.50050204065394,98.0698772451575
526.5352056984398,252.08722825975747,47.48720713283376,101.65244939549859
536.0,247.0,35.0,92.0
535.5280726154979,252.46753305226332,41.41995447953377,93.94049584417814
536.407269412924,251.9574687956424,42.03046652393232,97.56350279591379
543.1401888862772,254.7035397983891,40.59875546595754,97.72233347256838
543.7455031103318,254.04761023594983,40.89101430041819,92.7111799818681
549.0094970561697,255.69159478022948,41.30812124904537,96.13288740947473
550.319460818278,254.43375462834854,40.530989264911796,91.02391060991181
553.0,250.0,45.0,96.0
557.787991814539,256.5126661243836,45.622760127186666,95.78654728083495
562.0653369483148,257.8991598952234,45.64910129736734,92.63205962360348
566.3650200962452,256.2690703231176,45.931552914514896,93.05189918483921
571.0908318727506,256.34760773896323,46.18554386791402,92.01069883280206
577.1174451411622,255.8235271180219,45.44939784360213,91.59385714140308
582.4135996252697,255.1114371199547,45.81215452379524,91.7011010433813
589.0,246.0,41.0,90.0
593.9304878288049,252.16418828470418,43.85247177826545,93.07667786177703
599.1130978386664,252.531448422028,43.0750037949374,92.0032796460863
603.9198145361834,252.53197758469366,43.005763010819464,91.19560379517623
609.4152822807873,253.1944608778615,42.19588144322756,96.88328724538724
610.0215252373744,250.32191909684906,43.68327811440065,93.35613746208384
616.0138875495835,252.2194798474609,41.731515567347174,96.87283343192661
612.0,245.0,44.0,95.0
613.8655471660552,251.369530990314,44.3078382927381,94.13193184800588
614.0939901829554,252.10171151033978,45.58273188646763,96.04109898766268
615.0036625995249,252.60654489396495,45.60250042564576,89.72344865749153
615.7994028150722,251.1987630389915,45.61034849408293,96.31122010856245
616.7868112103789,251.39351693749484,45.02848666260172,91.00849860832864
617.1425492094679,250.5070827619952,45.211157358485366,95.8469560645018
619.0,244.0,43.0,100.0
619.7570721600331,249.34817978559732,43.475489328236904,98.61695809072535
619.6009998854296,250.25824988823024,43.18281728629802,93.39183579117042
618.958313116515,250.3581744007816,44.14719304191692,97.07611324814076
619.6643700924792,247.71450706886264,43.053594370923065,95.99096008632955
619.2105413036007,249.16451946647788,43.97510861196167,96.88079796594405
619.5102944898345,248.73076851971462,43.38344055236689,92.76162434062672
623.0,241.0,34.0,89.0
621.4200870116124,246.49265880543135,39.72541864674622,89.59361376916422
616.9659277691298,244.6828087569238,40.325269160932976,91.7078871288004
618.0933322109777,245.54698669410163,39.429803284092486,93.65866687559122
618.8062047638191,247.61529628381845,38.490880785111585,93.00411922520686
613.8810022126902,247.49318970081413,39.43053895512162,84.49631375991157
614.3369111433187,249.53784634032093,39.245183950306455,86.57736095048813
614.0,245.0,35.0,94.0
609.3693380264203,249.4515254491888,39.61379280856704,91.469876627085
609.8815427777528,252.19338516143944,37.98584582096453,90.83758844985937
605.2093625590569,251.27375022548995,40.18861432253948,85.61844946554402
606.4828415926218,251.46533644600493,37.77936029872649,90.07822003218621
605.5421911446093,253.7884406358637,38.24726030972431,88.79136879726002
601.067283966393,250.2277124528046,39.97477879676637,86.51472754298976
604.0,247.0,36.0,88.0
600.5976391187214,252.4658575653564,39.35940829257743,84.9639900540275
600.8030731677336,252.87676464614924,38.50709692268242,87.50619017886311
599.8568679723703,254.19366138899386,38.819621640927835,87.64554314779207
595.7206954845935,253.33484525274093,40.33387031413474,82.7377242185596
596.5957488608863,254.2717068610741,39.45043382162157,87.51748039371637
595.9439680784303,255.50929018399802,39.66640630203642,88.69929556740124
592.0,251.0,40.0,88.0
590.1166542353276,256.6731087135478,40.8334650247707,84.62239362647563
590.000204765302,257.3609837472518,40.770532344056846,88.00961409417698
588.8679071484612,258.69228634484807,41.219733881367574,88.82472136585505
587.844445551742,260.1948191788497,41.47129557397784,88.7302775481819
586.8192307533568,260.4675900065579,41.382734950254644,84.47543012136464
585.7903383242781,259.7964300636804,41.377633497178294,88.98734213950365
584.0,253.0,40.0,95.0
581.8604746246365,257.98526830290757,41.486693168288184,90.55265231858937
582.0412261220581,260.00559817702856,40.58809552992511,91.2216609688806
581.5777991081617,259.6992245835289,40.45419806019038,87.81798786533898
580.9586289304556,260.1521511130222,40.44149761227061,91.71843232348454
580.4343314747425,260.6032968471946,40.53861602698589,86.72657963255824
579.8689920648984,260.5738242619982,40.645203276273264,91.195586807621
580.0,255.0,35.0,84.0
575.8798688319655,260.0430244278835,39.80953251640926,82.90335756930352
577.6502806475021,261.8827814534718,37.48765855362922,85.50805444137723
577.3542674031462,262.41111219616755,37.987554758676424,87.96146951429898
576.4696171979195,263.0338394691671,38.778171390251714,82.75676334132504
575.9531372254154,265.4925922867104,38.73245622139132,84.55470088271693
575.4701122735435,266.2618428063329,38.598081693512086,86.05513384133047
576.0,262.0,35.0,87.0
574.696778294493,269.1759193625262,38.039337097184216,84.87013289763638
573.733389546025,270.4381495275834,38.13309877848212,85.84137053066218
572.2872440740939,270.6225951121023,38.88579087817379,82.4753914823458
571.776644387903,271.07068606815665,38.192225950895704,85.75153806059006
570.6154296869308,273.2052879212482,38.632529854484346,84.23980538908722
567.2298302648269,271.0519242947129,38.71134329015513,81.43473636524709
570.0,269.0,37.0,84.0
569.081189052326,275.3252170175567,39.19887837612487,82.71232877316288
568.1888379502984,275.5052254500215,39.140620974640115,84.89331347745338
567.3071202158069,275.98676900467717,39.19037332832886,81.45676157622711
567.1953514344643,275.83798647446656,38.45388633953212,85.66245098597142
566.3787777450525,277.42641060816095,38.94710667795516,85.86183615827849
565.7074563366804,278.8495373885107,39.264170389819014,86.28203600151028
561.0,274.0,38.0,83.0
558.9613430375621,278.60269854894926,39.47475036022661,82.77361330855541
559.3942256649274,281.685670561298,38.9721022528621,82.95825583862779
558.5586644125074,281.98780960665226,39.33894905661168,85.64427152341341
557.3904147492303,283.3744133488808,40.02242391378877,86.02039863635724
557.0222692102639,283.8408365954501,39.25435148591123,81.35057221005354
556.1135989878333,283.4382306494683,39.51953670812259,85.87554104014612
555.0,279.0,38.0,89.0
553.3056487876006,283.0572197209658,39.11072319748746,87.76507958081083
553.8718508111963,285.5181091235895,38.96653899036687,86.8251902593247
553.5323106989031,286.0992882047226,38.290172501122015,82.33902198137412
552.9454159805439,286.05371624527015,38.03835625333454,87.3064028287705
548.8116830356139,284.1098774020304,39.037185785351085,82.42458258918128
550.1269347954214,284.67288043889596,37.49074978641579,87.67541993504295
550.0,280.0,34.0,83.0
546.9742459710683,284.5338907842578,36.975809820475774,81.78503121754375
547.5700488875191,285.0577467502235,36.084588860643635,84.66658333041005
546.629832430922,287.02503173638013,37.01267482332821,84.28005929230721
542.0572356863477,286.2218659334079,38.78892194200489,79.45895652281479
543.2598409104589,288.5416514157903,37.385738399924094,81.30839768590693
543.2405898375625,289.1666320975512,37.48535771280444,83.77431886578722
544.0,284.0,33.0,83.0
540.6442357774922,289.5895914701487,36.44644151078512,80.43460278366581
540.6561684877486,290.9272639223782,36.026168222163506,82.29174527661962
539.5188416572607,292.9788204313928,36.701100896977096,81.34642585955447
538.5189034702817,294.5916098345533,36.82668030616696,80.80089354439224
535.4873823337189,293.19748734265977,35.82060625456779,77.33401665516908
535.2697533603489,294.8809640769366,35.99119934478972,80.64219977214873
536.0,291.0,38.0,87.0
534.7800356839373,295.84233905765325,37.259140057857394,83.49226758552675
533.683429080208,298.201692503437,38.19167493231953,83.13289029905121
532.6256157722685,299.93193252185097,38.61818463953773,82.91507870106932
529.9063469021601,297.6398048847291,37.351143194614906,79.96595946546313
530.425423524065,298.2929205330772,36.907339031951665,85.20617400345856
529.7146509610266,300.74349727461936,37.71870703679269,85.12851129305636
525.0,296.0,36.0,78.0
522.6310837150909,300.155375858736,37.558192723317916,78.89580974238453
522.7076831777545,302.94566622935565,37.582982927515786,79.27731462122154
522.42640430154,302.85629236156115,37.093500742135234,82.00639298908175
521.609206381556,304.08304385197516,37.24551502351335,81.97535359896392
520.6797153952289,305.2234771094131,37.42119862052732,82.08231097797017
517.0089761279355,304.67021832352384,38.15441326659516,75.12742877196445
515.0,302.0,42.0,86.0
517.2156172598416,306.74084977700113,39.26950913672317,86.5978202051756
516.4211928064124,309.59172888368175,40.53770576205363,83.96564504496382
517.9266872559685,307.7718761264422,39.22350988068274,82.09445630706352
519.4773433684945,308.08417901692246,39.71747311423405,86.1962891761458
524.7049507850049,308.52747639742665,38.72290946321618,82.83927404682981
529.2903901919269,308.1394610163943,38.5186457888251,81.60394248875491
535.0,299.0,37.0,84.0
541.0937983190574,304.1323487054701,37.52326666988711,84.7219166590994
547.097165602298,305.4776855676464,37.72288071391017,80.67451407255794
556.5016698481764,306.3189569006745,37.64457093634826,80.41336286640126
565.9446172873479,304.808179840119,37.17118315879338,82.5011810872229
575.7924144927042,304.64401915583295,36.89866267868979,82.29193079564055
585.7521942249072,305.55985848757916,37.14879843996732,80.49732222150112
598.0,298.0,32.0,83.0
608.6048045075986,307.36395271681187,34.40088079670841,80.541844257342
618.6644568267247,307.84921058638395,36.03175423353969,79.45912250020501
633.3819567861921,311.2693802923386,34.61482689114848,77.60060376467482
643.4332446770111,310.420884218433,35.75157271209741,78.21466734672322
657.3627171759753,312.39946794301704,35.00025059567304,77.97838547302672
668.103777485431,312.1428265649847,34.07028689462663,77.71109446671505
679.0,303.0,33.0,89.0
688.3081739551443,313.0735445123255,34.32301443438166,84.64022298603174
696.356380866955,313.7454059242641,35.153502913843454,81.64474550133718
702.1731313090397,313.7297562738396,34.4224900787151,79.48312528906206
707.2699796878587,315.6525585334707,34.927721471474115,75.40594027245902
712.469104522278,316.499286915408,34.28822397147769,82.69586075620589
713.1564992232134,315.5450724637566,35.226035303007734,77.92606142022782
715.0,309.0,36.0,83.0
716.5935649502726,314.1430708784176,35.83584389641396,82.67960541877505
716.4308621114336,316.9765023504292,36.181544561051055,79.71065376398815
716.727851665019,318.1882150867009,34.89025287462164,73.9679334903214
715.9023187051043,317.6276588845526,35.22616848960479,81.07835365216124
712.0049652088773,318.97007285972734,36.7809140892665,79.47279314119982
712.6184175210852,320.4489579884581,35.3193695765641,80.77678949070287
707.0,317.0,40.0,90.0
706.0229672476529,324.0556796680853,38.64673282835213,82.64855786345072
706.7298389392927,326.0501476625336,36.75138814559523,74.64645584792936
702.8984786096639,324.12829749310185,38.2908842335587,82.36672647234946
702.6012094732862,326.2585983757431,38.53357496200124,83.42747830580123
702.721496987802,325.17920089623624,37.24538344417567,79.99079829020673
698.601212384468,325.2467551314685,39.08493978191086,83.0806361993715
700.0,318.0,38.0,90.0
698.5071625902967,324.0610684733324,37.9978663612726,84.34097583772916
697.7594507273686,326.32720443412654,37.9837089612181,83.81626472154153
697.2145708393167,326.7760185806028,37.46085567592365,79.81540206121736
693.4564143014716,326.45900851298734,38.58719006204433,81.77593190094399
693.7317521520044,327.97357063638606,38.15965995293152,83.74102329862774
693.6942036085957,328.50159026452025,37.48226769633811,78.50075114190884
693.0,322.0,34.0,82.0
690.6021794515029,327.73447625076994,35.94457800298062,78.65581144095597
689.840998194795,328.6728297074005,36.303272151576266,81.38983774720464
686.5825930761137,329.4863574654795,36.844899521721004,79.99376979951364
686.6919899722907,330.8852766983523,36.229781191419534,81.79949809018808
685.6351687209799,332.83972455732135,36.839859531446564,81.24286135488717
682.4735930558193,332.2460989451447,35.89716620348554,74.52723762318328
684.0,329.0,34.0,89.0
681.6075258249189,334.98689503251524,35.46877576147472,84.28031683139523
680.3802731230078,336.86080014682716,36.53309058545551,77.05165376780542
677.6452763825991,335.3460701373806,35.73469209452185,82.22014464573476
677.1731159005185,337.1190517877185,36.04161700665554,82.53112208908294
673.8036663794737,335.40715590484706,36.24205919022279,77.21251117739348
674.0927424269729,335.5826300411884,35.50007468386991,82.52814579436483
672.0,331.0,35.0,77.0
670.4947216279352,335.0836838686954,35.774575135837836,76.74640360470028
670.3579224071664,335.05479692469567,35.282329851107534,80.37525421568529
669.5671664143201,336.6454472604123,35.375490464840595,80.10398535334753
669.1728220916259,337.0750176032594,35.055409996668004,74.7186555886978
668.6080201433662,336.1888804230848,34.77495141363568,80.7905356057679
667.9315656706544,338.4272995173401,34.74591081404492,79.6518283315487
663.0,334.0,38.0,85.0
662.1956264972802,338.4130307477635,37.40090078541732,82.48813996937378
661.6873763942594,340.8094010511322,37.645093564181934,82.82372333187345
660.8644304457805,340.0185006489464,37.550884820740066,79.74309913339522
660.0941591408584,340.61946739087307,37.466962804788636,84.17435009573182
659.2467668529807,339.2850654776264,37.25051107426225,80.7842174356656
658.4432729593027,340.13806915074406,37.121090643135176,83.7628033837442
657.0,332.0,36.0,85.0
654.5894791966543,335.8523230633401,37.33815844924084,82.54948337246378
654.5935683785829,337.3650404632549,36.665601465294685,82.17031038819044
654.0551642020628,338.03116096086524,36.26010112119434,77.42825662082578
649.9427318238154,335.3102196155778,37.745694470269655,76.53346150650418
651.0927767607068,337.49174305961054,36.06948255234124,78.39455699287714
650.8265319096998,336.92873759138865,35.81028736553719,75.68095362271356
652.0,331.0,33.0,77.0
649.0273812245405,335.26929804853364,35.31604745312643,75.168978338192
649.1714334524921,335.41633593051733,34.674679888728974,78.56603253768014
648.5060703048334,337.06142746694377,34.854582965543614,78.47986569789356
644.90265918357,336.03451743847813,35.25950030139006,73.12461818486975
645.2121312839788,335.9731654133718,34.45578152648909,78.26561413180661
641.9074537016108,335.4056381776137,34.47870014474097,72.27963136326565
643.0,331.0,32.0,84.0
640.870201815088,336.6024279249716,33.63435412250692,78.13807599352668
637.2897505434885,336.15971088882634,34.7032904080952,72.92313308918608
638.1458647017624,336.0495179036807,33.49527687108605,78.50734048109007
636.8410491807463,336.40152356360977,34.38726171069902,74.33997543242458
633.6895957453744,334.68230732220866,34.167266965398426,71.54339915508092
634.0742744709155,334.71964198269393,33.504457334526705,77.1965711086699
632.0,330.0,33.0,76.0
630.5639184869622,333.1199379616529,33.33916213221687,75.1999873510124
630.0810588301708,334.416390481285,33.346942623504674,76.11488739425852
629.1421196261799,335.1748403225524,33.63132076738293,71.20492996197572
628.6589811939422,334.7168936716686,33.0825236541117,76.09878887575769
624.9609629773311,334.54073387650124,33.951840193935595,69.8668896064313
625.6752621388669,334.74154958191866,32.54355984549784,74.66621555165233
622.0,330.0,35.0,79.0
620.8160861152976,334.22458388634436,34.94709291319134,75.94860412582278
620.4246840125663,336.0182880155987,34.76519169996209,76.13693320931861
619.9470861029604,334.9462707781886,34.11993324467403,73.52506708115288
618.9428943293051,335.46617627647174,34.4138104490894,76.97470494393633
618.1750898016436,333.94050593370775,34.116204187757944,74.41423835123805
614.6348595571741,332.80108396957166,35.08609695421853,70.46087391249188
616.0,326.0,34.0,81.0
613.876719434134,331.5711759804926,35.16679909147297,75.36153031888716
614.0377697637646,331.99037467878236,34.28912063690268,72.10892713426824
613.6432124617409,330.9043494773415,33.933014471723936,71.79506554086981
612.7400156126932,330.84725331466507,34.2891877903603,76.2317106252317
609.2192098717941,328.30874105795965,35.11705401757956,72.98750900923415
609.8666082880698,329.0031197492194,34.58209910111907,77.17057190183527
611.0,325.0,30.0,70.0
608.1023958992164,328.28088265840046,32.91828067773167,70.21006109180757
608.671818023536,328.3535631099544,31.78484029998947,73.47304187039214
607.6518040447661,329.54343105909174,32.648640102247555,73.22846900102604
604.3404557313706,328.84585062992574,33.19644002644509,67.75824260333354
605.5689984185956,330.1136945233483,31.507023058363302,70.86790732444297
602.1569751343923,329.23851347378377,32.54140532080112,65.28016917808088
604.0,326.0,31.0,77.0
602.4230870352645,330.32068047283224,32.12150546853593,73.69880142275747
601.6477570127652,332.3157047377051,32.55386261177364,73.45163234259212
598.8438991371941,330.1239984570789,32.7649615056539,69.69809980054822
599.1762529102444,330.6455769165219,32.007999865154375,72.94177184425212
598.0335209274217,331.6791476212552,32.759166722124974,67.60951214009378
595.3367548995932,329.072624395193,32.33823732353858,66.60451383011537
596.0,325.0,30.0,71.0
594.4175154328377,327.66793353813375,31.262252442735985,70.67397027541654
593.967891611601,329.0581975387197,31.186593002526365,70.9643462889972
592.9583942171482,329.55089118366595,31.693713816011723,67.36854182604475
592.3882450086302,329.3498471083492,31.42926603225817,72.05948614654358
589.403778297393,329.48904542857895,31.902641907608768,65.62185419138501
590.2424904583795,330.1549087830874,30.847499724561658,70.51914427074126
587.0,326.0,34.0,74.0
586.1482843816345,330.37724818108563,33.2662092233453,70.70232956753932
586.1614301941104,331.7590832753722,33.12659000867279,71.70817519245566
585.873114643267,332.4276087945715,32.579320849624764,67.46817945048781
584.9686763816921,332.0029430761151,32.957706865027376,73.33463658478865
584.2082850360225,332.0221149050776,32.92893130061361,69.42524407388555
583.5283651055427,332.2436085163638,32.847638765839974,73.56728813492623
582.0,327.0,32.0,77.0
580.3149636508897,331.48205572442293,32.84667703051673,73.03424283303838
580.1151895268861,333.1571272867386,32.910065027691644,72.82164381281359
579.7724406016563,331.83286717672337,32.63990487433614,70.84892077315948
579.2145265561912,332.5971001278431,32.53790965722601,72.9391819218614
575.6429132229597,332.1629000107605,33.7544186689729,67.43008552631977
576.7890563197307,331.77867096865657,32.39002387734763,72.6642724404478
578.0,327.0,29.0,68.0
575.607852875517,330.40111769156067,31.598835887743917,67.66107400284636
575.9409841641693,332.105950642164,30.897114325742905,68.46311215450214
575.2170087582671,332.3711443020702,31.300924836096442,70.24587863690397
572.1835262953846,331.9101652521149,31.76407008559795,64.86486564001086
572.834064311862,333.7188325533177,30.881236262639277,67.67715641972666
572.0944283892601,334.3026255899649,31.3263131982161,69.40851631724809
571.0,331.0,30.0,72.0
569.472233691316,335.00825391199646,30.89239511301173,69.67559432093282
568.6156430580694,336.73233003232997,31.350550006381695,70.14901015490551
565.8595940632249,336.1294783574266,31.413537344257975,65.86929913900144
565.6554982011689,336.42388965698774,31.084663451931647,70.21301545486313
562.4676332219906,335.8934960011958,31.900500523456458,65.50385936326023
562.7417956554609,336.77585536539357,31.09600429801685,68.9124151159723
562.0,333.0,31.0,72.0
560.8189629159317,336.89780531720817,31.34614255598308,69.77141626236676
560.3916629691502,338.3968150732395,31.64489253984641,70.0327157210346
560.0667191074845,339.1185042635059,31.67517532835336,66.26527612712937
560.5142500878443,339.05193397514813,31.365547410651857,70.81780046522817
560.791370813181,340.01661555103124,31.821541360121955,65.50797750674406
562.020777522232,340.0227724635521,31.760188149454734,69.98434652476249
563.0,335.0,32.0,69.0
565.7610516921782,339.06549922587305,32.14096476556506,69.26455180825985
569.5409316675657,341.2227355944158,31.98624224881428,70.23068370197421
573.2617485860046,341.58396439451644,32.05582715957007,67.3309762635754
577.3461560128071,341.8798577996058,31.98649195667349,66.05512151456787
581.6510907452712,341.7563916741492,32.29372346393791,65.53479685390494
586.4851188725374,342.75696911127307,32.515702176536024,69.51860564685705
592.0,337.0,33.0,73.0
598.2340142353496,343.1679031078197,32.734777200825306,70.2009327508759
603.7911460092782,342.73126604724666,32.855187124865324,67.86748156311705
611.9879771935707,344.3112188078958,32.818453428749876,66.92982575456244
619.9085821812048,343.3220409966158,32.863146285083644,69.29432926426671
627.8904060569956,343.35753330844454,33.06208048071858,69.20385059213231
636.3602610374218,343.95665320301214,32.993759777751734,68.59146021327172
644.0,336.0,30.0,68.0
650.9087899481287,342.80896310076673,32.24429671816529,67.21309529564752
660.0895319367992,344.269411988339,31.498921437082572,66.41670503350247
668.2248032874354,345.4905879825451,31.35041660612933,65.34201640179344
673.0152526004604,345.47382719520124,32.575557625149486,64.346702046573
681.5029135324419,346.9736741876891,31.314907881485624,69.1441506936967
686.033685828423,346.81394609559834,31.463248216385864,66.31383129491667
694.0,343.0,28.0,72.0
697.2476491236166,349.0667353778274,31.04793021149817,70.74458198493375
698.378874783692,350.54695983492206,31.251092071896437,64.36601736703176
702.3311319755912,350.87409895616884,30.65270560667568,70.93401728552158
703.2432482105978,350.02817473101766,30.09805753808905,67.48762331672435
704.1721654472412,351.0078128543846,30.043939048774064,69.98809855817103
704.7228641821894,349.9511762450586,29.646498586731468,67.52714320681639
704.0,345.0,30.0,75.0
702.5639341466272,350.1239569676211,31.035710145387156,70.05730016965128
701.9278093812634,351.2086419386487,31.4250234403346,65.28025681740883
701.2121404665559,350.6471512208252,31.3275852969673,70.03784411918349
698.6412280685784,348.5222594868794,31.217672342261494,66.71338841760985
698.4171337928144,348.84622880690324,30.982902617093032,70.86978258841725
695.5964815729353,349.08106629555016,31.26198163495917,64.34766320037653
696.0,346.0,28.0,67.0
694.1447765384514,349.7010875391138,29.439119336039084,66.07947452665019
693.3962430895797,350.1190838055653,29.823638211159277,68.37824196835868
690.6294490700618,349.7491099701291,30.064521649805783,64.00472324033728
691.0159623093889,351.10590308357234,28.941008371287353,67.57141924730132
687.5441581515504,350.84843708881397,30.628351283813117,62.72327442420516
688.6237278212861,351.06018897183935,28.572352319258698,68.28345479995619
686.0,347.0,30.0,75.0
684.0222581565129,352.03131503278644,31.02266793327044,63.33398469383769
684.0338220255726,351.75779759461784,30.243803729478486,70.35830931163309
683.2819979757262,351.65180863969726,30.606232788961734,66.35649311330053
679.9271703423489,351.7478001424847,31.736408487880453,69.76674347440337
680.4005571946427,350.49311646474825,30.719894896491496,67.54738652273318
676.7642923729552,350.81054211892376,32.47191966504829,68.6059479510651
679.0,344.0,29.0,72.0
676.8692295058427,347.8647114688067,30.79876574949253,68.6396290090334
676.560969992511,349.3071497112712,30.50105502061956,67.9927480866657
673.4603118303096,348.1819269615007,31.69727114191619,65.03555422630234
674.2704646073048,348.5103103244403,30.32520573275133,68.25357956644268
670.8825336094967,347.810807869618,31.984942165942357,63.800696236737906
671.8249916171158,349.71326612817575,30.55112007258049,66.71010795909979
673.0,344.0,27.0,70.0
670.3596761425322,347.56547792807,29.38511204845895,68.27949475877551
669.4281774981691,349.39454910376946,30.19008865873343,68.64956066156117
666.3660999270123,349.56573682450767,30.597203701883586,62.290965344173685
666.552993247657,350.7278424589989,29.99797334670302,66.65172991281872
663.5391282522398,350.2188781670593,30.48233676032919,61.80810320326145
663.6233256832439,351.2792961489813,30.020650407447306,66.17131555771175
664.0,347.0,28.0,73.0
661.8938555343702,351.5333714547587,29.7473868050771,69.64750942076842
659.1579370920144,351.6466830633872,30.24209919767668,63.01603615460044
659.412941089357,351.4427478154455,29.705806353768367,68.70223313317075
658.0852214526342,352.48758737482456,30.69648481498575,63.80339044487948
657.4360600257819,352.0863536638881,30.37256776557456,69.097466017064
654.822046351178,350.5803497953404,30.00064101715111,64.01873494787463
655.0,346.0,29.0,68.0
652.9761555521291,349.4095510116945,30.107216170133825,66.64861463962905
652.8211547820838,350.63598324835766,29.818416549246194,67.29550479145837
650.2647413525701,350.11155880959666,29.94637736637742,62.68658774524863
650.8001540291234,350.8926455962933,29.129775991113092,67.01714811824911
650.3107962644658,351.6048206658817,29.496382659236133,61.74023053083761
647.851274054485,350.68670408496337,28.865706669774,67.22311392025199
645.0,349.0,31.0,71.0
643.6096871484074,353.4506147723796,31.478788123333743,68.2545052127756
643.5635359774489,355.06605132081745,31.04844738865779,62.3523061531821
643.0567692232116,354.1710833772411,30.673316953530048,69.96989701308996
639.9443427402794,352.7407848448008,31.788166817291312,65.440934054016
640.3451652191493,353.1013049386462,31.300617188571778,70.85718247907471
639.7761508542571,352.5867806302555,31.318267404538346,67.30992132731978
638.0,347.0,31.0,74.0
636.0063442373539,351.9986629488885,32.067612224145705,69.09378108068722
636.0228485777293,352.6621563681183,31.359647904212125,65.4901105078352
632.8441762876191,350.512400306951,32.454748083529694,64.97007561529267
633.1523225325845,350.830224540151,31.561256491479526,68.93234314271416
629.9557732396561,350.1154438550766,32.707287756610185,64.76815590354079
630.4670045408702,351.6428075982733,32.01012820361211,67.27096213655534
631.0,346.0,27.0,65.0
628.3227616686399,349.38782588863324,29.49649785505767,64.98763335724294
627.5545908123911,349.7819776478567,30.108139545736776,67.43399916434322
624.6862336433708,349.93684404305634,30.602390791957532,67.58545592290227
624.8414307754174,351.06616011406925,30.254199577076633,67.97687352232543
621.7197699756543,350.95526058642736,30.94198873406549,62.01444475253197
622.0809011131614,351.35205240758114,30.338134513429168,66.07803536110578
624.0,349.0,26.0,71.0
621.4582720381532,352.8019027837719,28.6848550733539,68.65622980855801
620.8364740925228,354.6869498811975,29.056414611327682,68.75912775956533
617.8418167830678,352.61581068216907,29.731743474694667,65.47776804610959
618.0158591809986,353.3468103682211,28.96139844897425,68.16088396678401
614.8342252677403,351.97595564547464,29.948015368906,64.09366575529248
615.2471788997972,352.4984351181563,29.0299505574784,67.27498334183196
615.0,346.0,26.0,66.0
612.8475809351348,348.5286443458258,28.192396604218857,65.38381066043996
612.5408740410601,349.8782029048232,28.209798474032368,65.66833885336212
609.7097913650473,349.498508170047,28.77751423223981,61.23125796539898
610.7984731434788,350.23546024038546,27.19165136870629,65.91680572942244
610.074823436238,351.22320235503105,28.416925512286184,59.875406573788155
607.5505858022461,349.93610970230384,28.068171679815578,65.2183378126042
606.0,347.0,29.0,71.0
604.4345065676691,352.1777439105322,29.918158014632468,59.617479724774284
604.331552625771,351.74152240282046,29.69541337205942,66.54157300328279
603.6294701086035,353.5287321385713,29.990019670435686,60.56040134473642
603.0739736205053,352.9598189454282,29.790727683931664,66.62744937000934
600.050376184199,351.53253461891666,30.806697799428775,62.68238378047698
600.5860750138336,351.88160324745763,30.055458425480538,67.64104561627448
599.0,348.0,30.0,71.0
597.5214029487611,352.854300465292,30.771939362531157,66.1448713450286
597.4499181844485,353.17463804418,30.50064573487009,63.23187278493424
594.4430774579037,351.1804422175893,31.589089130746743,62.25679760134142
595.3459716742416,351.2958194711025,30.806855296988488,66.37397455900043
595.1213159271974,351.76364816859973,30.689683754164435,62.807061065472
592.1916006611636,350.94928777254063,31.647021766353646,65.15389576048187
594.0,348.0,27.0,65.0
592.1652873331905,351.6052584015815,28.928284106468027,63.888789934335364
591.6704567420036,352.196174167736,29.24520445799476,65.48863012909237
590.9207656503158,353.5236323109983,29.706404435783043,65.44842010154485
588.0142462506838,352.97936681861665,30.38665286946241,60.86580435848168
588.7452032565516,354.72767414174274,29.357845472645295,63.68915712864083
588.3262962789057,355.5194942010228,29.885251735047063,65.42606601588017
590.0,351.0,27.0,70.0
587.5270518161014,355.08422025741515,29.53558295012408,67.55995501588268
587.4294671238805,357.1942742172773,29.433403615859675,68.30474141876493
584.7550318315925,355.6916528199471,30.046341399446646,64.43928158565802
584.9210616620344,356.66331918426374,29.873094204997415,68.61436119375117
583.8910191470777,358.31342932965197,30.68172752387727,62.9594807906135
583.6024737572114,357.9955208463962,30.189377361471657,68.47505075644187
581.0,353.0,27.0,66.0
578.9105103002876,356.556874332493,29.16169452595568,64.69954737635675
578.3316451971446,357.38984471503227,29.56915884703153,66.38306494279198
577.720793622728,358.8503410858492,29.761781265473473,66.45448780332748
575.1013422219962,358.3609597314977,29.745558579090243,61.16823570384827
575.9553878872175,358.8235300529185,28.56531046343389,65.0319332186042
575.3764157335614,360.00781098626373,29.272378838550935,65.80212768313277
573.0,356.0,31.0,63.0
571.8327027389635,359.3779453226657,30.7206522093295,63.2617850805417
571.6612723371982,360.0752529515437,30.69349318557215,65.82104865294508
570.9329629501628,361.46609758465866,31.264180175271235,66.05726538168199
568.4375746146994,360.79459314201654,31.093757870772038,61.68194005285841
568.6438764808764,362.5013500137559,31.12621128668934,65.2142755252492
