277.0,258.0,29.0,15.0
279.24462179094553,258.8915479592979,29.262422788888216,15.222117964876816
281.08836083239726,258.53221170420466,28.610070670741266,15.315042035085185
283.8782779289447,258.5640168679256,29.289840007428154,15.31944550114531
284.02275986577115,258.3211923265291,29.087154854007167,15.352286112090212
285.7196671125125,258.1392833477498,28.727930709900136,15.455269138840663
288.5001737488815,258.2128177257007,29.170023626467355,15.436257783413794
290.0,256.0,29.0,14.0
291.82027450072167,256.64334851827454,29.447979951035904,14.580470798702152
295.43437296492084,256.44213959435797,28.277208845893256,14.896886478538988
296.1003387087023,256.10277482896026,29.26871892268491,14.742112227240057
299.4364712649955,256.24886246037784,28.544158862423387,14.62927519225724
300.2522210443374,256.1325635722843,29.453096677279746,14.344134123597485
303.7957600259947,256.11065057342626,28.54354397236216,14.491165847002549
305.0,256.0,30.0,14.0
307.60320855629305,256.56173008234526,29.15333740443384,14.710231621520165
311.0815329707158,256.47357193046037,28.450640832786007,14.798760201027164
311.47134262671585,256.1074642693808,29.601332934962727,14.856921363290496
315.14109024986396,256.14632950433975,28.901937248801346,14.870863798219375
315.7450463526745,255.82219266382913,29.81469137798041,14.90481650906986
319.4721330109621,255.87522697216787,29.11325946139698,14.923541107994197
320.0,255.0,29.0,14.0
321.9923810385684,255.88033166643498,29.418273918405532,14.479848724781675
325.50538159343535,255.74422632949552,28.74549730650483,14.705692997238089
326.42120909954565,255.44761535143743,29.169108299222557,14.652044461961623
329.8122622459282,255.42874395704644,28.851972654373412,14.757342095529793
329.63390194720114,255.21816645260355,29.04514308087755,14.719038556843884
330.79406076698416,254.96095354296426,29.173273385898995,14.833598654148318
333.0,255.0,28.0,14.0
335.0776005997215,255.68793130491508,28.35893657046256,14.651707748994625
336.575796440432,255.49795486852258,28.363364293980737,14.54035757074962
337.1954379619233,255.41732850977587,28.165005924765182,14.513096327856601
340.2999627036488,255.53334971250854,27.825621155798217,14.546441133869905
341.4486231588071,255.37881457450885,28.004811094653633,14.387347977011245
344.59965031790034,255.4220499553726,27.47274660887615,14.434061123082301
346.0,254.0,29.0,13.0
345.77631816915437,254.45481723683477,28.555194166036472,13.799105274970572
349.0638489810759,254.57133970994732,28.50691598994257,13.679015607737654
350.12920648905936,254.37672553523407,28.81672880336157,13.500194755848497
353.73798701775877,254.3434983477011,28.149435320972316,13.637263397237234
354.5840172179122,254.19061045463002,28.69889242971294,13.48702599517361
355.4749529810906,254.01088671350635,28.13483256411871,13.629830207647728
358.0,254.0,27.0,14.0
360.2159916015464,254.6590319243087,26.847907686844223,14.231520231356967
363.0045718568399,254.7114798168368,26.943563489767257,14.31936894990622
364.2862620645201,254.45286296938448,27.10619013704013,14.281520712144157
364.788856419991,254.37351968823293,26.907365084518347,14.25086801633563
367.6025708197394,254.50267473644388,27.082243861812117,14.234886053107829
368.958023075253,254.39572470856163,27.03462952279193,14.13546991745497
370.0,252.0,29.0,14.0
372.5482304500604,252.96175990082656,28.534148345295307,14.256685751182658
372.81618454316276,252.5990111471172,28.348133090092006,14.315570868640577
376.32469723140116,252.67841535491604,27.21026213332334,14.368970028918199
376.3408371986085,252.51479125257418,29.215658902979158,14.211896473349384
380.15811931215467,252.41865102291712,28.019271666895804,14.524186837121817
380.94393935928883,252.21895975749786,28.942840174458524,14.375428977535051
382.0,252.0,27.0,14.0
383.57355701211844,252.7844291657902,27.73941848095552,14.275881146930033
387.02522408970515,252.7743462375578,26.847609323522533,14.4509147148203
387.8728031716728,252.58881084252613,27.695950178292605,14.277337469747977
391.38222530559744,252.66686471185008,26.658969887164062,14.347579001143657
391.4459329442309,252.4797084641673,26.48230581646635,14.303905415458757
392.14296923756626,252.48281975229156,27.80338110902676,14.050985984261445
394.0,253.0,29.0,14.0
396.2306432816405,253.75888081773826,28.594673360291154,14.34421023652635
399.7083418430575,253.82440813687538,27.721644698519867,14.286586227464397
399.0291186001966,253.60707337077656,28.670228988764393,14.258154247184393
400.0038767446416,253.39239707196958,28.758463279247394,14.320818878259104
403.2823438385949,253.4281057098138,28.765343739270747,14.422344438387825
404.2561511679172,253.13240076063641,28.990460363609486,14.467280353458932
407.0,251.0,31.0,14.0
407.25815563477926,251.65470832325352,29.56593825559918,14.341646205690978
408.8174744902441,251.39369384227973,28.47124361629085,14.517023326361596
411.9920176307496,251.3680452898421,29.74488487162091,14.713046749490331
413.36566738195734,251.08225015297825,28.93005141307117,14.734165674010058
416.54089998491327,251.2129830980091,29.471659758958822,14.721119310285985
416.4117620380116,251.00158348133812,29.685019787560236,14.74687908113583
420.0,253.0,27.0,12.0
422.08912276841966,252.99988740343122,27.658429491553306,13.985519831358317
423.7515176440231,252.73424455643237,27.458507127692314,14.082718648434422
426.8769859885481,252.6560527390666,27.194967710315723,14.33910187913861
426.894416564377,252.49257239187426,27.14652303848561,14.22901432771647
428.35478235002483,252.35129109567583,27.23899338884985,14.22629797721686
431.10629944297307,252.38418689671988,27.186711175560276,14.131644437359967
433.0,251.0,27.0,15.0
434.92634852380286,251.89690913935283,27.110802728873068,15.039583036798149
434.856102093332,251.68059365457708,27.778061672997637,15.022924218795026
436.4627456128428,251.3826363040264,27.656477992526902,15.147235934227865
439.7711711616321,251.67732813886929,27.453955945200505,14.649788262612589
441.07146574686226,251.343445708375,27.8475499679696,14.826408572149091
444.33102058433906,251.57558172345452,27.499525599449044,14.399629177496223
433.0,256.0,24.0,13.0
432.90422403845696,256.2608401964998,27.730018619013208,14.110286578741977
432.8808730792519,255.97648821158225,28.597390444095083,14.52389833049557
437.0437024795186,256.0124945904716,28.142500084574806,14.470084129551594
440.6225890919127,255.89238369442373,27.511326398203437,14.322641768890918
440.6702745635174,255.53671798019667,27.272473586672163,14.282342747677319
440.6344976679802,256.21383119130974,28.47678139028011,14.437915239296444
433.0,257.0,27.0,13.0
434.1580256506662,257.42127305818485,27.811358965155137,14.019234107432794
434.0082715014098,256.84399198822575,28.921178502963016,14.575295002345342
434.52075078226113,256.67233467090387,28.822331516132124,14.604698478736395
431.96043159822534,257.6807115054912,27.937344664991883,14.14988156575896
432.0829719442979,258.52875711395154,27.4779173997174,13.9562167039619
432.19578139410385,257.8906693252407,27.57219586375561,14.514733739195492
428.0,262.0,25.0,11.0
425.62233998306976,261.57142460567843,27.36822600272103,13.841139003523722
426.7563676801351,261.39438608767546,26.319725169995536,13.989655542596324
427.00846571270495,262.3072717522091,25.579916140718524,13.755427989445707
427.09813638020944,262.1354596795295,25.485719028770745,13.736123831546593
427.1442835476147,261.9842822928392,25.45923753835484,13.853675261322962
426.98176547546905,262.90264712443866,25.096342267755517,13.463517276252901
427.0,264.0,25.0,10.0
425.6675802713313,263.4847654679753,26.34126589348034,12.845691541904898
426.3082736709852,264.13572040349254,25.257584934465,13.115933643996414
426.58675426427936,263.9219192949986,25.25879692664347,13.022462459143753
426.8305716726089,263.716142007167,25.063898195997922,13.177819375337947
424.12945546426937,264.6478292307579,26.144836083228995,12.711833875690445
425.0899975821685,264.4015129662894,25.66959209129527,13.069499658321547
424.0,264.0,25.0,11.0
423.2452638256242,264.08476789577026,25.594344082411908,12.66282271778232
423.8726507457091,263.6981271811189,25.24395716853752,13.041589928931728
424.18534584049524,264.60943195320124,24.29801399972399,12.699747320581082
424.1949728082706,264.22319568777834,24.296203513353873,13.045699770658814
424.16900322663014,265.2026997507478,23.84133884828998,12.581720716692303
424.04331228378476,264.8273425827813,24.04675622425441,13.038190080211507
422.0,267.0,25.0,11.0
421.8530333673858,267.21891534623273,24.93152031676584,12.655616428489225
422.0981405350068,268.1137302880452,24.688405407941616,12.522676558561216
422.19910711352543,267.9566808628766,24.665618122244837,12.794483288416018
422.3681853997352,269.0119467798889,23.704938297545198,12.461508986295541
422.0703426167487,268.81630498671166,24.18566436704714,12.617523109202011
422.0443867181499,269.5327847716351,23.55032926391243,12.535251204992164
422.0,269.0,24.0,10.0
421.7015410261652,268.8158654103179,24.280246931419242,11.976627797061155
422.1769594455809,269.6799929220376,23.686473970626935,11.918758063925338
422.43635774838674,269.2262360638885,23.57069135209008,12.274690624413097
422.58516278977004,270.1847365311994,22.90466694029442,11.896847970824865
422.3499568856905,269.80871961187677,23.27011352711793,12.4174022121652
419.7753396851658,270.9710302025985,24.569891007911338,11.973121624608552
417.0,273.0,27.0,10.0
420.51334702500554,272.718810584827,23.573404777699807,11.968220545730901
417.636878757934,273.3309812381721,24.50515046926739,11.904601197641398
417.8915788285913,274.0502837829578,25.045713503121476,11.951657086423495
418.44697657603274,273.7761046983009,24.6158198706828,12.320251364898297
418.8006458388645,274.87315896890834,24.11403113094093,12.037118036973084
419.02421160969993,274.52625707649963,24.014985017035883,12.369154197918988
416.0,276.0,27.0,10.0
418.9822368559769,276.25507865273164,24.090495707690707,12.041158103874182
416.2734790299104,276.94715473563616,25.00435695638953,11.938168253993183
416.6828753114021,277.6037233466268,25.23766624603695,12.076223480079534
417.27842598210447,277.20798176946664,24.75879123518888,12.25282823460185
417.73347259174574,277.9524398392439,24.004209593479857,12.232931556492872
417.7627801850377,278.5856467049466,23.866826839337648,12.279878072084557
414.0,279.0,27.0,10.0
417.21059650647203,279.27767358753465,23.466013452062725,12.051217442111692
417.0729398702757,278.9310845385635,23.923758272430064,12.297509390449704
414.2274880715845,279.9474052476453,25.172695831880446,11.832043398729184
414.7760911362425,280.7114952327138,24.841971563666334,11.955601603845025
415.22470038660776,281.3631623495148,24.179194701680444,12.079917035532503
415.2850759477782,281.0389850723997,24.299399729027073,12.521067843113713
412.0,282.0,27.0,10.0
414.928153725486,282.35083689823034,24.295486479555507,11.975360401180524
415.08954331382665,281.948058878278,24.119994933915905,12.582317620239053
412.2133699333395,283.1309508271712,25.351901230034457,12.002144057663713
412.6396249902414,283.9682073921772,25.073031095616727,11.934609033543666
412.96860466351177,283.4610608762496,24.95398934372622,12.379839320538622
413.21017860538484,284.42953221748513,24.61410000632509,12.07696621195663
412.0,285.0,26.0,10.0
411.71779271580334,285.3326745829813,24.986446516738795,11.90078435190344
412.096166958216,284.8222202597303,25.70663868930893,12.654210404697551
412.64479537019565,284.63697882723744,25.18030840524301,12.797964001536116
412.9531089229845,285.9088241204321,24.563644403873468,12.12446831828072
410.37565946824253,286.5242591573042,25.470119125790177,12.085989810734077
410.96277016040847,286.0550693727672,26.017821022286512,12.842561023446137
408.0,288.0,29.0,11.0
411.11878985913876,288.1176890776063,25.381715220328033,12.398143367337752
411.29991743778555,288.66479255785634,25.068283040332005,12.691740324821694
411.3284357368579,288.4274569680225,25.217326597973795,12.920341847079499
408.26553787121463,289.4522350538543,26.69410229535856,12.460552885477625
408.92126771138595,290.18286032040317,26.667417872225712,12.598051891309069
409.60806626055864,289.70856122938665,26.060290599662494,13.039784944875919
407.0,291.0,27.0,11.0
406.70628104103713,291.2749039729579,26.401028182685252,12.82853700524231
407.2995025483224,292.01995892357695,25.773681372636815,12.82304228202338
407.3734872936993,291.78456767161947,26.060764239284254,13.181280427622141
407.61817499391543,292.5387635113482,25.40886634469348,13.030007511175654
407.41953744890634,292.3793938256354,25.81294209475675,13.171495180792647
407.5502230922551,293.30817493251163,25.147204827660516,12.918615291333822
405.0,294.0,27.0,10.0
407.4108909415743,293.3901555358787,24.834825924808797,12.787900003743687
407.14441458911847,293.1056081314888,25.235328383149124,13.041664120311793
404.3703378351547,294.2645240112911,26.427383092499895,12.409749998687971
404.9672836167997,293.80771947022754,26.515499821785852,13.090492018539635
405.4720517253459,295.03684100551305,25.635689903553782,12.593900343354733
405.51004013703357,294.5778257517266,25.71297060717228,13.217012945308113
403.0,296.0,27.0,10.0
402.56655183374687,296.01238905585717,26.26919347567525,12.562973980200582
403.19161585165057,295.5628064900003,26.20207689075687,13.175824786605858
403.6013232229643,296.77421807363635,25.65382227058592,12.523653835760797
403.59469841318736,296.2157148478143,25.738033298069354,13.293795434432809
403.70292828514425,297.2702229305803,24.853114686831077,12.727861421748685
403.3153836131803,296.9528804548813,25.66039949534394,13.117864668034144
400.0,299.0,29.0,11.0
402.7591123317571,299.1961410066764,25.920137727840256,12.932178722407457
402.89791772204603,299.92053000415945,25.412884960434553,12.880310444409133
402.8032614971918,299.62353139023,25.76678836125177,12.92003472667318
402.7999248055727,300.41517443647774,25.39164834959979,12.864740033636508
399.6156376106477,301.0260434106486,26.987590837147195,12.811611507721238
400.12645348450405,301.71161326034553,27.0864109436925,12.90363828954628
400.0,302.0,25.0,10.0
398.9486834005811,300.4729014119241,26.314200204916233,13.122695065152811
399.9428198421176,301.83415383902553,25.282615001780925,12.523886873010213
400.2010462353499,302.5531924080674,24.659312228273564,12.609843743955139
400.1849919756488,302.2078527734169,24.773024283540167,13.055664988514536
400.19336873380234,303.45914494662816,24.197134936912335,12.42432128483756
400.0288459063529,303.0732338340003,24.545893575982745,12.82789214448104
396.0,304.0,28.0,11.0
396.6643962852116,304.0337268060787,25.910338529201738,12.74957844521873
396.9763288589013,305.0559717857908,26.128840937205837,12.488221482685844
397.47101212032294,304.65403581279156,25.654736393938265,13.093148117563715
397.6702030347169,304.51662786161586,25.694248055387106,13.179016853538599
395.0105117123876,305.7027543562047,25.937127739573498,12.658879796976578
395.2047711823519,306.5771629701984,26.728456204281542,12.606694094509862
394.0,307.0,29.0,11.0
397.2587409561107,307.2985912953273,25.29896997264973,12.747765932947004
397.1313407174389,306.8691702282714,25.651192734661777,13.114003642071225
394.18781572730444,307.85804033212764,26.62048404266301,12.619045635471593
394.53978458841334,308.61847677265735,27.053456032752138,12.709672366532118
395.1425892880162,308.1496979149462,26.304420914686546,13.357937956328897
395.36127975016154,309.2736939130501,25.91756791745553,12.825967228489048
394.0,310.0,28.0,11.0
396.370930148968,310.2135665252317,25.532199988049,12.820833471170317
393.32853439740336,310.8590534228,26.865404225826182,12.794588177911464
393.6708395623227,311.5389994476984,26.95764098746895,12.889625142565592
394.11321026081396,311.2216625925421,26.452115265491784,13.320567342408708
394.2257920523982,311.0919546193229,26.530959047538772,13.39591964159365
394.36716766753807,312.1780011011746,26.05921718320974,12.947758471033808
392.0,313.0,27.0,10.0
393.759944482508,312.716431900913,25.09893665215634,12.803548595190023
393.34136480684924,312.32757434804404,25.68021631348131,13.316877783745895
393.1563663160525,312.1825846572753,25.98087920321393,13.371470844099747
390.5571350304513,313.40072162640433,26.75967871578422,12.674051161980742
391.15579698990535,314.32268485401676,26.118283845788312,12.675033060432497
391.17916334166677,313.9060265437112,26.346739110143574,13.332795859141129
388.0,315.0,28.0,11.0
390.7351229613248,313.9833560420685,25.842643575002057,13.58058243819471
387.87989663222123,315.1057859989879,26.805583964281425,12.819569696957274
388.3814964638435,315.80789920301174,26.44093154146975,12.925881295271097
388.60412351238267,315.3426191282607,26.308132380560437,13.498670878593998
388.6674236136189,315.10845355690117,26.490542211393972,13.659224200135668
388.90136970896367,316.4259429785314,25.439995804946307,13.00286106495588
385.0,318.0,29.0,12.0
385.4295282716311,318.16027005050137,27.863248783713914,13.49391590747473
386.156212233984,319.09243726495697,26.70909211487094,13.32606536182584
386.3740627163402,318.7646837026824,26.719451196657076,13.58974696831433
386.4583542942555,319.6481061073255,26.418047164170616,13.388727890940686
383.5377818704616,320.3110633050401,26.779586846941754,13.25166569578505
383.591216226679,320.96922792864166,27.877932686051565,13.362290212133303
381.0,321.0,32.0,11.0
384.59102382602543,320.8258117814196,28.007439085479234,13.185355531705227
385.1572361459013,320.3504772129322,27.26035752380011,13.8030551519563
381.97296056795403,321.5865177129382,28.2299901662509,13.10073307219443
382.28945365999925,322.1767514222695,28.636563908308517,13.459661017415328
382.7285672346362,321.75555069931534,28.79996892843053,13.989943578972088
383.25476149578355,321.5472238202648,28.189935988973843,14.139896946878139
381.0,323.0,29.0,11.0
383.4110051465291,322.84759261332067,26.567777306762764,13.501031816759223
380.3239410886803,323.5914687562007,27.733768938911112,13.390286686101831
380.6835999198943,323.0589056584116,28.781808296624604,14.151097102679273
381.28755839590383,322.7721320751681,28.299893383157837,14.383051800008957
381.4464110028407,324.2573254966048,27.875721624086395,13.595271734576556
381.5730408717973,325.12180142981117,26.750561212147204,13.565988061727126
378.0,326.0,29.0,11.0
380.43635306323307,325.9693086428045,26.47817775729476,13.489339313086532
380.0421456191133,325.44157999848585,27.20110370576839,14.04651572558214
379.9843924497188,326.6969409573783,26.88603470504154,13.367552398839052
380.0009407110271,327.47945792734265,26.04133904420729,13.41976807767196
379.5198801710758,326.98596577916396,26.981365157818345,14.092834318714154
376.4697288263392,328.25419922299216,27.881714438737163,13.41644415379153
375.0,329.0,31.0,11.0
378.4700908925596,328.95323136514844,27.480186044043762,13.406306240317235
375.8376681950996,329.8549808854125,26.67826881134397,13.166966639782459
375.57391618296094,330.6992744637145,28.340281489462882,13.189980382706324
375.99284235071013,330.2188892765752,28.82824561675352,13.893170984054052
376.63466514904525,329.9803726754829,28.052644683971778,14.102018464255309
376.7910234358733,331.32405052717695,27.707790888152942,13.435242210343972
376.0,331.0,28.0,12.0
375.2479405786705,330.98851151772664,28.330932652287743,14.050186500703376
375.92778279685757,332.1877461240201,27.479563144482483,13.583938855795168
376.1272138070327,331.5335335435591,27.508867188340048,14.245468516297422
376.0979757165065,332.7873151871447,27.333557464316073,13.574596310554625
375.9675634462824,332.08426692766955,27.640898925854344,14.549623225192477
376.0590959469892,333.52059553560207,26.789024730972585,13.761388566032906
376.0,335.0,28.0,12.0
377.78189338620336,335.17612504417184,26.193258942666944,13.490908966007282
377.36564372887227,335.7883101608545,26.270718369792178,13.618133250021856
377.236026772351,335.4808753450126,26.678485099451905,13.964786251293049
377.43635787758717,336.6781524030289,25.751854139666534,13.421099235159545
377.07140077464396,337.4869727850047,25.670469260068558,13.353840098968135
376.8164866404174,337.0443063112119,26.419903665973266,13.666222216675237
371.0,338.0,30.0,11.0
371.3495824494705,338.0775127663688,26.824770743853946,13.315040401169597
371.24385641318645,339.2067729125016,28.51663239336176,12.957935558718304
371.7691623396604,338.42577378449084,28.252206759208775,14.014056826135231
372.1602715918025,339.6615119857032,27.490578208009197,13.264013042867305
372.1940994220017,338.9542769338774,27.538863891697588,14.169392576152518
372.23815622589973,340.4029826324845,27.419180380862713,13.346691755648408
373.0,342.0,27.0,12.0
371.89074931416366,341.95232688919623,28.05392683555516,13.871645222090365
372.63789171170646,342.8447011732236,26.83394262815176,13.556451046967481
372.64145859832536,343.46422558730956,26.730236108967347,13.631859474611701
372.49062859454625,344.0570363091324,26.515289027068434,13.658986454533988
372.3780125801024,344.7440633966926,25.813206605243238,13.572833403031836
371.98415900575264,344.5209325652791,26.59857353475377,13.858364510560989
367.0,345.0,29.0,11.0
366.85777522712397,345.2529616757406,28.235768592276145,13.146803174647175
367.3291211766158,346.1332354610489,27.64626849714034,13.175558545995159
367.5347622395721,345.57831496880465,27.52268804138538,13.963366462641602
367.8069496571869,347.0342148313424,26.72098978652639,13.291143749382286
367.6988896412545,346.5138707846322,27.040228198416116,13.886528339213555
364.5850777508339,347.7444438532076,28.17268021508562,13.267891499815903
363.0,348.0,30.0,12.0
363.1913714359489,348.4065033710384,28.552422883140025,13.71315977502178
363.41756853743493,349.4617499577252,28.773160529289328,13.411095643532974
363.80220644277676,348.783615079637,28.40189927055974,14.067230415165795
363.9259785747895,349.9881415105101,28.008042676206458,13.509067508052567
361.2889147042959,350.8057683619386,27.225001814846735,13.437652066655346
361.0946192632235,351.69310126190896,28.703983343638754,13.439146282039133
360.0,352.0,29.0,13.0
359.8766678833893,352.1919246805455,27.56532567867049,14.093858968349195
360.06745598662224,353.3094269947972,27.937947020540264,13.786692170745425
360.1254847366582,354.0703495043114,27.799547847407098,13.763545514675968
360.05198598489096,353.5908041875059,27.985386004558222,14.476061335640907
357.4466123015958,354.8329120614397,27.995251736231978,13.997507200311361
357.7636611274885,354.43686177572545,29.022828478779843,14.51115540298747
359.0,356.0,28.0,12.0
358.01758603464634,355.9147271860007,28.696227195334245,14.33900759480099
358.68600119566827,357.1514180220595,27.662585122338896,13.900193703314244
358.71176290116523,357.8915633146994,26.62252339583256,13.97916664734987
358.28642718028954,357.47270155491424,27.627578740664205,14.24192547738221
358.5416572994026,358.64994706111645,26.553654288523262,13.716967472878082
358.31393028138973,359.36975544738175,26.061309112234994,13.784998761297516
356.0,359.0,28.0,11.0
355.0246313537618,358.84781835643923,28.311262392114998,13.554038177886866
355.82013557702066,358.23205939602576,27.78890954203075,14.194657799860124
356.029364772556,359.74224848534647,27.490102804066908,13.349539770081208
356.41109389846486,360.76048470056855,26.076884148475642,13.217915359744552
356.40437311169495,359.9718521630416,25.825405254235477,14.29025819163735
352.8491057562138,361.31543195466577,28.206879480021712,13.77547297186004
352.0,362.0,30.0,13.0
352.01428930761716,363.5873052791976,28.562167094565382,13.462307900711494
352.49401346833565,364.34751729003443,28.071723256878386,13.575439677938732
352.76076237411326,365.0956003304241,27.425235926879736,13.64366218602811
352.9389250489768,364.4725469600735,27.299288193319455,14.519782103071407
352.8786378543391,365.77171090921195,27.065998714365378,13.588784869805522
349.3272280290849,366.47758489961325,28.97915251589751,13.572974822905394
349.0,368.0,30.0,13.0
349.0775548381979,369.3405787649499,28.968064693025667,13.893872414105317
349.73835800953634,370.20154950021174,27.89035774649784,14.001403345605013
349.9314446817798,369.71662398852664,27.93108979091062,14.442757177116391
350.118919497076,370.83878538351837,27.550841972359024,14.008854372192559
350.48850633133844,371.70524650665175,26.22655765113103,14.003025653960094
346.4864302280779,372.6453548700263,29.131220238945957,13.989709983815317
344.0,373.0,30.0,13.0
347.0322707061275,373.4445884887546,27.167815178384444,13.90741039033827
343.55459435008095,374.28447497686966,28.85615615514928,13.963913387167395
343.97237686110344,375.29561121743814,28.678738191438754,13.982402891969059
344.50286127041375,376.1933078971693,27.70181334961876,14.048540854982718
344.5563822795509,377.0934737007661,27.33090537510975,13.991143911884762
344.4738109254456,376.4897425891954,27.69150490727543,14.540663466121487
341.0,377.0,30.0,12.0
340.72168238493913,377.42296966007024,29.21567225148675,14.101815465763536
341.336022995529,378.69578718035825,28.43655525643834,13.781612199574624
341.56107153890076,379.7975612972733,28.08771335321353,13.615737726242855
341.74588940737397,379.06561526138614,27.983487274771164,14.340284482792981
342.1267624108616,380.51852075659144,26.89982819257864,13.765594859633609
338.357990898415,381.42095642054534,29.295769444414418,13.806466957161035
335.0,384.0,31.0,12.0
334.93570169460213,383.9602462454887,29.38608093536743,14.478092893567236
335.0580620823662,385.04560799888566,30.014563875612566,13.952851978325157
335.53282367340444,385.84839683858445,29.21985128214459,14.071670200151857
335.67395945914245,386.76424284359643,28.812137764043655,14.077093240713566
332.94316477785276,387.669264066948,28.58121664647291,14.032770157606365
332.78726601046674,388.78543125587873,29.881255695788013,13.965037945418374
330.0,387.0,36.0,14.0
331.69990601617354,388.14079890470026,28.958687684747417,14.992214404095478
331.6045084585453,389.57899405724396,28.864715195125882,14.867351378749447
328.9743039093118,390.7686917510697,28.305672753173724,14.816558835943567
329.21395997646323,392.1606172121501,28.25763594948262,14.56278809278956
329.36421283236876,391.5586867885404,28.37175835847097,15.026001619093677
329.06751907476297,392.98987051693587,28.7643720711157,14.616464310823346
327.0,393.0,35.0,15.0
328.02670615551006,395.38194035455774,28.841797718993917,14.524712953322421
327.866694273368,396.4691671845571,29.036312390834496,14.650423497341592
327.78047465557825,395.8126546355514,29.160232247670308,15.321376664179013
327.45122939035605,397.26534704413797,29.952149243450833,14.78916229303951
325.09968732086656,398.2248824641069,28.518793660767187,14.914152279142343
325.2033130439178,399.52101788951046,28.631995105790907,14.764033595615103
325.0,401.0,32.0,13.0
328.3697916707995,401.1077236540639,28.807766583533294,14.553875116360473
324.7994452432978,402.12190832532406,30.03460077093655,14.350601457619916
324.6806960344734,403.1223083805972,31.17847560607356,14.532888833925483
325.3888068101378,404.02712515749806,29.760655372139638,14.68705891723755
325.3679462380651,405.0085847116308,29.541468757362736,14.693831841445274
325.3392691859249,404.52770579297703,29.628702178131675,15.174001700424924
323.0,405.0,31.0,13.0
322.76507536263864,405.42122538693525,30.853811957906487,15.136341610889303
323.4071912019191,406.82208274462033,29.79119473552703,14.871664122893321
323.49809458620336,408.0087221400232,29.29720628798549,14.650523438261303
323.3264158767811,407.4195038679609,29.673303729007785,15.241777899313547
323.67886085614106,408.8563951324512,28.174048405037468,14.765934504786742
319.78932785024324,409.92083603824994,30.55652416162218,14.952658177820012
319.0,409.0,34.0,16.0
323.37975505030545,410.7781529295984,29.119445239309073,15.63783655766315
319.3929729999229,411.91519733678524,31.255709860431352,14.890842475115846
319.8187817153664,412.8066471087642,31.6201858187751,15.076941198038696
320.34134615669586,413.72035846417475,30.773641239567837,15.13575356653837
320.8803811694581,414.6805861905757,29.980435799306463,15.183288041026799
316.84454233094584,415.4724111701986,32.12089755534362,15.535422370951949
316.0,415.0,33.0,14.0
318.8685805656587,415.8437008808741,30.107612240286414,15.696811196780516
318.9722765574659,417.3180655522618,29.125147805033407,15.239953089058758
314.5894676626085,418.34573228032093,32.22622909731945,15.345434579691187
315.35432925661166,419.6078490334568,30.836593652222064,15.374146811996468
315.46509732005694,418.95142092497986,30.88857905937732,15.96261424353429
315.5122812075879,420.4731596519468,30.655331264005326,15.426067709562119
313.0,424.0,30.0,13.0
310.9143826056563,424.7734914942979,31.466612683453093,15.298281877561635
311.6364021278954,425.859820318258,30.287692677378857,15.249863784099944
311.878932287643,425.31809646397824,30.266030182104032,15.718171102810402
311.94858083775085,426.820884128302,29.144357831617583,15.140756664000321
311.48305381324724,428.0859765669674,28.990341395625023,15.050244597517803
310.9999483588953,429.36988392292733,28.836252094012536,14.836123476998239
308.0,432.0,31.0,13.0
307.8340511493289,432.0595026937234,30.931579660772,14.55787515607301
308.05466901847103,433.1001719601433,30.364182587300093,14.733143343674385
307.94298658120215,434.1246944095356,30.054827822758057,14.83939269244189
307.845250652377,435.1919404043033,29.336950566898622,14.834035292815315
304.51165865303824,436.47703848027436,30.850045389341858,14.687689621800757
305.0565475119223,436.229246028886,31.298033662409466,15.047944491383646
302.0,435.0,34.0,15.0
302.3902365968547,436.423877857612,31.96393059314198,15.675646155378615
302.90832592241816,437.8200515933886,31.221181613760223,15.726526538753888
303.20280041560625,439.183967758094,30.528628674155698,15.471357796086295
303.17998028426103,438.6882477534323,30.747942552901122,15.922746317805831
299.42800010280007,440.047340123011,32.24303628329017,15.889747909714458
299.86082694089487,441.4361672961959,31.821037872767306,15.899251423281385
295.0,444.0,36.0,14.0
298.89871424591365,445.225621574588,31.404306931236988,15.866525651900815
299.0166726665467,444.8082162576329,31.508686906414255,15.934395148688736
294.6980741462513,446.14596111682476,33.61515208248193,15.884746302241183
295.2645944627852,447.46485817533295,33.295302758787784,15.956892017764062
296.0741355521994,448.7530765900965,31.72908662577379,15.811546512218172
291.6432377272465,449.87074025434896,33.80679383666745,15.852710527600038
293.0,448.0,34.0,14.0
292.54833796357707,448.3535199526998,33.76150458823349,16.596498056805956
292.8993349305704,449.9220799559023,33.00322176248682,16.168264070583405
292.8834821306584,451.2085070916396,32.43119531861157,16.028083653240913
289.26863019712255,452.2538671058915,33.763753888029896,16.45681226652158
289.6253998494678,451.65359842394906,34.68893632129465,17.08216128181192
290.05994678212346,453.3293804948913,33.693911749438826,16.604005353958655
285.0,457.0,36.0,14.0
288.3971292977242,457.3642596558766,32.268100878484574,16.7434646190585
283.9148205080443,458.768834377448,34.93333948142674,16.5299814918572
283.9089636597557,459.35572368497856,35.587473425425515,16.752845429348326
284.49753286773193,460.18312488644165,33.97321301226475,16.84993552832134
284.34176753933843,461.40719251267546,33.759666463302096,16.61152878833036
280.53979381781005,462.6261292316763,34.81287949787679,16.427754818606388
280.0,462.0,38.0,16.0
283.52545476762884,462.64717435361825,33.93275489412065,16.895404152036804
283.50256821464063,463.669037896331,33.783080787579536,16.91002764357222
279.3865683455799,464.79390373585244,35.170971650270985,17.302352609623483
279.40578804814936,466.1184446197823,35.82743459680228,17.33114561251341
280.0637345173325,467.36763564341527,34.45668023533358,17.145862017485342
280.0429598984239,466.6935436453981,34.671214784939025,17.7888765647607
274.0,468.0,40.0,16.0
274.3038506560708,470.17749813845046,33.68048953463199,16.977309232725133
273.43089961290207,471.4404832406938,35.5382078446803,17.086231123749826
273.06950100325776,472.5389313132164,37.01120134341636,17.22233459730529
273.24030419039923,471.7170359111067,37.59971459082749,18.10112639739259
273.831845388916,473.1412747848868,36.49544176097788,17.685977160856282
274.3184243322735,474.4198734348844,35.453708699946105,17.68754343083475
270.0,478.0,38.0,15.0
272.403854299871,478.98296661442237,35.048215705785765,17.8035661059198
272.1344571320023,478.63096267409264,35.54969812508642,17.79957234417293
272.2101307948642,480.2048722193933,34.636114788823306,17.372475450593754
267.7455642097624,481.5664116410236,36.92366209223542,17.516532455897277
267.8827782221624,483.0210524997851,37.15822132315361,17.538472467039583
268.4337317692971,484.3850948769858,35.60376375293481,17.539546576328007
264.0,482.0,42.0,17.0
264.5344692450932,484.2978585279885,35.61191534474921,17.72857445353975
263.9089700755005,485.6758155712059,36.96633684040876,17.93661305367658
263.4354395511591,486.83429916487376,38.76409092397262,18.004560684632168
264.4765197002539,487.81687326018664,37.36508253012812,18.269824453794172
260.85563879624823,488.6935313161084,35.44277641614434,18.04377104896912
260.40337962005276,490.133416528356,35.73952704927069,17.93377730763234
260.0,492.0,38.0,16.0
258.5016527919154,493.5966176762249,37.18098985693041,18.080303886024467
259.21278464638834,493.2159514841553,37.8112998986914,18.298005505330934
259.43404147099614,494.66453961882803,36.749255320211944,18.107345967419974
259.3151346398864,495.9358563180467,36.11773127763644,18.081272571036607
255.37703579069574,497.32487760446975,37.30054299887598,18.04734112590984
255.54243589525643,498.7568324362806,37.335764070514216,18.30400304054075
250.0,498.0,44.0,17.0
250.9954933930108,499.9834911469072,37.55556940060569,18.19602839934737
250.56037573692174,501.279621887536,38.77224083867418,18.621473295684382
247.7042322666844,502.7760017874789,36.51428990864994,18.674288923606355
246.9998216313636,504.4764480526321,38.01758508816289,18.388047846690824
246.899782570262,503.86008848209894,38.907654455184,19.043741989480623
246.80250994195376,505.40451242195473,39.22974079569485,18.97554681670357
246.0,506.0,43.0,18.0
245.56574853928987,508.1987559008073,39.411515633473755,19.12490108405268
245.15795795377028,509.5407792402102,41.24324907926763,19.36760005795486
245.7486389818106,509.05523871843144,41.13474169681808,19.729021700877013
246.5080216168467,510.5459507782312,39.13181734259041,19.47974807191889
241.86816693461884,511.89505437968546,40.93587133893976,19.907733619705823
241.93695202841974,513.4606892045664,41.147554622245536,20.088345340844967
238.0,516.0,41.0,17.0
240.26207679698769,515.5728178858972,39.43749252374391,19.916102770755515
239.8425303757158,517.1778222959585,38.173279134621964,19.465288321740672
235.05995960667894,518.7235571234801,40.63897828823917,19.587836728700267
235.42431650914872,520.2917697739465,39.88511951752619,19.870868670265168
234.8722634021642,521.9682972843153,39.945371074538,19.641176319960664
234.554064869513,521.4401586985605,40.20882749324301,20.166610072630647
232.0,521.0,43.0,20.0
230.86177739929394,523.590155729921,41.38993364432645,20.374934104155727
230.57615523466916,524.9493908985943,42.630198871239315,20.745227949117293
231.0634413192351,526.3634288775593,41.00547071041473,20.806269856842846
230.90726711966357,525.8190613483182,41.45764885532685,21.10450178457336
226.4497978328714,527.6131557576603,42.620101334806066,21.17372007113704
226.56251442692962,529.3347377286798,42.42951703127255,21.448606619346947
225.0,533.0,42.0,19.0
222.8794534225261,535.1063294460043,41.908653539856715,20.447104698713247
223.83940980190076,534.6871527651997,42.60041890476347,20.89496803452539
