344.0,236.0,8.0,6.0
344.98059700615704,238.66928007896058,7.974838422611356,5.9991179157514125
342.45444972997404,236.91036002342406,7.967472032328828,5.995799756951868
340.92771015360415,236.0081927551588,7.964144282999882,5.992268922155063
338.39970713175677,234.25081838266595,7.962632178820172,5.991600026162786
335.8753021573483,236.98876187542928,7.958359138084802,5.989322797490473
339.3398314975137,238.86996049448493,7.9540938778155805,5.9857092873616295
341.0,234.0,10.0,10.0
344.9262958677041,241.06595962159238,7.949038444842245,5.978787276759164
346.3939101918232,243.47947374127443,7.942392647886322,5.975778145916593
349.864877206919,246.86178591443343,7.911169064964611,5.96610781728765
348.33792491798897,245.21985463140655,7.924938054121412,5.963927221097464
351.7904478445245,244.85473346836613,7.924593869019532,5.967218877399205
352.2604694489087,245.66406021425084,7.921556785080156,5.965921154361723
340.0,236.0,12.0,10.0
347.1668632720847,242.4731328458826,7.92682851575762,5.958075123463743
350.6205818765118,245.83282595484098,7.916340270743035,5.960498739637586
350.0971826574791,248.77069403032237,7.914873541819873,5.956423195614974
347.59247575282785,247.02997905586452,7.910347158967056,5.95306574021771
348.06620399486764,247.84117727324855,7.90195558658246,5.948124020415889
345.55836986230844,250.56113166196107,7.904026164887455,5.946625946841465
338.0,233.0,13.0,10.0
341.34152680748116,237.24637298174707,7.897294160932233,5.949764905497119
338.8394614082265,239.97008954164056,7.894558931367783,5.937171143345239
336.340842890034,242.68603520166766,7.888945019654955,5.941419387127041
337.8051233798362,245.83245580239276,7.8780132038700685,5.932480005489936
335.30678759180665,244.09810138569713,7.879368235040886,5.9313829348864715
335.7769776401973,246.38926851302327,7.8766807195244155,5.929159146699703
330.0,233.0,14.0,11.0
337.99349927639923,239.13697424104384,7.869666294294632,5.919960553490597
341.42512336143704,240.261530082386,7.868880661641583,5.921869780624746
344.8583858818806,239.16783335312462,7.8621658779223935,5.916201615671355
342.3712071395672,239.65900456517198,7.857598903883968,5.913018006904508
342.8422571606327,241.94264661091088,7.853066886118938,5.912582061886837
346.26273692426514,240.8454254402743,7.8618148986105325,5.911994725366839
326.0,251.0,11.0,10.0
326.8937880681543,257.66234563810946,7.64846356928507,5.884892995266739
328.26283279621646,256.35397663168595,7.820147895494642,5.894672080252633
331.696148130261,256.0063669614445,7.750158267233701,5.888054952329867
335.0886278170109,257.1307200403647,7.742800551798041,5.87701410503422
335.5226721388833,257.94376977587245,7.807506207931738,5.862895192085375
338.94347859751736,256.8716911054589,7.767974855434545,5.846368889445557
323.0,253.0,11.0,10.0
329.88697489610666,256.66278385989574,7.767758939852399,5.853153044323847
333.27257929978686,257.7818996522982,7.789333346839612,5.8478936015548015
335.7011909445549,257.33013789773344,7.771891655890499,5.848364838108694
335.1925397353768,256.5685560675082,7.776872635803159,5.8458087678631045
332.74159961329053,257.786816041305,7.769367353596408,5.850680544381703
331.2671645159703,257.65333302447226,7.761518308377902,5.844561131261912
317.0,250.0,13.0,10.0
321.03883245766957,252.19957243677948,7.7635419497547105,5.839078697503965
320.53764860959376,252.16675057988027,7.756147300731811,5.840861160381735
322.9539176961005,251.72167843971002,7.751078922778618,5.832940145465415
326.34204284724524,252.10642749847577,7.747119955548783,5.833642147029792
325.84247605090854,251.35033613600675,7.740207099855979,5.828036908618543
324.3705541228665,250.48563447190742,7.738352157964641,5.829107232267063
308.0,265.0,13.0,10.0
309.6935511346164,267.27340412311787,7.706409642494691,5.817079174377795
310.1814584919912,266.6255801038994,7.682326252545238,5.813446207877973
313.55715776777646,266.2945675264521,7.69124249105414,5.795420613021008
316.926788309696,265.226849343558,7.703085847502848,5.794357633415132
320.3154704158391,265.6102325429747,7.675231863647753,5.7941741782824465
322.72338641220546,267.3572263883706,7.667419145610893,5.762694234927778
314.0,278.0,10.0,10.0
314.8124865384379,284.0028234070094,7.53647715198656,5.760703588651268
318.1146117865399,282.94905712448633,7.632230387922107,5.701976042035085
315.70320947356504,285.5661166904564,7.643764931489272,5.757675199895289
313.29997834645536,288.2156534899506,7.633239024318243,5.750143876159939
314.72595274503414,289.83672411540607,7.637694893263529,5.745612865372152
312.3274060134594,289.60987985139855,7.62924915991573,5.743168315249761
310.0,279.0,11.0,10.0
317.1102449619825,284.1555564630597,7.6255403536465565,5.740047160805943
320.4502987847396,284.5440071692044,7.625124948719076,5.735773090216128
318.05447513740836,286.46795626706285,7.619921183093254,5.735537892212847
315.66242353593594,286.24166299813305,7.609127474966442,5.732704215986473
314.22256434658823,286.8363119929756,7.6098487467743325,5.726315526047529
317.5733094953818,289.3693844853146,7.580374057130655,5.727779883907715
306.0,281.0,13.0,10.0
310.29001890227306,283.676852568928,7.597783624902661,5.719348135002747
307.9014981385604,282.02270058257614,7.592518734955775,5.716698987882523
311.23175539005,284.55418087319975,7.58898741083442,5.714634585739873
308.84671111391435,285.0439851367679,7.5874994691280335,5.714824844407985
306.46169629336697,283.3921586737915,7.586875652992546,5.712783695338885
308.83555085635606,282.2544955456081,7.580836729868167,5.706632993975802
305.0,274.0,13.0,10.0
312.6769907822403,277.2166331453823,7.577190523089257,5.706274352986952
310.2984914619932,278.4227507727471,7.572532002602543,5.700449458259641
313.6197259159067,277.38631456506573,7.568310046596423,5.698698462735422
311.2410240773158,278.5918448981205,7.568524404526158,5.695622356857143
308.8660004314126,277.6606144852817,7.5635523343068485,5.690266233460591
310.286668567856,276.42189381521916,7.557162921018175,5.691563173937482
306.0,274.0,14.0,11.0
308.2424840012821,279.0641639647225,7.555342349049681,5.69105829946642
311.55767049231576,278.03174090968673,7.5526952258857705,5.6918043267717735
314.8716937150586,280.5553434551405,7.549452356985796,5.683838237953466
316.2886264246689,279.31975977986536,7.550246048632857,5.682274046009127
314.8704562174638,280.62254925878386,7.541965142406127,5.678838763177339
317.2294276054254,280.9098721263765,7.544446641124296,5.677834457636095
305.0,272.0,15.0,11.0
312.2678897025037,276.4851975978853,7.531081688908614,5.670557685474932
310.8465722640214,275.65542289189125,7.534565625622918,5.676898608992246
308.4819470671661,275.4417848963712,7.535910045572791,5.666897577337011
311.79041213337155,274.4140698113306,7.526723972793491,5.666332045445699
310.37473681831204,276.42121306607373,7.524441903612569,5.666654765626504
310.847524794288,277.2211914938807,7.520483303339972,5.655727542236946
305.0,276.0,15.0,11.0
308.64633160025187,280.4314701345014,7.517291870850613,5.6591819540574875
311.00538536149054,279.3046583272352,7.5115416284361345,5.658715574307507
310.5352569425703,279.2936619099122,7.508322266311893,5.653356222495631
308.18256888523865,279.078223214505,7.503685275002795,5.6510180504066625
308.6563961460149,277.75440093176917,7.50174121248665,5.648697879445024
309.1310360498147,280.66520709107374,7.4963338831032615,5.644919966337568
306.0,273.0,16.0,11.0
309.310325730351,276.0613032671564,7.497205092711454,5.6450588472310415
306.9630281033368,275.8506353628887,7.492613389928977,5.635986722523398
310.2559654321266,277.6462094788663,7.487999727942338,5.640533985901357
307.9107857170038,276.025372229445,7.482964433103916,5.635680359421826
305.5665306215466,277.9247027570662,7.477961183005505,5.633072298018476
303.22136313148434,278.4167342222738,7.4788932808099275,5.6297558179374505
306.0,273.0,17.0,13.0
315.63351681991287,279.071470289677,7.474618373352314,5.625819431574371
318.91886782755415,278.7584841934911,7.470198421130931,5.625683393035217
322.2012571228996,281.25657986356794,7.4681055572845025,5.624173186010012
322.6733690331657,279.94316748538347,7.462370963386206,5.619316617472862
325.95384278183417,283.1427579816832,7.459708862350453,5.615751708881021
327.362120711274,282.6305891997664,7.45761104536831,5.617885474435127
307.0,268.0,16.0,13.0
311.08739033868494,276.1576068381179,7.4530802926364,5.615830602584538
308.7555752127149,278.7569343139572,7.450501618508724,5.606793210161584
312.0314900469491,281.94972770467393,7.445005762257551,5.60821626630343
310.63774102117156,282.5416040033732,7.440345947123319,5.603229409868959
308.3083977191295,285.13116624627423,7.438701086461776,5.60519112093624
311.5777545492401,286.22411530248564,7.438999589792729,5.598162703530761
