324.0,316.0,13.0,9.0
329.0021506296471,320.61429141648114,12.794522360432893,8.50143102183938
334.2582624826359,318.5248550760364,12.920180470404716,8.826708988287805
337.995091986637,316.36425768685046,12.692293389300175,9.010131330312959
343.1642936388071,319.1992658755356,12.907379540631723,8.592364885021595
338.8845883413901,316.2015165330365,12.719360068909737,8.871654044012246
334.50445405236223,313.30369453842417,12.742900321638217,8.841153026167717
322.0,302.0,10.0,10.0
320.7988797164403,302.3204193722206,12.742934482557018,8.760700260672365
321.2357337348419,299.81232726610756,12.752062456958129,8.963683477056634
316.94056117618516,296.96618432425987,12.6540342924568,8.902029032072619
312.55741961853073,294.1500815584121,12.715040634274374,8.878278929791861
308.2220413844664,293.5399451709379,12.669883215810273,8.88494749952531
303.85934119489565,295.07444403356897,12.707402537893927,8.95419317419487
320.0,296.0,11.0,10.0
320.05706954639425,295.4564063510756,12.659400874599555,8.859252560571235
317.28206981963507,292.78626953127923,12.723991869681015,8.842273482754024
322.5255107464002,293.1197902018986,12.711298265234461,8.840790536827399
324.5746862231908,295.3433541339564,12.709885680762056,8.821371312762096
328.232911673957,299.9504700514954,12.65613754446423,8.802889038531134
323.8976693661807,299.3331994298667,12.651324131043339,8.806009758821574
305.0,298.0,14.0,10.0
307.64638614118866,297.6053028903329,12.620169799724124,8.733028731274999
308.12472092136204,299.62135266672976,12.590381863776429,8.75650405706233
313.45726650714107,301.07567137965464,12.431719160524324,8.637558499197269
318.6626156705398,302.6826856515176,12.51972064819256,8.394416254991484
323.8297638239973,304.0615488976727,12.490475493689303,8.51888020441072
321.20515662579635,303.6706672630952,12.41612283266204,8.487085625847044
317.0,308.0,14.0,11.0
318.0162931747326,312.4668672512448,12.374117979819005,8.62383050583901
316.8879058774724,309.96790729947816,12.412402238722962,8.672656047499515
312.6587439811079,307.24032517512774,12.425460509890627,8.616341472851786
317.78969442484293,305.3899598616721,12.403590646651821,8.636668106229024
315.1498245129907,302.77461702076437,12.366135439305822,8.652424679659362
315.58145695056135,300.53143888088323,12.404784341144818,8.576020875429606
312.0,292.0,16.0,10.0
312.42478598298163,293.4110831075536,12.949287377924804,8.862800402647508
312.7202450899023,294.24431924602834,13.22115157589485,9.00362341324967
311.69734222538136,294.9600319941296,13.254070104618222,9.038168524403545
312.2250410680995,295.8084663929201,13.29160923782274,9.118598146956856
312.7560207818623,294.5316412048316,13.08704165990855,9.2631032097471
312.9094477070721,295.5229857556043,13.386604127245619,9.194453096962661
308.0,295.0,18.0,10.0
310.6058776986265,296.2272794713508,13.659808157242878,9.278816284649565
310.8634204666214,297.08673051451524,13.710937887741181,9.45497782925338
309.7523646730603,297.86115702246764,13.807224954559274,9.462429949462148
310.0302432574854,297.62981606987046,13.959652771968877,9.63599967489904
310.37095861355283,298.5946830576502,14.176220108361122,9.624553928583168
309.12049980628404,299.36222618538113,14.183741538880156,9.833353834811533
306.0,301.0,18.0,10.0
309.13668918220606,301.19709764742686,14.183673878553805,9.672748350237043
311.31442816640765,301.1600239737775,14.060417725426532,9.88023712131843
311.7582587806702,302.13714798520977,14.409647475751001,9.940306352747314
314.0342604448299,303.3222645434314,14.346117511828197,10.02357597984917
316.26526130494324,304.42578829495096,14.683433761560934,9.946464065943815
318.5257164919152,304.25226731211615,14.690457377256791,10.105128566339715
321.0,304.0,16.0,10.0
323.2816820309191,305.3426854674472,14.750424969405628,10.032714892084698
325.4212880963616,306.4778278713583,14.638013361553533,10.10199061943274
325.92648899625925,304.876677934187,14.73788874512934,10.090939053961279
328.1621449841552,302.25888705840134,14.789067254262363,10.099965428535597
330.3974823328317,300.8807662404702,14.733789303201036,10.327295395209433
332.67262516217136,299.5040513924569,14.958383975057245,10.181557195425
337.0,297.0,16.0,11.0
341.9633386835284,297.22224833524075,14.855506427007242,9.800533120887337
348.03735313821164,294.85323564007206,14.562352979104617,10.034008636579358
342.9924456908295,291.5206420631329,14.576602341334933,9.925366290659497
338.0520389985536,288.16885413053154,14.410709265531352,9.95311733132354
338.4782842559619,285.3716688234613,14.442877161305262,10.013009738002097
335.29425383242955,282.24845555440277,14.445456707105734,10.043016168066742
352.0,285.0,14.0,10.0
352.1373962540071,283.19889744387035,14.875468607358414,10.362524834141254
350.759224020136,280.2163677489722,14.844004934924328,10.312765491384027
354.99880800907806,281.67945573769447,14.590874440155574,10.14392011641911
355.4460408733471,278.90575156098544,14.586314950209157,10.112717525597134
361.37550833657554,277.9186920517988,14.60155759714371,10.15560040664667
363.65522255237414,280.4074989715478,14.583243125069089,10.095826700734676
350.0,288.0,16.0,10.0
353.530993087441,290.0159261659125,14.661400303799326,10.40782893749821
348.5023399377298,294.55527956007154,14.52642708677456,10.037674371000094
350.75361422826165,293.2026670591073,14.561489409697344,10.10185304823699
356.6878702134794,297.3341536506282,14.539375315292943,10.070174438686422
360.7709099988942,301.22946634295744,14.560648750876737,10.10221467818451
366.7222263381685,298.98167441761717,14.534158582681584,10.120396218351743
346.0,279.0,17.0,10.0
349.18209180792496,278.96733565424677,14.55157001660507,10.102166086214481
355.1009685147548,280.5292304060641,14.546744265320115,10.105232403223283
357.36875294262296,280.44416678566864,14.530459273678673,10.14177811534563
361.4518856196362,283.1047941249659,14.533866473690125,10.109557593018053
367.36533521236413,284.66873708568517,14.536099274315859,10.111769685899276
367.8079114302693,285.69062262276253,14.536881044022152,10.115390934166726
347.0,278.0,17.0,12.0
355.7175157839625,280.1304463911518,14.53983526712301,10.146943683351083
361.65006984694185,277.92984777186507,14.51488549189969,10.081576082177776
367.56896724811133,276.97365443324134,14.496079358083307,10.070355476616498
364.3691975611098,275.1105201309048,14.505685836570706,10.087646508518901
370.30462496223805,280.4625825764106,14.445479624896905,10.06210265295232
376.182457128526,278.2454284577806,14.481134489290014,10.065028158892574
349.0,275.0,14.0,12.0
348.735512494767,275.2767370206246,14.45469233127244,10.041946176745626
354.63270192898017,273.06285123198154,14.442682309694135,10.046298246383003
360.5134843221293,274.6327160950974,14.454399298702413,10.02295563975008
366.40807985393235,272.4183024195755,14.440464754283767,10.039234370532029
372.2866694189599,270.2158815659158,14.437699516929172,10.029765520203398
374.5502519249713,268.9056189242604,14.420262495046643,10.034492240378597
365.0,276.0,18.0,10.0
374.05986281326193,275.89254087434864,14.453389106910663,9.977897176065937
379.95922419259284,273.6275201800431,14.439124644157516,10.043217058230596
385.8241350987746,271.39652036755024,14.489201744111142,10.053237532405717
391.7094471314409,269.1741051025232,14.532488889098829,10.068415769056799
397.6173314321939,269.4938355981288,14.520705142109477,10.022483926822076
399.9235060200464,268.19059017892675,14.373899983091576,10.015116213764372
365.0,276.0,17.0,13.0
365.0470449401663,282.1282083440037,14.424700020718035,10.021896591307268
367.3052987607125,279.5742350231441,14.41553749579623,10.009234143006552
369.5604727705869,278.2677387958194,14.40505943986392,10.013370419757564
368.2206743975526,275.35284520016023,14.37655277735081,10.005750078004553
374.1086953714238,273.15460576695614,14.345398532508796,10.000074464496208
379.95652602298924,270.9582039943645,14.367722332427775,10.00211310722176
379.0,284.0,17.0,12.0
377.20483359427453,283.4337659998796,14.38858928336964,9.981016239246287
372.2499405345828,286.41845500762645,14.368436151343246,9.971281456446718
378.11188466295164,291.7079421421678,14.338066023571287,9.979327247123308
373.1472168632436,295.9337376007174,14.34627624161027,9.980338174174676
378.99287515277007,301.2323433054341,14.339041938993603,9.960861807908088
377.64184986757095,304.55858662101343,14.330183215742863,9.966741135918426
403.0,262.0,10.0,13.0
402.8751491431384,265.07353560306905,14.692695926128863,10.132041696824274
406.99560823098284,265.256077508149,14.890810294911034,10.043530797877338
411.4287461461736,263.9227303431495,13.619872268242943,10.389615350497195
413.1013033130842,261.5279309969589,15.052516049127746,10.051550745134364
413.5407698003378,258.44858745523015,15.431523028771608,10.37059700341024
415.98050433770163,255.70958248331658,15.140304101993252,10.351737598691102
416.0,256.0,13.0,10.0
413.7571927918404,260.7417499785666,14.719037287679328,10.230846629445011
419.7589023109387,258.55777097511486,14.696144699296099,10.135372208134527
416.53380543876284,260.4714078428616,14.682956664227788,10.185084031897532
411.43045134840975,264.782586436241,14.66633892993957,10.212252744897398
406.35398649115797,262.7550046712017,14.600207089084222,10.126925023380068
410.4613414136966,260.3079628256485,14.620656951559852,10.15616588662698
411.0,257.0,15.0,10.0
419.0801615242527,257.20339350942567,14.619135548192105,10.194655815221893
425.0268458759275,260.068901066378,14.62354270800995,10.146457589875126
430.98079470329395,262.91289810021715,14.609114866884,10.14388565995904
435.09900445716056,268.11194113051414,14.591900078799085,10.138589996526377
441.0373399145025,273.4942544900819,14.591211244354099,10.129354695353072
435.99512527454937,277.7675023876673,14.55938867020069,10.152022108872472
423.0,265.0,17.0,10.0
432.44939424948853,272.24119197131705,14.54315534504309,10.149390731028234
438.3775379964107,270.00074107444215,14.541721091268357,10.182140208039868
444.2895677363503,267.8035185934931,14.573752796518477,10.108228929880966
439.26579327561376,272.08901976084155,14.53936372190526,10.128210604692072
434.22121352086793,270.05969158292953,14.565506034185205,10.105851544522523
432.8744197331879,274.69687233613064,14.503328944667771,10.10983857750415
422.0,249.0,12.0,13.0
422.67343599021785,251.43966329712288,14.598692196811271,10.150313615823165
428.62069132424296,251.7660863818335,14.541430912854878,10.100270621021735
