450.0,20.0,15.0,10.0
455.59439543634653,17.281931690871716,14.997199871577322,9.993589264340699
452.35000841997055,20.452751821042582,14.874448392436648,9.985162342349621
458.4898121290981,25.792515064100982,14.788199665626962,9.911293226799543
460.78047899584305,23.24591372165415,14.847029986082475,9.927753358484825
466.91499529606295,22.312906100875132,14.740648342708653,9.916958571412593
472.9767702961373,27.623904125221873,14.734890605673797,9.838166380189431
450.0,14.0,15.0,12.0
451.6978450410156,19.48613219519423,14.789491682112498,9.902375971051242
457.71449159416034,22.26751778892298,14.784550839318683,9.899062555262873
463.72596906535273,20.103752473420066,14.779466929494902,9.889262135783646
458.60721558841567,23.061417719740223,14.77649808102558,9.884285001407289
460.91133526246256,20.539157292312293,14.76009701321658,9.884061140899924
457.64241473037043,23.668122284322486,14.772429917783597,9.876805284419014
444.0,11.0,17.0,12.0
445.77105812124466,18.52482917156419,14.75020851671104,9.872869267918048
440.6711524229782,22.721415023102576,14.711141747365502,9.890377793419265
435.5526528490292,26.916536043116725,14.735125277784391,9.864683432715847
432.2987678851625,31.28135159615595,14.731311024946535,9.848961461407129
427.19690355608464,28.05861700195526,14.724936084041019,9.85512763023996
427.6479541891865,32.76801003004006,14.71137606933911,9.842624346011448
439.0,7.0,18.0,13.0
444.3877222266595,8.142709910253684,14.7073918286369,9.83694835770694
439.2984221206915,4.932085220221382,14.703020056072546,9.84413045213931
434.2108523864074,1.6812844155508775,14.694554806385327,9.892178560734015
429.1322298965637,0.9927081862123819,14.633246727646679,9.795730086529463
433.2385105504221,6.035089911783061,14.665163096734545,9.811706898627172
439.19567031415625,11.246876853333191,14.691044948765864,9.822489097056831
440.0,7.0,19.0,13.0
449.6466046672428,8.13935099260462,14.667180400973905,9.820103883443277
451.9376626679527,11.779584860433008,14.645959380031229,9.809783204836197
457.90817296237935,9.638860030741753,14.6251755140039,9.800914620441876
463.85939720876553,14.852641579821519,14.635436831014943,9.791619091365153
462.47088276594945,12.008014737893747,14.626009415084809,9.795136468284808
468.4231423940653,9.878423697533995,14.621879755164684,9.774269493783505
437.0,8.0,23.0,13.0
437.39551724742023,9.591380145186395,14.608041994942823,9.774262087976506
432.34079664620435,8.850147658155404,14.606285391936979,9.774092469441058
427.293464408258,11.785341962598247,14.594613878942539,9.756147777648073
433.23065775027396,16.978693300856165,14.587985401651963,9.75732988890866
431.8451698849889,21.46759462569417,14.58329226964895,9.760840486957033
437.77748190993043,19.339631363425024,14.591567408794106,9.750838661840532
440.0,9.0,24.0,14.0
441.7892466204464,10.106705196208555,14.573831145520671,9.753064277477197
436.7544901554286,6.9335167819433785,14.55599182520075,9.748694105570095
431.7088518785485,7.423744138171253,14.568946670561502,9.732006645081144
437.6394832028036,5.294863462028334,14.55210204005482,9.736629236912677
432.61590806200275,2.1277661640869656,14.537625261507628,9.734965406845962
431.24770179045356,1.6948725058137342,14.514277118602365,9.775003146884764
443.0,3.0,24.0,15.0
454.96145940218173,10.18939868203481,14.528551166434909,9.724587126731258
460.86975790829933,9.286311769059267,14.536242582322757,9.714992865585085
466.794678999859,7.161632720847651,14.511300830343828,9.714859164760304
470.8735439767328,12.151301955203067,14.51716661056264,9.723794449831054
469.50571355735747,16.636605731942893,14.493351051395734,9.69688038586186
475.40684961366065,14.512871737000793,14.499199717182648,9.709971378830584
444.0,9.0,26.0,15.0
446.62008694033693,17.417679935049946,14.489357635197848,9.705026734976705
445.2472581747999,21.892532305985284,14.484203260588174,9.686743506103817
442.05758512394584,22.546287181254222,14.481547474236777,9.689258264479257
447.9565233860791,20.431934668542162,14.468675098101357,9.688630401072338
450.2462100466719,25.24805418371149,14.400152209544103,9.696784227629465
445.20331340984,26.952363706559957,14.476860783489371,9.674820445182519
437.0,3.0,28.0,16.0
440.1354310601192,12.197349597189211,14.424696926435502,9.71914336943392
436.94764851085455,16.508894734976657,14.433283615241578,9.682045421621162
437.3876413302472,13.860651274351566,14.438426672399316,9.699753184419881
434.21843304523134,18.158442477358882,14.403331188450807,9.664117245160277
440.09322308163905,17.27718209491973,14.412332332706058,9.63874729474852
445.9750021523246,15.172130280230055,14.403096985570528,9.63886141019749
440.0,4.0,31.0,17.0
456.06063636860165,8.2585281393438,14.428313869319709,9.633903150632184
461.9501083821068,6.155499483945523,14.394918443717927,9.634814118278847
467.8122474305689,4.055636287495796,14.399822350036004,9.635704337406978
462.8425759410251,8.18411792638383,14.368555141463105,9.59492855605907
457.85964787524813,12.293762862391532,14.387881051361092,9.582898062035156
463.7271319780763,10.184153637942847,14.357109948718517,9.61356725292607
440.0,5.0,32.0,18.0
457.0745183723425,9.649287118778904,14.357016870892721,9.602291714052132
459.3237891750081,8.420172385032377,14.346481756436106,9.595978387133961
454.3695601401416,12.506748117164786,14.34233777224631,9.588479000610512
456.617080772327,17.281123521708267,14.332581242961396,9.579195044329566
451.6726940110957,21.361856678443818,14.314075106689074,9.57717266935894
457.5013644530923,26.47314104968771,14.317252752835088,9.560475086706518
434.0,4.0,33.0,19.0
439.95460412905294,7.190663740662743,14.302041965266596,9.561509988076196
445.7927617636242,7.506796070374949,14.279593852151095,9.554035978173552
446.2325439917654,4.923717672936238,14.285737314302992,9.520999798310966
452.0636312145229,6.421079549545605,14.2651140936714,9.540093860452696
457.9107696221661,11.568043035908886,14.216989688868125,9.496547168121648
462.04590646955046,16.884525940667345,14.042422343373119,9.478518906602403
436.0,5.0,33.0,22.0
452.89989375439654,10.857716194168056,14.178640105649265,9.57584010723781
458.7111113424273,15.981711168638654,14.164310910513905,9.503341655382371
453.79791716603125,20.067729782213014,14.18612588558102,9.496834805485456
457.81570245050136,17.81000431552871,14.16773685777764,9.520612641135958
452.9123527348217,21.87236049423461,14.191336513018882,9.48328278256929
448.04329813043825,23.54620544382525,14.151940749624998,9.472731405862426
433.0,6.0,36.0,23.0
441.2647398764152,14.483805963265747,14.162098559593176,9.47051976492176
447.04307890835327,12.425215652900938,14.152093193934377,9.471739306917154
442.16886286279873,15.275416621773857,14.13606152168262,9.468794270049116
446.1655187133291,20.157148391666492,14.129887336223078,9.45719262103692
451.93424102344,18.10080756774766,14.122512806474106,9.464209407166003
455.9262991911857,15.887276267029483,14.11934303736092,9.45721991961418
432.0,6.0,40.0,23.0
446.97925074504724,18.586760611318052,14.118756033566228,9.444071729110512
442.1133602755657,16.70898444103836,14.10759444952106,9.440656788355284
437.2560825584381,17.197146930988144,14.079498763327479,9.43042489952969
434.1582234854576,14.311779007833909,14.08600417717929,9.43142368212925
434.6078323959781,16.486629829667923,14.070620353067113,9.41518438655632
435.05269895960544,15.124852633601062,14.069457643022929,9.408865624196768
433.0,5.0,42.0,25.0
444.1500762671118,18.69406665383221,13.97984798834716,9.412637117762511
439.29263863845483,15.640005649173037,14.006731879770769,9.415816047591548
434.4385331615637,12.590920770511609,14.026276667367426,9.414262123608182
440.1680734279903,10.547581229567049,14.01679450234019,9.414009599941634
445.90409295465565,8.52114817418078,14.019681096750048,9.390032385746458
448.12900506595804,6.158583660682821,13.976546761730333,9.38031914519941
430.0,6.0,47.0,23.0
453.75021606343233,12.64817877284285,14.01067382591458,9.370226266549992
450.68679174466104,9.786866413490724,13.997848077759727,9.35755265835662
456.39732360545963,7.754328316324534,14.007256942458469,9.367519840448955
458.609732006659,11.253226743115052,13.97719747413339,9.354695360894011
464.32177567341074,9.232927427601245,13.967960768771206,9.334736802432817
461.2621850884783,7.539781673247218,13.964263811077899,9.347215660122599
435.0,5.0,47.0,26.0
455.65161710930477,12.187204935071808,13.952971933525475,9.349339482201135
450.84355516738714,13.843123794269987,13.944036909323017,9.33838926532505
449.5373700864452,18.16836290537543,13.943693547349142,9.318828027079995
448.24107471091514,22.482878204280908,13.926628447578707,9.326694265761123
448.68655860189745,19.969272582619684,13.922552424374317,9.32605294963409
454.37808335635697,21.459767390599982,13.914019196829884,9.310940551829994
450.0,29.0,47.0,14.0
464.79015671880177,31.038458867008035,13.974030309284672,9.106452520905972
460.03920356978523,34.96776708301208,13.874259396268883,9.221489660979842
462.2701545720395,39.64396702305063,13.7724945460007,9.1967126204853
459.2241344947047,42.90884720515973,13.786443301106942,8.669692303233845
454.56888142103344,45.44524019960045,13.655820936790406,9.15020410638499
