387.0,192.0,9.0,8.0
384.7292763646692,190.13167466968298,8.971748916897923,7.984629916027188
385.20160280238775,191.03837305795352,8.960488211181712,7.9897276184569535
385.6695375673564,190.95251997469717,8.953424235877833,7.988178721306042
382.76688663647803,189.44646601410324,8.946942238537076,7.982543671166724
379.86569183648277,188.9354678996054,8.943056404142737,7.979366123767903
379.2114590495074,189.71111203487564,8.933184153377397,7.970771403525845
392.0,187.0,10.0,10.0
395.6032571057055,192.3132014156131,8.930956649023642,7.959700660701515
399.43010970314396,190.66234315969876,8.927107992398703,7.9446491955189344
403.4689997488409,189.06694426892008,8.658166438146964,7.722848364582177
400.49524286249596,187.50095117184387,8.86600199382849,7.84339911575961
397.6528276756627,186.98209213915993,8.793880582123279,7.83089038574019
394.77938660231644,186.46316078656503,8.820378165637976,7.857984704732189
391.0,192.0,12.0,10.0
398.30289664492,192.42247759017982,8.693531884754407,8.096830311841472
398.7146411665331,190.25095142766054,8.819537347625158,7.947384860685588
399.1330474018914,188.0999422058116,8.95085802415673,8.194842657269788
400.66286442075045,186.942111910984,9.05721711957608,8.301229994559435
403.48343792196863,188.10818977142117,8.751189366011431,8.045493041543523
407.28345248597094,192.37495304455263,8.845003505556122,8.383876991071588
378.0,201.0,13.0,10.0
378.1069186293166,202.43910063965473,9.445644005507802,8.763164228753169
378.5643233041792,206.19335615602813,9.217347791122847,8.870069592482764
380.6168757989153,209.39369585441727,8.528974694930184,8.794696615648945
382.24819256094884,213.30829178871534,8.55705157442219,9.03741666335435
385.46858341049506,214.79438305287124,9.80274811633376,8.822380562947785
388.17143476868296,217.2631091188852,9.98853995722527,8.795507284540918
362.0,217.0,10.0,10.0
360.912560672849,216.9924607498607,9.521657145143138,8.487308511383873
360.16549062593526,217.75904668881128,9.539446031567195,8.544949503430928
363.01960156999974,217.97036416769538,9.53519574348627,8.49343106882165
364.68861776470845,216.95644725657243,9.512529737357625,8.43200060784855
363.9674160335846,216.68315866648192,9.496480946448685,8.404348795430792
363.2324133779117,216.3959150667226,9.520822828391715,8.41063238665916
363.0,217.0,10.0,10.0
364.6730187502436,216.62215497164237,9.308960210870623,8.238563564413312
368.61270961568175,214.77568924490555,9.460103239062846,8.325676974943974
367.9290153412138,212.39353382039474,9.386267969845221,8.374945385630923
368.3901584052951,211.24208659543137,9.379253985175183,8.355844639657278
365.3212055119351,212.781968264129,9.36639322825846,8.36161019878864
364.6039291997712,214.6144871928893,9.371359435097588,8.357124232913833
363.0,220.0,10.0,10.0
363.5426969478284,219.17443220832268,9.908652382316404,8.774856418213233
361.49513045932133,219.60228883736136,9.98988960786835,9.050120821588337
361.768362371542,218.39885057596257,10.06435133785999,9.046632940589916
362.0091321669877,219.26498633003888,10.274416172318297,9.274600368599465
361.0576647266489,218.99616462167293,10.3357697663306,9.245030974164195
361.3589278599111,218.71530470499192,10.367332017615354,9.274280863176273
360.0,217.0,10.0,10.0
359.64888141514894,217.19173655201377,10.494179164672062,9.375999252202291
360.2628534988227,214.93519780544804,10.179017101553939,9.008284090349974
358.1837780924957,214.43274838078344,10.14687304574835,9.045354477138346
358.5754787941269,217.53446254557593,10.4268603759744,9.52470386816833
357.7565829995235,215.09557437242933,10.394464846066285,9.069946632255466
356.9505721759943,219.1375647698833,10.501537383560787,9.592900638303718
355.0,216.0,11.0,10.0
353.9401922504353,215.0440813612905,10.46649814609816,9.280699858403636
354.3623075115998,214.91785372687514,10.332918594328646,9.223798107025175
353.49277713543745,212.26122643528748,10.346483603722959,9.293103481924646
352.492560299326,209.4880217349721,10.545456343362673,9.208511618635924
356.9434897349225,214.71517923087342,10.374933881971003,8.881348431793498
358.73119274394423,212.27671557757844,10.302492158199698,9.163079138797968
355.0,201.0,12.0,10.0
358.9113258181587,200.57679324567033,10.792873473984343,9.63281471276602
363.0969739101514,198.31203597026376,10.94758039220335,9.731596158984473
367.4612071369545,196.33271697014212,10.768163574471828,9.74909958938224
366.7295297124731,193.84005943313878,10.206343977935262,9.485303622829747
370.9722361200667,199.18938467371703,10.565039428853595,9.0980221389228
367.24757144646446,195.78004941273468,10.541303246600364,9.676250124082458
365.0,194.0,15.0,10.0
366.96727374175885,198.69643589483482,10.539694581752315,9.376201137862864
363.47377195093947,199.30791117044865,10.505606354365625,9.226578087738545
359.9582675261693,201.90724267946695,10.460196622750345,9.532334243648478
361.70915803192617,199.6296039172734,10.513227322425507,9.328955274315803
359.54233581918373,203.77787500432152,10.495747191796966,9.363107441151698
357.36705835398755,200.91535427715797,10.495800380784203,9.358311031207506
362.0,197.0,13.0,13.0
364.1573282316242,197.33529390257337,10.481667709676799,9.377899786892158
368.56268636720864,202.34392908449703,10.482828431053633,9.352553323185901
372.96685089043353,204.99699473077453,10.48308978490445,9.355640467672856
376.05739126461333,202.8125944338747,10.477506714619437,9.350340690227796
375.205491091633,203.63406116613714,10.472643266975524,9.340622929253072
373.0400869682501,200.77784334052774,10.467481691562739,9.343357435909468
363.0,187.0,15.0,14.0
371.56154166906066,189.13948567696573,10.462576165606094,9.327944881412606
368.08648192395736,186.1260054518431,10.459181896328516,9.326546861623115
364.69982119248345,183.06868916504004,9.9596715928202,9.015052775877166
369.2398934420023,180.87520703523603,9.980727591268135,8.876568620087824
373.4250155265273,181.07208151184173,10.24282715272949,9.12553578885786
377.7344591967111,179.10405710816903,10.245543908215552,9.133351878149597
352.0,184.0,17.0,14.0
354.5483943872971,187.341674313235,10.480071934994044,9.259074571754468
359.0527140701665,189.02281802909852,10.400795883545129,8.698670522056773
363.53078314446526,186.62843371257156,10.389657743368446,9.415549748575131
367.8870669526721,188.39014416704367,10.43456550231565,8.730342488847214
367.00844844942617,189.18220843125613,10.414328400744864,8.876405469774085
371.7493626890376,192.7300817444218,9.795571488462485,9.304943991887797
354.0,187.0,15.0,14.0
354.29602301626994,191.9614208261187,10.181181136401108,9.082756957033666
352.20371976545783,189.2023926985562,10.17774493753194,9.081628690101098
355.2201080494625,192.76591420657746,10.171104636563996,9.079953710229063
359.6602646616641,190.56555403552557,10.23056169070486,9.311157004346342
362.6550651850256,195.5168834625886,10.322088696760034,9.146346447681225
360.7138550698129,199.60937766441623,10.034367200636211,9.097743803029687
366.0,165.0,13.0,15.0
365.86002541442156,172.81577716103516,10.04828817132659,8.944530267057758
364.9997563960943,170.1741084023631,10.168912574789942,9.042136490910394
369.30558484806755,168.21642316469934,10.130408204048706,9.021799467713777
