882.0,443.0,74.0,190.0
882.1767535246909,452.93254360719584,73.93478961801156,189.620511791436
883.1067633756891,454.24618976596685,73.69693130689507,188.3283998284969
883.9205412600735,455.2515849072878,73.82013099504843,187.7189964029816
884.6994730568239,455.9968654385739,74.45568319320796,187.5559547196127
885.7730902951968,456.7569507918063,74.18510143310584,187.5747999811424
888.2298689383316,451.6688769385006,71.66022158495787,189.3362792641376
885.0,445.0,77.0,184.0
886.0611167287566,455.6737021127181,76.78405816238421,186.8210790179432
887.1904596193889,448.8571995919831,74.70641942275995,191.649449930346
887.6529834948263,460.24123603651134,76.400516681476,178.0096985755103
888.5866299731139,448.8925828827256,75.4016712642698,191.94737510832147
888.8920981661672,461.1015544794776,76.85935626976857,177.34605330115448
890.2217434488061,448.80847067696527,75.43750514573549,192.68563503985047
889.0,454.0,80.0,175.0
889.2233984612831,462.746057861423,80.46598553168678,178.81396917275055
891.8679019917834,450.16561804261664,76.09189871732201,194.2210948225022
891.5992488325567,464.06706812010606,77.93133497946985,177.68783960980346
892.8277783034414,450.4781005992103,76.3881461791841,194.06797095288061
892.6914634971151,465.25731220046686,78.10028557795272,176.4185806249348
893.8186465741201,450.24451497762425,76.69464536692419,192.92768619280207
890.0,461.0,89.0,168.0
892.6046609214236,468.50187087020015,84.24392278770802,172.73718298205824
893.7666255512422,449.59392176381283,80.97574015918144,194.6144009407256
892.8280364337365,470.11179822392023,82.17613963857673,172.958112192091
894.7428374373054,448.2964843826386,78.83521425623007,197.16443111204126
895.7087789702916,469.34808868444975,78.42886931491,174.32679155384142
907.5659845730286,454.46108604016445,73.9031429815982,189.79528732446306
888.0,478.0,102.0,155.0
895.451048164989,475.5539590335734,72.64240698501146,175.01353172462268
896.8325312442773,453.50442209932464,71.50110238794491,201.83332421666182
897.1811060824374,476.89250183376316,72.56189118088037,174.23196951275304
916.0867442813138,469.2306234464324,71.55190134913278,185.20066525332146
898.9256429174311,478.24809905172106,71.547555296165,170.20634338432683
900.8947683367952,486.35060192196136,70.4055957565655,168.23898256425252
889.0,477.0,101.0,161.0
897.5379105531381,471.81739730594677,71.66045319989712,180.5864412385447
898.4397571231759,473.6417360071073,71.70000905313975,182.74575475457004
899.8295291692939,455.6137298432981,69.95500777487962,195.92558105185367
901.5928823360778,464.0948539319015,69.58716399733066,193.7550147156678
930.850922858871,468.5318693472077,65.38331502607343,187.22196985087885
921.2742079596701,454.22093984353916,69.29871993729591,184.52743719091183
872.0,409.0,111.0,210.0
891.2359097107069,418.74140202195986,75.11890164193665,177.4077739596081
880.9691741583811,414.5852437978974,77.26187027481501,190.9594148907421
904.4243068643827,417.6458768768616,66.6049653931268,179.74825988864995
904.5850128351212,409.4560311344828,66.09061318928252,178.4681150828808
896.3157333626027,413.08633061817255,66.44732196516088,179.83782020647737
895.0087098482384,420.17265595690697,67.55659874899243,181.90237704230822
841.0,411.0,120.0,164.0
854.4666321395798,417.4189699942315,76.69182223362895,167.7497229756808
845.4626612287034,423.9518387916105,77.24106570946333,165.34473457664717
846.4428084437673,425.67553370258366,74.9353020425167,172.8788924186435
847.6971255726894,429.3988124097302,71.81955218533767,178.3815403421521
839.1103645374686,430.7560611120912,72.28065494251575,181.42635947938243
838.8092362957929,445.12960307152,73.18043454302688,174.2874445587404
807.0,452.0,110.0,187.0
817.0857363620817,469.58601999916027,74.76360110961923,182.61002174891837
816.0165512414387,480.73229052339923,76.01945394928407,190.82546708153905
807.4334989287639,494.2805753892552,76.59966649331648,177.61931073528297
806.5647416354032,476.6159204965523,78.39213275966495,183.25226891222457
807.3200183344388,488.343307711697,75.6709136881982,174.7915524000905
819.965035327331,516.7953008619049,67.76778186206866,192.04958324201084
779.0,528.0,105.0,145.0
794.2591412246538,527.1334709427313,77.27023842372432,168.8016107464057
796.2196375988528,506.36613807128776,74.22241977409044,188.45139470655738
795.5595345936581,517.2731549059806,74.10128960446195,182.7603837727571
789.2993569261425,524.0353647964573,72.73737603586619,176.98019800308066
788.83074261609,528.3070230829712,74.32065451313974,179.95552934377884
787.3816491439345,530.5127660006519,75.58863439227605,185.95642122165304
770.0,569.0,100.0,149.0
782.4042654984587,573.6924379132579,76.3265245941559,164.78477355153518
786.4844498290211,558.2920661219569,69.21823959892049,175.75285299855454
773.8094933692705,569.7873451526252,76.44559047905796,167.69555204162293
767.8500940149424,579.5171196138872,73.7994983846288,163.20381953956985
771.270369262663,565.6522126838454,67.9672663009352,167.50410012412658
762.557476893533,577.0829732188772,68.61952725103106,159.83772444683063
735.0,583.0,108.0,132.0
745.7960054947043,578.749334576969,74.40283385978682,157.3273417481778
755.7095048187423,567.9987335945261,69.96273467786887,160.19220471173412
737.2036278521937,573.7166381132574,74.33351567969976,156.04555031878226
747.1927066857377,563.7322375105796,69.08640999935926,162.62867009951913
727.7726610821974,572.2668711851693,74.82076768696334,153.86419979414313
727.2710669248918,579.8190556826994,74.8612932754404,156.1408510993674
707.0,580.0,105.0,136.0
714.1377119193558,578.9337113862803,76.10409200883623,152.84511060192563
716.50666506385,563.3304823310955,73.25753158583484,164.43608388316477
707.0207196666815,573.559207668854,75.7202660197072,156.47970637524895
706.5599069731979,571.9692723624619,75.97572267567557,168.01604434575324
707.9788686022464,562.6407679446011,73.57341459016243,166.56548557559427
696.5895239792771,574.2346259099877,77.45980969958055,158.2591614145449
678.0,576.0,101.0,141.0
683.337912729296,576.1388232228055,77.58360934086295,156.75604438706387
682.7903448259563,581.3658700599267,77.9496884892958,160.60501794113907
681.8427526357623,569.2050089600064,78.25433745711416,169.59826913976883
671.8762419330014,578.2710866797438,79.99496226324118,161.49734969323254
670.910416242481,563.8803906446346,80.18588775534113,177.56551359937134
661.3684603226138,578.2775182209807,81.60854508716147,161.48046404379602
640.0,578.0,113.0,140.0
657.7480117137284,578.7850369558985,80.25628243512347,162.24753863208116
650.3567300379418,579.9354841579116,78.73386722387568,169.6626487577837
649.8553435000092,568.2546708603506,80.26662175167121,175.06091461819437
642.0569207859676,579.7937919074639,79.83181949275149,167.6843632839923
644.4899049586206,587.8898592035684,76.9327281341134,167.31363304666502
634.7364882459592,574.2191730630802,79.27193149885716,171.11478069878672
609.0,587.0,126.0,132.0
634.0727139926,581.537495723891,78.58722904270678,167.5834122082797
632.822414142669,565.6982978303511,81.14511422962096,181.28528471364666
633.2114137270323,582.5286801242428,79.33625189894951,170.05608238514378
636.8607699729314,581.3435108250337,73.34545548962979,189.18995685941104
633.6409608515808,578.2224966488402,78.24056363709701,172.1203331711513
637.4828585804771,575.6064983780143,71.5834248825945,192.4312096539552
622.0,574.0,110.0,146.0
637.8781843392683,576.1911389533739,79.3686733641863,164.9620620140263
636.8604009704545,565.6450748694297,79.43067539118658,163.59343965096195
638.2556152765201,554.9327630039952,77.06263621726407,165.52798857400467
642.1463079787284,560.8380074798717,71.99821854011157,170.82389958589238
641.8273364866039,555.8316360014742,74.08257904238155,159.98675691850508
654.0907446075146,561.2723381706815,68.91686873348033,174.12902614185214
644.0,548.0,93.0,144.0
654.9518226366899,550.7722910196815,74.26571702329738,158.89042450085185
663.6358090773354,543.8014109051901,74.37359096386706,156.56602051849836
664.5259635913897,531.5905406660172,74.09702956798651,157.71614174843307
667.8523346346069,539.022889835655,69.22665424825868,162.89554067443305
676.6292840825133,531.4907540079271,69.07959364776775,159.93699383079183
697.2240680490238,544.0745916542555,62.68727478784945,163.95703193387908
656.0,516.0,107.0,153.0
674.504272112059,522.4818346863992,72.39598866726374,163.16873890273087
683.0303576691795,517.2896308481622,69.87105813850087,158.2412707792048
683.1469799708398,507.58291712331925,68.99640613411657,159.93666456560288
689.895456343701,504.38793656910207,69.26965521347074,156.56555864245615
691.2347612439481,496.0446524788365,67.15503962242735,159.2743937889261
692.4640592987246,508.1762342017787,64.86850540362639,152.27780254911227
685.0,486.0,99.0,167.0
699.7582103414315,498.5694451043877,72.55832340516827,166.44728901316194
706.6606266730541,497.52274412230577,73.59116577600889,161.78987112846255
714.7797292503674,490.8803282592078,71.3189907515607,164.7378504145961
715.8879687883992,484.38847336892354,70.04720694170544,169.7624789152526
724.5671625466073,478.9264443345255,70.08084363653188,173.59190549265804
732.9687113324121,475.2048259095361,66.37214433053168,172.1813392955264
720.0,459.0,84.0,164.0
727.2320055669707,465.6464406657072,74.32279038424485,163.96167868731953
735.4852705808248,459.33311043856224,72.58815005495603,168.5533756269374
736.9398024578334,453.2580516924421,71.47984595597904,167.45513867983243
744.7622794971414,448.7129721233407,71.65439522280474,169.70208964031735
751.991874464476,443.92884100216907,71.04730251329454,169.2819797367349
753.3411878430722,437.0648028972696,70.29727239502995,169.95561896171762
750.0,425.0,74.0,165.0
755.3889903546951,432.0313883031178,70.56018463653163,166.4604486704746
762.6250259425503,426.11155750663056,69.73117357333501,171.09133430195334
769.2706777856733,420.82669692617037,68.73175394329769,174.04620690382876
771.4196733922699,416.55636691134885,66.92577146334816,172.8911496363272
778.0901757771735,411.7560851035305,67.3883437776467,179.14549986300335
779.9693738372921,409.13752247428783,65.08202967147463,173.3786646068918
782.0,403.0,66.0,158.0
786.5440158280344,407.9616784964637,66.22983605822583,161.53292635585353
793.2778790406514,401.84287243395374,66.00649030362365,165.60568949859453
795.1499900284698,396.3303877398637,64.88847704548334,163.55186972725028
797.2209443557365,387.88109634367504,65.11442502265379,169.30523665266207
804.6937005419819,398.8745776528956,63.94042648600964,160.3860339345481
810.4443399549789,395.26319073284867,64.75267696826995,159.28824580806918
810.0,384.0,66.0,148.0
812.926800524833,390.12119377843436,66.1880900090814,151.50717684237117
821.4254051977041,383.5231618297862,62.72244681824054,158.5016132638326
822.0074395938041,378.86980974427934,63.374707555045916,157.53408894856818
830.3114014913331,388.322026649642,60.557044752498314,153.10434313863414
827.8747155903054,381.38393072582323,64.61067104836525,152.93039379304435
829.3420535682235,385.5518526875535,63.463669487011884,152.83754975839702
821.0,381.0,75.0,137.0
826.8528757434833,388.1418361302699,68.01556675358734,140.7425647609548
829.4279701983393,375.14172707946454,65.8435017394894,151.78247192974936
828.7068560572507,389.21998934744374,67.44018566969316,139.98513407955875
839.9720090778717,378.07903320806406,59.6273895789202,151.30443868865666
840.1877814159637,367.8470776602005,59.82354261937962,157.59211566288582
831.5498641989723,383.57284642998115,62.28807273116013,137.361697110078
831.0,387.0,71.0,130.0
835.6504652085507,393.4500511343481,61.998563908776305,138.11496334090748
829.0650451405834,380.24743564414746,60.426918258146316,148.66895380259086
822.5185486422438,394.5751398945247,59.90592049995894,133.31945436040132
821.2043688354368,394.4677335250626,60.681656440887195,142.73640035664812
815.4128138393088,386.68235505808957,58.330914699615505,141.77895112185524
810.2431648317884,392.33609428406737,55.974305609498515,137.31224135627997
785.0,391.0,78.0,117.0
786.2627110824051,390.7727319960013,65.05511593337542,131.17127136205136
781.5438505706609,390.36850740201544,62.17910135354214,137.55498969354767
773.3245366005563,389.3522685244089,62.73643908013548,146.73199987174752
767.1017531300749,377.8298318173297,63.67099887939548,142.31854745985675
762.5344492835833,381.0400333237249,58.572426452175705,146.03123754628342
746.0324120633315,389.5850996389099,64.3382635027449,139.94135401836195
740.0,407.0,66.0,100.0
731.9741492388631,393.344605964807,61.59614637156426,134.70365594666487
727.12748745723,395.7838740085649,57.122477937457234,139.50063222376002
712.6317693434181,405.9287223373731,58.391056113120044,161.90570078661722
703.091831547435,402.90711164996173,61.733248509483815,145.98765326813373
697.3101592186061,394.1829895572755,58.35501772268947,136.9126359558286
683.6835902647654,393.86579616114204,57.50894500967934,139.02420679838042
659.0,421.0,78.0,90.0
663.1704324179063,405.21253306695326,58.29071255639565,135.32595664357177
651.0519903264649,389.9523501902395,55.93942070221328,140.15265134408355
637.9177726544211,394.7977558637223,56.52499758103511,136.8814287310961
625.6166268579374,399.20451422045335,55.18107042858276,133.62920305141472
613.2076014282562,399.92418388437284,54.12708554152118,135.8197367752806
600.9148680540607,403.3738277874234,53.005246744094165,133.2623359931842
575.0,427.0,69.0,85.0
569.4544062300574,412.6776903146995,57.557336338193636,123.02717911761192
552.1537954636647,393.963423987635,51.82620404556394,126.68963517663542
539.3716346359661,399.9746126304053,52.45101903806244,125.28647724470852
525.732801807902,403.87451260612943,54.53253189389261,121.43034855246151
513.7120837116169,403.6221728641661,51.14775691637749,124.13606536436708
496.20734276620874,406.5558734753538,49.272844596479786,118.92309161730827
473.0,431.0,69.0,90.0
468.0577629848008,416.675102703427,55.88915987305518,121.33302317520975
451.9149898436684,417.0145737692899,53.472620846057566,120.17709560262699
438.4169500876062,419.998640049164,53.91347106532987,118.21156697750041
425.30035504501166,418.85843813054913,51.87483121633613,120.3407932853973
404.7611468168052,419.6986510132126,52.37132023000868,117.79872640331291
388.3234727662548,421.18710206720243,51.222286477142916,115.68778051914205
367.0,433.0,67.0,111.0
355.57142749955506,430.6846417865287,56.250602308109364,117.27082793166812
342.52173464996986,432.77754297181195,57.22603953203543,117.19094563219176
323.9437868885234,430.12953910948227,56.56318693847197,119.55838963657243
310.9979819002324,430.38357626647746,56.99391026378885,122.45574118350112
299.5788280348834,430.7276539691452,53.70911423985535,122.2621853906162
289.8012390217059,428.92744488971357,49.589448190358496,124.56582151917746
270.0,427.0,54.0,114.0
258.6425951096321,424.4918400883943,53.88615700628611,120.92166277449002
253.72406275830934,424.0345075608444,52.443709276225206,122.17517445680812
249.75095149223233,416.14962013800687,49.31469626755819,126.67704803391644
245.067472671373,415.8960664482672,48.26250876309123,129.89041450772277
241.0426829934894,411.9402085536692,47.46992761635556,121.52372542490866
235.67260923237518,405.0036999959525,47.54873018345734,120.79751439455538
229.0,402.0,63.0,115.0
235.91064953344033,402.4802310843513,51.72636793201906,124.91623881362239
229.5753797374606,398.3061603252056,52.6002933880045,115.87785310390802
229.27209748405608,398.23459082781403,52.29709302417535,121.40574111007152
228.6503371679379,394.3180928161994,52.26347109888593,115.3393481371204
225.53673004929078,383.06963988633515,46.74711202448634,118.80947911666283
221.76832854940858,393.24650828385757,43.9237165073655,109.61753514308407
207.0,392.0,72.0,87.0
214.48140280766341,385.40986772874646,48.73129786694909,111.63366529191012
209.87923956315643,389.09420573999455,48.666325214057736,111.33773819130965
208.95193533082482,396.375635601456,50.00089638562241,110.52654832208214
211.40718834400542,390.0238609932592,45.828621025811174,109.15549754044366
209.80969553554678,397.4463799444575,48.77732030818743,108.12750772417303
206.6911019917752,388.27533777325334,44.99949517543473,112.78918810597264
195.0,409.0,62.0,84.0
197.63454659939998,405.64383481656614,48.24346063095891,103.30218213862986
196.35270082088277,412.85948182979064,49.44782909009808,101.93920761114805
196.8977501248346,419.07144446683265,46.93238802480715,102.35732432304872
197.62003994321273,424.56657510390687,44.001498193336914,103.46493561152784
197.85142335945443,431.13488137286936,42.445829543966966,105.5051030499094
197.24670927389957,437.56011428334875,41.71689148864374,106.54874448024623
193.0,441.0,53.0,96.0
197.5277343636361,449.8374993395182,46.53834423650744,96.69062641529354
198.71696195396913,455.44655095968665,46.24796097052996,101.93531439108347
200.09289027677187,458.953917427601,45.55373522766058,104.78389444638537
203.53238589246058,455.23366064402717,41.516607115518326,98.89101960064863
206.253431692371,463.68270752446506,46.155915453397284,99.81191340279338
208.2999342046051,458.0696880107557,43.35066578892295,98.79068981351998
207.0,467.0,55.0,82.0
212.74177130960356,469.2033813260932,47.18594459272083,96.68200536498603
218.91627100450387,474.2577169894397,43.64308662602332,101.38549675249067
219.86934772920546,471.0645436246841,44.03495709050753,98.55395931135035
225.38049455339518,475.24219840384643,42.5605905875812,103.80152455869239
225.05570899003462,473.43642429196234,44.74461718617866,98.17312352185888
231.27150866630464,477.58341047998226,42.822972454903805,103.13432060227763
231.0,476.0,56.0,81.0
237.44721663173289,478.1564929691667,45.98328209021821,94.78815587543068
237.83857656448066,480.51278124353723,44.92370378011668,98.97431059113126
238.3965777234481,481.2046576485108,45.066660185409205,103.09703887273412
240.3754765840366,478.2226713482273,44.11137967228811,99.70946012598347
241.8654102793227,480.3773145060412,43.5799820890025,105.903058121649
243.02740384481,482.0611469560672,44.15230674781753,110.86702267225587
243.0,479.0,56.0,78.0
247.86964963628097,476.8465835569368,42.23598443776828,98.68085249017167
252.67392890174062,482.87794990051117,43.25736634746636,101.7711638690676
252.78653881174614,479.7163767208017,43.278017199861836,99.62396301118304
260.55932889618646,484.73922026624507,39.88261019515005,105.26475347928726
265.1502579268963,485.76617123125163,40.66375520422798,96.5783366558129
269.71600208289914,485.7997919229107,40.62851043331847,107.87332268236753
262.0,485.0,50.0,74.0
268.1224841213393,483.62917583941635,43.82258108069664,94.87770661353625
274.4969586085843,487.2498603433405,41.304974289587335,99.46842311781359
278.28015059750487,485.80334367513,43.05131016215569,94.04244044930363
284.0068024824864,478.3976334977944,41.374150321872264,99.1499330401951
288.25737844012974,487.38920384452695,42.26962859963487,95.9389039103371
291.9887470819747,484.5183202097105,43.27193113037208,94.14230775148826
294.0,479.0,46.0,69.0
301.06055071805486,463.00050983434176,37.99089719909034,95.50094552061137
305.2474715046618,473.2510141431047,40.03515615448862,89.8809258205822
311.90845401269553,469.94178120902234,37.8733434983954,87.9545329869593
317.47094430638606,465.832349070329,37.194811919176914,91.7813859978894
321.00088228995173,475.96839000952946,38.638023443877955,88.6197736112706
322.7587218361476,470.57512297561334,36.211936529048046,87.61647309285763
329.0,477.0,38.0,72.0
334.4482734100884,479.4589828564194,36.957683436512525,84.60700839245987
338.92939595246094,474.9428635190527,35.20925182148608,87.58213683582323
343.42343270870674,480.58432735857264,34.04731182762475,86.979392979458
347.000561546537,479.5824751474414,34.25762318609759,84.09637490197281
348.68813129839896,475.7002394387612,33.42895188899814,82.45953505941691
354.69528627881664,477.306681186822,31.634633872379027,89.31128277794807
358.0,474.0,35.0,75.0
361.90454322202766,476.8014490556091,34.05009180837345,80.8318906557368
364.60037999905967,472.49560009433173,31.545720922266696,83.06971086356123
368.1936841548843,478.78826980439953,33.84442767173016,80.71676573376863
372.6857646556955,477.08837150143097,32.62574590253598,77.38374298076167
376.1057047094771,479.06980219259503,33.6674951599764,83.27069261719316
377.7534439470328,476.0229932646189,32.598951598920394,77.16699631836718
383.0,474.0,33.0,70.0
386.4203024024623,476.19998193027675,31.70763991459785,77.44805038321408
390.4867055445343,474.36630677682206,32.06865891258656,77.75186965945045
393.82832654457775,473.10975446474276,32.28077300506601,77.34122927030648
397.26894427965,471.84714793420244,32.08492772158934,77.15502653052226
401.0850096436088,470.9149191589688,31.4279819239988,77.33335052158418
404.3166084402585,470.23131739580003,31.59877146056141,77.00899407216161
408.0,474.0,32.0,67.0
410.7256180034147,476.55469903365724,32.46331019143349,72.18657850404907
415.7556595494879,473.0119537557217,29.88593258753059,74.1707306285474
419.6933226578708,478.1721933559148,30.460680945053014,74.21884498618454
423.08590485971945,478.3496385747874,31.296489658747305,67.76377384344073
428.68438218801566,473.5148600872059,28.724233604485335,71.54258268949104
432.67217561173965,478.18173674797436,29.638396117038724,72.00564560585008
437.0,472.0,33.0,62.0
440.64112549037657,474.59485223309446,30.816934632116386,68.24419464817026
445.81131436891957,470.78290294010367,30.11568622271642,70.85200430732368
452.2069689544858,476.8476578671764,31.654638964040714,71.91708105557404
455.3855455102587,476.67487531729125,32.42953052298742,66.57603673224378
459.77114450304543,474.4201865775384,31.952403161087204,76.55895772509791
463.46126728856507,476.12449299550485,32.590238120713366,67.58565293454024
465.0,471.0,34.0,62.0
471.06405746393034,474.9272266801918,31.9332503969174,69.2190680369713
476.1507686492075,473.14225514871714,31.073269930381457,67.91057751489382
480.99504375932656,470.4225185184623,29.344173662376534,68.22482700442197
485.64105304661166,468.35813171304926,28.416669294086773,68.91516274830133
488.18795614883015,472.7090429368043,31.11929610888069,69.75698367581356
495.39908134470375,473.2254421953544,29.25014966777644,66.21847291791232
498.0,468.0,29.0,61.0
502.1694030429136,470.8632797513218,28.49504328112971,66.33797956826777
507.5204926680475,468.1741323939458,26.63099489056492,67.93484150078905
512.2724239011432,466.726539046644,25.893823963988098,68.35866010986922
517.3002264687821,472.3775615881741,27.86261427262548,66.56503563182468
522.5688131027387,471.2830316912158,25.623374935109723,64.31393651609267
528.3298190224828,470.6273948528509,26.516947631653238,65.56878370026584
533.0,468.0,26.0,64.0
537.9547132236937,472.6602666905411,25.945217080862903,65.02294022478509
545.2990514374088,472.97277471971574,24.556406833169262,65.90342064565448
549.8471799519684,472.7966843012632,24.814186625762886,64.65811074092039
555.7211564291451,473.5363756022616,25.219972458910433,65.23959407766961
560.6692404744063,473.44861500522256,24.543514655332274,63.75479702686789
567.0953669062849,474.3491474303428,24.068411320613677,62.681657456735365
575.0,469.0,23.0,57.0
580.3563527645051,473.4080839793143,22.80981877844897,59.94345706268717
584.3995668831737,472.87809754185287,22.941024634805444,56.748034210640185
591.076622395506,475.7151429660121,21.944271054259957,59.47552859437951
595.0550507586058,475.74609171590714,22.14665242769422,54.79371497541183
602.3667211399147,475.32218567453674,20.697545278434518,55.01826772825734
609.2116445373031,479.0593429601072,19.80214414598595,55.675490086390255
611.0,475.0,21.0,58.0
615.4986710649878,480.23176193759735,22.025077740517418,56.82961124935724
620.1124446886179,481.74248795588676,22.591145466899434,55.74984828841127
626.2612841447683,480.68001801596967,22.819261177048247,57.44036840042287
630.6677551559228,480.28233879474385,22.238959139919416,55.560343429084014
635.3655642983504,480.7025164259953,23.38726746616885,55.73977515651404
639.3505054880301,479.64229793923437,22.444385866972993,53.64911664772251
646.0,475.0,23.0,45.0
651.5395364985675,476.5863508737732,22.6254965098276,51.658022714935896
654.9072612467029,473.7003351618499,22.24814450732572,50.96795225008316
658.4704314931626,471.2479368024208,21.41506227229138,51.624659264442585
662.417039430278,468.8474663260772,20.156546289413768,51.777362327553874
665.218091917472,473.4560027633222,21.04498098105978,49.63780466968524
668.5157288822796,470.3232867602946,20.673925879820786,49.12001207782993
672.0,472.0,24.0,38.0
674.7849880139668,464.9842074385616,20.73322055730307,48.98923796245447
676.2924516196688,460.4794689213313,19.293532389309348,51.92169132079562
678.6584475117415,465.36837567111724,20.23132230516603,48.04214378874809
681.5278820765931,461.34317627244013,19.605334493047735,50.34317545695416
683.0466282863435,464.96689328281906,17.70659162351876,47.32761895374978
685.0477585639419,461.04429230040625,18.899373010153795,49.896596288171054
685.0,471.0,23.0,34.0
687.8399284798111,470.37704099765165,20.721934957383837,44.528752047296734
689.4694261103224,467.0947394085051,18.66900983718267,44.327502889718744
690.2060501704138,465.08471305837156,18.1588494295969,44.68339344274227
691.0568963816609,468.25493037671106,17.825210347814163,43.879354900929
691.5240456456183,471.63435770233764,18.409822583086452,42.42307855589729
692.133987070066,467.9373964536711,17.75828933531443,45.51258266633624
690.0,473.0,22.0,40.0
691.6390139402615,473.13916226124206,18.92201156319379,44.54329474688939
690.3158558635805,470.0808113722986,18.15660628832245,46.161317117227895
690.1581685974597,474.1730665083995,18.481069553991574,43.880757014779476
688.6709330711394,471.27005296399943,18.337225315164005,44.744605647973
687.5283207960638,474.03424202372764,18.136847363482048,42.69233402198495
687.7248025043937,475.94834766216763,18.06863520896127,43.647249355799545
687.0,476.0,17.0,48.0
686.4846106779296,478.3666872800395,17.05708228307776,48.28459523290758
685.3650232915741,479.50347672761006,16.454836038912504,47.24574444810196
684.3122076692716,481.4441732374739,15.41890365564359,45.56685996027653
682.911011478609,482.7288058409123,15.43283450733179,44.854523942296964
681.4499216445595,482.5276218575664,15.722600791310697,41.03187907177016
680.4558916595743,483.2661935091945,14.985582069266457,43.377839733461315
680.0,479.0,15.0,45.0
678.8169269047471,480.4569547406113,15.560438060856086,44.442572145803524
677.8259748778855,481.3691262671824,15.492040615018254,44.05407846339892
677.5984994759673,482.5080250285396,15.72971621004001,43.1908712298565
676.8357700751171,482.135377925076,14.904088388767946,41.721791829756285
676.8106382853177,482.81774907523777,15.162245467098728,43.00539023761121
675.8288348805022,483.6392927590422,14.227322966009297,42.592295469474834
675.0,481.0,15.0,50.0
674.0340352922431,486.43651450386824,15.806169264110395,45.52054625516212
672.9028315137052,484.62659657205586,15.458348964061997,43.40252348435456
672.5836335720592,485.7484166964689,15.694735511785893,46.06981993187537
671.5671243811341,487.7283959658889,15.160054705937569,44.34943997360733
670.204373984885,489.4575565867806,16.089617374512727,43.01654649966633
670.3269868633388,486.1966759689285,15.86310771246417,44.18091338776787
669.0,483.0,15.0,47.0
668.2006491233205,486.4702382599969,15.732415245186075,44.90334243397888
667.0551690456905,488.6526537052529,15.451216452703193,42.95182350845096
666.9199434216043,486.2526800650661,15.615109926551668,44.07250980411777
665.8775604019218,487.85990070130697,15.666731937520126,43.3181682203915
665.5501552841104,486.379315461912,15.765515886128242,43.30226596843005
664.5901455875692,487.2616398539027,15.837402936007834,44.82651244159035
664.0,483.0,15.0,51.0
