747.0,457.0,11.0,37.0
748.0750847626477,459.59682341187727,11.47163815703243,37.281297820736654
748.698406035598,459.30232802255125,11.461272186448127,36.95532278815506
748.9500605282672,459.23736210071866,11.83281097814131,37.66929026751518
748.9333106544432,459.44242289964177,11.8413939680579,37.93128842172575
747.5675676602832,458.2565713845297,12.141791560062074,37.980653070525136
746.1882449453233,459.17927298893596,12.160522992575693,37.96401319264669
743.0,459.0,12.0,35.0
740.6220338585749,458.82745889611533,11.92200986645173,36.82622999834075
737.2325584670807,459.22454786126605,11.987284683597181,36.05102118788977
733.0037358750287,460.0953372594704,11.434193299079197,36.385412329997166
728.5731458884547,461.28152919477327,11.367579461348214,35.518923338881564
724.1537264299222,461.70071003806925,11.305746259913121,35.490144495611275
719.7838316736206,462.9648233812454,11.236507735140094,36.583016491102626
712.0,460.0,14.0,37.0
711.7021258988691,478.01190662289355,10.234019856147825,36.13056330979032
707.4906069653736,479.66640408996886,10.799231679624086,35.77741012353431
703.3322436424016,481.6421520109434,11.113428685925896,34.645969154578324
704.253401599949,489.6025982665519,10.31187480304834,33.2621885780884
703.5390208579192,492.25757402048066,9.868661167611208,31.8183442167483
706.43496348264,491.57114565686254,10.262322035439297,32.83888387150512
673.0,465.0,22.0,33.0
676.9107506782814,462.49434533590806,10.534438730061652,34.52318320786219
681.2922738599484,470.4960998504398,10.459584645074983,34.69276069538273
685.6413466905286,471.3734466073022,10.385524142804684,33.467156863565606
686.0546834062574,472.57129632935175,10.413138963828828,35.173024878135266
685.21306644945,474.7515444323055,10.369972925024172,33.75969648673987
689.6976470917637,482.37762273330793,10.119914758021878,35.468630723059505
632.0,466.0,19.0,37.0
634.6342283711699,474.45508566927856,10.986610415323412,33.502437585996404
633.0269347170697,488.4247544968812,9.971370429874924,33.94574846943556
632.036108138843,490.4746630520717,10.033859094922718,33.8544324051918
628.7095724646092,490.68294985685407,9.976300818935897,34.11260122092119
625.4948369144987,491.46849433914895,9.799741442098252,33.83479932343289
622.0101734150912,492.21327389532416,10.022177947544833,33.38937622227172
598.0,467.0,16.0,37.0
599.1954615258696,469.6382686329998,10.751619184968604,35.080114147969425
595.9823892893155,470.0446577957643,10.85319562209338,34.4629444678709
592.8389592408057,469.52651205902964,10.628742125045392,35.332055169460205
588.6921463975013,468.69406235184147,11.921119776525302,36.687232793047315
586.7883321937388,470.3098443879311,11.415429448305076,37.596767526781036
583.9263966776962,470.8343020172242,12.519468761947792,37.6790562871563
581.0,472.0,14.0,36.0
580.9100927140898,472.4203915658245,12.813137221928628,37.87349482384434
579.8201033519026,473.7354897588457,13.01919556943767,37.67890047146966
579.1611447713392,473.3117462429393,12.73035239615524,38.95410843370132
579.1821208563342,474.11067143906166,13.254552525744657,39.403236966668146
579.6631718997819,474.09822887728546,13.357102629973724,40.750038617582504
579.9250014847271,473.87863396207183,13.738199108659046,39.83979101252828
581.0,473.0,14.0,37.0
583.2751335251423,475.0622489394912,13.830515511244357,39.042889570701334
585.1031161547048,476.2801520054677,14.19813295471613,39.84244870928478
587.413859982019,475.4554633829671,13.822660929324456,39.89923060151659
590.649710576181,477.62237727262993,14.117004934657416,40.85673027969449
592.5656300305536,477.35823330014,14.500425443825407,39.07360984098841
596.1348722444382,476.74362138943934,14.242100171397396,41.11902145340355
598.0,476.0,15.0,38.0
601.0897574991391,477.4886612762443,14.39876985701676,41.53072934674668
603.8460484961106,476.67544201020735,13.773650141229155,42.54009388780082
607.0936643481791,479.16650924794226,14.012033932323448,42.877630905800515
610.4029022856121,478.95901398423075,14.242688166213156,42.579685328922324
612.7573884450385,478.0970473953108,14.309400912549336,42.28547597638851
616.2281127657752,478.0290160312221,13.689601437365582,43.933105507481514
619.0,477.0,15.0,39.0
622.5188524160221,480.1198310715992,14.185269344077255,40.98107508817037
625.8556364679152,480.08340228780594,13.98189416270668,41.59362381039887
628.4248936705535,479.4825275928706,13.485660171300424,40.81191772884267
631.4454547208152,482.56703681456713,14.157725756690525,41.2833906695854
633.8225755510164,482.1925302892678,13.950994652700729,39.296593212303264
637.0473660075686,483.18787023074697,14.293869270131268,43.16777089493712
641.0,480.0,16.0,40.0
643.9755493825442,482.03454248512276,14.782417985773236,41.52150072062
647.506416527578,484.62051371015747,14.566454914988753,42.2789025197921
649.3240953965601,484.15939817964295,14.797308946167504,41.509675741151796
651.6890681398672,483.03411210278864,14.28330937531041,41.84419192748999
656.6513790038152,487.541331475638,14.546061045305237,41.48927515969706
658.4523298207473,486.81257348309373,14.681447720847132,39.87744267411881
659.0,483.0,19.0,42.0
663.030337185779,485.86921079296314,15.280006558590685,42.789243940942924
664.994929828747,484.5951396389685,15.339850093573887,44.653399621954804
668.6487354226792,488.25104587902626,15.18158534910458,43.91243904666055
668.8699961153043,486.1699870936068,15.321936431055065,43.463773306466464
669.0800030059445,487.8122091577022,15.179157961045576,43.83390458770123
665.8252710581146,484.0668175244465,15.666507787344017,43.22520611582911
662.0,487.0,22.0,42.0
661.8999123683056,487.49668684439985,15.376093778171708,43.10183087678115
656.7222788630024,487.7454687779018,15.834905427480408,43.012466957037645
651.7083397434244,488.29448383563386,15.983411518975345,42.23846675507389
646.6609598628834,488.9483341095578,15.93921403633999,42.13625335079712
641.7904113920149,489.4260908695869,15.18663717678271,42.43605729600881
646.3969463845278,510.1331580630532,13.9564704702766,45.23800116900645
621.0,490.0,24.0,39.0
622.6555217347181,488.08140623766,14.551615355793388,46.70059857828306
625.4619726076207,505.23312303313526,13.39164255997457,44.833410449423695
620.19076593128,506.08754607203036,13.880981933172848,43.62464911541292
615.0429784657849,512.4810651163003,14.495381122260142,43.409757165668
610.356067229944,513.9230026008111,14.12469225257098,41.66469337151909
610.92072777672,531.699289147735,13.816340573648745,46.1506740552162
569.0,497.0,34.0,38.0
580.9488001649765,510.2998517083854,14.630313237379369,43.23205497768129
585.5212489141687,514.268717475293,13.26565959565687,44.61325313943166
582.7362229651428,509.25066956908387,13.081295806921275,44.84002711366628
581.7849925010842,511.3332977948637,12.775952195165019,45.6594119580418
581.7093403276506,514.3621966036537,13.604635416339192,44.98609667846051
578.9496387634409,510.14316119396926,13.111462721244038,45.67234297438688
519.0,503.0,27.0,40.0
522.4223653650752,503.8286551031754,14.447722851327626,42.51094449910511
517.4484061732128,504.6376850663921,14.741546956411185,42.776692079212125
512.3806739655797,505.40353215968184,15.410669845115308,42.74043449559531
507.532220142431,505.81834369748424,15.717541160809105,42.49246253789181
502.73542929496284,506.65170817906335,15.74983223618824,43.66648325407334
499.52466288787764,508.8634633073441,15.901454090329935,43.51494196537635
490.0,509.0,28.0,43.0
492.5193004694613,510.07665341763783,15.809772720128194,43.31129384546631
489.2539431437481,510.30853985996794,16.05023911947137,46.062447016954025
485.94236420044535,511.28855867997856,16.182762205468862,46.40888598661843
482.5324459915864,512.3910443822662,16.46052231514477,45.04309592036236
479.1948662180696,512.4832051249823,16.588296377645975,45.774967720711174
475.78113768055846,512.777254771393,16.76266266444054,46.83546428512409
466.0,513.0,32.0,47.0
469.59759489032376,513.7678392292895,16.76627524634341,49.96709930140457
466.25306850632614,515.1012919576934,16.749102367344904,50.34239081421754
462.68025148847914,515.8887437067402,17.009528399641113,50.96670718307155
458.96203652911845,516.1802692217981,17.293636632917355,52.1340102721166
453.19924188571895,511.60585412257865,17.493263880438462,50.227534286082914
449.8699236052819,516.7259094862261,17.222379013379737,55.87486227227373
436.0,519.0,28.0,45.0
436.997552708139,518.4833328563193,18.63299379806449,49.892137410768555
433.16626182691016,520.797364381822,18.967795797526378,48.24762175125716
427.3962363111143,519.3477683888609,19.03308217540166,50.872752070135675
421.392049677469,519.4205954271099,19.400403955330603,51.225668941476215
415.51891560088757,519.5814974205264,18.99546052244409,51.316579531521256
411.3680038604916,521.1324661685189,19.33809833611349,52.75813832258871
406.0,523.0,23.0,47.0
403.3123180665061,522.6952414914717,19.831689584249034,51.35768577848694
397.24260968560907,523.6581485684592,19.909174701731672,50.67707844789129
393.46271690540016,525.3139943111787,19.83148770639673,50.56881810387813
390.2722309943515,526.0748887698091,19.05460843307833,51.227094910859705
386.84182147993124,526.7070952147515,18.56230937725195,53.037912405561656
384.5323429290247,527.7642729786976,19.735601037024708,54.68380781849305
380.0,530.0,27.0,50.0
380.68428385872494,529.8992349775826,20.319435911629625,53.42697293882793
378.7449137818485,531.868623618062,20.555402616347237,52.749387142492196
379.34619245565864,533.7376637142372,20.19431338704453,53.84408013200505
379.9749177239469,533.9473129436785,18.954976175566685,57.55621042115786
377.25271102094166,534.486030158309,20.692741705437356,57.482688341655376
377.541864418105,536.2026041694653,20.90517033702713,58.125842650112645
376.0,536.0,27.0,53.0
379.0121297601693,537.2731021164009,19.951887622695722,57.48128478761623
381.44635672712,540.9251916480464,20.332883987219248,58.351519382769084
383.79665207386563,536.4374934183652,16.94846058423525,58.2023737943382
387.03419501484586,543.8267545873696,20.266079730976116,54.23075793118005
390.3993861064737,540.8788702094357,18.82893253334828,56.82535906546741
393.58661495381193,538.9590389782143,17.397568560462105,58.44362072883655
396.0,538.0,25.0,55.0
402.56256283931907,540.6694969081336,20.355818809249513,58.05286023209828
405.4605966517215,540.4987582999966,19.882627454575186,56.10740482647202
410.0145213714611,539.3398222800506,19.936470615558846,59.056823674161706
412.9605836222479,539.1396608725045,19.848452274099827,57.32060346191588
417.1850857854424,540.140338374099,21.12530362637085,60.53506793336055
421.9935526965437,541.2401140221555,21.25587024832612,56.79716415905909
423.0,538.0,24.0,52.0
427.1210910689981,539.8347368910571,20.655413567844562,57.15668717317942
430.1479738829148,536.1865795314839,19.84032603827177,60.36312512931511
434.14793284397433,543.1360809799744,21.510608535382175,56.68064590160793
437.44592863437094,541.8118453332463,20.94870193026634,55.25999776321896
440.46385867672507,538.2549944927405,19.558203743881677,58.197122204835864
443.4412505535498,536.1806936083872,18.418054525338903,58.50595470628946
441.0,539.0,27.0,53.0
446.4963241035614,539.9768505412391,20.849677557013365,57.97528939807023
447.80152561103256,537.130505072947,19.33419259430974,59.12863898373121
449.86512206173325,541.4926803034914,20.43938168264458,57.56522260231259
452.58418130672703,539.2488153236677,19.94255083269843,59.55037063948794
454.2066140928732,536.5990190365826,17.74854376658459,60.64309595481427
456.64465658434347,541.6568730182657,17.764564535125487,58.24248289619709
458.0,540.0,28.0,53.0
464.33926725929723,541.3237554019266,20.219860158063057,57.31866427502325
466.95676272539106,538.883303431576,19.66291513079142,60.62935970724482
469.10493499239465,541.9879015280508,20.814461446469295,59.31021145099521
472.43728960652595,541.0281716816644,19.84529447769512,57.42912208499547
477.24178190377813,539.8963378047974,20.323606109326647,58.356261992926875
482.3846736676587,539.463915819415,19.357606879379375,56.94056901526346
483.0,535.0,30.0,50.0
490.264018071225,529.7639973327573,19.718034222065512,57.79249203964389
494.98261818473827,528.6142324634998,19.839347094778873,59.47729532417031
502.1790833779228,529.19031962131,19.87242729502111,56.8970588725781
506.9511075822621,526.1039424012761,20.460676531647664,58.184503327532184
512.2129899106617,525.2098312668309,19.568848801474815,57.213483941669665
517.2613458982987,523.7917368760209,19.251868745911793,57.53847805437181
522.0,525.0,26.0,48.0
529.5626992132184,521.1952847080456,19.549073661091484,60.169542008861754
534.6330852944371,521.7127442718613,19.015963054383747,61.86277029869143
539.1695530908637,522.9326315070198,20.091788035830177,59.51859979566052
543.7847849099753,522.8665633631385,20.26720413254293,59.760218540756796
548.6270054627225,522.7670513639989,19.894912924960636,58.31700662015703
554.561046068234,522.7204980196248,18.90446843961513,56.86354554723039
559.0,519.0,27.0,49.0
564.6827509846823,513.5099258519804,19.60882522426914,58.35366899912333
569.4478232123679,512.5109903757696,19.28920880151577,59.65459680080312
573.9528601817196,512.4704526901602,19.959367443607334,57.71746890058432
579.5397879193831,509.92721382607374,18.471803894136656,57.657112929803134
583.652308106266,506.8873034567856,19.632726059618562,60.34232707384456
586.6213075522242,504.0054837052113,19.276838441400287,60.66444201640752
588.0,506.0,28.0,51.0
594.3502026802889,506.41621359802406,19.919959968928197,58.06799528507662
598.7001013112695,507.21008207045793,20.822099131818504,54.699319665904795
603.3257641612872,506.4460901573193,20.885891571538195,54.18812990365268
606.0832363069585,503.7805158682954,20.753297902900158,55.72469616194553
610.8107015129622,507.1060675682687,20.952807158076666,59.12585645413196
613.8573301799206,506.5006318029791,20.610854681669025,54.413937355673625
617.0,504.0,25.0,46.0
623.4418193912716,506.0473766242594,20.979355399409542,55.68944204430818
625.9732282623522,503.7598828827022,20.760670779839074,55.5032202458824
628.5613049634267,501.12663670240977,20.28919844371444,56.479874595556
631.7329420935916,498.84728052128594,19.564311791743876,57.546135372002254
636.2946522803538,498.2076023648557,19.762962522527005,58.05429933668552
638.6756233158935,483.49400746771425,20.26511984489389,66.0659168405
643.0,497.0,27.0,45.0
648.3537159659472,496.21141797478776,21.310870644327224,56.46990986628225
651.0789047136277,494.07692083791926,20.462936450920097,57.33293071091339
655.6237247270728,492.38024167971844,20.612306371134764,59.214949998629436
657.9469562368031,490.53174819319247,20.76236902474625,59.51385288808069
660.6647393532235,492.8930319576132,16.719206561357396,60.22719225055539
665.6502594857975,493.2162978602853,21.09725430664639,59.03004373770159
664.0,490.0,26.0,42.0
669.4918346853663,489.20834355703755,19.260379112463852,56.35694500744421
671.9895791346676,486.5667091962605,19.274221031123716,57.14188088684023
674.779103382598,482.2529218345992,19.14650724101955,58.18619011500061
677.4997841374329,478.2106841970491,18.83544842026481,62.78589876023068
680.2327335864817,478.98213045432965,18.8067337592895,59.633062931520385
684.0123276030117,482.4387191699823,17.814243612440805,59.74408625812771
684.0,483.0,28.0,38.0
690.1979726361069,482.9081148938308,16.10964513556405,59.56955346073113
691.0600673161043,472.8444216325175,19.386400124900092,57.43496754099141
687.9441923866923,449.81549274805184,17.98957216373435,59.849201392938994
696.2704058452537,483.3151594296751,16.16846722789569,55.3841297988788
699.1667302658495,481.2355224003743,16.368883181380625,55.80141904248444
702.069514364568,481.2013534641858,15.502334303545013,53.924885476053646
701.0,476.0,26.0,38.0
706.0602078985719,474.6484349946329,16.351155541319713,51.245076782885235
707.5732057571763,462.22948214312294,18.006295458552586,56.571841084663674
709.5261651398309,474.5445967372171,15.30022385720713,52.69896147633625
711.7041666045388,474.2322889844704,15.89695189040367,49.91859643633279
713.0628655781275,462.09349308370486,17.894263978027084,55.312149260824754
715.1866713523664,473.9342247802699,14.8621054127143,51.200050729044165
716.0,472.0,23.0,42.0
720.0159048149585,471.7460417591912,16.183289451419114,50.88849371184307
721.7848997960318,467.8970658835216,16.87435411531169,52.76437767965456
723.7861687519285,474.3248200642124,17.724834388680847,47.71289842996521
724.4830779080855,469.50624647018617,16.93302909134627,52.12453138929959
728.5399139750416,476.0416494201884,17.592510684382432,48.65943302739879
729.3543030620947,472.8252004508397,16.83174425512118,50.08081616957929
730.0,474.0,22.0,45.0
734.1428237281898,476.2784538341492,17.628840041291596,49.773341698436866
735.5968560428871,473.84554276323706,16.009605848764068,50.653338039885625
739.0352044703741,479.07722788210094,17.799077027065323,48.54043610238068
741.1903111746924,478.16769823884965,17.403749353528497,47.065514804631675
742.3480240792387,474.84839324912355,16.003132025838113,50.193187348362926
744.4368328448882,477.48622402451986,16.481320489006748,49.83334453163059
746.0,475.0,22.0,45.0
750.0023043118165,476.69122819316914,17.19966029491843,49.672097345346344
751.8102171110368,475.72414407526514,18.05177147215727,49.377303345928
754.0057967614848,474.31540132214377,17.77604982017067,50.332141024662405
755.9678690251658,477.4664514668625,18.375612815606928,49.86658499024452
757.1767429027166,474.7767621199911,17.31418816109567,50.18870710220381
759.1143673213182,472.9248766164692,17.945239908994154,52.88589642491172
757.0,477.0,22.0,45.0
758.7849639891283,478.2798546644714,19.02804233495044,50.19713400161663
757.1666174728821,474.03195635814836,18.061135919002027,52.27391169167686
753.3520429467771,477.2833828057637,18.67917409124675,48.342154929293656
747.9118563326679,476.1550951411473,18.395652136393892,51.00776900020492
742.0705044455099,470.1644572315961,17.66087944732999,52.63747894674498
735.7211239909157,472.51464434704167,18.146904402016844,49.04398714695026
727.0,477.0,22.0,42.0
725.91423852875,474.48767523025094,15.559553354556101,51.79520998896237
729.9808375879189,456.7169463021109,16.36555860812416,55.7996414249115
728.2753136391148,439.9091958770897,16.679472979949423,53.46481090144124
732.8489977003114,445.44665215889563,16.58371339758162,52.119006530551815
735.3352397010083,441.7570844255408,16.444244264438794,54.63924476958624
731.9606646345316,443.9424785186735,15.925606462025485,51.64509615983741
698.0,482.0,33.0,33.0
703.6392150649071,480.07764894751244,15.350881699259844,54.503514198864536
703.4306702145923,479.425072825863,16.59866585634518,51.30923229873588
705.8607678731546,475.0883977189067,16.427727137176248,52.64656461567262
700.6861112693706,469.38251091568236,15.812905053238069,52.797485630016126
705.0612515754403,475.08629665381227,16.17796525964843,52.648375963218086
699.6619234778856,475.74490208820083,15.638493946329618,51.34019106987995
692.0,472.0,29.0,37.0
705.0731947519869,473.97569011728615,16.126223576571988,58.959130224103546
705.0402542925331,473.1408419116924,17.237239533869797,53.33799937829872
712.3768499502601,475.343477462025,15.751472138020517,58.72468465567158
706.7875663011449,470.32556982669075,15.746597123717493,56.62053110417423
704.8674608463216,473.2888944890683,16.352110725155626,54.3418851147502
703.2293148252916,471.7421609951871,16.302386760965533,60.12774452447616
693.0,474.0,28.0,38.0
694.399030822138,470.58992815923534,16.197214926063907,50.58688372420761
688.5305905040957,472.4173643762881,16.367248775572534,47.79287696363326
695.5817690576869,476.6328171987742,15.658141588730814,52.47231773407441
689.5518202789672,470.2970967844654,16.371975703600242,51.68150394264279
684.3721963954662,470.3533229327494,15.662355624078032,50.48217273201851
689.1290913076118,474.44445265645834,14.994870148530026,52.10434794160426
684.0,476.0,28.0,38.0
694.8973507271935,478.1945172329315,15.194259815952137,45.547495507214535
689.4453128411209,472.83456404058757,15.157370902956927,45.71715527099218
695.7258510009153,479.87789743589633,14.600355809801158,43.912403080733384
701.5116276506287,480.0693648374627,15.029448672589751,43.437688806227584
707.7454666047263,480.21689741959244,14.66516631188938,43.658310511415834
711.7624727678318,480.3338275120245,14.73820933711579,41.60731830330815
675.0,478.0,28.0,38.0
689.7286682236538,482.94829122891224,14.074554563093216,42.19830011600288
688.292030889656,480.21527084255285,14.41571985898463,40.98863522847205
685.6393963044256,478.1440359628841,13.693259492057337,44.19757305474104
691.0400793309252,482.12365479778964,14.197349126205836,45.38820829522592
686.7820151869481,476.83179723537245,13.40668480005786,43.42193474817083
690.8591463249395,480.8237561481339,12.98371323997344,43.607737993282
666.0,478.0,29.0,37.0
672.1982833942357,479.76773042260356,13.104863178228925,40.07704609811117
677.6922983693815,480.1171988290844,13.223600132005686,40.27446461162708
681.5175119118295,480.10092310802247,13.07737966956131,38.84568427529075
682.239381474335,477.75459001033425,12.448769025590423,40.872712934027504
680.9516663348993,478.9508976073181,12.766468284560233,40.53327890372259
676.8771046046909,475.89413576918923,12.278224654990026,37.94740163915321
665.0,480.0,28.0,38.0
678.3403458603229,482.10236028736335,12.094785135978327,43.89156364288351
683.3961254166445,483.4343561953197,12.367847059088263,40.711091786297004
688.810651258463,484.4754755528702,11.896095357836316,40.32237063319553
693.7026206347473,484.3782164700622,12.083938337875225,41.479781243167906
698.8082351118734,484.28527561059553,12.002222052282036,41.65437440022191
703.7162959737598,483.73502800628853,12.358566351190234,42.82239120316649
655.0,473.0,28.0,36.0
669.6301561600444,476.93919508545014,12.337459271979696,38.67548695042524
665.6301714202377,471.9706761645493,12.074809595692386,39.50967140839771
663.0109815988662,472.57065108252436,12.137746417053904,39.82834976010656
658.9139152488057,472.08497745776776,12.178493832863865,39.10107518047312
662.5156819458833,475.45810442813956,11.916460906826615,38.02191561266193
665.9699160258156,475.3699618183173,11.890552752949134,37.83009259152186
647.0,473.0,28.0,37.0
652.3493986733141,472.927499782847,11.761815628152362,38.365089622057894
657.2353114947413,475.0795794227597,11.769375183722218,40.02377312977842
653.3198507704308,471.3761631849334,11.670822791876617,39.42465947307704
649.326690881837,471.93700806638765,11.715975476569952,39.23835063814147
654.2213338904562,476.7961534527756,11.686657908619054,38.88059310200043
654.6921801322974,475.11779457034675,11.656976582529524,39.34880679829428
637.0,474.0,28.0,36.0
644.9315803844505,475.1013906050622,11.583048636750277,37.670990632235316
643.9456727853683,474.5871270559545,11.635272124774701,38.83960846266575
647.2857419702857,477.5691969250122,11.663055023194943,37.48826965036574
649.2234072324591,477.79088546908724,11.575269959393268,35.04531210887717
645.5201533964805,474.0970374402327,11.142556687492743,35.566208568198476
641.7967592853925,475.9145519658168,10.98698429028309,33.65214609963175
628.0,475.0,28.0,37.0
634.6504126796663,475.9325011880428,10.953998895722862,36.98487532834656
639.2627693844604,480.657749088552,11.005776207978442,36.464198341809606
639.7854370782325,479.0135051872136,10.901680588847057,35.52454845984869
636.0595241482849,475.93457269435464,11.009798957534258,36.351552366709825
640.6839401076852,480.72634848157946,10.881559653153772,36.31003717417531
645.2382072168873,480.8548849514101,10.880590059839733,36.92333220468015
618.0,476.0,29.0,37.0
633.5309730675415,480.252321466337,10.923460584118402,38.52602765987285
629.8218037300669,476.37371003921993,10.970851773398408,38.2514043290883
626.1504075847862,476.81824593266197,10.967106870534053,37.922249783834786
630.7153106342182,480.56941739084414,11.070307476164658,37.631659291548544
633.9668790304719,479.57913147226714,11.020031407063357,38.32687530068938
638.5442659474486,481.5736050611903,11.211083260024907,36.90149309092351
609.0,477.0,29.0,38.0
619.7894396074581,480.4603889877918,10.738425559995562,37.2692292307994
621.522964314643,480.31844883265285,10.963873424198596,37.525199594038895
624.7591774188234,479.8728221250931,10.973673151620801,38.90719199960586
620.9901566527842,477.35528617759087,11.024976443237392,38.38925516211873
617.2426680411618,477.33032233321603,11.064154372382518,38.44627306222844
621.8678082227684,479.6360211018491,11.077679316443437,41.349886802508536
599.0,479.0,29.0,38.0
605.9378687312785,478.3664059062653,11.289653152048004,40.17071128479358
609.1730610054219,481.4871910625304,11.398441706987796,40.814990546009085
612.559192906251,482.6913008296749,11.321993512686618,39.435747415946594
617.4878310662432,483.6367926361577,11.160754943986603,39.55174177086792
617.8099631280844,481.8874385519123,11.421705825642334,38.7985346460697
622.7317711673309,485.21894818161456,11.25640045939906,38.568196442313365
599.0,480.0,29.0,38.0
613.9433044377233,485.0845561334278,11.38271609563958,38.43120376255513
618.6583123927471,485.0107916868672,11.422038205068247,38.48308282127215
614.853195973621,480.9731167902868,11.35846759771448,38.60853173868861
610.975027996931,481.6531280139037,11.431421566881795,38.06730597722935
609.9317745338353,483.6301459277808,11.53873934909791,37.602015498842604
606.2097137777038,482.56481527129006,11.336100885594988,37.585738467825536
589.0,481.0,30.0,39.0
600.5959101101816,483.69649712880346,11.273851933731521,39.40191393781106
600.9826475555212,482.56409245378677,11.406400123369167,39.782784415270044
605.6920589447016,485.0364850661126,11.468169977546268,40.992422513872384
609.0151527765547,484.5495641246168,11.47902745149213,40.04040596546423
612.3250893803176,486.14081324671815,11.572002500392841,38.577537017602026
609.9638224247512,482.53357242184325,11.430849873555644,40.587212227338796
589.0,483.0,29.0,40.0
595.885115547473,483.64059400968677,11.451923163385686,39.94872976533941
599.3140443384787,485.2920318859706,11.350991170796078,41.70884013163732
601.0645708137952,484.2124113780978,11.647648208612623,41.5369882330819
605.9138276906882,486.2779245681443,11.675984604173323,40.214565587747416
601.9540408622698,481.6207912227077,11.735339199902796,41.69935048477987
597.8377963925764,481.2349485947839,11.95993707538139,42.205671808826196
579.0,485.0,30.0,40.0
586.0085715227449,485.00342649987397,11.784315588510935,40.67199159916072
590.9497865556339,489.7332781134355,11.777541598188577,40.287141683057826
588.4196430609564,486.0461776619048,11.81444635347691,40.31641721414968
587.3748200734116,487.87741457927007,11.848396493044902,39.487688503634786
592.320350101308,489.7825511435087,11.902973289254078,41.17899984472274
588.3242306227803,486.2897976552406,11.886880920556905,39.76822903753589
569.0,487.0,30.0,40.0
580.8364187833383,489.7705428000904,11.78708121293198,40.38483244913368
576.7432873452665,487.81110680612437,11.810622775674119,38.41189709411253
580.1316686231125,492.5640891946125,11.857797358140942,38.39252619933404
580.6775211375336,491.71242208523927,11.607933459837113,38.31579019864421
581.1306088640675,490.7140887945942,11.599690398965095,38.83367658847601
584.5145396266435,492.21370499943146,11.64077666287119,40.48995479743269
559.0,489.0,31.0,39.0
572.8940821554171,492.56410259961916,11.677089271996806,38.880360413934625
570.5001299146513,490.8898046144918,11.603792262502225,37.90413136875998
572.342529833877,493.3759237222171,11.718938738047882,38.408382235585975
574.2870914816285,493.0299886802379,11.55778121307435,38.791282247936124
574.7856246314093,491.95005542458694,11.486273737970691,39.458278016127224
570.876687844553,490.1959086418824,11.539848825027548,39.87972970072269
550.0,490.0,31.0,40.0
557.1748075366825,490.5404557352804,11.44546869557712,40.03124880289806
554.5739645410504,490.38443040663014,11.734368050420812,40.21378208313479
556.5233579458384,493.061338027677,11.737487837840945,39.98209781350778
559.8764629885026,493.70484657442364,11.778156688217791,39.174029811633204
557.4620097614454,490.45617648390134,11.639778711497229,40.226113484424786
553.5365536263166,489.5596625178881,11.603611053816849,40.56722996378846
542.0,492.0,30.0,41.0
553.1543815325904,496.06378651173384,11.44108747272162,38.34942366446273
556.1812211355063,498.97590383134377,11.983045901757464,39.337726688101725
552.387684053471,493.96978977320987,11.544411005576649,38.58873619239603
555.5071606394793,496.76134354439046,11.987696042619973,40.51200793468922
560.2877987993393,497.4430857057205,12.128437477152374,40.88289636931313
563.9583492581263,497.7844353165415,11.590833854266066,39.61821059414615
531.0,495.0,32.0,40.0
542.8562718188705,498.8834554265759,11.407394469426208,38.252198909174695
547.6825816689739,499.0801833900144,11.463708653769231,39.62150057242292
552.5224646808044,499.4927555991243,11.546934842757992,40.796603812410126
550.0088845818484,496.5855159130713,11.666794918795631,39.82746857115171
546.0279235328142,496.47101017117063,11.653797113283986,38.79265968115271
547.9488583604027,498.8981050616927,11.65706057277589,39.415694020866
521.0,496.0,32.0,41.0
536.0118529172485,501.75371281801654,12.041787385208522,38.37223553569493
539.6063340022126,499.77366968281854,11.60042877566093,41.23944841408161
538.3764483109361,497.9554337985913,11.801146372417861,40.6857265424531
541.7565507691265,500.86997396604056,11.833557949835495,42.0307211877639
543.6089160362039,499.1965364725315,12.00964801195994,42.9153667742184
548.5766321547127,500.75554918906823,11.984970645517365,41.57830586809882
512.0,499.0,32.0,41.0
519.2025999613588,500.21950933636504,11.96492112857868,39.74772790756572
518.0865889399565,501.9176730746601,12.02482243719055,39.3339945047735
514.2585361575641,501.12267786249555,11.583235396838973,39.51378294516809
510.15794249109746,501.01472863078664,11.722421826014568,38.907573486110664
515.041685198802,505.00129856854585,11.940074556355398,40.14045502213435
515.5304735003363,502.2974253130003,11.91216553831623,40.23211113747357
501.0,501.0,32.0,41.0
516.5790019782264,505.9789118939915,12.06418630198516,39.41986274100566
512.7371808536391,500.8752236266737,11.652759879493601,41.16919600736583
511.6520394113443,503.2646193824582,11.877246646557069,40.7242109594884
514.7630522203639,506.89130570989573,12.390661519838432,39.55634379552248
513.8024206792209,503.5302413441518,12.163686796161983,41.094232648930756
518.8114643109762,507.4562054899652,12.131401274258792,40.04167403841166
493.0,504.0,31.0,39.0
509.47489786284376,508.50838770977975,11.903376460633524,40.65385651388078
506.7351382018263,504.295177659705,12.149662288601348,41.71181907810353
507.4401611436349,505.70648027549794,11.759732605435147,42.83853442715565
510.75921897781325,508.7032442117393,12.053225104588137,41.97448297780818
509.8087198392932,505.5986385623145,11.891304966586176,42.029428864013425
514.9025324243479,509.48612011682144,11.864655624032594,42.16137161527968
494.0,508.0,30.0,39.0
502.3839693915569,503.3833717283951,12.096140109135717,40.301562936525784
504.37802594534435,500.69461350028337,11.95253930612455,40.00050966384322
503.35289484172245,490.81947451444375,11.907095982125611,41.66033791307245
505.221176777811,478.07403519785316,12.064873661726551,40.70250002566661
510.45366833754605,465.64799994029863,11.702577931593908,40.64392699030441
506.22598705720577,470.1528754607979,11.999135346084586,41.31195682259869
486.0,498.0,29.0,43.0
496.563053388204,488.32834630400686,12.021414065400393,40.67892065469772
498.5232459171848,476.5104161199288,12.02132154546507,40.551913098740215
494.4565091753927,466.82719631121824,12.014399365568181,40.55843418627586
497.92475193830467,481.0809500366636,12.008296894745513,40.4160560682692
498.3821289296661,468.41998408818614,11.996619826718074,40.490794168255604
503.35170712461365,463.0746631566503,11.991283743890676,40.449417968266914
476.0,499.0,31.0,45.0
482.5981337275519,518.1459128901354,11.984350140603112,40.54603829583232
478.54676590133806,503.5142301121168,11.975865109598885,40.35394387879637
483.50839930201596,498.1250355024844,11.971243510342902,40.360701140822755
488.46849017734166,518.0090694526872,11.961291759278424,40.265974129912934
490.42651437005657,511.18403646335344,11.949729025291106,40.33341575025054
492.37920055032646,509.56435768612806,11.949946063170557,40.223169084984704
475.0,485.0,33.0,48.0
483.0619320883176,475.9992575497412,11.944321469573651,40.48734744873764
488.01306412731896,485.96068918538947,11.936149502345927,40.237915468714164
492.95549816627795,495.66213164519047,11.938285596196806,40.33999550358021
491.9182734400443,512.6469351996595,11.925534815060985,40.30120610867698
487.8845891532088,523.1495881688277,11.921517153252182,40.30167717140546
492.8234309658727,543.0161263880144,11.92144411725451,40.26713509747367
475.0,472.0,34.0,50.0
493.06525961910626,487.8827798342668,11.911987255117367,40.247916599106134
495.01110685972316,486.0882594643358,11.913489498940635,40.396683479355374
492.4773053771328,497.32364791267014,11.909589991174585,40.29408316806234
491.43974829950076,484.3274735276815,11.905323686021347,40.020769569874574
494.88198428739054,503.32422308962646,11.89848311782481,40.18729067906611
490.86212311091083,513.7495250859071,11.892135627049925,40.22992438580752
474.0,463.0,37.0,51.0
493.70017550512466,459.88499473985735,11.88802294688395,39.98983682294613
489.6804447760464,464.5921451311384,11.902337392575362,41.18564483392163
494.6115093303914,474.80692452552387,11.916501486225798,40.34639696453905
492.07992016994376,475.6269772600399,11.912526326765146,41.48341982910233
495.51096034302793,495.36105941074806,11.955001542233049,40.353595412750735
500.4653295661073,495.0827365039867,11.946854719105943,40.33233502239801
463.0,466.0,38.0,54.0
473.4673668160918,490.4385460735761,11.940579186730758,40.271089379918806
478.41568458904163,485.0270167577779,11.935683830665198,40.36315677896937
475.87493636017314,501.3254642209415,11.932457053129895,40.317909841190954
480.81991845676424,521.1719681486513,11.926929036310696,40.12611830647961
476.79335094950443,536.6167700332745,11.914798028412633,40.26694323608524
480.23539619966516,555.7239640488662,11.91305525769593,40.22628921035857
462.0,456.0,41.0,55.0
483.28324636966113,459.91264083635417,11.910167477400819,40.199104594585435
479.2607860100401,460.34165914919413,11.900609527071708,40.20908291989252
484.193974208073,465.02067294403366,11.892520231781305,40.27068391032793
480.16945286235557,470.5267343817245,11.893521749833326,40.14556514136882
483.6084861960775,489.5858631809235,11.889970020237001,40.16472146097533
484.06487287961767,492.12130525873886,11.88461552111977,40.20366848140111
449.0,458.0,42.0,58.0
461.94111256024826,464.1641448899922,11.880727058620778,40.067949108663186
460.9082642070953,456.02742677494325,11.869609871309592,40.060978084547514
462.85094632928684,464.33179463549993,11.871613967969154,40.064664102978895
464.7967721630213,472.64069134602784,11.86534891332343,40.03339530725151
460.79446596112905,478.0982287023274,11.854304836371398,40.00816294093778
465.7117501998889,492.7896019101007,11.847921734777458,40.086104702645
435.0,447.0,43.0,60.0
448.7140880888203,444.5632900532334,11.845994387188398,39.954809525876385
444.7149348745327,429.9787014131717,11.837784997162771,40.04495307110358
446.6535437785404,438.31246039520005,11.83651621239079,39.965774885699716
448.595544088952,456.55362405481424,11.828362295306647,39.998786975500536
449.05162785464324,444.12572693525135,11.824016723152113,40.00090482835503
448.0196440140836,450.9901364610698,11.82805080396156,40.00550024854323
421.0,437.0,45.0,61.0
435.6677141621052,444.50952035919136,11.821123110641565,39.846965035146695
437.60807755450617,457.67480944125145,11.813119255941388,39.94663635632298
442.5107748344444,467.3771431741982,11.806968505853547,39.91600140764825
442.96458522912366,475.0066575037217,11.80743498703481,39.83021089705028
443.4220657293251,462.56345310564734,11.797587916291945,39.884787084602976
439.4380087078991,472.9785452913359,11.792725640461299,39.8059792777276
406.0,424.0,46.0,63.0
429.9889975557691,426.6986132437644,11.786547314621032,39.83474910442828
433.4011804414947,430.78913214154636,11.78137629574826,39.70445216770753
432.38059037167585,447.5633165713964,11.774966045450071,39.56698021588613
429.88778734804924,443.53439927779823,11.76172355570958,40.00612141740646
427.3858544684974,454.7686293046092,11.767435491151105,39.674973719447394
423.41547240649425,445.35829258259116,11.760570574278574,39.564314033613584
391.0,408.0,47.0,67.0
409.8094196674382,429.98101819987255,11.757791563046396,39.89994953981966
408.79253107253476,441.8306331217177,11.75089331633535,39.80941008694225
413.66640844789,436.67869353102566,11.754243651459717,39.6728341134214
418.5457427483922,451.26281355485236,11.74592869655612,39.67182357179013
414.5814431676473,436.863753434906,11.74437246286169,39.56868577752164
419.4584633923504,441.5088803841388,11.733444885460926,39.5929960732725
375.0,391.0,49.0,68.0
400.17694582069527,421.33896492594704,11.72605109639943,39.81008548755017
402.0998291101722,424.80175566091566,11.730380338121222,39.419339096910335
399.6224861203967,420.98044467554377,11.714630264053937,39.43578741450801
401.54896837493317,419.336144793131,11.707001581895554,39.4509645954879
397.60348706526156,409.8601562152697,11.69843469585129,39.563986325581595
393.6559947461726,410.1802991123311,11.69843166780771,39.61615283724757
357.0,373.0,52.0,69.0
377.92710675872013,391.1376692169289,11.697348578052697,39.82613334597312
373.97322858973905,391.79394684905975,11.702996507780995,39.26632308579218
370.03952599756735,382.42800827492306,11.681810744713516,39.2273160799823
369.03338510405246,398.85603492808104,11.672169352845401,39.62766672919679
368.0165868362177,395.866699618259,11.681582923465157,39.444489201430486
367.01009445691403,402.706028862078,11.673515018917158,39.34930341289976
340.0,358.0,54.0,69.0
364.98481666827473,363.36978657425266,11.660273414822257,39.436723849860584
366.91616627640406,362.6123915572275,11.642392130275994,38.45911778143818
371.77499185501495,365.33031278974977,11.61437813465733,40.9578892500906
376.59690032715565,366.127905059027,11.655873946649422,39.17782920969336
379.9599561741643,364.5428187769711,11.684931180216381,39.88470151716689
377.48614206979596,361.3619376018937,11.673413802064204,38.93231170101478
323.0,345.0,56.0,69.0
343.99636254948393,356.0439589237378,11.586769719064819,41.08641728395105
340.0191808123012,355.56503169075177,11.585157456682794,41.198862054727556
344.82689538692426,359.5294644009234,11.742007422816584,41.205152333139154
342.28475190184656,357.61045486230745,11.801115370709454,38.41508808913545
338.3311039566007,357.2027142112066,11.73894771094092,39.83494881349418
343.18905750645706,362.93871723040115,11.768498541580016,38.542266218164855
263.0,317.0,70.0,56.0
289.9852755688744,322.9691013211603,11.566033531347557,39.38445770100935
286.2056725605424,323.31209335195115,11.401773416680783,41.120856578260714
282.3061072486235,323.02349921393943,11.369977100835058,42.09987868680173
286.99852014089487,327.5766184499972,11.892226531641029,43.04886227016925
289.0991189404918,326.4540789401967,11.520338752165799,42.883502609488005
284.6783114038717,327.4621724332552,12.101856497689141,41.591513576017405
235.0,287.0,44.0,35.0
256.1436632499117,289.19692250221595,12.728819242026475,40.11889228997376
261.5512196140154,287.8978449351694,11.915177821842462,43.29768354600384
266.36343031643344,293.8199906482335,12.426856482318158,40.13648663353854
269.9031660320027,292.0468060982603,12.189784497067194,41.26408709353461
274.83895046539914,295.8043052761989,12.294619336106166,41.22845945043281
276.92135429759475,293.28019121639556,12.11173181915774,43.80409209677839
273.0,292.0,32.0,34.0
285.64601329131756,292.858989797019,12.782580004762906,41.23597360558307
284.29299037040676,288.7021429219618,13.117196430470358,44.10899188928545
286.5356159546197,292.09986405374093,12.953858873540355,45.106273232000035
285.7271480895669,295.27876140133395,12.518289804885683,42.976776829858466
288.6936454823042,304.75981872607827,13.302562913284191,40.79978684122807
289.43812568594666,306.7986866020343,13.05618630415114,39.930110040764134
288.0,320.0,32.0,23.0
296.26083958098957,314.3303325350836,13.180070740432257,39.82548863606752
296.53024948201073,320.3022384001399,13.359836850334204,41.61816964290915
294.08717828206204,309.94001656845796,12.664543666787154,44.44117513613048
299.50319119541973,330.2896241879416,12.409950980205622,43.29379569392785
298.23681029455577,321.13928519963474,12.718979824666803,41.88769855567671
298.7189109966448,323.2175679567541,12.80413212667122,44.11371607945239
299.0,349.0,22.0,32.0
302.17851715334723,347.08209103423445,13.178093937855465,40.584648639881664
302.7713011134816,349.3871112179727,12.909936842346099,43.23248564543292
306.26834750803073,353.9314901824764,12.947072379287704,42.29387612937387
306.82724361161195,356.7309300771889,12.714342608970412,40.25662452779727
307.40525073257356,358.8202744782584,12.424742840670206,40.22194434119865
308.0316113273419,360.9105226512134,12.128434303882614,40.36626434766612
302.0,372.0,21.0,25.0
306.4097853928715,368.52624703808567,13.902343785291578,38.844107346790224
306.93616407183583,371.67174273718956,13.76923546360922,39.10325030892284
305.64626539614983,373.51842116688874,13.737761112162843,39.46596868972097
305.81790367731537,377.17229551620267,14.078208249745899,38.265987069084076
306.68273546383887,374.50566747674975,13.448522657416447,40.95237785995039
307.0354189039183,378.75886332916593,13.74022416439584,39.33401704783546
308.0,383.0,21.0,27.0
309.76539027909575,378.56128554180486,14.269708152987846,40.52115039268301
310.5865117712092,380.422146469949,13.703764220407834,41.194547991959894
312.0532089987412,384.4615897984618,14.658725908604765,39.10026842985576
312.57950465981867,379.79688728667486,14.163360282401186,42.417166104623675
314.3648109859864,383.35362556284826,14.467890629680937,40.56099282021694
314.9201425410354,378.89259840925604,13.945309698211076,43.22483997521681
315.0,385.0,20.0,31.0
317.2731459956142,379.031108177344,13.345542603833792,41.13501639273079
317.9569645357256,382.80223412232544,13.289308357998777,39.618676617768415
319.52311709968126,381.18162331593135,13.658284413095316,42.281085034844864
320.257873779306,385.66135322146806,13.07933465233208,38.774016758004564
321.029087924971,383.83916214127294,12.51505103574624,38.63885692941221
322.9215986042218,379.79706665216116,12.573548833265818,43.803783685771066
320.0,387.0,18.0,34.0
322.59316005922915,387.0410837085859,13.490837768911774,38.818158551887905
321.3067782847596,383.76450156937244,13.800827273363893,41.230279282282254
320.84973430229843,387.69178534579487,12.751239123783876,37.76436120729227
321.1229142341088,385.03168547146913,13.001284595819072,41.447389217702494
320.0661456820087,383.5935681184528,13.298068608882886,40.6786283480576
320.241387314456,382.47661367497176,13.195863615224653,38.852280229643384
317.0,377.0,17.0,38.0
317.8183311496007,373.11731180326854,14.219828899452068,40.09863213953156
317.26719312584737,370.40830244204926,13.543447799920045,40.22080324678052
317.35431714160495,367.0473311007232,13.753761202318628,41.83999167190285
316.4557142369714,362.9639523126337,13.106232728998748,40.58491519704427
316.1484267563974,359.98451271086924,14.44481518851478,41.15361415261577
316.3820981694646,357.1490966427471,14.72572442915498,40.48328087264525
316.0,353.0,20.0,41.0
319.5711720585749,353.1621338030682,13.94007485696136,43.324268867609135
320.0914936746999,356.21437072987237,13.936352362294542,42.22612232773855
320.5720464825705,356.42771916528943,13.62615579940757,43.82128878893354
319.00669357565334,356.177634976214,14.53467477780407,44.449967520884
318.0990806877925,356.2292978226719,14.351042754327295,45.11620661432062
318.76090750526055,358.31395144135837,13.890589303700835,44.64624424801974
313.0,360.0,20.0,36.0
314.01878111400515,359.86260117453503,14.629389014179424,40.52014184870245
314.1913384447987,362.1983785158195,14.567639155836048,40.750916726420314
314.42832219459297,362.818719089533,14.4053471052531,44.38590329785575
314.5646146877681,363.59525344207304,14.4991375669577,46.176408933491075
314.9476175706834,364.79200312951116,14.264182239113381,48.379096557914295
315.27894355921853,366.3057877221652,13.98730522570213,40.52725449244576
314.0,366.0,20.0,35.0
315.55925956401427,359.6712331837289,13.670866180954704,43.81368012213193
315.8687563379742,363.34692553466334,13.46241948081115,43.978557919451305
317.4510300525534,368.70150871097565,13.884534799377548,40.46773107427043
317.93920541489496,364.92882155080343,13.392214632562514,44.43428340890733
319.37490930085323,370.83443620378944,14.301382444340334,40.434757617800415
319.8282063135774,371.1385707908937,13.684771298476392,45.106319025656944
318.0,375.0,21.0,33.0
322.2664352925333,375.1460174787844,13.736516867307444,40.57892885012734
323.0797475100524,369.78419776837836,12.722040086833374,45.74566730288382
324.58456946273986,376.52729292452113,13.382590808658279,39.942637863996424
328.11211416293366,373.2239883234674,13.702816124845071,43.215096041627476
328.57489252409584,377.57310561472957,13.086069081961682,40.42255890588547
332.5148585919002,370.86051098579117,12.60769052029309,44.13758287787539
331.0,381.0,22.0,34.0
335.96818524259345,381.14919762920147,13.525393308001242,39.11907045113628
337.8359530807385,382.5032820142503,13.351661310657335,41.000054851958
339.9242568202437,379.6046064830181,12.798098911088232,43.59592660548469
343.65493233992817,385.09379766618326,12.496878198432512,40.22145233942797
346.5485085105138,384.10733393335863,13.480199533597442,41.24894327317463
348.7349625858566,381.5668965521412,12.773688923795532,43.0008210608039
350.0,384.0,22.0,36.0
356.58085814515516,384.8098973221555,13.498766811677001,40.62167564502499
361.7419255877985,387.8469652239437,13.35455854990596,41.24539219414146
366.6844609396352,387.8214911073098,13.600824164815151,41.3501953447514
370.15637633011374,387.10649468231225,13.623710293250952,41.33818769819527
373.73996111462384,386.0516687229765,13.439236953645377,42.76547999624279
377.5042936768337,384.83890884119626,13.078871003370693,43.525068881886796
380.0,384.0,23.0,38.0
386.59058732470567,380.246063367989,13.309475443305814,43.974909125086924
390.252775775334,385.74875570663426,13.409159164544576,40.46888139011571
393.7479606477217,384.1199116177213,13.574089627913281,41.942039646363355
397.6107982465627,382.6053672644953,13.251957235445389,43.436901395348514
402.3918544769605,381.1838624715343,14.000669255341336,44.43333808118376
405.84013597619435,379.2494869965243,14.270327273211763,44.91591234712962
407.0,375.0,24.0,43.0
413.56883136625027,377.48996981416053,13.974893412726942,43.52498821744041
416.8232529951342,377.0457950202864,14.498246338257559,44.58811168016865
420.958481545161,377.34866904252783,13.932797766007525,43.70257521477265
424.7290073567462,377.28390851425513,13.963184873966895,43.550441143758235
428.5487185467132,376.9188681212963,13.848953854837873,44.393455510959484
432.7373901226748,379.19613494844566,13.386160252016566,45.22376354467042
433.0,373.0,24.0,44.0
441.0880998235504,376.3414416879559,13.556576577403916,44.82452500794534
444.64713210612354,375.2889321492948,13.99458890304686,45.125894436679914
448.918501648791,373.0312879560279,13.448275734038134,47.25796051388352
453.0343356462515,371.6995922740401,13.238240196059223,47.849822870660546
456.9007062626425,378.33399558199835,13.553044851095024,42.273403412250104
462.2455560559704,377.40387130517934,13.740632177243072,42.74245598590801
463.0,374.0,26.0,45.0
470.3211555493409,376.4172906016528,13.397143357934794,45.606892580992564
474.2877608815908,379.2234925789303,13.397253390928142,46.37809074500353
478.21053258803875,378.57517648382174,13.476169292898135,46.81787076597442
483.64175392718977,379.11894082179896,13.78545317471685,46.08846247732686
487.7086146692578,378.2688682647613,13.584254173073873,46.49138946844482
491.57970465825656,381.3630002963482,13.570831128854024,46.14860554508607
491.0,375.0,26.0,47.0
498.4000845602727,377.3300536625775,13.161388076918229,46.35632098268184
502.334578199665,380.3664633474509,13.292199258274309,47.11258366842685
505.9977810768509,379.0755981559755,13.598595546272293,47.62843200724933
511.51405916542467,380.49777204556455,13.701903228627657,46.87849416549551
510.195969090781,376.9711517590615,13.859965782988183,47.468211794225795
512.5222969741357,379.3786666773941,13.777526612454835,46.90759779352362
513.0,375.0,26.0,46.0
517.8886703950102,376.1847260726578,14.02625162970537,46.45641571055563
519.819488219684,378.8214626059712,14.4083492365462,45.984004661357176
521.7277650246417,377.0603723172706,14.696654482841609,45.920810773507526
522.6867306082114,372.81412122509494,13.84958596740205,48.13025498789807
524.423508693344,378.7721520390878,14.476077476813316,43.52398702397295
524.9958651583927,374.1526080580382,13.983500933299979,47.52604950059788
524.0,377.0,28.0,47.0
529.204793720899,378.43795560960336,14.639731732608197,46.66305705947184
528.1204785090191,379.6909944213217,14.284112590861696,46.343159779694645
529.0984291678144,374.08367412459734,13.688958068790726,50.7115006425081
528.7324757907245,379.73446555237183,14.969123112830857,44.95398068050736
527.9111029830219,373.06344527698184,14.134664889821579,50.7550697005081
526.9271106794412,374.5760432953716,14.04226804232269,49.58410301710501
520.0,378.0,29.0,45.0
529.8865952229661,382.01953252948596,13.968954682908247,46.70752712325782
527.1702619175267,377.66920582014905,13.550320728161068,46.956138990692466
524.1260531012036,378.365262577458,13.541129246918786,46.45761032739347
519.8779794577713,377.85462031984446,12.82221214845049,46.75921771580619
516.9007051271585,379.81516550354036,12.931322017891034,46.071539623413855
522.1447133500433,373.295413669352,13.618669000595446,48.34651612292919
494.0,382.0,28.0,47.0
502.1799578491418,386.48939493162453,12.982980342566691,46.60671090105484
497.24459765023767,386.1071986731454,13.347748207664552,47.712601229489565
502.8163809114068,380.67758152224536,13.425164237851504,46.456891532227246
501.4867254737034,383.138629735135,13.5685850515261,44.420219802000304
496.88229354004426,383.6336439606073,13.40020572676815,43.32158356122238
492.30021760317584,383.6530448096439,13.259600042290572,44.50271147432272
455.0,387.0,30.0,48.0
462.68844625009797,389.9369216209516,12.739541218985892,46.56210258570911
457.3353792339733,389.91520915052456,13.761199077391382,47.88558462719868
454.4906511145548,395.83518824895555,13.707184970684125,48.82039053497704
449.74869617363095,395.96324770709543,13.731601939259235,48.81903204365062
444.6584168445245,396.67103575364933,14.107720607874285,48.71381666018476
439.7017086343976,398.2822285663009,14.102035227958481,47.66340835818272
412.0,392.0,32.0,48.0
424.0849756385942,391.35869318980065,13.120502675779335,48.80946206256624
421.53851786155656,392.0819730508654,12.721033232118884,46.807954193180876
420.07900760796656,392.7452295341801,12.816902049681289,46.18190225597232
417.0940299750715,387.3107730422462,12.667550219336476,48.660308950765284
422.3048841033881,382.78397853275635,13.533338676002302,44.413167357280486
422.8667564096605,379.56032603289475,13.275996020537718,44.23452496834466
392.0,389.0,36.0,48.0
405.34783422329616,394.7277926967945,12.657220556002414,45.501755057047376
402.153357489124,388.1868742269776,12.954407857046874,48.66313804692936
407.38874918382925,383.7138952218274,13.483451227867306,45.31664512680919
404.5102153077366,374.1358954146849,13.464191111325704,44.5690349054596
399.9200574971476,368.870169113808,13.542578886614365,45.065844662533095
400.43272824130474,372.57047693724974,13.438393618382179,44.64040051318534
365.0,390.0,39.0,46.0
374.04945419660567,385.37580242060585,14.411654096036273,49.068433391027156
368.74429586262795,387.44907900561526,14.9814219204643,44.6759341147482
363.8462777425225,387.4670654187321,14.848025049349417,43.27596314155744
358.7961403048198,379.18184285886406,14.740518749870546,48.51542174711881
353.5426256764928,380.66005146363,14.999155948485395,46.178097508383075
359.80613507889655,373.7978779040702,13.971204579819414,47.05226912771849
326.0,380.0,43.0,48.0
336.47379699073394,383.65858013241984,14.92093775674175,46.088592539709225
331.45520787222677,384.79637023380207,14.45732466289678,46.62900039574191
326.0214619422245,385.3682329021906,14.766803731399591,47.492116821216825
321.30331189716406,391.3792603768644,14.013328652597636,47.30410165058953
315.70888242371984,391.2984594584641,15.175382851396193,48.043490367795584
312.3936431782074,393.15279860091096,15.381319960408518,47.79151655055239
296.0,393.0,44.0,52.0
309.16158169610446,396.85379324044317,15.39777167036857,49.99502412941507
315.16741435213874,406.21986741205706,15.695034597606195,51.58611890636854
317.8519146207575,404.6481382548869,15.286927281604108,50.10399833140815
323.4549370015857,409.9934986625067,16.20140309677231,50.57043333222373
322.6992741553945,396.1144170213829,14.871755872837525,46.947482145348204
329.27814562956917,395.93764726307825,14.025930550275518,46.75191804975793
346.0,416.0,43.0,54.0
367.31670496757806,424.09956437369055,15.681571865936803,51.26439206834948
368.6832989691687,410.4168581539394,14.227122015316525,48.07540426736978
367.2601245456738,411.8172881590185,14.195463467428056,49.72848130286138
365.4913384191383,432.85092124261234,14.768327262385696,47.87563299648866
366.1923359139522,429.4947797051997,14.84641256415739,47.116698978990485
372.3077738037791,415.8472880654469,14.955539620565787,47.66489458088273
410.0,429.0,48.0,54.0
431.0681036660427,430.79848132668553,13.92044839235723,50.40639671561462
434.97704339786156,418.9068054045332,14.498252041398871,48.780996236462386
433.626992023995,404.02178585778097,14.469620488979956,48.69841532605619
430.6927494144708,391.7043897170429,14.170569167445421,50.83179339575713
436.3436868379604,391.4332026971204,14.747375372125646,51.31237442072023
431.47555089604066,380.4825605465778,14.362021101039318,51.39525510751014
398.0,432.0,44.0,59.0
410.9708008882417,434.1736847543116,14.642086467306228,49.52876629041248
407.73605255517873,429.0121811640063,14.64424342278835,49.928241795869326
411.8586163219359,440.06477062391457,14.639051216511575,49.5015763010681
417.8149772503061,433.3240076851145,14.640488192758141,49.392065459020216
423.774280784875,426.6062637292415,14.637951002568172,49.426838814857376
426.0886087991636,411.89518997562624,14.582086675137077,49.5259317614819
398.0,421.0,45.0,53.0
421.0952943169313,418.8654372608262,15.072664805635156,49.06400864674606
427.0180169567484,412.11642565010834,15.382182040377472,48.76548923326226
431.12010557711073,404.78380481107615,15.533286681022673,49.12103979896483
435.2572779893129,398.2508424276822,15.58272225279859,48.9329939813407
439.6893912132847,395.855224539308,15.093488841636145,48.71305129401526
434.48038810532535,382.9975664237313,15.14726498558241,50.87348793366141
400.0,409.0,43.0,56.0
421.87250061157204,400.2890765811066,14.901318492036808,49.89705254492651
427.91766375349783,393.21734105870024,14.872727326403151,50.18776001077828
426.56093488126925,376.5732669799379,14.787933389740601,49.524146461558814
430.6849136632751,368.3665549211718,14.854856072944017,51.03239921573669
434.85908399280237,360.8208871267407,14.856933625563272,50.744861388099594
440.86428778073486,360.8888458169233,14.941936154382745,48.488758133950114
385.0,410.0,43.0,55.0
403.120727208518,411.25249924429886,15.197531908742121,50.86031667202212
407.30459525602157,405.4022227453021,15.343541245045458,48.47923391157792
413.47491476518314,402.60677051790844,15.019418984833976,51.500641497034394
410.2012850138701,405.5804660519582,14.94349973763076,48.939479908266776
405.1219109120162,392.8251208213869,14.799643391940833,49.86025438123886
411.1537040734173,392.2909594949184,14.792023249309807,49.69918195755423
387.0,401.0,41.0,55.0
403.8072901308262,390.66597959452884,15.220122152935858,49.262535762088646
404.53947039868694,374.536636168055,14.643255490825936,48.949044648645554
408.65655008644575,360.62736702794905,14.716024428921912,49.96865899224463
405.50445375741253,343.0673064137634,14.564785319263137,50.169587391462755
405.84429908784267,327.7734023059032,14.76843489682085,49.847349293791524
400.75427765346797,315.5139462746447,14.717756999092558,50.00415029091528
388.0,388.0,42.0,55.0
402.36066331009204,375.2901910887796,14.383102325375035,51.85449180398416
404.3296492738091,367.81511172081207,15.024955883851987,48.08195300098407
410.4166139813645,353.8706201912353,14.865268367685417,49.258070875067006
412.8064066449823,338.57540443290077,14.658873634079441,49.89275705675709
415.08137693103833,323.26106426802744,14.714581581300706,50.66891583109515
421.0091359256371,322.3767688461526,14.90143759858097,50.92335844324293
389.0,376.0,43.0,54.0
404.74841851612473,376.19012042961674,14.686687124048206,50.65522919725862
407.0916742576786,373.23636420196755,14.622243435910605,52.71921737996587
403.71392214401897,356.5310235224583,14.780929145665482,50.41728622980838
402.26800559034166,339.4640212930042,14.855801604665828,51.358755783219294
408.31344817402595,327.5589054417584,14.868999941932657,49.008905324509726
410.6191407209037,337.11715249873373,14.855985525088272,49.94237184314056
378.0,359.0,42.0,56.0
398.9528693363699,349.4989184367022,14.936672141260487,51.693763200262936
403.0667788702981,335.5301629631563,15.017546293511316,50.9332747992255
409.1911599949377,322.2861668616147,14.975344273388487,50.63829025175886
413.40139322648866,338.67176476082864,14.912869998440385,51.80485965454437
410.0492733182824,328.84553238100017,14.99022859247657,49.447969141211786
406.75402852355705,323.6637950791119,14.986749031782722,50.00482232941181
366.0,360.0,42.0,57.0
383.7930219571692,350.25303000544477,14.95087381125478,50.2505677097318
378.696332083589,337.0035459599216,14.836883667169616,51.75952814934959
384.74817432984577,343.37708124982646,14.905740106588553,50.47834823447772
383.3234322730249,333.64907805385974,14.910646658757855,49.71242004149218
380.05311637664715,328.1616057160177,14.882109913668728,50.65013622820135
378.5969578172276,324.0228934875287,14.908520174569276,50.63218964841474
351.0,365.0,44.0,54.0
366.05959945768177,390.62519906374865,14.757940095402262,50.80599498947578
370.1498430935774,402.6267300686757,14.933786304542764,49.66222712785088
374.3434067709182,401.20431325466035,14.871933115928016,50.096339684720874
380.5410144301364,401.04569692195867,14.668697165196193,49.706481226378344
378.9597467872415,396.5677768506913,14.944314830087308,49.628357626961815
373.78960947553776,390.982072262577,14.941079037895634,49.12885000943987
339.0,369.0,41.0,56.0
348.56488540343355,393.6560924675035,14.624774525241833,48.52043555210548
354.5236065446338,411.11387522486575,14.684361486946386,50.272949463055284
351.2904030717031,399.85534083368316,14.658125858559913,50.149980877872736
346.1868466640349,394.9719503877284,14.638129651573024,49.149408928855394
344.75290856061486,397.5449242587598,14.696378214779315,48.35240455022404
343.37849067184635,398.65640383896243,14.653063962440626,49.670366315697265
324.0,374.0,42.0,53.0
333.8398885956718,397.1365794647645,14.580634849401918,48.55105077892267
336.1076922968615,401.1594650567684,14.586829820479352,48.60783255641212
331.06551382449686,395.47421104986825,14.530102514914518,48.94619462238148
327.84354276483043,408.9879627289373,14.511194245554293,48.51682362601093
328.29299753529943,405.37015614847815,14.524324462743891,48.911835080788194
326.96227862394,401.9151995721332,14.427085305218668,47.747405171977164
309.0,380.0,41.0,52.0
319.12125164106124,396.9062004559179,14.425471263971986,48.05839143547166
314.2013293855411,397.623575428864,14.287444744141851,47.10453423301249
309.27975438811234,392.6101046659321,14.202013014506065,46.640444292714506
313.4161948908738,378.8351714438868,14.080904796762468,47.97742950999526
317.4334294757454,383.85183531630383,14.0853964832707,47.443339721299935
312.4980074434698,371.42769132107003,14.179508181913604,49.328225793739875
300.0,418.0,29.0,63.0
304.99476809080625,446.830852218147,15.316344245804544,47.20873465385603
299.7780625640796,441.091270769381,15.446972965747875,47.56393934260075
294.6623879265221,435.74749664938065,15.380397070898653,47.93281652885855
289.4918765342421,430.53048294731866,15.505061265905681,48.62216454266172
288.36255944200434,431.6299905651324,14.846384644896602,50.946991749441736
282.9106378573838,426.24173676875745,15.19919952424209,50.9091505918222
262.0,415.0,27.0,53.0
263.47935691093926,410.3316849384255,15.88069797021626,54.58467857123287
260.25502371287496,420.73704227684016,15.464940605968081,48.91857689764936
254.7863335963866,414.58777631918264,15.63451436852472,49.93206026900185
249.2880765986843,406.43154863107475,15.788207205708261,53.79065623744816
243.73270941652254,407.9094123802618,16.003122668630454,50.716829428328936
244.58828568337663,402.8697061225173,15.196573706804656,53.6672604169172
249.0,427.0,35.0,42.0
255.02802705312118,416.3982631904381,15.714734100513084,53.722355358956065
250.02578905613726,416.40723163965913,14.829178793955663,53.04473085233718
256.3972264066276,430.45055670023805,15.261482147803406,50.88937785085113
258.6668913723507,426.8676622249567,15.374686030646842,52.78123053461354
257.2997954595803,433.1683947355709,15.248100932989587,54.7351916871919
257.9129096054912,454.8507441711165,15.079241465777784,55.82808848772834
243.0,446.0,26.0,54.0
243.2370160412769,449.62881684435166,16.432783876279586,51.002585393723166
249.82266026626795,475.35967911332045,15.97267745784896,51.12214003729605
244.62037420028145,475.8856363201294,15.721089774818495,51.86847573012051
248.76831859211364,494.4372280773372,16.225305065276245,49.04728906715627
245.7626078829687,501.11640897830534,15.427756373626863,51.53965781108627
239.61108651199532,501.945068069057,16.392739553271497,51.18407654830253
201.0,471.0,34.0,50.0
213.46825897428027,488.87446514461635,16.368009634217827,51.42377315016654
208.23846592383643,494.3909649054551,15.67481432564432,53.53891128630676
202.07720467031498,501.41504427701284,16.52226824018777,53.524046345839224
208.69251714680462,508.0877035051899,16.23027712307541,53.08776561317654
209.2467918212946,518.2223764162411,16.22097080313867,52.280283507788
203.7677340726518,512.3481635359086,16.157342592442888,52.42794466337739
186.0,477.0,39.0,47.0
193.97550031936282,489.2064632194308,15.810970197331955,52.67135718574082
190.5272497227064,477.40324532674686,15.656156007263775,52.855522942887546
184.9624030721567,483.6097172900322,15.752267383571478,53.817386371936436
179.458579561143,477.47344744816877,15.764091495372952,53.51054475999916
173.9714701636476,484.02518306600456,15.685056793751698,54.43578648243346
168.46091994724225,480.1738725658606,15.649643243838227,51.284562768452815
174.0,480.0,39.0,46.0
181.54419258020332,478.51716564312073,15.695372815226364,50.72215997356352
181.88901398653994,481.33527497014234,15.8016621040112,50.317571445140175
188.42588489135085,487.0130942336128,15.391372604608023,51.151835082087416
194.7219800616226,506.52778955595625,15.361062362468289,51.334789935741014
189.34330118936305,500.1776176842298,15.400398460022274,51.035627474679416
183.98738866139323,493.7271001151199,15.390560935434422,52.46181102159824
162.0,483.0,38.0,47.0
179.34809139116066,487.7223986740258,15.304171540965683,50.94798685657355
183.75783905568545,485.63582428725454,15.118387389207129,52.541976338716495
178.46092891275265,480.01173590485405,15.212176062877006,52.617689612639424
184.70824094602756,500.54418935881324,15.290862046031748,49.58259334115314
179.48237738027026,506.01217271349014,15.234333219586887,53.03599761895521
176.11326257502725,527.4130085120812,15.168263925526958,51.782956437882035
149.0,486.0,38.0,48.0
157.04200293573675,506.4028399146826,15.236066458467945,51.25985427725931
155.49388217749606,520.8208832301304,15.264108301070507,53.29017194703545
155.93823658002452,545.3438942696617,15.259110417138771,50.898532897876976
156.4277586654614,560.2589532642205,15.138561578018965,52.180837919237774
162.70963078134974,565.9675910058663,15.10417705633941,52.992903665867516
157.38767924141197,567.1964920814729,14.914767681029815,51.47106152063304
149.0,489.0,40.0,48.0
157.29352827661614,491.22547206349645,15.105475281691753,49.053550480218746
152.00235995531594,495.7470460456361,15.114284173999323,51.60492777663262
150.5432759133449,505.80583737164324,15.149891044425203,47.027205445759535
154.8714310413606,514.0864040783003,14.904568162118181,50.8753578111025
161.00304823817288,520.852136126998,14.748356049941947,47.92655962990352
167.14353530192804,527.5459613540511,14.548598174789674,46.21769546776841
141.0,479.0,38.0,51.0
149.17784646407222,480.28945856595965,14.291366693554693,51.251687338817646
155.22417964293413,502.09200585622204,14.401858634036898,46.78272360052472
155.7319780173859,502.9255430670537,14.598035337033735,50.57002907027777
156.73307825441498,500.0977901493643,13.72585113324368,47.73478779447089
151.2634460331381,503.90474349544434,14.386580766014987,49.107650784118505
155.30651406802855,520.3543746407788,14.538862119368957,49.813207019677066
138.0,471.0,41.0,47.0
157.45451436580066,483.96481532618213,14.452151722919325,46.73491028887281
161.4191983307133,493.96181935491563,14.703638017647904,47.71089658865753
163.8243142019802,499.0175420048319,14.347309742881976,46.37890535790797
158.89718794439534,495.3799145095056,14.239935014634057,44.272497472550754
154.05928851090354,495.69202644009715,14.07357378139534,44.463631133246054
158.20800707189062,501.352094481671,13.857264330743305,44.48472675019332
140.0,471.0,37.0,47.0
157.0514522368248,476.63860525466174,13.689212678394767,50.09016856821955
162.65204377510227,476.59162193489135,13.96024911134893,50.158383140386036
166.98643425677886,481.41154935602077,13.518777720445712,50.51581802408049
161.50976024599186,475.6372928790787,14.423932236821656,50.850188838904614
165.64691344038746,480.91505270112066,14.22124298950439,49.15984600345473
160.90163984848067,478.1395254618276,14.110999292372355,46.14960386831558
128.0,472.0,37.0,47.0
135.8445031845722,473.49497181925335,13.811263574373015,46.89839818136443
139.79421586075227,482.5986214523722,13.8453437613679,50.39363387850699
136.56147660794522,479.4982103678461,13.826597158916286,48.738302350550725
140.18727607413302,487.9357754172888,14.258076743428205,50.47907367665539
135.61039921267133,482.6336445517816,13.95801270070558,51.119846425990545
141.4526547029085,488.1362650135993,13.945523726414336,51.728216505443925
131.0,462.0,38.0,48.0
141.317439991792,462.00904792331824,13.852449213484164,50.67034291163054
139.2859365642767,463.0380960830837,14.834703210689042,51.52827911956342
134.62384175688146,477.10995210727754,14.520084325065909,47.28879425496723
138.87962046044333,474.7233909318911,14.293111211075654,49.71945932180233
133.91027639245254,469.37775830199257,14.349140148800018,49.10008828037792
134.55553436299783,478.39639498467443,13.953842939968865,47.91583980507119
118.0,453.0,40.0,47.0
138.2133750322019,464.68866365496774,14.307910795588555,49.59365903063372
144.24370903448522,470.1577195420599,14.146298641881344,48.06844136601978
142.8554032614902,461.11327213060497,14.27455386204332,47.955618264503755
139.6098650150352,468.4243436820171,14.425460991599493,46.659007427563154
134.7234276672799,467.913912147008,14.329805238817414,48.603554267169784
138.7253249510394,473.02117343171386,14.332377741114698,47.46325996620857
117.0,456.0,43.0,43.0
128.29615904615878,456.44002697880603,14.17214105498843,46.42936424167141
134.11445348341377,459.6990439137179,14.129904160501269,49.1186988959592
138.0142080031752,462.50139236388225,14.2512107947382,50.41954873656505
132.9617965910262,459.74461618607995,14.391956667746797,46.33775628500473
135.291061460079,465.02048161812,14.144987670251282,46.56690252022656
141.07396166375887,465.42852795876024,14.187489192477898,46.06515139283721
120.0,457.0,42.0,44.0
130.3490355267174,455.2993698378168,14.281180266920899,48.5952162440276
136.30579348168953,459.2465277948846,13.98690776740969,49.951793068515826
131.4355929936384,454.6193165957815,13.579058774653731,47.56026740522515
136.95986248309438,464.2676091730108,14.013483190700612,50.086302558379316
132.13032581384954,459.80045429907005,13.496208938956784,48.00927293227193
137.55743036060173,473.5954733313183,14.222020264575917,45.26582315396752
100.0,459.0,35.0,46.0
106.81179933531837,459.33914376057965,14.585707211938711,48.842757643750815
102.1506168139939,466.3073764556658,14.005142597564031,47.229477032491445
107.80769166281306,471.0192831946424,14.428997340066928,47.028771160129736
113.60201392694108,470.4083405553687,14.19952641543702,46.745354213585074
119.34744667946804,472.9868666579822,14.514186476137084,50.00136704213867
114.44750149809477,466.8812035882986,14.281752998406716,49.994413386752626
84.0,466.0,37.0,41.0
101.5866430401295,467.4978375635396,13.902117646003163,49.33794181623779
103.62122813291313,464.9146856882142,14.267912670264764,49.94506481097625
100.40751878231418,465.29788436994113,14.331458677301612,49.4974706849805
95.40525233675952,464.95783658415763,14.353865407916956,51.100797578632466
90.34985884992247,464.7114796048345,14.46364008652533,51.30322069027079
85.22220966902113,459.6311973365754,14.613723111737372,51.31119539156998
73.0,469.0,37.0,38.0
83.46432841429571,463.8161488466176,14.370435834543386,51.760706039677075
79.9509502277672,459.95715568485195,14.778056879069382,48.46942779206097
84.21942496266766,454.1021862379978,14.451917030992306,48.58970689384137
88.2522250881295,450.4507613612486,14.566300114862614,50.88842998381955
83.07541722191225,441.3390060636225,14.634780724994343,47.8546935929445
79.84960029510589,434.21487163567235,14.641545527634747,51.481235767692624
76.0,456.0,35.0,42.0
82.88583402872857,449.0394478355405,14.619380570068813,47.742443321256815
88.86634067614199,449.2760954094292,14.545163900506253,47.08018721813414
91.1613754428293,441.69329756422076,14.487219029029745,46.36072663803196
97.30291070574528,441.0127913211461,14.114616366153214,46.73219346508108
94.0880865015837,429.6714289466732,14.309184680677618,47.79917196768508
96.38627698271927,427.973520107942,14.181017251609859,47.08511087862507
77.0,449.0,35.0,44.0
91.11696552102148,445.8397553593704,14.16886710657377,50.78127222027621
93.43727517494628,433.23113063641216,14.05408952209713,45.52597179049707
99.16634136525965,431.80529398334977,14.172637797201958,47.27089921364342
105.11483248260697,436.95309656081986,13.986623596811711,47.98752121201528
101.84646247981792,432.12251521482426,14.190855643350346,48.99459308045522
102.31032049935928,429.70575688719777,14.194293830946066,47.11945416716463
76.0,454.0,35.0,46.0
83.30742513925796,447.83742779109394,14.332358931727512,47.137512660349046
87.4546806359655,448.2828485816824,14.24615795898103,45.6039898133846
87.6100224678209,441.33126667889996,14.743880110972896,43.56663700868137
91.85796246374122,429.48686851510433,13.823552557394237,42.98345763861363
90.53553832512142,420.88091413745565,13.964623845628921,42.59946997669539
96.70081866979893,418.21287002669607,12.966830608381258,46.06459478507668
76.0,456.0,37.0,43.0
84.17873657312695,447.412374403415,13.593537241452225,45.49169624119668
82.70816719932895,438.518876095385,14.128893784076752,43.610470845140355
89.20440789815586,436.46924275276285,12.442526640296705,47.25844411109455
92.44123098528328,437.93547430832973,13.537045925089188,44.88520071079745
88.33755659235754,424.90346369410145,12.353749422258772,47.87073997880668
84.57718763018009,419.939704651674,13.799240493089684,45.84847219475421
77.0,445.0,35.0,47.0
95.1016790447554,436.047654691341,13.440536786833235,44.961444052733555
92.19721827385692,419.683770275361,13.404951499952716,45.832484329738236
97.69023288564307,419.11688560263735,13.430978966057125,45.62672199771907
101.52093899232663,411.8002205814496,13.388352155012427,45.98861454891431
96.9038173984881,408.1828219360267,13.421486893780667,43.621726696265796
95.68061200702198,398.43572179135515,13.403106137942586,44.74286712650985
68.0,437.0,35.0,47.0
77.00597038565184,435.406836492662,11.868216436356988,44.47353213392853
81.63551592649195,431.3197304588523,13.120016342532708,42.50877256181434
80.79686007575788,414.30094336210254,13.003793581503146,46.58269938450917
76.2482872934746,404.0542625820864,13.013122209030556,46.074422150838586
71.51012566716659,407.86777316429743,13.070249477744824,49.19217997195858
66.67576499935359,425.68806662226416,13.33329571376882,48.028886336402365
57.0,438.0,35.0,50.0
66.77685830570294,428.70455926232717,13.268396297031586,41.55113142788559
62.505145040090994,437.40278228478866,12.647922608992928,47.22297209821812
64.42800607628102,444.30226125275806,12.856079617512634,42.14564618032546
66.81351763995646,429.2611868220612,12.310548205495522,44.83890161334472
64.89891662139871,427.1066406298622,13.33077665077947,41.60195423286234
60.64140026680033,414.4514992853856,12.833188646415593,45.64089694081986
58.0,442.0,35.0,51.0
66.05327248796908,434.48227153808875,13.89954123182369,47.73832929508535
68.71413970595646,440.28277236370525,12.86352542031679,42.97068716204649
64.1131647576389,422.7950098656328,12.796731162718586,44.52388818181572
67.86452584682681,410.8704948754815,12.744706412843982,43.068894224862504
67.77012099785998,398.63470917610505,13.723054281132363,40.93166898079477
65.44915144347151,384.32151225715734,12.938885661549548,41.383495279298074
45.0,477.0,32.0,54.0
52.43271234669612,477.9088493304175,12.31866252314876,43.44594528238349
57.494234969552544,498.8577657480761,12.902985365738424,43.19341713074584
54.78467252308706,505.42847031537764,12.780328758586002,42.94110286903475
50.406192729652275,489.9100260300953,12.82320147024771,42.71186488510068
50.98982126769184,498.007554041844,12.65362834863015,42.17257147030574
51.25089460550234,483.3638351968241,12.857419224730606,43.5973843697534
46.0,462.0,33.0,53.0
63.6303983467176,479.6929618858095,12.37096939822635,42.767272801979175
62.28933987908734,465.46989293172294,12.774166941256091,42.70481717365624
61.27133777578761,483.4277178651224,12.491028668699279,42.96571557504774
56.7649327025634,484.2257349884493,12.805496702671292,41.74724661781761
62.069544598458116,472.41683748844514,12.586458451925061,43.25458103159451
60.81268629937089,464.72110118842124,12.78371257858803,41.75091726825622
35.0,465.0,36.0,52.0
45.50163237698421,483.3531692034879,12.527182781321578,42.93366825614049
46.00041367325252,469.8886591439814,12.24959308969543,43.28672863204338
41.83831300791189,455.47899746818075,12.000639196862949,41.924364673682135
37.17106276479603,445.74710536137485,12.534702963687998,41.15958810860576
33.47419295275921,430.2523027395928,11.507289912112071,39.2210411916185
29.111386214050967,426.00999309376493,11.548149372149979,38.36883283837233
22.0,471.0,36.0,55.0
37.43640646602677,466.0134418447926,10.559568001160642,41.86854476734072
41.6124789166566,488.18139312286485,11.876262365881999,37.40214972659351
36.880024760666856,502.55779387531976,12.931455334837665,40.10839567014108
33.14824002510781,518.7333078820791,11.927510758017036,40.119268151751385
32.39511272770032,536.1105657587298,11.505362139978786,40.182636309129975
31.09691262998296,540.408846850293,11.98890535509161,37.32803489384116
25.0,472.0,36.0,56.0
42.72016203984249,489.83570842859,11.759638377587777,41.14071644680564
41.34362584922597,503.96713646219973,11.838984929606156,38.6842931868141
40.34660460232737,491.9342871936369,12.095222231107805,37.86554630460455
37.62519786432645,485.26642011231957,12.485264958703269,42.138035697076475
38.19238729738683,500.5643830912102,12.292356440731709,38.08260040196103
35.68389066333731,511.37789038361154,12.017453507002216,37.67628106129098
3.0,456.0,29.0,64.0
12.45699711212101,480.99602133717843,12.206616091614622,40.04005271933835
9.912340588194184,497.6839007992942,11.881649540239891,39.24446445240676
14.159397964998146,512.3804064467024,12.864129583088378,38.85316242809574
12.058227493206083,526.6508264081867,11.891932156662197,42.89562172024034
15.945428533629688,522.7036759334042,11.08704620684815,39.09196942690642
20.43849486917836,525.935134916844,12.10748607020896,41.286760767812666
1.0,454.0,31.0,62.0
17.69632538496941,471.10603265809675,11.482656556634279,41.22247833000051
22.474330767773985,491.5543984321733,11.899518604624,40.15065817946487
25.920628023836166,510.6426796874587,11.882937088062242,40.24126010773347
26.362407791439246,513.0145722626644,11.860229830388668,40.18775371022002
22.35673100496389,497.5860362657695,11.60304785030597,41.657741395174526
19.950012730017093,487.3677934151083,11.2457710451665,42.4663933366794
-4.0,457.0,28.0,65.0
9.752125661189162,461.0554609161263,11.909929347511781,40.03339615522316
13.304188804792398,478.3294027600766,11.80099687095307,42.006100899673584
