799.0,490.0,19.0,45.0
802.5544126182795,493.96645884774625,18.45358807966113,45.497823022305965
806.329622203823,493.7873297165064,19.349397574543218,45.71747465394799
809.479945065797,495.95535877067095,18.860965039824123,46.51373359271861
813.486721769272,495.16795692604904,19.737425572429288,46.04455237722556
818.5029150193421,495.16451777810965,19.662037144720443,45.430707674076814
821.9057493139844,494.1387168736401,19.31700962871355,46.25914195411133
824.0,488.0,20.0,52.0
828.4537418877061,492.05836989183473,19.63117805806621,45.71041650220337
831.8002279483627,490.9408278562298,19.689612992413572,46.032963216472126
836.4729217312088,491.8447350311053,20.493650098479293,45.27244214618804
839.8501226605895,489.8772926270326,20.457420419739492,46.98004203570804
844.7773794748521,489.5624407942871,19.95942227125022,47.130460441155265
846.8490285014359,488.38152918725865,21.417159129650372,46.993017285994654
852.0,484.0,19.0,53.0
857.1274605354993,487.89569284860227,18.53258324147464,47.07347254113165
860.4042641533524,486.744762838379,18.79890980417565,47.82332622820769
863.4936605366122,486.63748510799496,19.07635316976996,46.90964447010265
866.7497167068927,487.0043634746992,19.23581069979616,45.170253443957904
869.1894629997059,487.1609841531608,20.345904796380864,48.46912934083957
874.0001559091361,486.8185908292894,20.9618098135943,48.435167538058295
874.0,483.0,28.0,52.0
881.2114712351686,487.68327723215066,21.947457772130292,50.93364727081632
883.4349771499355,489.5853312301324,23.023172855716894,47.65681718874475
886.2663084797505,489.6749548954235,23.186155500601444,51.90581370749226
889.0063852237477,492.6851678021485,24.033714884535584,50.94375245865649
892.029777404432,493.9541501995059,24.420446137447925,52.014605007525006
895.1753627439716,495.9370368614084,24.75953774767504,52.59191157625219
893.0,493.0,32.0,50.0
898.3087571988617,496.93449343636667,26.161260827250317,53.14033856371543
901.6881025419125,501.3645178845276,26.037447327040354,53.53534492515166
904.4876934495064,501.9175249865052,26.77314256314594,56.762456959546626
907.4841285965731,504.5554024139732,27.407789788058835,56.30394113277828
910.5517762280579,506.15785279862473,27.98515796276888,58.25702380960388
914.6758790789675,507.8427474170819,27.26880747643736,59.859142955153516
919.0,508.0,33.0,43.0
922.7980806001187,508.21718950124887,29.04225913424625,55.13248538131916
927.0375294472578,513.024318076078,28.03693198037581,54.17215473442525
931.0774587224851,510.0257417795158,28.161544215399772,56.406138467747496
934.7384897307941,514.3010949716884,28.03158176707916,56.26327275255585
938.6514447053023,512.7554428281001,28.188028770020537,56.31323748335399
942.4966942409615,518.7952712991682,27.59779236620318,55.00603296564077
944.0,518.0,32.0,42.0
947.887263089855,517.3500035015315,28.06132735016695,53.52264919961658
955.3984648947418,514.3141888920576,26.35443285850363,57.330742532575414
958.7088004083889,511.54022772931467,27.31714193654625,59.63803203506018
962.3956262629745,517.4210930144693,26.77551310740546,57.76411922123589
961.7942636944281,522.0962426433575,27.995397231876268,57.50598244912294
966.8693196989054,526.8291555936012,25.117778384459143,59.73633198723314
967.0,525.0,37.0,44.0
974.1336323795786,513.7914171424086,26.673569615912584,64.5782377818964
984.4605059898872,531.5202732291755,25.941136403425162,59.524582561582065
987.9730478996375,529.9034357377184,26.018448473885996,59.601082261857755
981.0800950418943,515.6058270391263,27.585447075695697,62.300506091473835
992.6271946456295,533.6286037828445,25.282937560075197,55.350270599422856
995.3319183262729,529.1189942871235,26.8599713222261,60.64820111124459
980.0,531.0,47.0,42.0
1002.7313952665826,523.0377486806726,25.55954061552518,60.14588943480999
1006.2995007613142,520.6328623116337,25.630193253217385,59.63557823766405
1003.2459639473896,524.7524599642281,26.09777237354615,57.51280615588132
1007.1761219557195,529.6602521754205,25.4569194450562,57.37884981106731
1007.3819776254247,526.1915139698278,25.856799048736093,58.0395756949913
1011.3853703156209,531.0814252135224,25.055132086159233,57.967441695353955
994.0,534.0,47.0,44.0
1012.9338607465991,533.5945380864218,25.264422700307932,59.19579037291953
1016.4756460930384,531.9428366325592,25.34350877750876,57.27013203806928
1013.9411959401839,536.0525880972973,24.993049694153115,54.321467992400585
1020.6748722910888,533.6120690535865,24.760127585567943,56.08516482486925
1020.9977076711161,530.7477215699419,24.995591393616223,56.04695173191317
1024.6633873044934,534.2262367738645,24.5244317937686,56.915282974904585
1009.0,537.0,47.0,49.0
1028.269366800712,542.3805116125807,24.55986556890298,53.729912656342776
1031.8491976897253,538.0866987052821,24.38848983740627,56.72870135300195
1038.4124146938564,537.1674274556531,24.1267048064542,55.74869856919781
1035.8718285172502,541.52741457212,24.049381149973215,53.1451137849956
1045.4176863796633,540.3040152940257,23.65885589377308,54.73633380818967
1048.7664684558401,538.0683826421964,23.632100208744077,54.7780438637069
1026.0,541.0,48.0,56.0
1037.1133005117258,544.7279664053294,24.50807355718962,56.09503693620252
1043.4171944089967,547.9182774692376,24.34247334243105,58.60596258861608
1037.8033763591745,543.6409939220108,24.34314726448497,56.66160115795344
1043.9595637351626,549.2048235583514,24.79874177595798,56.172896972257604
1044.377060987395,547.1201167315485,24.5306514549643,55.27657927017958
1044.9502107496803,548.7740239059044,24.30420190761629,57.339245522790634
1038.0,546.0,49.0,55.0
1053.296466109074,558.7094647436965,23.64473974890143,53.865064514508845
1047.278772854984,552.4261582380559,24.583809782699745,54.547439363577496
1056.5742164924104,556.21069900016,24.5104607471867,58.63523151919571
1053.6235142381615,552.3089361551844,25.103558841112772,56.16059747774159
1057.1015128991087,554.8627754578125,24.7991251742676,58.439326952793635
1054.1059792205274,552.9732024650111,25.433723967510105,54.86637171941709
1044.0,552.0,46.0,55.0
1053.9726258424355,554.1703086131075,25.065683016066032,58.27899032987068
1054.3513277650452,555.6081108017765,25.147268307499644,59.18860264672935
1054.4187383068327,554.8246582739669,25.656834415208778,56.34389881615675
1057.911039786249,557.1160736720165,25.354772189883306,59.84476872262405
1055.2950314215905,555.3902644041164,25.304502803440528,56.10135275343373
1055.9289024256836,557.0934285214032,25.01040635521167,58.55328188274825
1048.0,554.0,42.0,58.0
1058.3495301456287,558.3110333815283,25.1611284912251,58.730855509577964
1058.7147046775658,559.9821844181092,25.357692496190793,59.5188070483573
1059.1870810815108,561.5081441742022,25.284873527149102,59.88895516497905
1059.6178879623858,559.0977279895201,25.22392867545659,57.69925181270992
1063.7786757371905,562.1991406574973,23.90144736732782,59.17367960336219
1064.1260896890967,558.8540082233444,24.069599985300556,57.76289783941809
1051.0,558.0,39.0,57.0
1059.3980659573358,561.8721732845779,25.37930236874581,57.78340495404814
1059.7112238303775,563.2290761510033,25.5190057421039,57.92174541124041
1060.0115971339842,564.317676556142,25.609888170298518,58.51126654850259
1067.3542277608549,563.7668043658759,23.9191919999148,55.31938100809293
1067.8513848797365,559.237998988847,24.028709561410324,57.64393850442502
1068.5128267384498,564.0226736029163,23.92912405864081,54.27967099129728
1055.0,565.0,38.0,60.0
1066.966165440269,570.4904731970478,24.81314084764972,60.90638380823748
1067.4143205397288,574.3744392371659,24.959453344267104,56.27514709969091
1071.0677177964508,576.9825956001862,24.0316944481242,56.700489569694355
1070.9276483088327,571.6123630716918,24.935564285085775,61.28615306571669
1071.1482491737077,575.1248077005796,25.405313141166744,58.741786642165835
1074.7730378159838,578.9108249328846,24.48369842379816,58.28187413338924
1067.0,571.0,35.0,63.0
1071.46688319321,576.9433787982416,24.52889310671162,61.21287224868138
1072.3041030196055,579.9891432741156,24.192581851107207,60.87440427362503
1078.6600872352765,581.1959710842411,24.75653782333734,55.68618235792519
1075.623069397895,581.450477883141,25.256374272242965,59.861009287741126
1082.2984811966862,581.7971378343286,25.207460100663184,56.69587129703109
1086.3373383595426,571.153288583535,23.983857707346033,57.81755655661436
1070.0,580.0,39.0,61.0
1075.7965390443196,583.8285729568615,26.266439800162516,58.95809401270856
1083.1488743148848,587.9822466197875,25.25999377463745,61.35805675636948
1086.7832257604962,592.1289615071427,24.423248858798843,61.7525238765694
1077.158788995327,587.662330254363,25.966740053337162,58.27646408162798
1077.5522932929473,596.6428485098893,26.211115505318503,59.731818434235606
1088.338340795167,603.2386289867293,24.776751923526717,61.63396009692974
1075.0,592.0,42.0,65.0
1081.3972044533075,597.2814011874285,26.581306610833508,61.82472714046196
1081.5502577377074,600.9087214525878,27.12297795880886,61.575044460472554
1081.780208484467,603.9912939782025,27.212077406380786,60.13694980476271
1081.8381591781235,606.0953363726965,27.524585312667114,60.19748576574875
1082.1042622656933,608.0705668333798,27.337752825126245,60.28834960771371
1093.0946323666694,591.2001151560272,26.086246401401468,62.66073999674438
1078.0,609.0,41.0,64.0
1090.744358573057,616.1746866903384,25.959945933134804,64.99922965262431
1091.1651994219974,620.4530294775367,26.04646525577391,62.09773352939726
1091.8865908995276,623.3508298032186,25.585259816989264,61.79926057424268
1081.6262017888735,622.6744285603127,27.38475484868559,60.96904695406647
1092.5426750107076,628.6081141918695,25.731761076221574,65.93982187176891
1092.9953544125165,633.4446110056597,25.098103391785116,61.09083582522044
1075.0,628.0,48.0,63.0
1091.0197012601711,634.9208923247816,26.90437561291469,64.51113049263313
1091.5554746704202,637.7450752584487,26.387151931747212,63.717190587962705
1092.1430593787986,639.7346083020595,25.489589189458457,66.28520377714244
1088.9748263267556,642.6227908384005,26.016873272492376,63.646105986449015
1089.6114646655465,644.893126558861,25.613971846057666,64.98583847289524
1086.6910044619876,647.1904163319448,25.690432040747964,62.54335745084529
1072.0,646.0,44.0,62.0
1086.3551251074953,651.6946712783101,25.892887873809514,65.53779678297724
1087.7161933800267,655.6293723466522,24.012275660411888,64.43668674986952
1084.312690318273,659.5685581051735,25.930021635161438,59.528958007620076
1084.855045381093,661.924201518106,25.5508901733956,60.65480534340213
1085.1187042768618,665.6540425679423,24.840712370900064,58.338682359041286
1082.980977465004,644.6156292735546,23.467024839224905,61.906077139838885
1066.0,660.0,42.0,59.0
1069.9746227482556,661.6802982915476,26.335052425889444,57.813710378602764
1069.3636353920665,663.2177714255304,27.20887549108943,58.94849545137731
1066.750502501349,658.3768718553092,26.718871233941627,60.65029290743337
1074.935490670418,663.3649395940633,24.17874396555999,59.979048737658104
1072.0479627713685,655.8890512030844,24.698096978696412,62.8999803684344
1061.4122728891934,648.8027147967427,26.73804263247348,62.59961855706388
1051.0,652.0,49.0,59.0
1068.112501181401,655.6926953430097,25.399059812621545,61.022491446637105
1064.7282200095942,649.3930374759465,25.73255643164157,60.814670434789264
1062.0804504289804,640.7071380309862,25.27921164452846,65.48350602362996
1055.2629357196345,632.8756961376048,26.970228459585996,66.64052575197616
1051.9803158925843,627.5095506591406,27.358124315928762,67.96639071176628
1049.040151342599,621.2178776008632,27.276701169625994,68.04432675966268
1023.0,615.0,56.0,56.0
1039.7579660033257,607.4994613457043,27.839025719809342,66.0829168009991
1036.5665480830403,594.5470729331253,27.76114001584415,65.9930848241147
1029.804086858216,571.6908467899605,28.255590010387323,67.60380889444696
1026.7764861298301,557.2479862556775,27.933547051391997,69.34979367833239
1020.0089032162541,535.0937948732318,28.24676565629079,69.33590973885009
1017.9338576943553,521.8434642599823,26.59809453098387,69.2702555822724
997.0,539.0,57.0,68.0
1018.2425870188781,537.9236874779435,26.824819356839498,65.42915776342602
1013.8365268172975,522.8468405681562,28.809643178418355,66.6291234832936
1007.7848580981997,508.0514550012306,27.686603822048255,64.69208013726882
1001.3887686458417,502.0283407843142,27.577403396238537,62.43877318822854
991.9315821134923,475.46478474849937,26.776262305110663,69.43053878022215
986.4198949442125,469.29120241068756,25.66466006668861,67.37378800689112
956.0,450.0,56.0,67.0
964.2760392052905,442.47376210383663,30.32226798869715,69.97693387090112
961.6340063498258,440.0133915386909,28.95738280799526,63.533125106010175
958.2681439085841,436.1885939268541,28.99363949107442,64.67150567672167
955.3285971221379,437.23687420707574,28.46292020588521,65.38548089348376
949.5241842083378,438.19077276372275,27.74741982543128,65.15578113787376
949.3368007779072,436.98564431338525,28.676164763778615,58.77756326361805
939.0,398.0,65.0,87.0
967.8498934696804,413.0801803630957,25.80639882436708,71.62881248747868
959.1278197543397,409.3708395362495,30.392321540337207,65.73421764257296
959.1334892859868,410.2056633891607,30.40392329172346,69.3462840950815
959.733543621056,414.98523692787944,29.708227010432893,67.6235969234333
959.701018629788,418.17971294369886,30.686909414375805,68.81289125996324
970.8196553969312,414.81522820632836,30.63231340445998,72.93453235547304
954.0,404.0,63.0,76.0
983.3393195540043,414.27573311684773,29.693048156575514,74.37300013828917
989.9242688591705,415.60284289555165,30.983177290211643,71.55447921898457
990.991893829915,418.5654502639665,30.678248895100865,75.64250060318153
995.7304264414161,425.0319581028049,30.639232096362775,74.7255971803952
1000.6757402257745,430.0519340402993,30.033747407120245,75.23545225136434
1005.1954188099674,439.20924729450434,29.78370447839302,69.2121799962955
955.0,437.0,90.0,56.0
992.9978886553056,451.81250705905313,32.496264326643086,64.14147321873315
1002.3027017734938,440.37540713834187,29.3761038543754,69.03415576291036
999.4786377356211,444.49245663276855,29.132896040166315,67.10444895614131
989.5186944376364,452.8159063894559,27.972634965757834,66.37012905170604
978.9138854086764,462.10312317903026,28.192212663449823,65.00187652309978
971.8559183542616,469.0253535279819,28.336525075132272,67.50671858283044
923.0,481.0,81.0,65.0
954.9551187224591,495.4144865441822,28.750252676591913,67.55746749525451
945.5041385854631,504.170064438033,27.46695217082504,66.25904446060872
935.1261257788326,511.47004024179125,27.498279927380963,69.33325173949527
924.2357670060717,522.1457460277181,28.38420453636172,63.37708680711489
913.9389507107876,529.5920379822464,28.55329743664697,65.09869471793627
903.9659391441719,538.6514139735765,28.57581552879583,65.34368381899799
878.0,536.0,72.0,90.0
898.440704143294,550.0003331364674,28.9639120182095,66.65280777103135
887.2928314768592,556.0254188857507,30.324922102198002,67.62890994630288
876.3842116629103,567.6864379079725,30.433597974258873,63.42506968961027
866.0520520504792,578.5995392214581,30.592531709794912,60.756501875613594
856.3475105374109,583.6712653703985,29.867810540924438,67.28327009044949
846.7830414807347,593.1548179092335,28.656364071951998,66.28979854735121
811.0,595.0,67.0,99.0
819.8837609079055,612.2411474123473,30.275244740038147,67.73352842446093
812.2036398204036,607.4851810355385,31.740529168539524,68.02050213449752
806.2183587725103,608.9986163269539,30.439127734358294,68.20174266872448
795.5772968782132,605.9742070013781,30.042815010829372,75.70326175491573
788.5771037282689,607.8642663153544,29.404092841832608,74.69185255020079
779.5376183308629,602.4339128152108,32.11170817219977,74.00171336756534
753.0,588.0,64.0,80.0
759.8753606529368,591.5494014092837,32.04207913429775,74.98832836707697
752.1609871549197,584.9867466690152,32.73882275750282,75.76550687140661
744.9595035443745,585.2109795193232,32.96422544206507,74.87973097333224
741.2541519903352,579.1756554069823,32.98516789244479,75.87222930209214
736.460245948324,572.196529804125,34.71075296516847,78.46129462818135
733.6155207387499,569.9110676597775,33.9218515090181,74.41425804166306
712.0,564.0,60.0,72.0
718.4647594333783,563.952147291644,34.785040869854015,76.71268569001222
715.6748075496498,561.8916014146753,33.66435262180323,81.3492030097691
711.7890117947944,557.6281210073942,35.6165409925344,77.92055286882305
708.1456842758951,552.7097508977199,34.260434480428216,77.1164714743918
700.4859108445821,552.282136429361,33.06339655372312,79.76639220428672
701.5834674220662,545.5500201428216,32.17123017546851,83.05658249261501
672.0,542.0,58.0,74.0
686.004616525453,537.6611106116956,33.63531415071907,78.74674618646543
682.8017599582981,521.1200072482991,33.66386537848712,79.7205152770307
683.1229032266282,498.4997834495488,34.25956071632993,74.25258389008911
687.7788776955472,494.1138183438511,34.120274474819325,73.31875506100687
680.4219564316503,482.7109703588553,32.31870585139325,78.3775471966884
676.3644093584335,476.0400709342567,33.15255576835261,78.19163153904532
633.0,537.0,60.0,80.0
634.9789954762182,536.130752331233,33.44592230209332,83.65938828856565
625.8386676087357,537.1886321787279,34.93781940953954,82.5612296827619
621.6959506900331,531.5533307487319,35.019982669335604,81.57467025117398
617.8466293607962,526.8462686444633,34.58739522895257,80.48825447298043
609.6597598340759,528.1596121119014,34.55086092338024,80.00578421764249
605.367759319025,519.2858187261087,35.376515672542155,82.21059684118234
598.0,515.0,63.0,84.0
609.1202686356421,520.5890619398276,37.54095880698833,79.45926149865647
604.647516169036,512.9054916878906,37.807084130984094,83.7715733145302
600.2846962295141,516.3260380287497,38.55117171907273,80.43605807858262
592.5937338860851,505.9200570727406,37.34044735185273,84.43400134662994
588.1751067466282,509.13967202946475,37.80937130744758,81.58122637012224
583.2612104414507,501.177101666931,38.94365958010667,85.87712896150185
561.0,504.0,67.0,77.0
578.2447894649424,505.7203818097955,37.33177235270591,85.24698876751938
570.8631561456999,498.46264524453517,34.83359878548072,83.46890899896931
566.6616331399889,501.2158590865611,36.24629135520661,83.68872092271698
561.6955890802461,495.92606012607916,37.381673853293364,85.20878164512465
558.2543775392387,497.07617873142635,36.538179838984206,85.38275623109371
550.6994352470061,488.68704325676697,35.07738225483001,86.07586739029023
519.0,498.0,75.0,64.0
539.4628701427648,498.39806572280077,38.06242746457781,78.08253554462863
535.2678045641069,498.5935820901768,38.246570867879655,83.41193631442684
536.6371565875244,503.8385371885706,35.92081429056941,82.93395976915247
535.8949238959715,507.9638426488091,37.73518627944463,83.0686076245247
526.09041092814,506.3881913909187,40.06744925910607,87.16844082607679
517.2566886408415,499.74522987959426,39.3084350526766,82.96865926765486
480.0,490.0,74.0,65.0
486.4552205865588,483.5716900847163,39.11609490010068,83.00546540841691
491.2231012439429,488.9867988521733,39.36572722010533,85.36494983521692
481.8333170715939,481.63064736240995,40.1836131503494,83.46695551554944
468.6879217116051,479.5340953640972,38.915817719707206,88.87092559026291
469.2199070059083,484.78515680546457,39.68657366497956,87.01860944178009
464.42558142077996,479.1027272327116,39.75847926666165,86.5661198806323
435.0,474.0,72.0,72.0
447.86383023095823,474.3212583868502,41.60217443887291,83.02859766533231
443.60851947648916,475.3886806159244,41.12922117265407,87.90585352931407
444.9776484807903,477.5080490490873,38.82864447743941,95.47401129838181
437.2340429385881,470.905748658852,36.24365048747086,89.82955540558982
419.85820999229736,464.19275809921487,43.20468162772613,84.0266422605954
414.92482895264493,467.003044087553,43.52553139129827,88.07721386524213
393.0,448.0,53.0,90.0
395.9292159586021,449.2450888109274,42.252546706515204,94.59002465219214
391.0281438246851,450.4542263516355,42.21076333218838,92.57486202896939
386.27247417643343,451.5897377486038,42.6195311069506,91.63610011254247
381.8656948782829,443.8213960562436,41.8223836774369,93.65573952446545
376.86899749460645,444.8870853554999,42.57204450246172,95.29959898314024
371.9992803063823,445.74471220470866,43.64877245823891,96.24519927233348
365.0,437.0,47.0,97.0
362.9884417763958,439.7726745608916,44.73633537330642,99.2886470362048
357.52451355140124,438.2150426025505,45.51915778495163,99.43889254088845
360.89351109839265,438.5670733272732,38.257677391526045,100.81577896142812
355.0433295427164,436.21071867531964,41.58440361681539,96.58412774448152
351.55454521857746,426.3907853792057,40.248032002632215,102.2377651410743
348.00484763635313,430.6327378903919,40.37514954429719,100.50447367646746
344.0,430.0,46.0,104.0
341.9878401855001,434.8592628235201,44.65510010128446,101.96127980809433
341.8087543362509,437.8016820017282,43.01574100052437,100.63270322276765
338.212306454222,433.3721940592013,43.39314024670057,101.0359877855044
336.81894776193394,434.07726053847887,45.306737537061395,103.00998261098653
336.14086185805036,432.8051202371628,45.47343136709719,101.3086114488824
333.50421254104765,434.2601053453177,43.379094130403644,99.19470653386497
334.0,426.0,46.0,107.0
332.91108912193573,432.14669959504573,44.18589907445249,104.35313943127898
332.7858134071657,432.98570411695823,44.63289549058385,105.16429468961292
331.85644313114744,431.2398506567315,45.649742953540056,104.21606761271482
331.1359479147095,430.45849092414437,45.97534871829589,109.45809165428682
330.16390962237165,432.34770155729734,46.08567334345662,105.68284239265859
329.84635337989516,432.25788085872523,46.426579024893385,105.96052977477825
329.0,429.0,47.0,104.0
329.83328954252374,434.04296356980865,46.32557349956346,107.1634749588352
331.0956689240831,431.28409588619047,44.931369162042245,108.97698859588104
330.7251732405735,436.11550440676615,45.93432196798369,102.94707352614728
331.35470821203296,434.91617184447387,45.55415254815421,107.24603726823534
331.7699804640173,435.73932139134104,45.67550338076353,107.36239252149971
332.33852304192226,437.9551303117819,45.52907832321307,105.91666052658184
334.0,432.0,41.0,102.0
335.12443396369997,437.84506483438554,41.16378481899699,105.88092927639207
335.836263260278,438.10689170670594,41.79532449787439,105.50856426255814
336.285542268579,440.34083071164696,41.982034947720365,103.1570473949323
337.2400617278604,443.74433544671365,42.50939093113226,100.4479913071741
338.4023781692904,446.0118580301787,42.49809898857666,99.50330752884747
339.6108059543492,447.6313280861375,42.520096433231856,99.33397157720356
341.0,442.0,43.0,102.0
343.1353389673522,449.56427780366715,42.70398953045003,102.32029054163326
344.4447348336025,453.78949453214034,43.21716562247525,102.87369623016355
346.2081293783606,454.3929689886363,43.24582401409964,101.88706817045556
347.8758031161828,459.06764398791375,43.2488508594443,102.03580746341783
349.5614808700875,459.6568923743814,43.41802913490642,101.48994431021606
351.32028481446,464.38059599101393,42.97250017059082,97.96387558842048
356.0,460.0,43.0,101.0
358.13298331922965,467.4436704069677,43.79160169388638,101.357407475542
361.73390933938026,471.70757064272743,41.719578976381854,97.74446072666228
364.6694564437165,471.51485878329004,43.71364707791997,102.88623161745227
367.50570806991846,474.8390741829995,42.54309478623327,99.12928701490375
372.47678355892185,476.045191399196,43.95959908510031,102.0707854831171
375.3202121951085,480.06156212390925,42.44530126140319,98.26360824481964
376.0,471.0,46.0,104.0
379.98058638082705,479.4630311000934,45.4115036557522,102.30290970177396
384.7686485638128,480.8223630505963,45.82352096889247,106.77285571017308
390.7540043494952,484.5884250841078,46.252394999284775,104.11571887511764
396.0105555021521,486.3948424121611,45.938370951642696,104.9380305406761
402.06213799473807,486.2342810378809,45.91739528866361,104.97562561599261
407.2130862076717,488.3582615960768,46.29796230980526,105.63367159575967
416.0,485.0,42.0,103.0
422.9353289620213,494.5865534993578,44.21993491082844,103.73716429662898
430.44438153056603,494.00299833437714,43.149712825187635,104.91167768688626
436.3699534836212,493.9977338962484,43.982423740073614,104.37304175201541
442.9446621118741,499.85388486165675,43.9197514752766,100.9076517251558
450.0683960198489,498.5337026534021,43.64000718853282,101.16723098178136
459.35130468825,498.80064724173644,46.7010051509634,102.08747888265043
464.0,495.0,47.0,98.0
471.9405397512651,502.93443167263115,47.039288643674126,101.19680036382908
479.95088602740987,500.8738174713534,45.241215030420676,103.11714162066994
489.24736478604564,508.59077641100714,46.51267937949956,100.88631019769139
498.7678237163582,509.60058939883265,48.726494871763634,98.98839276662488
507.74706789863353,506.7489778323493,44.9718374549002,99.8251087747758
517.2657861219623,513.0687077969873,47.86034717975326,100.56813576911588
523.0,507.0,54.0,94.0
532.3631000659984,515.7307787557595,49.68147722640197,96.1928018360577
551.1466272932657,520.1239888832465,45.98590524495444,105.28323353993983
558.0270490903097,519.2684381290678,46.026455618880846,95.87287691064648
569.9863332229964,516.4680300441663,45.725304076216275,100.15442053209324
582.7174154506276,521.9735909280704,44.894538939416066,103.94880401091552
592.951488772942,523.4656646822123,47.204541330984284,97.04468936302192
601.0,517.0,61.0,86.0
619.6741728826423,524.2856215581864,48.57285600654109,96.1532000499667
630.2813519306242,523.041685816813,49.1099553128488,95.59443706964123
643.6373691332543,523.1341823179089,46.42133976023274,109.71177802074021
654.4306606238711,524.6720612506515,48.131161330866234,100.10769152163539
671.687652012437,525.7821982288287,47.92646500453179,98.40487927628283
682.8906969866166,524.5647231715734,48.4439185800361,97.55180198259018
683.0,516.0,72.0,83.0
707.9346289055047,521.7748110954744,47.95749240073383,97.8867096690401
725.028668068401,522.9986090080772,46.594596352476856,112.71830874689488
740.2602620526955,525.3134254654037,48.80355038607104,104.41876194346173
751.7210715226549,522.4053335059007,48.63816443054736,103.73689116887044
762.9918485285452,522.4948400296555,49.1795843630116,100.338543221848
776.6626970109097,521.9332223156689,46.75211634070217,115.18818370562019
774.0,518.0,76.0,87.0
807.061981478701,526.9697707280502,48.704606657248746,117.62633846150004
819.0608392841971,526.2821714071702,49.03590535111823,110.59328806987048
831.3143352890426,526.1401369872019,48.696891397769264,106.69470308906648
849.1402683022181,536.8850264142352,48.18525868776135,108.44373195602952
857.1092754940081,517.0456420243194,46.452170669181555,110.59397165378357
876.5240625070746,542.8478037540501,44.05572730567883,108.26597197854562
870.0,512.0,68.0,94.0
900.5853499714237,521.0564611042009,44.820575402738086,109.59528346723164
920.061483386844,566.825397037728,42.39090541026826,99.49431394675685
938.0108956897398,583.8153969239866,42.94959679175133,109.96033618663614
955.6164383524995,595.1664298056154,43.37590521008656,106.8023430259035
974.0139321076167,624.96743596807,41.292427383838,99.16237047003187
986.794575706047,633.574523799135,38.88159341084929,97.59621610096224
931.0,496.0,60.0,86.0
939.025537584128,496.07628571766384,47.15714731548587,99.61813347163195
938.2819171068013,489.6951482778575,48.81213387558637,96.6255923615509
938.4376501691745,482.7886332991221,48.87423760086449,94.23333476150356
939.8218159363214,474.9313021163433,46.31973533414168,94.88962397259832
940.2577268856448,465.33020445691653,43.56160739067036,98.21118489227496
935.8663745994581,455.89345901680304,45.19310382070944,99.43851907518842
927.0,457.0,48.0,78.0
924.9863691615938,442.62980088386246,45.02470836589055,92.78381702790955
921.577682430383,435.414389898851,43.21561905869385,91.28966372017385
917.3026411560809,427.5302705233415,41.75212813208543,91.46154487525314
914.4044358327237,415.8176866012406,38.45679118794851,95.37866326109571
897.0710791915199,407.47611837292266,43.9143219077223,89.79409873760574
900.6634401046094,400.0571198053899,36.69715224439278,90.3782302470961
878.0,396.0,53.0,63.0
880.7802937313704,384.0399243543143,39.35619294709477,92.22365823223663
871.0324113017919,373.3923654224605,39.976991067779295,91.30882145744073
860.1359171673853,360.6723886963788,42.80096811086946,93.83073730657156
857.0059783741733,355.11376686782853,40.14931577934385,92.12229452281758
849.0609043344416,350.59110423661264,38.13584609510963,85.6231304048136
849.0713584924705,339.25814036084535,37.812243246940966,95.23504797727469
837.0,344.0,44.0,48.0
830.3434744575133,314.65461240104923,42.0533553813126,92.70224894190005
826.5782033956143,319.8809571609381,41.54794766879513,89.39284441004475
827.6112349467221,327.32015699741623,40.07174642431892,86.08061671052928
817.302729974042,314.4625277760812,41.33919688324886,91.0180121651988
803.3082003674376,314.69102581440006,40.25925881969749,92.74311365274468
798.4394285842382,320.716832737392,37.880919514913785,95.01331800822754
816.0,342.0,39.0,51.0
814.047589800486,334.0000339107944,37.78397171701181,99.96864442914068
812.0041139429231,338.2324941161221,40.908137723993605,97.229184428618
822.2313358362162,310.67215570826966,41.06272585150282,96.55408515579893
824.0229990492905,292.6819712484833,39.16030607505115,98.77419861005973
819.048312677363,310.46854250680235,39.506461059415756,95.43978129613947
813.0433352449371,313.6679739407267,42.06078663536232,96.57358625586176
804.0,362.0,63.0,31.0
806.7909627494212,320.0079733514309,40.834158699704176,96.87796372271856
807.5375683831535,336.7181525434812,40.2269125205039,93.90210734698712
808.7763433538196,338.2270817584691,39.17912664371215,95.14952020172768
809.6374423999769,340.09910685325156,38.98816452289111,99.13798141757593
818.7265275007521,350.9610108499686,41.713748332569594,94.78230680763642
818.7554283047642,345.5269019314473,42.15998501022534,94.05241402249482
806.0,387.0,47.0,55.0
810.0450613907781,378.3536259219595,42.09501773991724,84.9945964780834
809.9061420801827,380.8815063323922,41.51911550663954,86.45772264009713
809.2200365616893,383.52361557611994,41.5503556050262,87.55014181548017
808.7064262526383,386.6363826273152,40.771341028737424,87.46714119621328
809.8296987871995,380.2637381817483,40.35354983856564,92.04279263626717
808.68936595581,385.53118500629853,42.65856593234139,87.97195985528106
806.0,397.0,41.0,50.0
808.1459268803376,384.4832992003779,39.60019316239834,87.49954374190554
807.5288159474228,380.03012658284285,41.73294556857513,88.27900356540397
809.5089448758255,386.89698287405315,39.07812131583364,87.1756290094932
809.4098596862134,381.0979090880564,40.824153186369585,86.87737144112981
810.3881836308802,375.3185204694464,40.30160944051863,88.94944090697692
812.6828008595146,385.84473859419404,36.761332770966874,97.4023378931372
814.0,384.0,36.0,59.0
813.1456592710649,371.5605645273263,39.843019349815336,93.9887853699322
814.0533886376866,368.4124741742862,38.99898604049804,93.2628392457907
815.3039832997943,371.3790762492613,38.019890891363275,96.40225410752879
816.4151028354897,369.52688102752177,37.51584904698893,93.45939728510416
816.8877981380665,373.83016665298453,37.89945607329628,92.37007611018339
818.156655043349,368.33843216189814,36.596333350285704,95.95984643248119
814.0,384.0,44.0,53.0
829.0688661914912,363.2013405558414,38.00617275057607,91.45928417652988
814.7926903880981,364.4847775711621,38.85151618311227,92.52623169746079
815.3767314412488,371.1831275543823,39.3624533533424,92.57765743420453
816.4494879290469,376.8362981167222,39.32562475806833,90.12962805789198
816.9271254076366,368.0408085980108,39.67210934140439,98.49273073013353
817.4976140571969,374.82034981702145,39.34196336361242,96.83603541040429
818.0,401.0,46.0,50.0
839.4880532886879,379.77848699813046,38.3318933093625,93.59732109729157
840.2971790821612,383.51399246610185,38.16619240968885,90.94662055003369
840.857157477473,386.2036109294627,38.24281946650251,90.67924766694296
841.3289940586072,389.60198238092266,38.33482738943064,89.78090444114946
842.0733206975597,393.3918298041036,38.00987092217815,88.86305035930366
842.9322693487857,397.48809033644386,37.50367254613093,87.65311781942557
817.0,420.0,51.0,48.0
828.6950279257278,398.2248502722106,39.56827233809793,86.45525702346532
844.6908820599333,404.37532981197455,37.22078578957553,91.82759945688582
835.2200275274226,396.59330512381825,38.01955932476267,89.40281299598013
840.8194275499673,403.1335722099305,37.401066262568634,90.6407453756728
854.8275238991853,412.82408094612174,38.348602144581946,91.16153995686636
841.6677805536709,401.93903399755436,37.1926484783163,89.76030917609387
817.0,436.0,48.0,45.0
828.2693469921246,398.9538285015662,39.162988280917034,93.32800617183494
828.5933478892752,406.12619998178957,38.88723839467082,87.84272787252917
839.2877251017507,412.1528305850531,37.65325475297436,87.79685413536725
839.8720797599067,405.0825624865121,37.43590885258436,89.76417560989142
854.156057575527,414.5352834106891,37.96721086058983,90.64156042829973
854.3984022912853,408.2654939007656,38.113811459269755,90.99358270374734
815.0,433.0,45.0,43.0
824.8809302332436,394.74458931876603,38.83358948572209,91.91008898419437
830.4525917179913,402.6038392863355,37.99854538205409,87.13682345695611
835.8300884242252,396.6368997815355,37.484410329984826,90.33497526428187
836.4683241943894,390.6994428962902,37.10771982846745,91.14463429123145
845.574119791431,399.2839005520408,38.32056305398521,91.20384658339708
850.9914645928985,407.79235161816973,37.92115602598801,85.70755814475001
815.0,424.0,40.0,46.0
822.48967610907,387.5398215566845,38.24944094903992,91.80082945529193
822.1297076025255,397.00336300603635,39.064812631702125,81.98060108384493
827.4432609236975,388.2234707977133,38.23240176492595,91.05712644456543
827.655634977481,382.9397449870731,38.097012272454094,90.67479744896002
827.8405086573116,388.76027711879976,38.026924269119036,86.20766479990402
828.1167876452728,381.6128395094788,37.716783195615676,89.51290562788319
814.0,414.0,34.0,48.0
814.4470558843443,377.55593696311917,37.81174077153196,90.96529687244583
825.017833985004,386.8479506041666,36.71960108936605,86.3413470042318
825.7967024728209,378.93573017998716,36.107013056159644,88.00000651085912
839.987499875715,388.7086255111212,36.89089836871631,85.58521063742546
849.5745299108908,384.8507466820288,37.08281020449249,87.41579333387608
863.7742266148528,395.2542476849295,37.2843962774449,82.83030887101563
816.0,405.0,33.0,47.0
816.0864434819856,370.20130155313507,37.16638467058567,88.94767171884405
831.3436997606746,379.17946821350824,35.53763407951237,88.61057416189601
832.0983643463333,372.86651339127116,35.265435252396856,88.4077824351221
816.8707994497718,363.2646931236852,38.31963142306438,87.4437081120443
814.1356341164733,366.9820754459989,35.9951326782226,86.8148416330767
828.474486433839,375.6971218712476,35.88484759682456,87.3082130629748
815.0,400.0,31.0,47.0
814.421628057043,365.71209591347815,36.40151657463855,87.96564402943073
814.3422947032547,369.95198822111024,36.77017715542456,87.36821651970433
819.3097346092966,365.79051662680064,36.5620755765583,88.19090090263046
833.4815053998359,374.9877194588218,36.547222414740304,87.6233770565932
819.4060151947676,363.5873088784165,37.24920170222663,87.14034730857702
814.9465457794806,365.9186620739817,37.56340670751706,87.53847074992967
819.0,395.0,27.0,48.0
821.2914402242117,360.9558017448342,36.57650763471281,89.38477339667003
826.4979941643328,368.57821169453814,36.34301225070021,83.75766186307033
822.8360290427227,359.7226841950287,35.456564374375375,85.89165219239112
823.3001288102437,364.5429582312127,35.430419715823064,83.61830618216658
823.8202795254759,357.828162563197,35.2509656138526,86.40543925752024
824.6109138731488,363.70029927010717,34.72151030078487,81.629830213329
818.0,387.0,27.0,47.0
820.1161145545459,366.9014280058091,35.27098250393806,78.92110375515364
820.5398411916522,358.2662131507869,35.017437626951505,83.68955153962492
821.3141040575174,352.7763691014207,34.46642131900762,85.58642628108362
821.5846518004033,358.084426360675,34.575904689024355,81.73713281315759
822.2292987192909,351.158395646658,34.21837090066515,85.69559433024705
822.3609358400681,357.27149228520375,34.61738761617596,80.57072503540417
820.0,383.0,26.0,45.0
822.1629217125435,351.21927250754277,34.98347808429412,85.16756680041772
822.2091917166929,357.40096074156907,35.17211906491366,78.681569468249
822.6276075389301,350.3122501954192,34.909982267918394,82.54269138360178
837.1895497507667,359.49614097421704,33.373456429344515,79.96615421138404
849.9807966251192,357.4892398832546,34.481942376922916,83.11966672277919
858.9262480295449,355.42965595488045,34.619914396563445,83.66170730518104
824.0,380.0,24.0,45.0
821.5625930202164,357.93678812486576,32.93765020436604,81.8570817047351
824.4561950691505,354.5916695657098,35.72157811279385,84.02603076146067
824.8854383425904,350.59332569578436,35.38157599879219,84.02030308638967
825.2322033214157,356.6586199864232,34.985574549484795,80.70160370416579
839.6282152300569,354.93580298013507,33.73967330654068,82.35017308595155
840.1712880962655,349.96172004577113,33.753029345360574,82.28957320502161
826.0,378.0,24.0,45.0
823.6751232169568,356.40667521975047,32.91481718443629,78.38896719624881
837.251664637338,364.8288683705846,32.59895400667028,77.08916861822809
841.7567346297114,360.3977608783623,32.92549348563489,75.22195403861633
841.6915689592556,353.61612511429206,33.40348957479307,80.2266155913835
839.1557427781677,346.74454807191137,31.35485488254426,83.0893059843329
842.1752187831473,355.06334874746335,33.678437061511204,77.41961865548086
827.0,378.0,23.0,44.0
837.178163950985,350.925445504391,31.96791972167489,81.85421293488906
841.0302387572963,347.83292046064713,33.34362613031249,82.49147216698071
841.2286990204636,354.40382891447473,33.66215227056682,75.36109095568804
841.6093290194597,346.8595080862395,33.45361290482583,82.37528054564467
841.8429189191471,353.14189048612025,33.77625365411507,77.1327628680001
841.962811752172,346.287998576757,33.950146793548356,82.62049590539038
827.0,381.0,24.0,42.0
837.4019043239927,353.3546331434502,32.21512075002693,81.29497033609209
841.7950400379975,350.2018470433542,32.737537662554246,82.86967481211911
841.7981427918752,356.79350681196775,33.49355915101444,75.51098329796287
842.1111702131949,349.64723360375996,33.31791555163693,82.31751770465809
842.241746849852,356.0602813765356,33.782212719262134,76.47168980379115
842.5552294923799,349.01775886914163,33.686707809875884,82.72222812326902
829.0,385.0,24.0,41.0
840.1178895281632,356.7838507052418,32.37324173815068,81.25114282650867
844.1445653762427,353.31773460413905,33.632420743486705,82.64017857210166
841.2783675802253,358.12259146709164,31.73150068540383,76.25182902980498
844.837895999381,352.71146700707516,33.021294289600405,81.47562314375875
845.9622739330903,358.47434562263334,32.38552292797999,78.03766958678716
846.2534484342842,352.5140605843252,32.52293560989767,80.5500575903884
837.0,392.0,21.0,41.0
828.5306763690558,359.41302115711574,33.884515079438756,79.86271742556039
828.868094468774,365.4851766130619,34.25488928870027,75.02679172128268
829.4345356742508,369.4101858813249,33.884049116315964,75.20655561483522
830.1623745151713,362.8008872106768,33.8464423374794,80.14855720274295
830.7954445138064,369.1129922956302,34.12475649022349,75.07162639653995
831.7599533731217,373.03276196197965,33.92253927326033,73.86951620205775
846.0,402.0,19.0,40.0
836.9844875785035,367.7516972404665,33.69701785238624,81.76637333977573
837.1197812876851,373.74192356590527,33.996152995443026,78.4743450355586
838.2028640227711,378.53677513191667,32.82415586959132,75.25527992253467
841.9956231815321,372.0958642904759,33.710604660493686,83.9780063443402
842.0719235340305,378.9599421637163,34.14760366714086,78.85564274850367
842.6519776311138,372.417116668752,33.732807172922435,80.58035135422506
860.0,415.0,16.0,35.0
854.3858055795331,408.46962365809577,30.52178958156196,79.28153020544971
854.6551547454189,410.4001220714367,30.614999345857086,84.67115190160257
854.5094884046011,413.23489804154633,31.412143224533793,86.14122642333678
859.6497812681871,412.50293174105485,29.92660555983457,81.13816624627265
859.8745673820399,414.525389293246,29.74362323829496,80.672758623057
860.4926639650039,417.0166988226774,29.267568975472386,80.17885699867134
871.0,434.0,16.0,33.0
865.9925178534254,436.05905118964284,30.777191369405955,77.82521462877725
866.8400773308313,435.1349127891509,29.907296796003266,72.03159383601997
867.2719000713074,437.0953509464555,29.77086160755914,76.00021846838285
871.7240483966596,445.6771463878908,29.37675901984653,71.73852586254128
872.1001184928996,447.97343557351087,29.40612960730914,74.02735338872094
873.1615848897859,446.7132526864059,28.594639919418114,69.7809735390764
877.0,455.0,20.0,33.0
873.8288283896039,458.35475886497125,30.14346542038743,72.7282417867018
874.6754391729191,463.08587700854764,29.96496060522759,69.6878219223911
875.951606814163,466.40823509888514,29.226899093024485,68.27116209130918
877.0968335311754,463.81688056984876,28.641340280350732,65.68238190009174
881.15988823024,468.7040479610107,27.768381759361205,66.6409906554934
881.4308318413505,473.3720193769461,28.17178123122494,63.52347434851731
885.0,481.0,23.0,36.0
884.6597319025041,475.32296901048176,26.524321121925823,59.688756396867575
886.1484541381292,471.817377092847,24.835488165199877,59.717624181706924
887.1694920490149,477.0435662896348,24.41508212763665,57.53015516076357
888.1383340078173,482.41817899210946,24.315635485807434,55.74881482254932
889.2070706324396,476.947648129737,23.35108604329662,59.26000190090235
889.800764741789,489.58343983002123,23.903450236348363,54.764143295647955
893.0,494.0,19.0,49.0
891.3097876665706,496.26230194823165,21.430187436344568,54.75613087907959
891.4423423319354,498.2707691475556,21.879421486781894,58.24453150099316
891.701114085583,491.33410428737966,23.390073626799676,55.82162059194707
892.0527692673289,490.0555109674435,24.093858594609287,51.71219684635287
892.5728548980804,487.707757898095,23.898021757474567,49.32347388665562
893.3501672987071,475.2439574271491,23.269791489755903,51.566213388242204
893.0,468.0,35.0,44.0
900.6814609340372,456.3557800822216,24.35658099869852,50.01601236827753
898.1701804886779,445.883073400464,24.384100419404604,50.89062401918227
894.0289488930532,438.7104126339781,22.71481781794546,52.39620231053743
899.750171886199,429.5203758111768,23.435093116658436,51.969610908995946
903.3330705914813,419.98165893030483,22.188681646547025,52.5001549564584
907.4495780397372,445.09276861781615,21.197994798671857,53.508630210990304
879.0,462.0,40.0,43.0
897.7587738602192,441.8325138594133,23.110971530615416,57.488136040294535
889.5114164739155,467.7884714259551,22.269147355887753,50.60400651338489
898.2836424709612,459.3834380771257,22.53067858915233,51.933432679227565
893.3039846679715,454.14295651742935,22.219882619868486,53.76335862652144
902.2817468014069,448.82085267489913,22.05258224380134,50.44832846175888
910.9701986061043,434.0830891600316,22.139416573553945,53.56064759535229
881.0,446.0,45.0,45.0
888.2455338447157,422.51911336508374,22.17595279103216,55.86585385703552
896.7245286129707,408.7328938566209,23.45963101252414,54.11004503090726
905.4118305204156,396.133318519371,23.79706367016206,51.900727705498184
899.990555764889,377.43130892477393,24.022457446274075,52.30212121399376
909.551072822429,376.8692152038425,22.885968110199997,52.2878495223631
904.8621106927787,356.35531654785024,21.785877964175143,54.343386520602905
882.0,444.0,42.0,55.0
902.3156430814902,458.75148058149125,22.52758039205787,53.526286052897376
905.5551088053768,442.9521081242714,22.525168117540602,53.42656892112461
900.3303968731481,430.91465240196754,22.50764311746468,53.51447385321285
909.2162279978022,443.77493447856153,22.490405975669432,53.42134400408264
918.0943443829565,449.9120539838907,22.477699775718975,53.41132204910042
926.9689778765686,469.36474328445223,22.464731142428263,53.42291325743582
881.0,427.0,45.0,60.0
892.0191014060557,414.5537978491983,22.462225630355192,53.395317079444
892.4433695172518,411.16660246274006,22.440462929459954,53.403752057556005
901.302097352048,417.2979983025265,22.433535609350315,53.37375461401854
896.0860152352573,411.9878836666383,22.430722833294112,53.37457542507906
904.9442272725354,418.1036430833326,22.419966215065983,53.33713565748894
913.7981926873792,444.2231657931555,22.41066463635127,53.280994636492835
883.0,426.0,44.0,65.0
895.4912231811173,456.98312881225684,22.39359519830407,53.19850412099538
893.0957244271113,452.63595840979576,22.3883801037598,53.201818359826916
885.0920639725343,433.08623850336073,22.377512407763106,53.17319562002041
891.1256367653897,431.391254486294,22.360563211488852,53.3691612687407
897.1611676313864,443.4529833272678,22.338675237141615,52.97048519826154
897.5876328602881,440.2609106023377,22.328937401587382,52.74843569923098
862.0,409.0,54.0,60.0
871.4270305720664,435.0607146905991,22.193916189790343,52.9342118997352
880.1856558220529,461.0565761292826,22.275430089880274,52.89111709943927
880.591135522449,444.3453848291694,22.270617979000917,52.87754630033402
872.6443587867507,464.52281710627636,22.265914858832843,52.900229043718866
878.6452716691487,476.06177217957554,22.2449340436184,53.141362367659326
881.8332372929331,481.63646515952564,22.275983547908822,51.46818663649958
843.0,395.0,56.0,65.0
867.9221850743775,401.00319626342196,22.042155250145697,52.631224755453445
876.6530421467635,426.65080074071767,22.086231008970117,53.006014366416935
885.3493015624114,439.43025902262275,22.170460405993936,52.86087922798367
894.1354931067343,452.026621686748,22.1415242980122,52.72504129527118
902.9044101732934,464.8701191051354,22.10324827326849,52.51717040726231
906.1025464346972,475.59205989498815,22.09014805034508,52.571507103717124
825.0,380.0,58.0,71.0
847.7801300957535,388.0938708616934,22.088142493480632,52.4012915394743
856.5284647691424,374.3284474960858,22.06020090689094,52.634151515152666
862.4671829745582,359.67778959898396,22.082528662259506,52.62028472211114
871.1999808611594,359.42891577163596,22.06078885292277,52.290442725780906
879.9243498243734,365.53670318194713,22.02101516255925,52.310344028692725
888.6515773463079,351.7951641739155,21.922566994207045,52.449982119509116
808.0,361.0,58.0,78.0
822.8691264978778,384.0096148563359,22.263692959822606,51.92045027724731
815.122251745468,371.01233116575077,22.01027590115666,52.51947526504955
818.2831047197054,362.1875942064107,22.03050041582003,52.227601898472926
826.9838642170047,348.4740250324054,22.023434631593204,52.59040415366792
824.6430483611796,370.4192056053306,22.012620059234337,52.485567114783976
833.3425175191676,369.88450685132955,22.012114352271624,52.465233290257515
807.0,347.0,64.0,82.0
833.3236330263317,374.7617923938435,21.999351961660068,52.28615365909502
836.4991265926714,385.42944341822164,21.992462315599823,52.30536175734511
845.1898793806911,371.8417608743479,21.98687988380766,52.29123512610698
845.6113695938052,362.00536019996537,21.974785673422275,52.273362265325716
848.7865356658158,372.6696364013678,21.963028473577424,52.264938385357254
840.9395609978425,360.0478023059262,21.95515352302857,52.20376571608932
786.0,324.0,70.0,88.0
812.0818241549294,352.91882686611956,21.941356364821445,52.18012020951579
818.0044291681921,357.95085960826697,21.932088634304705,52.226379112338236
826.6725005364644,370.4757274560682,21.931748826635953,52.16333364615201
827.0898432106134,386.73176229388224,21.92794799201556,52.07525976175867
833.0096233196215,398.31156393902717,21.906134332366946,52.05945469162083
841.6726993877954,391.32104093449743,21.8948298212689,52.015079133827214
780.0,304.0,80.0,89.0
808.9843284745351,306.95355863619443,21.920955674360698,52.12131610013273
817.6500652280831,319.6244102983462,21.90262819784209,51.69494521849924
815.3458640552099,321.5475742325087,21.85384561823753,52.1656906605715
823.980520229369,327.6417300977011,21.921309483860796,52.000605697829144
