527.0,437.0,19.0,55.0
534.0558264940046,441.9446811117232,18.999472649767995,55.72204529307783
538.3546505985673,439.2823329075328,19.558989026052814,56.17879839726953
541.9800391102881,437.5502671418626,19.684295521375134,54.76361372393421
545.925425921773,435.56772370260853,19.373168974189866,55.0334112317924
550.8606312199586,435.84063100336925,19.45187344668409,54.1384666150675
553.5171881550882,432.8912962750161,19.452336144827086,55.510190868079064
554.0,427.0,19.0,53.0
556.0782465969163,427.9268863802399,19.33515259625608,56.35192338652814
557.4656258858099,428.39228339808756,19.316075932463264,53.330760136204276
557.6402574214746,426.790712958806,19.46042352274162,54.40330723391196
558.1964156169895,425.8076216221898,19.23567862124696,54.25129242171579
559.0889987594564,425.14994973527473,18.748719556747346,54.12100113128645
559.4923878474758,424.75294960068095,18.910955090869606,53.20839657035526
560.0,422.0,19.0,52.0
559.657568339353,421.81723901140185,19.275357678578075,54.253153469428526
559.1816418501821,421.50593953247335,18.95939104802369,53.87108453253677
558.1767420063159,420.09713361628894,19.080862351078167,53.08610818450802
556.6164555852629,419.2785037738454,19.508282068713015,53.811642665004
555.0657617109691,417.88080143729167,18.871691025691803,53.446414977889845
552.6034075862394,416.19198191259625,18.709352541375438,53.675995653713926
550.0,415.0,18.0,51.0
548.4206339349548,415.26233703940125,17.79672586457366,52.53904811115535
545.6036390581817,413.82022636763577,17.838674920702488,54.253590156184146
542.0890752799735,412.71736613142275,17.574699874741782,53.705964050589046
537.4964690266909,412.3295135868025,17.573484146139663,52.51065194364082
534.066375623835,412.2112258652371,17.43704214868137,51.21502707303648
530.7903706614525,410.7701913219381,17.204230116739723,51.6125093941929
528.0,410.0,17.0,49.0
525.0923974913482,410.498197643171,17.751869796048027,49.11393919107775
522.0754982928843,409.9300469094733,17.679399110904342,48.93579186402803
519.2735130700189,409.28264241857266,17.782757601598178,49.8244941214341
516.8053076795657,407.6808109357289,17.546643849005022,50.22349325954292
513.8391131936532,407.52710564791755,17.561576145557638,48.94927258266682
510.2338204724613,407.31770327025924,17.900148792066375,48.41887597585537
504.0,404.0,18.0,48.0
499.94556333443217,403.71037306130165,18.627137905415054,48.70440989959752
496.0857607300245,404.4245217770946,18.203495490842897,48.00923562198386
491.7098134330736,404.22373193332896,18.384520508399874,48.04446874379664
487.5121924698292,404.24542108112416,18.269836856797554,47.716154130463906
481.65638752269314,402.8862759057658,18.309708729316355,47.59965842610001
477.0933317993715,403.3601114954113,17.69841975460929,47.16537707507405
472.0,402.0,17.0,48.0
467.0043630097034,401.9397229841995,17.26761891608021,47.762607489791264
461.3958183825938,401.2424070021468,17.335206507362386,48.9863576449614
454.4547187924268,400.98107782593473,17.24830118566763,48.01206685229687
449.0286340745532,400.45916079739277,17.17156417293586,48.856817110675365
443.6156190120968,400.429132520126,17.13146622907999,47.487009029845126
438.18009259035637,399.7239624555666,16.99570091436152,48.48000188157749
433.0,398.0,17.0,48.0
428.5057134967142,398.95875493702135,16.33562812217656,49.93038834505228
421.2624924310112,396.72701455286915,16.955539814419353,48.03765408850904
414.81760142864846,396.3101498924934,17.008292224113518,48.96382589754444
409.21660641134713,396.59742668709936,17.193616350028833,47.60656508480548
403.8335535377282,396.15443393392474,17.053862285209107,47.06720901654779
397.05253162776717,395.13243683387645,16.90221693399235,47.56836282681775
390.0,395.0,17.0,47.0
385.2432089427866,393.6903553852253,16.768913784992947,48.72969616034618
379.05239080524467,393.99922270499417,17.14691700652037,47.988452916162146
373.58515251554104,394.0126285916586,17.211380053727225,47.294497036955136
366.95622014362857,393.2418690692027,16.75153304950868,47.719403564985214
360.62515221063654,393.06877679007766,17.362853783253513,47.89756181863697
355.1475615521972,392.71722763747044,17.226624330480604,47.03690199325109
351.0,393.0,17.0,47.0
346.183092292692,392.66160878346113,17.050926217654933,47.752988835081396
340.2709848351343,392.4020871186351,16.989802957109077,47.08211489728251
335.52387433918557,391.72921150408047,16.69642984789516,47.348775190246215
330.9363397165398,391.8239038160317,17.430030036512164,47.799100113820145
326.74000746666616,391.139519983077,16.990814141859232,47.59909877177074
322.42548127151485,391.26238244040076,16.7907105977406,47.133052448633634
315.0,389.0,17.0,47.0
310.9437531671715,388.359632278376,16.853943260129086,47.47483338154325
306.6538862195812,388.94242505074794,16.677512443731757,47.919839284264754
302.39072679342644,388.57365098974674,16.59779856008754,47.64138296917281
298.03082826925333,388.3735845174757,16.48591780152117,47.399985040214005
291.80110361897573,386.66077355006064,16.951904887550256,47.612879332018565
287.6336548148588,387.26553717575905,16.748264448708824,47.665795889597064
283.0,386.0,17.0,46.0
278.70297554052104,384.5849898902088,17.16537405977715,48.53578284685864
274.4341506052423,386.0730635547084,16.87440980882343,46.57617644377234
268.3297168983365,384.52123029366,17.046909401433027,47.16742920953561
264.39062952892164,384.79664162860854,16.939892960695715,46.63461680623686
260.3011545241982,384.4453095703907,16.931198723778493,46.65868349272159
255.35796311199806,383.2360708587612,16.774171150266284,46.270083329761746
251.0,383.0,18.0,45.0
246.73709736813726,381.2416961010822,17.342384264991438,48.56741930091539
242.65835923570285,382.30847950581153,17.207168817403158,46.13097618489326
238.64976722845194,381.605024832489,17.02049919072067,46.589178904201276
234.47600536385056,381.2691125668807,17.488537508755115,46.70344477060644
230.4744985807556,380.50768198141554,17.12425155146957,47.12395201440438
224.29148537581045,378.6338744943994,16.643926660296415,47.709107089970075
218.0,379.0,18.0,45.0
213.8537087774327,378.65242486767636,17.23752575072342,46.69542958538955
208.92626863628732,378.2681216775927,16.787372148553573,45.24581072014939
204.68505194326679,378.5825925473656,16.570467624138985,45.1861950255892
198.19788835755838,377.0678710039183,16.67387980305,45.91229546732393
193.11332350350986,376.7094248503877,16.143273885403573,44.855959747254474
188.338727662285,376.29348455792467,15.799629254377379,44.91881608505855
183.0,375.0,15.0,45.0
178.5668767154418,373.7671848654686,15.161798008035277,47.330451813153104
172.56417901556424,374.1355046935802,14.897842883377422,45.689188144345394
167.1488520414528,373.6425318056008,14.462146060511827,46.00864074168021
162.18532670268473,373.27202543425335,14.374886763120855,45.70904818285669
157.34657984831233,372.7543940575197,14.247005596370172,45.99487642170061
152.35885426642557,372.05857681816906,14.242188538681063,45.793823842200254
145.0,373.0,16.0,44.0
141.08747879563776,372.33879382732766,15.295587501409386,44.88123153173456
135.83007690900078,372.1822039869246,15.36824605436371,44.80498919737636
130.7805120931589,371.56123376588494,15.1431723216443,44.653864783906556
125.83424066153398,371.2267009547666,15.218196920385594,44.42786721596235
120.11710686871447,370.9860133698762,14.960329052770021,44.426861680426555
114.91377830877234,370.35283844907565,14.598567158236122,44.60270002058252
110.0,370.0,15.0,43.0
105.61443487951146,369.69119230020897,15.48344254760957,44.31902361151606
100.2899253139976,370.5606973772158,15.427325701313308,42.363156456099205
97.8426181329533,371.0111516377065,14.705391031173619,41.562176567439394
96.26698476264912,370.509529406168,15.154840484454922,42.62639746002719
94.80006165495803,369.9711408367415,15.03300909563741,43.187007361699784
93.12787075033111,371.1748356290809,15.282576265554155,41.44591259837216
92.0,368.0,15.0,42.0
90.40646575707129,368.0526022731706,14.970995900196456,43.32029948643196
88.7975007024566,369.7219556026855,15.042632353055268,41.47363357138363
87.40469677486574,368.5421333786703,15.204078626210801,42.900970677054374
85.75836162320321,368.2199866382091,15.456138342135446,42.93063337536148
84.22294224265369,367.93928650582734,15.798271579791361,43.10075565269926
82.71261269486655,367.76992316470023,15.814622696681454,43.132524105337325
81.0,367.0,17.0,42.0
79.97652843833478,367.98691412891867,16.181917060265704,41.73795435389866
78.6519725652402,368.4093687191727,16.43670710743625,41.88582989392387
77.57573868032586,366.4194849826936,16.006362833531426,42.75001443155077
77.89719897289842,367.5129594569005,16.50784021820209,42.88348583484208
79.384319369183,366.8643238898237,15.479582127561429,41.993409144655686
81.1588105984905,366.4545066999426,15.689523830082607,43.28013992548733
83.0,365.0,15.0,41.0
85.30284704525252,367.53538778862077,14.784903377986623,41.43975192448505
88.01609624394587,367.2333366589428,14.89912557898333,41.91266918391091
90.56361738371251,367.26349150085116,14.501351853896978,42.206061499528005
92.97226230489322,367.84717380000984,14.333245960115022,41.61008056083074
96.88395267389998,368.97142802293865,14.156160870321997,40.41499135880889
103.17353206409052,368.26914645133496,14.171367837318257,41.54099288713968
109.0,362.0,15.0,40.0
114.98372142068338,364.51798169374933,14.337584447752747,42.250756502042805
119.15035489372079,364.4381834039449,14.71377037303526,40.88448043227089
124.93350584338896,365.3898882341682,14.05070061849068,40.11934441205699
129.4725364297717,363.807561245536,14.248202602901017,40.52480865484682
135.93913067060203,364.1486660667881,14.294664958472708,40.054121292121295
141.79013933428473,363.34216147807837,14.228740430266981,40.211121826918145
147.0,359.0,16.0,38.0
153.46367894883488,361.1276492641664,14.70023597090099,40.03137266482554
157.83183866749732,362.192701266614,14.91839914393222,38.47273635060111
164.5682164832134,363.0340001014389,13.906169490143157,38.07188601011313
170.67049304944294,362.37256128890493,14.3137568965426,37.72372235789436
176.29503251625377,361.86703522928474,15.02275957411527,37.833104165252394
181.95995650530358,361.1943223097207,15.186270901341459,38.1748706424774
188.0,357.0,15.0,37.0
191.01988824128236,352.4712071983779,13.742920666884118,36.25384788204963
195.23917424567475,356.81640001962376,13.223636682525381,35.72052134973569
190.33022079468458,342.827637024606,13.314073343628422,36.372772523933406
187.0892104501146,340.5226094626198,13.896440798506063,34.3170351484614
193.11021731726214,344.39632181836487,12.95928466507803,35.48825234763626
198.46063565701036,340.762095758339,13.279836707221307,34.11867165762101
184.0,353.0,22.0,33.0
192.51193320138887,350.5356030510484,12.871765714920741,37.375693939622636
191.23434934345337,342.6867786872307,13.091819008918975,39.00128583576077
190.1567291688346,340.16382186315536,12.910110767699479,37.97916233702267
190.5426202892113,338.0268056413322,13.047306848577904,36.78408843526199
195.97755261769868,337.18288309350527,12.878891911449045,38.573541904190336
201.1402723132684,337.21339107753056,13.244177638751097,37.80892239845491
185.0,332.0,23.0,36.0
196.48071777573216,335.7731631452398,13.271125134967065,38.45786889466899
202.34234275543864,335.5748088848492,13.119283290494707,37.01021065087036
207.99184496769914,335.2590808767029,13.387634156884815,36.55807958305195
213.40904177286723,334.684073952602,13.884467650576994,36.66171395342519
219.04387954667993,333.66287037342977,13.918183280964683,37.48508782284864
224.76651975360852,322.9215744978256,13.360769365681676,39.17714644572641
186.0,331.0,21.0,39.0
195.43045481365925,336.89566542710617,13.20755598020483,38.247698761976324
192.57632247164898,342.79115952146725,13.188601172948637,38.327928100755344
196.33461299568305,346.5728354890344,13.185879257417554,38.38375160594393
201.74699980174432,351.0593557737278,13.180826691326047,38.38845499748726
207.1575407380356,355.57394745466223,13.17798223041649,38.32812344173834
207.60743707573843,362.7789251636118,13.17393146114236,38.3417676852369
178.0,330.0,22.0,40.0
189.88147318662658,337.6890686788161,13.173909613175766,38.253499999673636
187.03119619998745,338.85109194209895,13.16462852099312,38.2019408581823
192.43385365839015,348.0678585510153,13.16000231881776,38.23643426543464
191.2357443345849,354.53893058398944,13.150988476302047,38.257746608755724
186.7362659936566,350.1832765371286,13.146359761369325,38.2205888898614
192.13356377527697,354.7870977380597,13.13885968109625,38.13855529369863
178.0,331.0,23.0,42.0
186.7848956544327,337.4523263597528,13.134940608928474,38.21869798422762
192.17942121904983,341.9762235944958,13.128041657989797,38.240042259429174
192.62812646359902,344.4683563447484,13.12655787572865,38.19400904910293
196.37123260123843,348.3028139067332,13.12350208364245,38.19632469652316
201.76024724791642,352.8419330342602,13.118570141374448,38.118179733000034
207.14754649308367,357.3319174696704,13.111582595959135,38.09882489073573
178.0,330.0,23.0,43.0
182.07543642824675,335.92662620477313,13.106534466428855,38.180915381929935
179.23519601712044,337.0902335845745,13.105904235163536,38.12104454720287
184.61740650355438,346.3703982150958,13.099168697064556,38.05138266031105
189.99720334816482,346.11547277646406,13.094220837325395,38.10870479106285
195.37390131431093,350.63603454199085,13.090941868377854,38.06120612675841
195.82450547023433,348.3644160211329,13.086826857899666,38.07643709285168
178.0,320.0,24.0,46.0
182.75232747693775,327.00814069161,13.083183747751548,38.030574896611995
188.1265668312048,326.778266295868,13.07687902932247,38.00516190751114
183.65803373886573,327.2005698980624,13.070755928110572,37.98598774952484
180.82993158450213,328.2987091910571,13.064467155015791,37.969292108203035
182.9192683257785,326.7323486420232,13.059086096794516,37.974299875953704
186.64432474503877,330.5380330416102,13.055451324715222,37.95161437191513
178.0,308.0,26.0,50.0
191.75889252520588,320.25733907555696,13.04745890404601,38.023165319569614
193.84602834223662,318.6629245795028,13.045042763957525,38.01562399871801
199.2056463296645,318.4526408509551,13.045087017466102,38.02801589935183
199.65648633221244,320.9210838652997,13.041683269194124,38.00495526651673
195.19511595972526,321.3182192294753,13.041792047385599,38.020677313109616
194.00835439379586,313.6072011248111,13.04007584490978,37.93848760710773
178.0,296.0,27.0,53.0
182.54638700345663,301.1824383493138,13.042953091337893,37.87337113586278
187.90629335468964,305.6529531317682,13.033247948008977,38.01649843093651
193.25811598838902,310.18074804278007,13.033624047495266,37.72958125538577
198.6198569866781,309.85005434080017,13.014884564470549,38.01615195502143
203.97045944877806,309.76090723747086,13.021520115157955,38.17177441932813
209.31647903288243,314.38107900153693,13.03416886002708,37.78293528776737
177.0,285.0,31.0,53.0
191.57910049572143,288.61821141704945,13.05871784465944,37.572601889267105
196.90174339834266,288.5709962109893,13.07846832276823,37.35141568392203
202.28391268022713,307.0686498814904,12.989957194022026,37.82137944454297
205.9924990065003,311.068866744902,12.98693129470783,37.47119831320873
211.32829258598213,310.76973940167335,12.975867614786864,37.76394270748784
210.15905448003667,312.57478850933796,12.956827267129313,37.627731628257266
177.0,273.0,33.0,55.0
194.23225931555197,281.69099909444685,12.871075341176805,39.283302738306816
192.94565599289376,275.2900301171878,13.083773779547755,37.40295915175386
195.09735401423092,277.5741548282128,12.902168159624239,38.50061089551343
190.60456443034445,276.96132775481306,12.996945266384756,39.28049611511625
186.10538640988167,275.91201398693886,13.055402689156239,40.42341949750994
191.45699033759854,279.5061806621525,13.167035352469924,40.58656756048549
178.0,263.0,32.0,57.0
189.61167008016173,267.1802628792991,12.982454967289925,38.63818136832094
188.31882599804965,264.5914099992083,13.079762588361916,38.53386530965872
193.76342522804669,264.8994843856692,12.971893776462082,38.496587869914265
197.41450528569538,262.06300640281484,13.195041572440687,40.85685314891276
202.82388411672284,260.784122548137,13.283283878808504,41.31213056187721
206.5259193490232,257.8650665246455,13.470914799424065,37.564086653146944
178.0,250.0,34.0,59.0
195.609833462033,259.51240285966105,13.339498280138912,41.78584778568313
201.07418686401166,258.01358450504176,13.460976723066523,42.12414508096742
204.90525944136638,255.861498547108,13.464612511205473,37.04300043102609
205.39565916010798,251.93799131150124,13.399818365964279,39.7520196013634
207.52528262605423,248.8211130835473,13.387291225431738,41.17117572569799
207.943727325686,246.6324381508125,13.473015665126212,40.1433849833756
178.0,238.0,36.0,61.0
188.35554775587167,242.20982230242075,13.593417068391346,39.687898583935095
193.93524324302635,243.05598152118512,13.554558093109193,38.69960243384389
199.4779436066651,241.89191325405807,13.562763628699031,40.16949463148961
205.03598105349454,240.1963867799571,13.559990975719899,41.64985899911534
207.154215993276,235.89416334279395,13.642464651412382,38.48762702786166
207.63134286544542,233.6641205209618,13.580653574529094,39.228539859091455
179.0,225.0,37.0,64.0
197.94711458097174,232.8246447509287,13.591734489450545,40.39230928274168
193.27371589127125,223.88716368206235,13.59094053882336,39.62965853591601
198.8137906179844,227.74049750230944,13.647678077300554,40.62934073661205
204.4093474180609,223.25662560306048,13.63388710026635,39.60454306583969
206.58614881336345,220.90456116736158,13.582956610386447,40.53490327036309
205.29655226892297,217.30094333977183,13.634943093989193,40.871790276355114
180.0,210.0,38.0,67.0
188.58800946873433,210.05161645926006,13.719395365685301,40.850755912249156
194.18915005552833,212.605013364856,13.75931321886543,37.692736606030735
198.13336315970642,210.8579160013406,13.624679804777912,39.5465024107815
196.87379502618577,207.91023506506795,13.623240993236777,39.543234878160575
199.04566744534492,211.11795929590554,13.6018528095519,39.790796415827316
201.19385929394002,208.6264895748061,13.62080107773437,40.82617643860402
180.0,194.0,39.0,69.0
200.3139055905511,207.75686792278788,13.658575063550359,37.22472965678611
204.2317141997809,206.06976039006327,13.49310156035071,39.45549660996994
202.96667436636238,203.43812260603522,13.515100565527462,39.44281198913322
203.42016831530034,203.51054627737813,13.50241283589014,42.36999182216243
203.81470225124707,204.90665858130092,13.571967724476707,37.18661938505812
202.6011599009687,203.15263815431774,13.512369630308228,42.33671518467668
181.0,180.0,41.0,67.0
200.27296740917524,193.3731550085123,13.637921698758987,41.63309483999015
204.10519271243854,191.46086237553345,13.835799756107718,42.78580922708841
199.31558038833762,191.69001542323258,13.876692585360814,42.42470142856797
199.72638726518358,193.71260518650547,13.952678705731614,42.76328728530419
194.85391183278875,188.7080900833384,13.999920900238436,42.7518667534905
191.71646744204017,189.36496388042826,14.075419478837802,42.98415158206933
184.0,167.0,41.0,64.0
194.16597940342206,178.71279891512904,14.174604780465131,43.03101913770456
199.9567333678221,182.38481685784166,14.238888337409122,44.20026898504557
200.3879883979403,179.22229460331982,14.298269061291194,44.882035051348794
195.3598183865338,179.06831563583341,14.345648824919635,43.3565373972238
195.75677438016874,180.4551810812536,14.459021731386883,43.824873873989645
190.77842833481924,176.80297063555022,14.430543168630038,42.700285259185904
188.0,156.0,37.0,61.0
198.02784738433445,167.6553224333674,14.46410780089414,44.8711831658359
200.24533285811196,172.04966739213313,14.585954942870643,42.99841480009104
195.05230503677603,166.85248909970596,14.784348098720585,45.36959177929566
201.07728097106244,172.75404994263027,14.741476668292108,43.92907540137628
205.21649587271062,171.73347636088602,14.754016361393866,44.16004398250698
199.98809237733286,166.6840559871919,14.916231278325114,45.62312857143306
192.0,158.0,36.0,58.0
206.07445898123927,170.85490530573617,15.00384171714444,44.17158005056598
200.9443598039018,165.68267439199843,14.895829567230436,46.320900056738196
203.18930964818344,170.2297879224328,15.060740193667357,44.60784224241965
203.60528372659127,167.43526231517217,15.080473274705014,46.86568661150932
203.94958912119705,171.39109343297818,15.22779944215813,43.321881294815114
202.54018640425107,166.955973664,15.137219020673882,46.830628474939545
198.0,160.0,34.0,55.0
203.77966672711716,167.68079597841916,15.286445896443666,44.46956868216131
204.14977411480567,170.45194151301325,15.387464605551997,44.27256408202328
202.77586513717512,166.44246732500972,15.199488924089337,47.402511276579276
203.13692236920298,170.4736519272901,15.361009481246583,44.118514023400195
203.54401330991664,167.00686696682016,15.408068935591473,47.63094517460013
202.0997429288491,170.40245852484534,15.356690820501996,42.65580291919136
202.0,162.0,32.0,52.0
218.22654844795161,172.6163829455549,15.374787239662254,44.080929183129
218.61725687407102,169.6686940384848,15.42969351183666,44.23020056292032
217.22710563052252,165.71740929110234,15.279322467115861,46.98400965378636
219.55498392474502,170.5180976443511,15.35189889812645,43.33881682984952
218.05192755687602,166.03053730153147,15.35838213169444,45.55927049190453
218.51270416106925,169.2807967632845,15.323017210872848,42.81871760739466
204.0,162.0,32.0,47.0
212.47819732054316,166.758676954007,15.518142705834748,42.9982648910501
218.76594269832606,171.17601724933454,15.355358936651527,41.854336495107844
219.3014654299037,167.2134297602364,15.192920131284183,43.75367698854717
219.71249045268155,163.93291466314912,15.243663058031302,46.84401100799715
220.0501200825277,168.01230914212908,15.42422276025178,41.72858172486815
220.57825135517842,163.7085051424604,15.247036890438437,46.79465827031379
208.0,162.0,30.0,45.0
221.14560544262517,167.8371516808309,15.319334321812903,44.06488902518652
221.62927378270993,164.7345255438881,15.28266636792597,44.706123184181536
222.0864100757538,167.6931441333739,15.259171630982905,41.733287909981016
222.618508047558,163.47940685671972,15.039323578244364,46.334232006799425
222.9812026617921,167.37144945805935,15.10717860420641,41.55045086577317
223.46535165970968,163.19119197449504,14.913401729553556,46.76968590164773
209.0,162.0,28.0,41.0
214.31647687948112,163.18944646669036,15.294196621106636,41.392759079690165
214.78829297450608,164.94333603030321,15.201157926121851,41.040070774169635
215.25082169208616,160.73122495278204,15.102709332387235,46.0081368888595
213.75266779195013,164.02486695215038,15.208158430793588,41.1099598622157
220.02084624431086,168.0635809194257,14.890626706385973,40.88006167024048
220.5961329291219,164.278194713122,14.699454184307257,42.765660393035375
203.0,161.0,25.0,41.0
215.91222984596635,167.1374379494647,14.7096453133272,40.26215853205656
220.12418417554315,164.98997585448683,14.540725989723938,41.9003791130649
220.58841637445204,162.02309261324038,14.449120559726623,42.75127174904816
221.02356450841393,165.12664682661443,14.357000344417088,39.725184468481984
219.63501790223683,160.4721394359683,14.39838725003085,43.76433115879615
220.097918254155,164.16486677113335,14.354488998437006,40.60027604057552
204.0,163.0,23.0,39.0
205.13721027576838,158.24873813282932,14.108003089566807,44.334210345165275
209.00414239005477,163.54645524843042,14.52468641953601,42.71555017307094
209.4446521254413,161.04437162887527,14.528105330347955,44.10199332608599
208.01393321459952,164.1440004150898,14.664829311719217,40.42626645208401
208.5317991775785,166.24057796849564,14.539330853587586,39.398358271667405
209.052706514086,162.3810048547627,14.383792268737977,42.91623081776271
205.0,165.0,22.0,38.0
209.2169531065323,166.66474307961562,14.465546407105307,39.2615685346982
209.68795653943008,162.6558727925522,14.403744782096823,44.14637537913433
208.2903005113731,165.98512227169684,14.509263023703483,39.42860649661489
208.80621989371053,167.723416061742,14.368642379691067,38.92142750596042
209.30697813043696,163.86151669055224,14.235593063539227,42.533120584036
207.92622007535337,166.58039562967278,14.357554061061506,38.88261407019152
207.0,165.0,22.0,38.0
218.1677949714948,170.01822409512505,14.002482711477228,38.46134443135588
218.71433083999983,166.456843718222,13.847446095353575,39.97354362537271
219.18497115341646,163.42207199940813,13.785399686306846,43.10538078900041
219.56119182399956,167.4203008075937,13.82899602902512,38.52180656206926
218.33520547000035,163.0416081844753,13.757314731089934,42.75760098115734
218.75156646470538,166.80704992548542,13.828575329484607,39.652279958561536
207.0,166.0,22.0,37.0
218.95361672597704,170.78979830012545,13.761826025998744,37.76139372108659
219.46203909430596,167.2758827322009,13.557413847728412,39.3144429423792
218.1898806175043,163.63594831488803,13.60613229480353,42.07655332066952
218.61460970945618,167.3329525952381,13.65126344422876,38.84681553906148
219.08333962953222,164.14989932549557,13.542273433030488,42.27498010856979
217.72904025878694,167.34290935218178,13.716331491900974,37.773067731980404
200.0,167.0,22.0,36.0
206.72923904723683,164.59924004565906,13.63814943745598,41.78086758460822
205.38150225362722,167.6285561815625,13.788978954341104,37.53092764685647
205.88797341675894,163.8933528062983,13.691444688461019,41.89438842829958
204.57511605203217,167.00914585456826,13.778069472697382,37.76853259113864
205.05701718032657,163.39132384855662,13.750351622320238,41.96036796019729
205.50825012885292,167.21282558198368,13.728034010318027,37.768869972886364
201.0,168.0,22.0,34.0
212.76989557527057,171.15078908453154,13.534857564268918,37.285527921440746
216.5772630453982,169.20518971038427,13.579096405959518,38.87741003840148
215.39134383931238,165.7989348110043,13.470853027730953,39.55164208842743
215.79592733948473,168.64076564808045,13.531241647336202,36.843693791537305
216.2667360995863,164.96192134283183,13.448713944606453,41.40311567504796
214.98696707155779,167.9724805260385,13.506716844947618,36.85180940618511
202.0,167.0,21.0,33.0
206.3728030689125,162.99607535447836,13.469430669719657,39.44086144366793
205.15393988610168,165.32197802001025,13.482391868918398,37.1401215118338
205.6699219144012,167.24355212254116,13.35983316861416,36.47387292830203
206.1061437378808,163.99858082435287,13.327396032380705,39.01375970958043
204.90980920164878,166.33327132888564,13.319654743832643,36.44826118506501
205.3992414734946,162.89280597377098,13.259156213763845,40.33697565888161
205.0,167.0,20.0,33.0
208.35922169541942,163.23697093128433,13.37263593487458,38.960349423002185
207.17393218705152,165.5921139610657,13.329691466565095,36.47536399968317
212.73567012610332,169.45022606619915,13.102658721655672,36.17670721851823
214.87296451555085,167.00452088339648,13.043689456362586,37.54184887004527
215.33099957365496,164.5515726026425,13.008637054519596,38.6324128002604
215.76295178439238,167.6678409898617,13.024759776943114,35.75804531754642
199.0,167.0,19.0,32.0
203.90361017618687,164.05428939325589,12.975289440418976,37.95867200149337
204.3651630129477,167.02853314896504,12.94871315970417,35.228188521391644
204.87935935498552,163.52529363737204,12.82376639996113,39.33586483834
203.6619237649014,166.56484965396277,12.954466891884039,35.14599445578233
200.97247689194126,161.6399266199987,12.784978256696661,39.86797790286508
199.88192954206266,164.60646608067177,12.720306579470503,37.52573793774769
193.0,169.0,19.0,31.0
201.21904191106526,166.70915601608272,12.774200396864359,37.884382525323616
200.18948568982336,163.9875032567336,12.611564397892664,38.35569845180342
195.5247094967924,165.17045518509383,13.053148414763598,35.69726946788643
200.96348197321868,168.8665417462587,12.741088624123222,36.81079798555348
206.18494037327412,168.46247517921307,12.84443228962175,37.416164623192174
209.82797119608767,167.70456407945983,12.862297041932095,37.584175559085054
189.0,169.0,17.0,30.0
191.26850832177365,163.91813112731137,13.014841762634632,37.61125066351926
191.70411179456323,166.9268052747037,12.994671491557597,35.11771703701598
192.24530285994334,168.59360642999076,12.825145338144637,34.85049519095901
192.63882831058032,165.52114990720423,12.828045491439923,37.2129158808047
193.06896664595735,168.42103470546772,12.818397600698006,34.69279903471033
191.9768984702702,164.67860358263135,12.843685339115353,37.200191719482405
189.0,171.0,16.0,29.0
192.61067381350708,166.62933616932833,12.51938852083893,37.16729011847244
191.4152126639665,168.88560814039357,12.726287725598382,34.59342124288963
187.2162646549694,163.78978396568976,12.444152517236091,37.48446385701618
192.33780103944264,168.6931576987171,12.520730003132059,36.965942048647264
192.7458010429785,166.78492719754206,12.533966693309395,37.00119643602196
193.18590516419206,169.75467268810533,12.475145755679563,34.3558626234865
189.0,174.0,16.0,28.0
191.95999204963096,168.82576964858885,12.517052942141277,36.88135734990021
190.77962305724122,171.0920401578456,12.831175310668925,34.52742156068217
191.38745987561344,172.60621722692267,12.600615664193242,34.60254652360075
191.95302298379016,169.76212652585804,12.277349160992856,36.695512437469375
192.38660700829797,172.52193302208275,12.19928724357655,34.20860518073391
191.2019716691718,169.01383703801548,12.477654974462638,36.45967055737856
191.0,173.0,14.0,26.0
192.7896247335857,166.93557545697618,12.243152081396147,35.82739023652965
193.23580605762584,169.64781410141603,12.144500019439334,33.64243775145121
192.10516611232987,166.0944501299119,12.30831446043834,35.85393306355414
192.62096324037353,168.9683078481317,12.094755787961304,33.410192033597355
191.5101491263918,165.1663178120939,12.289501270831806,37.301426770548915
187.42024287125946,166.85020533558054,12.008252172454633,33.36585997435395
192.0,174.0,15.0,25.0
193.94593190010093,168.577699977411,12.446892919815213,33.18017856750333
193.04657798717142,169.7804626455673,12.161210848322725,32.850048144969435
193.36157442398957,166.74637784261733,12.342276634985183,36.05978347221287
192.38898504519963,169.33663621138635,12.288069301268393,32.95596660711044
192.93774335159753,171.0307233501346,12.088721199691918,32.78427930849173
191.94237480217555,167.57214220869366,12.13212307786452,34.969432309127455
193.0,176.0,14.0,23.0
193.3956384694904,169.49288789355018,11.970534074288025,34.12518216620748
193.72883104113754,167.16262822838178,12.227686614703174,35.43724846360931
194.1103141147608,169.9981149924398,12.235247336862983,33.80228450791341
193.04637674579442,166.9267039143574,12.30634791583941,35.21736257999311
192.04774868774498,169.02609444972893,12.228975516649058,34.5922978706426
192.62441827614367,171.27614786928046,12.064588059677163,34.46920607824342
194.0,178.0,15.0,23.0
200.22506318920574,173.396109370319,11.827143662087735,32.85341780406631
200.70489944361424,170.5742252290192,11.737076728044542,34.85044304388845
199.71173983543974,172.72592514801292,11.693114434950076,32.62686553900724
200.18452180874993,169.9791693868466,11.619579499720402,34.74597664714088
199.2709581948091,172.25018917107985,11.521109654796078,32.17947555196844
199.76684236156274,174.0039564986606,11.476146133556256,31.828346359750014
191.0,178.0,14.0,22.0
198.69442928141007,173.977572909652,11.354202342637564,32.04093933560557
199.19291399443046,171.7929971037076,11.287012507657721,31.408380651510413
199.6648285928953,169.19312424416626,11.195720473267869,33.429572511375
198.7479939343591,171.40719176829373,11.169301266783606,31.11111240041612
199.2152142380841,173.1191609087125,11.14512261209353,31.139222475494762
199.7020862296444,170.6657629913205,11.055452794889618,32.745132877664844
192.0,179.0,14.0,22.0
200.0851858308809,175.21949069765276,10.926934994885755,31.20256251705206
201.8845767323832,173.52829354217798,11.015204922516034,32.242739113260825
203.72944401532578,172.27099706926782,10.97467788170269,32.90020367362325
205.5666039230216,175.64585397396303,10.953127306123179,30.389424265676155
206.04216284622944,173.09061640782522,10.91434861935167,32.2136543010119
207.88705425159588,176.21959315362503,10.874081927499674,30.13592399586716
198.0,180.0,14.0,21.0
201.82136259376801,174.25451722683266,11.06495356803552,31.21508292658831
198.24686863032454,170.54505409076177,10.818971655766433,32.00500172801958
195.9200683193336,171.80022342710788,10.920403784800442,31.351018485944167
192.30896517154883,172.31649140815722,10.854674822492086,29.826497346221572
191.45251161416633,173.27487049351157,10.776629446061065,29.934926451400372
194.63183719631104,176.09676646767718,10.714418586606627,29.313439503391805
200.0,175.0,13.0,24.0
199.47768340617128,170.11753366264278,10.642648034652439,30.033202405186472
203.94010003575525,173.4757847720693,10.616216831944342,30.5852325039574
208.39616943604688,173.28370233748396,10.595132201114325,30.99773110745801
211.51145819610107,172.7160360532262,10.59300479984816,31.19462554803991
215.9620639458744,176.935019199278,10.612772226980297,28.87674425228525
213.87779725005967,173.48527084948927,10.452611970467586,29.103172425853472
201.0,176.0,13.0,26.0
207.1456104322408,175.36284175170053,10.434934426100341,30.47344776636035
207.6008158717614,173.3712007653637,10.443132208509155,32.25224758099034
211.99401854538365,177.90392429755644,10.498386031119253,29.974220535588927
216.40372124973865,177.514876496863,10.500493865458992,29.998994453233706
218.19172347586687,175.865575004835,10.469601457827054,31.02083307301487
214.69786144652403,176.82017934737598,10.465853346853663,28.55446562038162
196.0,178.0,14.0,27.0
196.05792736907478,174.02579216842693,10.391965951660183,32.11632493617557
200.41084904455724,178.51681552787704,10.48275815237659,30.68074008644544
198.24343591827366,175.73047507482573,10.473769407921765,30.855057287966645
201.322342751788,179.02609290190702,10.504820520957452,30.27274430968066
205.73731121142657,178.79033449321184,10.476876347414787,30.72574985741113
202.23428943936858,175.5148337169935,10.49793750585684,30.675954011766038
191.0,179.0,15.0,28.0
191.30936784228714,175.86323424246348,10.510937967283581,31.44064012312981
195.72192507284242,180.03660442326697,10.532206621867374,30.789780330662836
200.1375745378505,180.08160280787544,10.548461962839525,30.84870705203241
204.57398966125635,180.1419584097422,10.531917127453312,30.89245447533358
206.35165499132052,179.10295990473736,10.537354673343714,30.899938225167716
202.83191426812147,175.61134015516518,10.550838662625836,32.38028532301945
185.0,179.0,16.0,30.0
194.0629442533338,184.03618681083492,10.618871164152722,28.874919708622315
191.93464052809435,180.2864743837881,10.5204413103435,30.515035706524998
189.74800820474394,181.35433413918804,10.524797735279918,28.66700366175587
194.18204874949345,184.29844048063944,10.428275290574447,28.470863018404202
194.68630042437832,181.7262097667961,10.345108153035397,30.0394577307749
197.7422028338781,180.8184656460002,10.345840745586571,32.094674721591986
179.0,179.0,17.0,31.0
188.3562433982369,185.0357481847645,10.433334792638021,28.39820693632197
187.57375316966483,181.81632539219157,10.332354017608196,30.054451192085025
184.13885635151294,178.2655020375295,10.339565938406992,32.150052089536274
188.47559057715057,182.77033686216126,10.424396541247205,30.465477355442033
191.54383756087998,182.07645667213805,10.426013689908302,30.55220361490518
195.9317979553879,181.74244000873114,10.427192167558047,32.374108710392534
172.0,180.0,18.0,31.0
173.89168941023146,178.84794348449824,10.52579336769682,32.35736173364742
171.69300974305227,180.6100623398714,10.54720796446145,30.797193891393107
172.15977370599245,182.849066063165,10.544871173494698,29.06484640305095
172.6340351854359,180.14461259835824,10.515356201404614,32.54199148299821
173.04954984700908,183.23793176065283,10.593696451444004,28.846441954493457
177.5155876286152,182.08893386881485,10.4900846630604,32.33060679518579
164.0,182.0,20.0,31.0
173.05586922009087,186.54175587999757,10.542790356839674,29.54288587848717
177.47709887331678,185.60419385825506,10.522560366586674,31.224968376222392
175.28076561645778,182.79726210889407,10.53443315397925,31.331645156997183
178.37862668574545,186.1232338127861,10.563694305706605,30.74884843941362
176.18931875355054,183.03538711814997,10.556759758395515,31.29005501448188
179.2951835379507,186.23402301479882,10.580954398393715,30.901341334583492
140.0,187.0,19.0,30.0
144.4363041168345,187.54991306726492,11.379584287930129,31.001686785519496
144.75976440229135,188.34924714393884,11.359560154086694,31.178848513209232
145.0131420913774,187.78286228902925,11.572274848942357,31.273336730342862
145.31460871273862,188.42394046786706,11.525934292116489,31.57965182565181
145.58916394735297,187.64630622935766,11.682094865395811,31.922060742542783
145.91206430505235,188.6146715884658,11.645314538864312,31.754444015881234
139.0,189.0,16.0,29.0
143.3432406619121,190.05585043961688,11.569793832976671,31.764495904577046
143.6597808940395,189.23957019196337,11.68520070872276,31.961613286437057
141.5386052516231,186.09777136160795,11.130635931935728,33.18190721235476
143.1852039297233,190.3560173542652,11.651030262147856,31.439408149513497
143.579809698873,189.2389334386391,11.864926961416387,32.048809747129724
144.065481558106,189.74666543955027,11.868273916871061,33.32874798620105
141.0,190.0,15.0,26.0
143.7503901157432,188.67637971300837,11.330527625098512,33.115582804627365
144.1563112003493,188.32734571130817,11.38265873596822,32.367075897464446
144.5877216870264,187.5862372069255,11.407946213766422,32.63330340460777
145.12724856035805,189.00506604664713,11.149524482194408,32.17764665805055
145.50592945213458,188.25939078332055,11.199663489428843,31.989643035835513
146.0022988464445,189.12048007902268,11.100636491971642,32.8943260135911
144.0,190.0,14.0,23.0
146.7827693080044,186.09625533784174,11.22582998927112,31.60013210007321
147.31781378785988,187.8963247335376,10.855697251495059,31.035437824669543
146.19810664077428,186.4858828854721,11.3468358588311,30.94734129981765
148.25632668986873,188.55826147557855,10.652983710977708,30.805510739053943
147.150021452788,187.18913567922237,11.145209463983008,30.26977860526148
147.69652205861155,188.17638471274824,11.08322030152101,30.81448214532088
147.0,190.0,14.0,23.0
148.82750548959496,186.9259888831774,11.091617270638835,30.67853530732691
149.38815720911657,188.58460726495332,10.940336321451753,30.250170365521626
149.86142634828914,187.6676418946128,10.86892480335112,30.61569841060347
150.4069542631761,188.71657540204262,10.702211044147248,30.700630044628156
150.81466886819206,188.0985890705067,10.660062196495772,30.09762459639336
151.25679273981956,187.3171229855909,10.650647945172665,30.509174992376245
149.0,191.0,15.0,22.0
151.33624046478255,187.51454321861513,10.773486593484364,30.18625154793881
151.88710619616464,189.38748334998832,10.72534096696566,29.422944549889735
152.38840534686653,188.4044796478297,10.61584424672506,29.808573059308173
152.9198945503352,189.50318999712292,10.485689949796665,29.980549179114035
153.3648594732041,188.90120837606082,10.396147100230422,29.24983952404
153.82490902498907,188.06253884523966,10.339059043043733,29.843928182977862
151.0,190.0,13.0,23.0
153.08747024344893,187.53534704240144,10.383224272561165,29.443222569613056
153.53854898904208,188.9382892715314,10.466369004294307,29.296858066296636
153.99741036876694,188.2594384558364,10.52834341066361,29.31331861491907
155.89264247199736,189.75555136654765,10.237144866725828,29.513365108215623
156.3661719106368,189.1800111422666,10.121475298825658,28.10626106847201
156.7336845741359,188.14948727933057,10.29358506699188,29.090069287332966
154.0,190.0,14.0,22.0
157.83887220765996,188.30321273947516,10.074776739075674,27.90393905021756
158.2483277993105,187.40400542548775,10.181918489165724,28.170046323477266
160.09372778753135,189.47667092517452,9.789922380304859,28.160879958699866
160.4870661208927,188.89101069037383,9.874140812239204,26.871232916078043
160.8767335051666,187.82200207386632,10.08620119467696,27.48685821078834
162.71689988245916,189.4698350550758,9.750805015930524,27.97234630683232
158.0,189.0,13.0,24.0
159.82542772881163,187.38299786798166,9.89460350598597,27.84277273431144
161.48274761008284,189.4596056603055,9.935299208787455,27.706405624726415
161.95256771480405,188.73082794986544,9.897207531051805,27.547337629219015
163.6403834152286,189.95729800431582,9.876592387752169,28.23550747677291
162.8753295828795,188.73592152893363,9.87024125940465,26.904902686436458
165.91439088674676,190.5783154020837,9.465329052839905,27.811580625489086
162.0,190.0,13.0,25.0
165.87305099537463,190.7634929179012,9.597116346811106,28.115391064575306
163.80508767066826,189.3978070127676,9.767043752875537,27.30855637797231
164.25801931888452,190.58946800116357,9.757991016141602,27.55262904964863
163.77721365665778,189.50281384484356,9.396230175892043,27.38178756878358
166.58103508427027,191.6035540323104,9.497514989790176,27.689582777619762
167.0762904762969,190.50884423280837,9.37969339967617,26.796336509302392
170.0,189.0,12.0,24.0
171.16598773185763,187.6305338141442,9.675125229327364,27.303149043243025
171.71267693944964,189.154314997183,9.551463414604484,27.03289670674721
173.3601381584859,189.1313707905711,9.454515457100484,27.294058993727106
174.97009119631085,189.2656647072315,9.636321414029226,27.152303833772066
176.68093681972488,189.28018641220456,9.594903982091836,27.17321772460957
178.39150541094827,189.13189980801258,9.40401426055925,27.08087391424533
173.0,189.0,13.0,24.0
176.0384402300607,187.89759820391248,9.569908785820218,27.065168600219522
180.20615996208178,190.71466498816008,9.110483619309008,26.91607050156236
180.53874845303676,188.95916711625267,9.378829150211175,26.52041199586762
182.19764012903443,188.78263352216555,9.296333522074065,26.41653367707721
183.84485264460426,188.62521647440246,9.210215090334373,26.406110770061076
185.50339806447164,188.46042179894346,9.031459543507879,26.39056969463752
182.0,188.0,14.0,25.0
188.56768421692095,189.7406545249687,8.876989855527029,28.02475886664979
190.08025665711503,189.07342125772084,8.932891528262843,26.473417892638565
190.43890728138697,188.2581103611377,9.125560741016585,26.159295950212993
188.65274257261964,186.6747997694082,9.108604367010543,26.20229006792124
190.1921815309204,188.34630740522206,9.197409928595619,26.41213289996881
194.18215306753603,189.09873691740967,8.872054104217483,25.936424892644396
191.0,185.0,14.0,25.0
196.011451092002,185.93759891148449,9.02689992366345,26.057887847746798
196.42889440053992,185.5794265416996,9.242286344551502,25.99532023281995
196.97043789148404,185.19381318545697,9.140936744637656,26.015538449961014
197.45846608454005,184.8191166822005,9.149656898736765,25.968685854895966
197.9649599795218,185.7473267429317,9.129710496489395,26.115446679485103
198.4751502085188,185.11410814988017,9.072126591276998,26.038486914699348
196.0,184.0,14.0,25.0
200.1716711655456,184.9589008993828,9.121301213093233,25.9040373998927
200.68271672217708,184.59470276490435,9.030955964326893,25.90655388791663
201.15940856928674,184.21266393269275,9.036507495067383,26.021962349722116
201.67406636768465,183.87550873331202,8.825292474983513,26.02186539469085
202.10032761228928,183.5927067574089,8.785191406497972,25.854620920856632
201.3420342711024,182.74640693460674,9.139355438509853,25.78492620197585
203.0,181.0,12.0,25.0
205.1496733168736,181.3009530921721,9.042443418354821,25.90548785879548
205.48355368304,181.0293772874793,9.172128658590765,25.731010131534276
205.82947011994452,180.68744543689053,9.21618138567922,25.656666448694665
206.23491844706467,180.2670492983632,9.14431013029602,25.751256636315247
205.65665257914355,179.413567948303,9.096254909731584,25.778366160579083
206.14992956575162,180.27340257602145,9.015151476055507,25.79477548779232
204.0,180.0,13.0,22.0
206.98868374583662,179.3223371354684,8.904562077589162,25.14814005594468
206.30467312675998,178.33606127270798,9.063260379927328,25.194877934801582
206.8703392886992,179.0918112292461,8.930484856739923,25.50431042397804
207.35559200585428,178.59784433178356,8.937487249567027,25.12349957950866
206.75416360014333,177.4941724808241,8.9306710034881,25.030626970549974
207.24352818516567,177.03277709432086,8.8613664572282,25.006539525777782
205.0,176.0,12.0,22.0
206.8939974987935,174.64324188954356,8.802014726566455,24.591089887557843
206.25345963290985,173.52207288663226,8.874614858897672,25.138502786594017
206.67708293843125,174.6046781403559,8.78355475779287,24.803578206750075
205.99345777394345,173.32379176255165,8.777115619200885,24.53445918765749
205.3693618517005,172.34044835894235,8.783839813490232,24.50192897244355
204.77636360301923,171.35517724548254,8.746264535672083,24.693139070319603
205.0,173.0,11.0,22.0
206.10568578144375,171.57523104693155,9.027702055612025,24.916468696376228
205.51704044952737,171.71504827167985,8.855970732046018,25.14317745577671
204.90458723166068,170.96233471791038,8.844205582340265,24.903197443019508
205.21628470358212,170.61632389566097,9.040988438225611,24.922478483181976
204.58795625765592,169.80290249326936,8.966893636913596,24.92816912251709
204.00847653596205,169.92080592089633,8.860202544111559,25.295094402419807
205.0,170.0,10.0,22.0
205.1208908968541,168.27516767337448,9.325495036105082,25.10978845307895
204.51360818555307,168.33284694545534,9.382858252080581,25.55495408872048
204.8862137842591,167.98930355739617,9.358154647742936,25.462083204923374
204.1811614146045,166.89899181417445,9.410567273579375,25.539773835048777
204.48520439526771,166.4336105486525,9.41294674265444,25.800038420031456
203.8040847303198,165.49607037079392,9.514115969629188,25.83902206685667
203.0,165.0,10.0,23.0
203.11052672810206,163.3744225825194,9.506290052548223,26.036353152668426
202.4592367243314,162.51664993190712,9.610868109046464,26.057647675608848
202.81480891228432,162.97260684089952,9.488587291793976,26.570059498109686
202.0325404472336,161.57270759256085,9.639550839625286,25.202505717005124
202.3982369288599,160.6083729557339,9.55749838771203,26.310024249619886
201.62785387224767,158.94651529590737,9.548791674792483,26.74245326867458
198.0,159.0,11.0,24.0
198.72744126478466,157.78550704931018,9.30971024281132,25.421571277384203
198.07286333775082,156.19192539735252,9.251331198532796,26.42962186661609
198.37773781469022,155.64739731602862,9.378965047371452,26.338148186830608
197.72423066057922,154.32878110552303,9.27953396813146,26.092746344081604
197.09117881709759,153.1176537303163,9.300746452866832,26.321239190331312
196.4860320260975,152.00643812490716,9.284747822948987,26.34264398300462
197.0,152.0,11.0,25.0
197.91503812113507,151.1313423658287,9.748995174649735,26.361096813285428
197.2763905362728,150.54360878205364,9.732110637160076,25.963940967769872
196.71222981646508,149.44493158154995,9.6244914146952,26.04899365830181
197.03372288784226,148.71239793969903,9.677446927469248,26.14333665667823
196.21369943030584,146.15812771387783,9.79848297025768,26.92361408211542
195.56608982596066,145.04978672360448,9.802530438240126,26.393786536392554
193.0,144.0,12.0,27.0
193.1646666352869,142.57550349244963,9.473500588388617,27.46156272063655
192.52281733117113,142.37818493185534,9.495621156474215,26.51073505992923
191.8996652888663,140.29165172081724,9.463860062185347,27.46338788075539
191.24926803887888,138.89442409368547,9.496841043577746,27.438952246028805
191.74291017527918,138.28165136946808,9.463680596606537,27.32742733530418
191.0405054666217,136.3244254166649,9.392632849141279,27.594071646068045
189.0,134.0,13.0,29.0
189.41235500367668,131.6013142431284,9.401289466222948,27.027013275394438
188.73086415551586,130.08135591688222,9.375481425635371,27.130455786212735
188.0727771255246,127.83118440641519,9.298894407976121,27.33652202581061
188.4199924270451,125.6568200032587,9.412295629714976,27.83508598643172
187.5387428055701,122.26273239991212,9.630035985499944,28.671810160552724
185.75577300846322,118.5036400520338,9.428541746337373,29.11528672441517
185.0,122.0,14.0,34.0
186.45174242491123,121.12786205480863,9.741795022755014,27.618505694004185
185.70919200359896,119.08950996337907,9.745701158605812,27.7686971483553
184.91361060309603,116.63243594606398,9.836972201649047,28.14212609634488
184.14436956834513,113.13116206158003,9.886234336137505,29.65903936046513
183.3999503033254,110.9283914720921,9.890206544136873,29.01403921239998
182.63063294084913,108.52449908772843,9.908798427567262,28.95409307660509
179.0,107.0,15.0,39.0
180.38446197821176,105.346781300533,9.80608541337665,26.76602816648196
179.6760267463018,102.35245425565782,9.696986551620626,28.577222622771842
178.92161904442366,99.23607248641312,9.707200777973299,29.720070396175487
178.13089633632384,96.24808677883664,9.760467619867995,30.301080099659742
177.32826481235938,93.4488723173929,9.820076357120058,30.484461224053405
176.50591543218243,90.67951904432354,9.908783055745033,30.59506814850691
172.0,88.0,17.0,43.0
174.19069797969706,86.43916484163347,10.033242386679945,29.540680422571498
172.1377905534274,83.5031622373215,10.036518486328362,29.782744123305648
170.05463416857395,79.74991507678328,10.07854248960706,30.90213537066326
166.6797424023598,75.79310655530287,10.124479736697936,31.19854680932285
163.24138345739343,71.10578128619375,10.205072722429634,28.187097010580615
159.89436963583728,67.28899766661193,10.14416143692901,29.53602902883297
163.0,73.0,21.0,46.0
166.69736715616844,75.84821098269396,10.144443214971176,29.511344992026096
163.3405721974239,72.65286247737521,10.140901235746753,29.478306711937137
159.98890833201085,69.38324060760904,10.13497041009083,29.532892114388815
156.6378498149975,66.1539330638608,10.131149874391582,29.514217531159645
157.10527859564118,64.46185553905764,10.114729048964222,29.526494190922975
153.75144764331185,61.23183010745192,10.112457656076629,29.48694086779195
153.0,61.0,24.0,48.0
158.69945937194893,61.72463042034042,10.11969973297792,29.402910171544647
156.62204309762095,62.63804265396266,10.117008845200246,29.491522459206905
153.27325323449145,55.748411210915826,10.11916120662272,29.47921224105199
149.92607030413018,52.5369618486035,10.118200706534509,29.446725988951954
146.58287303020197,52.94596858198972,10.112047801477019,29.495329635106373
150.84901825824755,49.235331601659226,10.113804358537777,29.41912417976438
153.0,51.0,27.0,50.0
166.85887917642532,59.25699951464535,10.108264127571431,29.419221610191464
164.78665225330576,56.561281298088126,10.103285412706015,29.392667876620756
162.7118383272002,53.826583437547356,10.10358213461268,29.42776097966025
161.90501798261124,47.98552799368251,10.101793829043686,29.420234185805313
166.16745472374262,44.240616937511525,10.100829341272942,29.424344860774774
170.42834159178673,44.18210163140503,10.102373034759296,29.368990601775707
143.0,50.0,27.0,52.0
149.88886138561784,59.94121841283591,10.093609026599012,29.403111336804358
152.88236522241965,59.34874619100843,10.09351393186239,29.38746781147411
150.8123165381465,52.98771655553848,10.08898813785197,29.408702025603105
155.0701767219291,49.25336613287192,10.090792774669808,29.387338559502794
151.73433383463455,42.373010862865996,10.087067094988413,29.40970868077602
154.7254893456395,45.477287857817295,10.08766510036807,29.309459630789853
142.0,50.0,28.0,54.0
153.57139326217302,65.7683822513642,10.082817487733735,29.304208616832994
152.7687063943789,63.563323771026496,10.078538387323505,29.364220278123007
157.023733890808,67.14695642665468,10.075940620663118,29.31120648241894
161.27646717172075,67.0919344737045,10.074383181864079,29.228608220775286
165.53075720810935,63.321540357618446,10.065752734422261,29.308166977915675
167.25409469891528,62.19835356574177,10.06404367012695,29.32020217739091
142.0,50.0,29.0,55.0
157.4274355541355,64.60592537845285,10.061568452844085,29.23448365008089
161.67611442182994,64.52725488592955,10.058089170649879,29.272163946158855
164.6621206221733,71.20925078877781,10.052933533279202,29.303393771324053
166.38516269819218,70.10323272736457,10.050259137085163,29.280361970154956
163.06183770436286,59.603927222444476,10.048907258349288,29.267607359129833
159.74040325563362,52.81139758382056,10.046563879768598,29.15661454524514
142.0,50.0,30.0,57.0
152.61487204707225,59.40993079548045,10.045091122996666,29.286006339489063
155.595817457447,62.5117861591542,10.043121260575134,29.18222845895893
154.79872243498266,60.35019140098666,10.039740083370901,29.168382271578437
154.00373455502145,58.155997346456616,10.03264678261931,29.279239269908956
150.68632541851355,51.38791997397057,10.033986369908547,29.093193932816106
147.37702083745128,55.433203787819856,10.024587161611038,29.208985304834236
141.0,50.0,31.0,58.0
155.00296082334387,65.67238505278343,10.024484035510426,29.26710497387782
159.23641733559316,72.98944243548394,10.026250000504206,29.052317605712872
160.9572950006316,71.87243732850727,10.019908619828442,29.062725906208627
162.67934175844547,67.04048671261562,10.010797905709694,29.208998851797176
165.65183675653603,59.24147060856945,10.009994768355142,29.11854405595097
168.62528924940585,58.61849513613561,10.007336572646807,29.171706446999565
130.0,51.0,32.0,60.0
146.34388045081178,75.39351659524354,10.008311405564143,29.14062877748252
143.03992767996724,75.91562782466163,10.00423928390299,28.997343852990966
147.267239046764,79.44798399014475,9.998285823849784,29.081560878230974
150.23866505225766,75.14399581418095,9.992142946817609,29.22875343636224
154.45915628810343,78.83678264541749,9.999344017855663,29.01199881605794
157.4303249011466,71.0180470151849,9.99170104005674,28.957619139039053
118.0,51.0,32.0,61.0
127.69740420249032,69.57752363141552,9.984431923103713,29.091254481272458
130.66275461470397,72.59062652455283,9.985476166642258,29.131915524727248
132.37525692531818,75.19611721691595,9.986414045404644,28.981153574141544
132.84098647411514,77.20196982430973,9.976487619590927,28.96625572182832
130.79988415818022,78.17805852551999,9.975259831168472,28.92564281312744
130.0158025261375,79.66436745043946,9.965473897213343,28.8999378994276
117.0,52.0,34.0,63.0
127.60107370896077,67.90386240088706,9.957329275184406,28.862238260351234
130.5636473816307,74.48785058356029,9.948964254849841,28.96290176305743
127.28109415281745,71.38079498772916,9.944846392173133,28.88327348086628
131.48451561910676,74.95061292818023,9.943485507462356,28.829797421969587
131.94859606134884,73.35378963735917,9.937477840092583,28.79569419816599
128.67800033833055,73.784934783631,9.925510162502036,28.818323657670277
117.0,53.0,35.0,64.0
135.1302373304522,75.96124650219689,9.919452600661401,28.846262931132372
135.59367939859783,74.38598756858853,9.915229082055504,28.93353528211611
139.78762854698346,78.00755025539686,9.915609501880482,28.816167483984472
